[0,187,705,825,1180]
[0,245,667,825,1038,1128,1180]
[0,80,187,667,825,1038,1180]
[0,80,245,667,825,1038,1180]
[0,187,825,1038,1180]
[0,80,187,705,825,1180]
[0,80,187,667,825,1128,1180]
[0,80,187,245,705,825,1038,1180]
[0,80,187,245,667,825,1038,1128,1180]
[0,705,1180]
[0,187,705,825,1038,1180]
[0,80,187,667,825,1180]
[0,187,825,1180]
[0,245,825,1180]
[0,187,667,825,1038,1180]
[0,80,187,245,667,727,825,1038,1128,1180]
[0,80,187,705,825,1038,1180]
[0,245,667,825,1038,1180]
[0,80,187,667,825,1038,1128,1180]
[0,80,187,705,825,1128,1180]
[0,245,667,825,1128,1180]
[0,80,187,245,667,727,825,1038,1180]
[0,80,187,245,705,825,1038,1128,1180]
[0,187,705,1180]
[0,812,1180]
[0,245,667,825,1180]
[0,187,667,825,1180]
[0,80,187,667,727,825,1038,1180]
[0,825,1180]
[0,80,187,705,825,1038,1128,1180]
[0,80,187,245,667,825,1038,1180]
[0,80,245,667,825,1038,1128,1180]
[0,80,187,245,705,825,1180]
[0,80,187,245,667,825,1180]
[0,80,245,667,825,1180]
