[0,70,855,935,1180]
[0,101,253,494,855,935,1055,1120,1180]
[0,101,855,1055,1180]
[0,101,494,855,1055,1180]
[0,494,855,1055,1180]
[0,452,855,1180]
[0,101,253,494,855,1055,1180]
[0,101,855,935,1180]
[0,101,253,494,1180]
[0,101,253,494,855,935,1180]
[0,253,494,855,1180]
[0,101,855,1180]
[0,253,494,855,1055,1180]
[0,101,253,494,855,935,1055,1180]
[0,101,494,855,935,1180]
[0,70,452,855,1180]
[0,855,1180]
[0,855,1055,1180]
[0,330,1180]
[0,452,1180]
[0,494,1180]
[0,101,494,1180]
[0,855,935,1180]
[0,70,855,1180]
[0,494,855,1180]
[0,253,494,1180]
[0,330,855,1180]
[0,101,494,855,1180]
[0,101,253,494,855,1180]
