[0,123,240,390,513,969]
[0,177,397,969]
[0,390,543,969]
[0,123,390,484,969]
[0,123,390,484,706,815,969]
[0,123,240,390,484,646,706,813,969]
[0,123,390,484,813,969]
[0,390,543,706,969]
[0,123,706,815,969]
[0,123,813,969]
[0,164,390,706,879,969]
[0,123,240,390,484,543,646,706,815,969]
[0,123,240,484,706,813,969]
[0,484,706,969]
[0,123,240,390,484,969]
[0,123,240,390,484,646,706,815,969]
[0,123,240,390,484,706,815,969]
[0,390,811,969]
[0,123,390,543,969]
[0,123,815,969]
[0,123,390,646,969]
[0,646,969]
[0,123,390,484,646,706,813,969]
[0,813,969]
[0,123,240,484,706,815,969]
[0,123,240,390,543,969]
[0,177,969]
[0,123,390,969]
[0,123,240,390,484,543,646,706,813,900,969]
[0,123,390,484,543,646,706,813,969]
[0,123,240,390,484,811,969]
[0,164,390,706,969]
[0,513,969]
[0,123,390,815,969]
[0,123,484,706,813,969]
[0,123,390,484,543,706,815,969]
[0,123,390,484,543,969]
[0,123,390,484,543,900,969]
[0,123,390,484,706,813,969]
[0,123,390,484,706,811,969]
[0,123,706,811,969]
[0,297,969]
[0,123,484,706,815,969]
[0,123,240,390,484,900,969]
[0,164,390,646,969]
[0,123,390,543,706,969]
[0,123,969]
[0,484,969]
[0,164,390,879,969]
[0,390,484,969]
[0,123,240,390,484,543,646,706,811,969]
[0,390,706,969]
[0,123,240,390,484,646,706,811,969]
[0,123,240,390,484,706,811,969]
[0,123,811,969]
[0,123,390,513,900,969]
[0,123,240,390,543,706,879,969]
[0,543,969]
[0,123,390,484,815,969]
[0,123,240,390,484,543,646,706,813,969]
[0,123,240,484,706,811,969]
[0,164,390,543,706,879,969]
[0,123,240,390,484,543,900,969]
[0,123,240,390,484,706,813,969]
[0,123,390,706,969]
[0,123,240,390,484,706,813,900,969]
[0,390,646,969]
[0,123,879,969]
[0,123,390,484,543,646,706,811,969]
[0,390,813,969]
[0,164,879,969]
[0,123,390,484,543,813,969]
[0,123,240,390,543,706,969]
[0,123,390,484,646,706,811,969]
[0,811,969]
[0,123,390,484,900,969]
[0,164,969]
[0,123,484,706,969]
[0,123,390,484,646,706,815,969]
[0,397,969]
[0,123,240,390,706,969]
[0,123,240,390,484,646,706,811,900,969]
[0,123,240,390,513,900,969]
[0,390,815,969]
[0,123,390,813,969]
[0,123,390,484,543,815,969]
[0,123,390,811,969]
[0,123,390,879,969]
[0,390,969]
[0,164,390,969]
[0,123,390,484,543,646,706,815,969]
[0,543,706,969]
[0,123,240,390,484,706,811,900,969]
[0,123,240,390,484,646,706,813,900,969]
[0,123,484,969]
[0,123,240,390,969]
[0,123,390,484,706,969]
[0,815,969]
[0,123,240,484,706,969]
[0,123,240,390,706,879,969]
[0,164,390,543,969]
[0,123,484,706,811,969]
[0,123,390,484,543,706,813,969]
[0,123,390,484,543,706,811,969]
[0,123,240,390,811,969]
[0,123,240,390,879,969]
[0,390,513,969]
[0,123,390,513,969]
[0,123,240,390,484,543,646,706,811,900,969]
[0,164,390,543,706,969]
[0,123,706,813,969]
