[0,319,593,756,969]
[0,319,593,969]
[0,312,756,870,969]
[0,49,276,600,756,870,969]
[0,49,312,593,756,870,969]
[0,49,468,593,756,870,969]
[0,276,460,593,756,969]
[0,49,319,468,593,969]
[0,468,593,756,969]
[0,312,969]
[0,276,600,969]
[0,319,679,969]
[0,247,649,969]
[0,98,319,460,593,756,870,969]
[0,49,460,593,756,870,969]
[0,600,969]
[0,276,468,649,760,969]
[0,49,468,593,756,969]
[0,49,319,593,756,870,969]
[0,98,969]
[0,247,468,593,756,969]
[0,49,276,649,969]
[0,312,468,593,756,969]
[0,98,468,593,756,969]
[0,276,600,756,969]
[0,49,247,468,593,756,969]
[0,460,593,969]
[0,98,312,468,593,756,870,969]
[0,756,969]
[0,49,319,679,969]
[0,49,319,756,969]
[0,319,468,593,756,870,969]
[0,49,312,468,593,756,870,969]
[0,49,969]
[0,98,460,593,756,969]
[0,98,460,593,756,870,969]
[0,468,756,969]
[0,49,276,460,593,756,870,969]
[0,49,276,468,600,756,870,969]
[0,276,460,593,969]
[0,49,319,420,468,593,969]
[0,49,247,468,593,756,870,969]
[0,312,468,593,756,870,969]
[0,247,969]
[0,312,593,756,870,969]
[0,49,756,969]
[0,460,593,756,870,969]
[0,247,460,593,969]
[0,49,593,969]
[0,312,593,969]
[0,49,319,756,870,969]
[0,247,593,969]
[0,49,319,468,593,756,870,969]
[0,276,593,756,969]
[0,49,247,460,593,756,870,969]
[0,247,756,870,969]
[0,468,593,969]
[0,98,468,593,969]
[0,468,593,756,870,969]
[0,319,460,593,756,870,969]
[0,460,593,756,969]
[0,319,756,969]
[0,49,276,756,870,969]
[0,49,319,468,593,756,969]
[0,49,312,420,468,593,756,870,969]
[0,319,756,870,969]
[0,247,460,593,756,870,969]
[0,49,247,593,969]
[0,468,969]
[0,49,98,312,468,593,756,870,969]
[0,49,98,319,460,593,756,870,969]
[0,276,756,969]
[0,319,468,593,969]
[0,276,593,756,870,969]
[0,49,468,593,969]
[0,276,593,969]
[0,49,312,756,969]
[0,49,276,593,756,870,969]
[0,49,319,460,593,756,870,969]
[0,460,756,969]
[0,49,319,969]
[0,98,460,593,969]
[0,593,969]
[0,49,319,420,468,593,756,969]
[0,49,460,593,756,969]
[0,276,969]
[0,49,247,468,593,969]
[0,649,969]
[0,276,468,649,969]
[0,247,593,756,870,969]
[0,49,319,420,468,593,756,870,969]
[0,276,468,600,756,870,969]
[0,276,468,600,756,969]
[0,49,312,756,870,969]
[0,276,468,600,969]
[0,319,460,593,756,969]
[0,247,593,756,969]
[0,49,276,756,969]
[0,319,468,593,756,969]
[0,276,460,593,756,870,969]
[0,312,756,969]
[0,247,756,969]
[0,312,593,756,969]
[0,319,969]
[0,319,460,593,969]
[0,247,468,593,756,870,969]
[0,247,460,593,756,969]
[0,247,468,593,969]
[0,276,756,870,969]
[0,276,649,969]
[0,98,468,593,756,870,969]
[0,98,593,969]
[0,49,276,468,649,969]
[0,312,468,593,969]
[0,460,969]
[0,276,600,756,870,969]
[0,49,276,468,649,760,969]
[0,319,593,756,870,969]
[0,49,460,593,969]
