[0,459,1085,1200,1810]
[0,459,1095,1410,1810]
[0,152,484,1079,1200,1701,1810]
[0,85,459,1095,1410,1701,1810]
[0,484,1079,1701,1810]
[0,85,547,1810]
[0,85,547,1701,1810]
[0,459,1095,1410,1701,1810]
[0,459,578,959,1095,1410,1810]
[0,152,484,959,1079,1200,1810]
[0,1085,1810]
[0,85,459,959,1085,1200,1701,1810]
[0,484,1079,1810]
[0,484,959,1079,1701,1810]
[0,484,1810]
[0,85,547,1095,1410,1701,1810]
[0,484,959,1079,1410,1810]
[0,484,1079,1410,1810]
[0,152,484,1079,1200,1810]
[0,85,547,959,1701,1810]
[0,85,459,1095,1701,1810]
[0,99,459,959,1085,1200,1701,1810]
[0,484,1701,1810]
[0,547,1095,1410,1701,1810]
[0,99,459,1085,1200,1810]
[0,152,484,959,1079,1200,1701,1810]
[0,459,959,1085,1810]
[0,484,1079,1200,1701,1810]
[0,547,1095,1701,1810]
[0,85,459,578,959,1095,1410,1701,1810]
[0,547,959,1810]
[0,459,1085,1810]
[0,459,959,1095,1410,1701,1810]
[0,459,1701,1810]
[0,152,484,1810]
[0,547,1701,1810]
[0,1095,1810]
[0,547,1810]
[0,547,959,1701,1810]
[0,459,578,959,1095,1410,1701,1810]
[0,85,547,1095,1701,1810]
[0,459,1810]
[0,99,459,1085,1200,1701,1810]
[0,85,459,959,1095,1410,1701,1810]
[0,484,959,1079,1810]
[0,547,1095,1410,1810]
[0,459,959,1085,1200,1810]
[0,1079,1810]
[0,152,484,1079,1810]
[0,459,959,1085,1200,1701,1810]
[0,484,1079,1200,1810]
[0,484,959,1079,1410,1701,1810]
[0,459,959,1095,1410,1810]
[0,459,1085,1200,1701,1810]
[0,459,1095,1701,1810]
[0,459,1095,1810]
[0,547,1095,1810]
