[0,349,678,993,2250,2554]
[0,595,993,2210,2554]
[0,349,993,1405,1793,2210,2554]
[0,349,993,2019,2250,2554]
[0,94,349,595,859,993,1405,1793,1952,2210,2554]
[0,94,349,859,993,1405,1793,2210,2554]
[0,349,993,2019,2554]
[0,859,2210,2554]
[0,349,595,993,1405,1793,1952,2210,2554]
[0,349,595,993,1405,1793,2019,2554]
[0,993,2554]
[0,94,349,993,2250,2554]
[0,94,859,993,1793,2019,2554]
[0,94,349,595,993,1405,1793,2019,2554]
[0,94,349,678,993,1405,1793,2019,2554]
[0,349,2019,2554]
[0,349,1405,1793,2554]
[0,678,2019,2554]
[0,349,993,2250,2554]
[0,94,595,993,2019,2554]
[0,859,993,1793,2210,2554]
[0,2210,2554]
[0,349,993,1405,1793,1952,2210,2554]
[0,94,595,993,2554]
[0,993,1793,2019,2554]
[0,678,993,1793,2554]
[0,94,349,595,993,2019,2250,2554]
[0,678,2554]
[0,349,993,2554]
[0,859,1405,1793,1952,2210,2554]
[0,349,595,993,1405,1793,2210,2554]
[0,595,859,993,1405,1793,1952,2210,2554]
[0,595,1405,2554]
[0,94,859,993,1793,2210,2554]
[0,349,993,1405,1793,2554]
[0,678,993,2554]
[0,349,859,993,1405,1793,2019,2554]
[0,94,1793,2019,2554]
[0,349,595,993,2019,2554]
[0,595,993,1793,2554]
[0,349,1405,1793,1952,2210,2554]
[0,349,859,993,1793,2019,2554]
[0,595,993,2554]
[0,1405,1793,2554]
[0,349,678,993,1793,2019,2554]
[0,595,993,1405,1793,1952,2210,2554]
[0,349,2554]
[0,678,993,1405,1793,2554]
[0,214,595,2554]
[0,94,349,859,993,1793,2019,2554]
[0,94,349,859,993,1405,1793,1952,2210,2554]
[0,1793,2554]
[0,349,993,1793,2210,2554]
[0,678,993,1405,1793,2019,2554]
[0,349,859,993,1793,2210,2554]
[0,94,349,859,993,1405,1793,2019,2554]
[0,349,678,993,1405,1793,2019,2554]
[0,349,993,1793,2554]
[0,595,993,1405,1793,2019,2554]
[0,859,993,1405,1793,2210,2554]
[0,595,993,2019,2250,2554]
[0,859,1405,2554]
[0,2019,2554]
[0,859,993,1793,2019,2554]
[0,349,595,859,993,1405,1793,1952,2210,2554]
[0,859,1405,1793,2554]
[0,595,2554]
[0,349,993,1405,1793,2019,2554]
[0,349,678,993,2019,2554]
[0,859,993,2210,2554]
[0,595,993,1405,1793,2210,2554]
[0,859,993,2554]
[0,595,993,1405,1793,2554]
[0,94,349,595,993,2019,2554]
[0,2250,2554]
[0,214,859,1405,2554]
[0,349,595,993,2019,2250,2554]
[0,94,349,993,1793,2019,2554]
[0,94,349,2250,2554]
[0,94,349,859,993,1793,2210,2554]
[0,993,2019,2554]
[0,595,859,993,1405,1793,2210,2554]
[0,595,993,1793,2019,2554]
[0,349,2250,2554]
[0,678,1405,2554]
[0,993,1405,1793,2554]
[0,678,1405,1793,2554]
[0,1793,2019,2554]
[0,859,1405,1793,2210,2554]
[0,349,1793,2019,2554]
[0,349,1405,1793,2019,2554]
[0,595,2019,2554]
[0,993,1793,2210,2554]
[0,595,993,1793,2210,2554]
[0,349,595,993,1405,1793,2554]
[0,1793,2210,2554]
[0,1405,1793,2019,2554]
[0,349,993,1793,2019,2554]
[0,94,2554]
[0,94,349,2554]
[0,94,349,678,993,2250,2554]
[0,214,595,1405,2554]
[0,349,678,993,2554]
[0,349,859,993,1405,1793,1952,2210,2554]
[0,94,595,993,1405,1793,2019,2554]
[0,678,993,2250,2554]
[0,859,993,1405,1793,1952,2210,2554]
[0,94,349,678,993,1793,2019,2554]
[0,1405,1793,2210,2554]
[0,94,595,993,1793,2019,2554]
[0,993,1793,2554]
[0,94,349,1793,2019,2554]
[0,349,859,993,1405,1793,2210,2554]
[0,859,993,1405,1793,2019,2554]
[0,678,993,1793,2019,2554]
[0,349,678,993,1405,1793,2554]
[0,678,993,2019,2554]
[0,595,993,2019,2554]
[0,349,1405,1793,2210,2554]
[0,1405,2554]
[0,593,2554]
[0,859,1405,1793,2019,2554]
[0,859,2554]
