[0,408,514,697,831,945,1129,1250,1429,1562]
[0,697,831,945,1429,1516,1562]
[0,408,522,762,988,1429,1516,1562]
[0,408,522,762,1429,1516,1562]
[0,179,762,1562]
[0,408,511,831,945,1129,1429,1562]
[0,762,945,1562]
[0,408,511,697,831,945,1429,1516,1562]
[0,522,1562]
[0,514,831,1250,1562]
[0,511,831,1250,1562]
[0,408,762,988,1429,1562]
[0,514,697,831,945,1429,1562]
[0,697,831,945,1129,1429,1562]
[0,179,511,762,988,1129,1429,1562]
[0,831,945,1429,1516,1562]
[0,762,988,1562]
[0,408,522,762,988,1129,1429,1562]
[0,179,831,1562]
[0,511,697,831,945,1562]
[0,408,522,762,1429,1562]
[0,408,762,945,1357,1429,1562]
[0,408,762,945,1562]
[0,831,1250,1562]
[0,408,522,762,988,1129,1429,1516,1562]
[0,408,511,697,831,945,1129,1429,1562]
[0,697,1562]
[0,511,697,1562]
[0,514,697,831,1250,1562]
[0,831,1052,1562]
[0,762,945,1429,1562]
[0,1129,1429,1562]
[0,179,522,762,988,1129,1562]
[0,179,511,762,988,1129,1562]
[0,831,1562]
[0,408,762,1052,1562]
[0,408,511,831,1052,1429,1562]
[0,514,1562]
[0,511,831,1562]
[0,511,697,831,1129,1429,1562]
[0,408,511,831,945,1562]
[0,408,831,945,1562]
[0,762,945,1129,1562]
[0,179,762,988,1429,1562]
[0,408,511,697,831,945,1129,1250,1429,1562]
[0,408,522,762,945,1357,1429,1516,1562]
[0,179,522,762,988,1562]
[0,408,522,1429,1562]
[0,179,762,1052,1429,1562]
[0,179,522,762,988,1129,1429,1562]
[0,408,762,945,1357,1429,1516,1562]
[0,514,831,1129,1562]
[0,511,831,1129,1562]
[0,514,697,831,945,1429,1516,1562]
[0,408,511,697,831,945,1129,1250,1429,1516,1562]
[0,179,762,988,1129,1562]
[0,1429,1516,1562]
[0,831,1429,1562]
[0,408,511,697,831,945,1429,1562]
[0,511,697,831,945,1129,1250,1429,1562]
[0,697,831,1129,1429,1562]
[0,408,831,1129,1429,1562]
[0,408,762,988,1129,1429,1562]
[0,762,1052,1562]
[0,514,697,831,1429,1562]
[0,697,831,1429,1562]
[0,1250,1562]
[0,408,511,831,945,1357,1429,1516,1562]
[0,514,697,831,1129,1250,1429,1562]
[0,408,831,1052,1429,1562]
[0,762,988,1429,1562]
[0,522,988,1562]
[0,831,1129,1562]
[0,831,1129,1429,1562]
[0,514,697,831,1250,1429,1562]
[0,762,945,1357,1429,1516,1562]
[0,179,831,1429,1562]
[0,514,697,831,1129,1562]
[0,697,831,1562]
[0,179,511,762,988,1562]
[0,408,514,697,831,945,1129,1429,1562]
[0,408,511,831,1052,1129,1429,1562]
[0,408,514,697,831,945,1429,1516,1562]
[0,511,697,831,945,1429,1562]
[0,514,697,831,945,1129,1250,1429,1562]
[0,408,762,945,1429,1562]
[0,408,522,762,945,1129,1429,1562]
[0,762,945,1429,1516,1562]
[0,511,697,831,1129,1562]
[0,511,697,831,1250,1562]
[0,408,514,697,831,945,1429,1562]
[0,408,762,1129,1562]
[0,522,762,988,1562]
[0,831,1052,1129,1429,1516,1562]
[0,831,945,1129,1429,1562]
[0,408,762,988,1562]
[0,408,514,697,831,945,1129,1429,1516,1562]
[0,511,697,831,1250,1429,1562]
[0,1429,1562]
[0,762,1562]
[0,522,1429,1562]
[0,179,408,522,762,988,1129,1429,1562]
[0,179,762,1052,1562]
[0,408,762,945,1129,1429,1562]
[0,408,511,697,831,945,1129,1429,1516,1562]
[0,408,514,697,831,945,1129,1250,1429,1516,1562]
[0,697,831,945,1429,1562]
[0,762,1429,1562]
[0,408,762,945,1129,1562]
[0,179,762,988,1562]
[0,697,831,945,1562]
[0,522,1429,1516,1562]
[0,408,522,762,945,1129,1357,1429,1516,1562]
[0,1129,1562]
[0,511,697,831,1562]
[0,408,522,762,945,1357,1429,1562]
[0,697,1250,1562]
[0,408,831,945,1129,1429,1562]
[0,408,831,945,1429,1516,1562]
[0,511,697,831,1429,1562]
[0,831,945,1429,1562]
[0,514,697,1562]
[0,408,511,831,1052,1562]
[0,762,1129,1562]
[0,514,831,1562]
[0,408,762,1429,1562]
[0,408,831,1052,1562]
[0,408,831,1052,1129,1429,1516,1562]
[0,408,762,1562]
[0,408,511,831,1052,1129,1429,1516,1562]
[0,408,522,762,945,1429,1562]
[0,179,762,1429,1562]
[0,831,1052,1129,1429,1562]
[0,179,762,988,1129,1429,1562]
[0,831,945,1562]
[0,408,831,945,1429,1562]
[0,511,762,988,1562]
[0,762,1052,1429,1562]
[0,408,831,1562]
[0,408,831,1429,1562]
[0,762,945,1357,1429,1562]
[0,408,511,831,945,1429,1516,1562]
[0,408,522,1429,1516,1562]
[0,511,1562]
[0,514,697,831,945,1129,1429,1562]
[0,408,511,831,945,1129,1357,1429,1562]
[0,408,831,1052,1129,1429,1562]
[0,511,988,1562]
[0,408,762,1052,1429,1562]
[0,408,522,762,988,1429,1562]
[0,408,831,1129,1562]
[0,408,511,831,945,1357,1429,1562]
[0,511,697,831,945,1129,1429,1562]
[0,762,945,1129,1429,1562]
[0,514,697,831,1129,1429,1562]
[0,408,511,831,945,1429,1562]
[0,408,511,697,831,945,1562]
[0,408,762,988,1129,1562]
[0,514,697,831,1562]
[0,511,697,831,1129,1250,1429,1562]
[0,408,522,762,945,1129,1357,1429,1562]
[0,408,511,831,945,1129,1357,1429,1516,1562]
[0,697,831,1129,1562]
[0,697,831,1250,1562]
[0,831,1052,1429,1562]
