[0,311,817,1183,1489,1644,1782,2019]
[0,311,817,1183,1489,1644,1782,1936,2019]
[0,356,817,1163,1489,1644,1782,2019]
[0,817,1163,1782,1936,2019]
[0,817,1163,1782,2019]
[0,817,1183,1489,1782,2019]
[0,356,817,1163,1531,1782,2019]
[0,817,1163,1531,2019]
[0,356,817,1163,1531,1782,1936,2019]
[0,817,1163,1489,2019]
[0,817,1183,1489,1644,1782,1936,2019]
[0,356,817,1531,2019]
[0,817,1183,1489,1782,1936,2019]
[0,356,817,1163,2019]
[0,817,1163,1489,1644,2019]
[0,356,817,1183,2019]
[0,817,1183,1782,1936,2019]
[0,817,2019]
[0,817,1163,1489,1782,1936,2019]
[0,356,817,1163,1489,1644,2019]
[0,817,1782,2019]
[0,356,817,1163,1489,1644,1782,1936,2019]
[0,311,817,1183,2019]
[0,356,817,1163,1782,2019]
[0,356,817,1163,1531,2019]
[0,311,817,1183,1782,1936,2019]
[0,817,1183,1489,1644,1782,2019]
[0,311,817,1183,1782,2019]
[0,817,1936,2019]
[0,817,1782,1936,2019]
[0,311,817,1183,1489,2019]
[0,817,1531,2019]
[0,356,817,1183,1782,2019]
[0,356,817,1163,1489,2019]
[0,817,1183,2019]
[0,817,1183,1782,2019]
[0,817,1163,2019]
[0,817,1163,1489,1782,2019]
[0,817,1183,1489,2019]
[0,356,817,1163,1782,1936,2019]
[0,817,1183,1489,1644,2019]
[0,817,1163,1489,1644,1782,1936,2019]
[0,311,817,2019]
[0,356,817,2019]
[0,817,1163,1489,1644,1782,2019]
[0,311,817,1183,1489,1644,2019]
