[0,233,771,997]
[0,706,842,902,997]
[0,69,233,398,537,680,902,997]
[0,842,902,997]
[0,233,398,537,680,771,997]
[0,69,233,680,771,997]
[0,233,537,902,997]
[0,69,680,902,997]
[0,129,233,706,902,997]
[0,233,398,537,893,997]
[0,233,398,680,902,997]
[0,233,537,997]
[0,233,680,902,997]
[0,233,893,997]
[0,233,771,902,997]
[0,129,233,902,997]
[0,680,902,997]
[0,233,706,997]
[0,69,233,291,680,771,997]
[0,69,233,398,537,680,771,997]
[0,233,706,771,842,902,997]
[0,69,233,537,680,771,997]
[0,69,233,680,902,997]
[0,69,233,291,537,680,771,997]
[0,537,997]
[0,233,398,680,771,997]
[0,69,233,398,680,902,997]
[0,69,233,521,893,997]
[0,233,706,771,902,997]
[0,69,233,398,680,842,902,997]
[0,902,997]
[0,69,893,997]
[0,69,233,680,842,902,997]
[0,680,842,902,997]
[0,233,706,842,902,997]
[0,233,398,537,680,997]
[0,706,997]
[0,233,537,680,997]
[0,521,997]
[0,233,521,893,997]
[0,69,233,680,997]
[0,706,902,997]
[0,233,706,902,997]
[0,69,680,852,902,997]
[0,233,398,537,902,997]
[0,233,537,893,997]
[0,69,521,893,997]
[0,233,680,997]
[0,521,893,997]
[0,69,233,902,997]
[0,680,852,902,997]
[0,233,902,997]
[0,852,902,997]
[0,233,398,537,997]
[0,233,521,997]
[0,233,398,680,997]
[0,69,233,398,680,771,997]
[0,663,997]
[0,69,680,842,902,997]
[0,129,233,706,997]
[0,233,398,537,680,902,997]
[0,233,291,706,771,842,902,997]
[0,69,680,997]
[0,129,233,997]
[0,706,771,902,997]
[0,233,680,771,997]
[0,680,997]
[0,233,537,680,771,997]
[0,69,233,398,537,902,997]
[0,233,997]
[0,69,233,398,537,680,842,902,997]
[0,233,291,706,771,902,997]
[0,233,663,997]
[0,69,902,997]
[0,69,233,398,537,893,997]
[0,893,997]
