[0,81,349,504,651,855,979,1046]
[0,349,504,855,1046]
[0,81,504,651,1046]
[0,85,1046]
[0,81,202,342,472,651,855,979,1046]
[0,81,651,979,1046]
[0,85,556,874,1046]
[0,81,349,504,651,855,1046]
[0,81,202,342,472,651,855,1046]
[0,81,856,979,1046]
[0,472,855,1046]
[0,202,342,472,651,1046]
[0,81,342,472,1046]
[0,410,1046]
[0,202,472,651,1046]
[0,81,202,342,472,651,703,855,979,1046]
[0,81,342,472,651,855,1046]
[0,342,836,1046]
[0,81,342,472,855,1046]
[0,81,472,651,979,1046]
[0,81,342,472,651,856,979,1046]
[0,504,651,1046]
[0,81,202,342,472,520,651,703,856,979,1046]
[0,349,504,651,1046]
[0,504,1046]
[0,202,504,651,1046]
[0,202,472,855,1046]
[0,472,651,855,1046]
[0,81,855,979,1046]
[0,81,1046]
[0,342,472,855,1046]
[0,856,979,1046]
[0,81,202,342,472,651,856,1046]
[0,202,504,1046]
[0,472,856,1046]
[0,81,979,1046]
[0,342,472,1046]
[0,349,504,1046]
[0,81,202,342,472,520,651,703,855,979,1046]
[0,81,504,651,855,1046]
[0,81,202,342,472,651,856,979,1046]
[0,81,202,504,651,855,979,1046]
[0,202,342,472,651,856,1046]
[0,410,651,1046]
[0,504,855,1046]
[0,202,504,855,1046]
[0,81,202,504,651,855,1046]
[0,81,342,472,651,979,1046]
[0,81,342,472,651,856,1046]
[0,472,651,1046]
[0,85,874,1046]
[0,81,342,472,856,1046]
[0,342,472,651,855,1046]
[0,556,1046]
[0,504,651,855,1046]
[0,81,349,504,651,1046]
[0,472,1046]
[0,81,472,856,1046]
[0,855,1046]
[0,202,472,651,856,1046]
[0,855,979,1046]
[0,81,202,342,472,651,703,856,979,1046]
[0,81,855,1046]
[0,202,472,856,1046]
[0,342,1046]
[0,472,651,856,1046]
[0,81,342,472,651,1046]
[0,81,342,1046]
[0,81,202,504,651,703,855,979,1046]
[0,81,410,651,1046]
[0,342,472,856,1046]
[0,81,342,472,856,979,1046]
[0,81,472,651,1046]
[0,81,504,651,979,1046]
[0,349,504,651,855,1046]
[0,472,651,979,1046]
[0,202,472,1046]
[0,342,472,651,1046]
[0,81,202,504,651,1046]
[0,202,342,472,651,855,1046]
[0,81,342,472,855,979,1046]
[0,81,472,855,979,1046]
[0,81,342,472,651,703,855,979,1046]
[0,342,472,651,856,1046]
[0,202,504,651,855,1046]
[0,874,1046]
[0,504,651,979,1046]
[0,81,342,472,651,703,856,979,1046]
[0,856,1046]
[0,202,472,651,855,1046]
[0,979,1046]
[0,81,504,651,855,979,1046]
[0,81,202,342,472,651,1046]
[0,81,856,1046]
[0,81,472,855,1046]
[0,81,472,856,979,1046]
[0,836,1046]
[0,651,1046]
[0,81,342,472,651,855,979,1046]
[0,81,651,1046]
[0,556,874,1046]
