[0,496,965,1294,1427]
[0,496,1294,1427]
[0,496,965,1092,1294,1427]
[0,509,639,1294,1427]
[0,509,971,1092,1294,1427]
[0,971,1092,1294,1427]
[0,1092,1294,1427]
[0,333,1294,1427]
[0,509,1092,1294,1427]
[0,330,971,1427]
[0,330,971,1092,1294,1427]
[0,509,1294,1427]
[0,509,971,1294,1427]
[0,502,971,1427]
[0,965,1427]
[0,429,971,1427]
[0,496,1427]
[0,429,1092,1427]
[0,502,971,1294,1427]
[0,330,965,1092,1294,1427]
[0,52,333,965,1092,1294,1427]
[0,330,971,1294,1427]
[0,333,1427]
[0,333,965,1294,1427]
[0,52,330,971,1092,1294,1427]
[0,429,971,1294,1427]
[0,330,1294,1427]
[0,731,965,1427]
[0,965,1092,1294,1427]
[0,509,1427]
[0,731,965,1092,1294,1427]
[0,496,965,1427]
[0,1092,1427]
[0,731,1427]
[0,52,330,965,1092,1294,1427]
[0,731,965,1294,1427]
[0,502,1294,1427]
[0,971,1427]
[0,429,1294,1427]
[0,333,965,1092,1294,1427]
[0,333,965,1427]
[0,509,639,1092,1294,1427]
[0,502,1427]
[0,1294,1427]
[0,330,965,1427]
[0,52,496,965,1092,1294,1427]
[0,429,1427]
[0,330,1427]
[0,52,509,971,1092,1294,1427]
[0,509,1092,1427]
[0,330,965,1294,1427]
[0,509,971,1427]
[0,52,965,1092,1294,1427]
[0,731,1294,1427]
