[0,280,1105,1396,1562]
[0,296,481,847,1030,1084,1562]
[0,296,1126,1396,1562]
[0,296,481,1126,1396,1562]
[0,296,847,1562]
[0,280,481,1105,1396,1562]
[0,296,1105,1396,1562]
[0,296,481,1084,1447,1562]
[0,1105,1396,1562]
[0,1396,1562]
[0,296,481,1105,1562]
[0,296,481,1338,1562]
[0,296,1126,1562]
[0,296,1338,1447,1562]
[0,1030,1084,1562]
[0,1105,1562]
[0,296,982,1126,1381,1562]
[0,359,1562]
[0,296,481,847,1084,1338,1447,1562]
[0,296,481,1030,1084,1338,1447,1562]
[0,847,1338,1562]
[0,1126,1381,1562]
[0,296,1030,1084,1562]
[0,280,481,1105,1562]
[0,296,481,1562]
[0,1338,1447,1562]
[0,280,982,1396,1562]
[0,296,481,847,982,1126,1381,1562]
[0,280,481,1562]
[0,296,481,847,982,1126,1396,1562]
[0,296,481,1084,1562]
[0,296,847,1338,1562]
[0,296,1030,1084,1338,1447,1562]
[0,296,481,847,1338,1562]
[0,296,481,1126,1381,1562]
[0,982,1396,1562]
[0,1084,1562]
[0,296,1084,1447,1562]
[0,982,1126,1396,1562]
[0,280,982,1562]
[0,296,1562]
[0,280,1105,1562]
[0,296,1105,1562]
[0,296,481,847,982,1126,1237,1396,1562]
[0,296,1338,1562]
[0,1030,1084,1447,1562]
[0,481,847,1562]
[0,296,481,1084,1338,1447,1562]
[0,296,847,1084,1562]
[0,296,481,847,1084,1562]
[0,296,481,1030,1084,1562]
[0,359,1396,1562]
[0,982,1562]
[0,280,1562]
[0,1136,1562]
[0,280,481,982,1562]
[0,296,481,847,1030,1084,1338,1447,1562]
[0,296,1084,1338,1447,1562]
[0,296,481,847,1562]
[0,481,847,1338,1562]
[0,1338,1562]
[0,296,1447,1562]
[0,296,1084,1562]
[0,296,982,1126,1396,1562]
[0,847,1562]
[0,296,481,982,1126,1381,1562]
[0,1084,1447,1562]
[0,1126,1396,1562]
[0,1030,1084,1338,1447,1562]
[0,296,481,1338,1447,1562]
[0,982,1126,1381,1562]
[0,296,481,1105,1396,1562]
[0,296,481,982,1126,1396,1562]
[0,359,1136,1562]
[0,296,1126,1381,1562]
[0,296,481,1126,1562]
[0,296,481,847,1084,1447,1562]
[0,1126,1562]
[0,280,481,982,1396,1562]
[0,296,481,847,982,1126,1237,1381,1562]
[0,1084,1338,1447,1562]
