[0,1050,1330,2322,3214,3353]
[0,1050,2322,3353]
[0,1330,3353]
[0,303,1330,2414,3353]
[0,1050,1330,2106,2322,2509,2916,3214,3353]
[0,1050,2106,2916,3353]
[0,1050,1330,2322,2509,3214,3353]
[0,1050,1330,2106,2322,2509,3214,3353]
[0,1101,3353]
[0,1050,2322,2509,3214,3353]
[0,1050,2106,3353]
[0,2106,2509,3353]
[0,1050,3353]
[0,1101,2414,3353]
[0,1330,2322,3353]
[0,1050,2322,3214,3353]
[0,1050,1330,2106,2509,2916,3214,3353]
[0,1050,2106,2509,2916,3214,3353]
[0,2106,2916,3353]
[0,2322,3353]
[0,1050,1330,2322,2509,3353]
[0,1050,1330,2106,2322,2509,3353]
[0,1050,1330,2322,3353]
[0,1330,2414,3353]
[0,1050,2322,2509,3353]
[0,2106,3353]
[0,1050,1330,2106,2322,2509,2916,3353]
[0,1050,1330,2106,2509,2916,3353]
[0,2106,2509,2916,3353]
[0,2106,2509,2916,3214,3353]
[0,1050,2106,2509,2916,3353]
[0,1050,1330,2106,2509,3353]
[0,1050,2106,2509,3353]
[0,2322,2509,3353]
