[0,662,930,1913,2494,2956]
[0,1212,2956]
[0,229,908,1913,2148,2590,2956]
[0,1212,2100,2580,2956]
[0,229,1211,2494,2956]
[0,229,2494,2956]
[0,229,908,2100,2580,2956]
[0,229,1211,2956]
[0,229,908,1913,2494,2956]
[0,662,1913,2494,2956]
[0,908,1913,2494,2956]
[0,229,908,2580,2956]
[0,229,1913,2494,2956]
[0,908,1913,2148,2590,2956]
[0,229,1213,2956]
[0,229,1212,2100,2580,2956]
[0,1913,2590,2956]
[0,1211,2956]
[0,229,1211,2148,2494,2956]
[0,662,1913,2956]
[0,2100,2956]
[0,1913,2956]
[0,1213,2956]
[0,229,662,930,1913,2494,2637,2956]
[0,229,1913,2494,2637,2956]
[0,1211,2148,2494,2956]
[0,229,2956]
[0,930,1913,2956]
[0,908,2580,2956]
[0,908,1913,2956]
[0,2494,2956]
[0,229,930,1913,2494,2637,2956]
[0,229,1913,2590,2956]
[0,229,908,1913,2590,2956]
[0,229,930,1913,2494,2956]
[0,229,1212,2956]
[0,908,1913,2590,2956]
[0,229,662,930,1913,2494,2632,2956]
[0,2100,2580,2956]
[0,930,1913,2494,2956]
[0,908,2100,2956]
[0,908,2100,2580,2956]
[0,1913,2148,2590,2956]
[0,229,908,1913,2494,2637,2956]
[0,1212,2580,2956]
[0,229,1212,2580,2956]
[0,1212,2100,2956]
[0,229,930,1913,2494,2632,2956]
[0,229,908,2956]
[0,849,2956]
[0,1211,2494,2956]
[0,229,662,930,1913,2494,2956]
[0,1913,2494,2956]
[0,908,2956]
