[0,497,2211]
[0,1692,2211]
[0,576,1751,2211]
[0,576,1193,1277,2211]
[0,1553,2211]
[0,576,2211]
[0,497,1061,1692,2211]
[0,576,929,995,1570,2211]
[0,57,576,929,995,1570,2211]
[0,576,1570,2211]
[0,57,576,891,1052,1232,1420,1570,2211]
[0,57,350,576,995,1570,2211]
[0,476,1755,2211]
[0,576,891,1052,1420,1570,2211]
[0,570,1692,2211]
[0,497,1692,2211]
[0,576,1277,2211]
[0,576,891,1052,1570,2211]
[0,576,1193,2211]
[0,576,1052,1570,2211]
[0,1570,2211]
[0,476,2211]
[0,1277,2211]
[0,576,891,1052,1232,1570,2211]
[0,57,350,576,929,995,1570,2211]
[0,350,576,929,995,1570,2211]
[0,350,576,995,1403,1570,2211]
[0,576,1052,1232,1570,2211]
[0,350,576,929,995,1403,1570,2211]
[0,576,1200,1692,2211]
[0,1193,2211]
[0,350,576,995,1570,2211]
[0,570,2211]
[0,57,576,891,1052,1420,1570,2211]
[0,1061,1692,2211]
[0,57,350,576,929,995,1403,1570,2211]
[0,576,1193,1277,1751,2211]
[0,1061,2211]
[0,576,1193,1751,2211]
[0,576,995,1570,2211]
[0,570,1755,2211]
[0,576,891,1052,1232,1420,1570,2211]
[0,576,1692,2211]
[0,57,576,1193,1277,1751,2211]
[0,576,1193,1570,2211]
[0,57,350,576,995,1403,1570,2211]
[0,57,576,995,1570,2211]
[0,576,1553,2211]
[0,57,576,1200,1692,2211]
