[0,1476,1541,1636,1966,2053]
[0,1541,1636,1966,2053]
[0,1544,2053]
[0,1476,1541,1966,2053]
[0,478,1544,1966,2053]
[0,1544,1636,2053]
[0,1544,1966,2053]
[0,478,1541,1636,2053]
[0,1544,1636,1716,1966,2053]
[0,478,1544,2053]
[0,1476,1541,1636,1716,1966,2053]
[0,1476,1544,1966,2053]
[0,478,1541,1636,1716,1966,2053]
[0,478,1541,1966,2053]
[0,1516,2053]
[0,478,1544,1636,1966,2053]
[0,478,1541,1636,1966,2053]
[0,1541,1636,2053]
[0,478,1544,1636,1716,1966,2053]
[0,1541,2053]
[0,1541,1966,2053]
[0,1541,1636,1716,1966,2053]
[0,1476,1544,1636,1966,2053]
[0,478,1544,1636,2053]
[0,478,1476,1541,1636,1716,1966,2053]
[0,1544,1636,1966,2053]
[0,1476,1544,1636,1716,1966,2053]
[0,478,1541,2053]
[0,478,1476,1544,1636,1716,1966,2053]
