[0,956,2036,2759]
[0,1552,2300,2759]
[0,887,1230,2036,2759]
[0,407,1122,2036,2300,2759]
[0,407,887,1230,1552,2036,2162,2300,2759]
[0,1230,2036,2759]
[0,407,956,1552,2036,2759]
[0,407,887,1230,2036,2759]
[0,407,1122,2036,2759]
[0,1230,2759]
[0,407,1230,2036,2759]
[0,407,887,1230,2036,2162,2300,2759]
[0,407,956,1552,2036,2162,2300,2759]
[0,956,1552,2036,2759]
[0,454,956,1552,2036,2149,2300,2759]
[0,454,1233,2036,2300,2759]
[0,887,1230,2036,2162,2300,2759]
[0,454,1552,2300,2759]
[0,407,956,1230,1552,2036,2162,2300,2759]
[0,1233,1552,2759]
[0,407,956,1230,1552,2036,2759]
[0,1122,2759]
[0,956,2036,2300,2759]
[0,454,1233,1552,2036,2759]
[0,454,1233,2759]
[0,454,1233,1552,2300,2759]
[0,454,1552,2759]
[0,454,956,1552,2036,2300,2759]
[0,454,1233,1552,2759]
[0,956,1552,2036,2300,2759]
[0,407,956,1230,1552,2036,2300,2759]
[0,887,1230,2036,2300,2759]
[0,454,1233,2036,2759]
[0,1233,2036,2759]
[0,454,956,1233,1552,2036,2759]
[0,1122,1552,2759]
[0,407,887,1230,1552,2036,2759]
[0,454,1233,1552,2036,2300,2759]
[0,956,2759]
[0,1122,2036,2300,2759]
[0,1233,2036,2300,2759]
[0,407,956,1552,2036,2300,2759]
[0,454,956,1233,1552,2036,2149,2300,2759]
[0,1230,2036,2300,2759]
[0,454,956,1552,2036,2759]
[0,407,887,1230,2036,2300,2759]
[0,1122,1552,2036,2759]
[0,454,956,1233,1552,2036,2300,2759]
[0,956,1552,2759]
[0,407,1122,1552,2036,2300,2759]
[0,1233,2759]
[0,407,887,1230,1552,2036,2300,2759]
[0,1101,2759]
[0,1552,2759]
[0,407,1122,1552,2036,2759]
[0,1122,2036,2759]
[0,407,1122,1552,2759]
