[0,133,3353]
[0,398,785,1056,3085,3353]
[0,398,785,1056,1694,3353]
[0,1694,2204,3085,3353]
[0,1056,2741,3353]
[0,102,1675,3085,3353]
[0,678,1056,1456,1694,2204,3085,3353]
[0,678,1675,3085,3353]
[0,2550,2741,3353]
[0,398,1056,1694,3353]
[0,102,678,1694,3085,3353]
[0,102,678,1056,1675,2204,3085,3353]
[0,678,1056,1694,2204,3085,3353]
[0,102,3085,3353]
[0,102,887,1056,2741,3353]
[0,785,1056,3085,3353]
[0,1056,2373,3353]
[0,785,1056,1694,3353]
[0,133,2845,3353]
[0,102,678,1675,2204,3085,3353]
[0,1675,3353]
[0,785,1056,3353]
[0,102,398,785,1056,1694,3085,3353]
[0,1694,2204,3353]
[0,678,1056,1694,2204,3353]
[0,398,785,1056,1675,3353]
[0,398,785,1056,1675,3085,3353]
[0,678,1694,2204,3085,3353]
[0,1056,2550,2741,3353]
[0,102,817,1056,3085,3353]
[0,1675,3032,3353]
[0,887,2061,3353]
[0,102,1675,3353]
[0,398,1056,3353]
[0,678,1056,1675,2204,3085,3353]
[0,1675,2204,3085,3353]
[0,102,678,1056,1456,1694,2204,3085,3353]
[0,398,785,1056,3353]
[0,887,2061,2550,2741,3353]
[0,398,1694,3353]
[0,133,1675,3032,3353]
[0,785,1056,1675,3085,3353]
[0,2845,3353]
[0,102,398,785,1056,3085,3353]
[0,785,1056,1456,1694,3085,3353]
[0,398,1056,1675,3353]
[0,102,398,785,1056,1675,3085,3353]
[0,102,678,1056,1675,3353]
[0,2061,3353]
[0,1056,3085,3353]
[0,102,678,1675,3085,3353]
[0,294,2741,3353]
[0,887,1056,2550,2741,3353]
[0,102,678,1056,1675,3032,3353]
[0,102,785,1056,3353]
[0,678,1056,1675,3032,3353]
[0,102,3353]
[0,817,1056,3353]
[0,785,1056,1675,3353]
[0,678,1694,3353]
[0,817,1056,2373,2550,3085,3353]
[0,2741,3353]
[0,678,1694,2204,3353]
[0,678,1056,1675,3353]
[0,887,1056,2741,3353]
[0,785,1675,3353]
[0,102,817,1056,3353]
[0,102,678,1675,3353]
[0,1694,3085,3353]
[0,678,1056,1675,2204,3353]
[0,102,1694,3085,3353]
[0,102,398,785,1056,1456,1694,3085,3353]
[0,398,785,1056,1456,1694,3085,3353]
[0,2373,3353]
[0,785,1056,1694,3085,3353]
[0,678,1675,2204,3085,3353]
[0,678,1675,2204,3353]
[0,1056,1675,3353]
[0,887,1056,3353]
[0,398,1675,3353]
[0,1675,3085,3353]
[0,102,817,1056,2373,3085,3353]
[0,102,678,1056,1694,2204,3085,3353]
[0,678,1056,1694,3353]
[0,102,785,1056,3085,3353]
[0,817,1056,2373,3085,3353]
[0,1056,2373,3085,3353]
[0,785,1694,3353]
[0,887,1056,2061,2550,2741,3353]
[0,1056,3353]
[0,3085,3353]
[0,2061,2550,2741,3353]
[0,1694,3353]
[0,678,1675,3353]
[0,102,817,1056,2373,2550,3085,3353]
[0,102,887,1056,2550,2741,3353]
[0,678,1694,3085,3353]
[0,887,2061,2741,3353]
[0,102,887,1056,2061,2550,2741,3353]
[0,1056,1694,3353]
[0,817,1056,3085,3353]
[0,1675,2204,3353]
[0,2061,2741,3353]
[0,398,785,1056,1694,3085,3353]
[0,102,678,1694,2204,3085,3353]
[0,102,887,1056,3353]
[0,133,1675,3353]
