[0,695,874,1547,2242,2554]
[0,1546,2554]
[0,481,874,1546,2242,2554]
[0,481,2242,2554]
[0,476,874,2554]
[0,476,2554]
[0,476,874,2242,2554]
[0,1208,2242,2554]
[0,481,1208,1546,2242,2554]
[0,481,1546,2554]
[0,695,874,1546,2242,2554]
[0,481,695,874,1546,1659,1939,2242,2506,2554]
[0,481,1659,2242,2554]
[0,476,695,874,1547,1659,2242,2506,2554]
[0,476,1208,1547,1659,2242,2554]
[0,874,2554]
[0,481,1208,1546,1939,2242,2554]
[0,481,695,874,1208,1546,1939,2242,2554]
[0,476,1208,1547,2242,2554]
[0,503,1659,2554]
[0,481,695,874,1208,1546,1659,1939,2242,2506,2554]
[0,481,1659,2242,2506,2554]
[0,481,695,1208,1546,1939,2242,2554]
[0,695,874,1546,1659,2242,2554]
[0,1208,1546,2554]
[0,481,1659,1939,2242,2506,2554]
[0,874,1547,1659,2242,2554]
[0,1208,2554]
[0,1659,2554]
[0,1547,1659,2242,2554]
[0,481,1208,1546,1659,2242,2554]
[0,481,695,874,1208,1546,1659,1939,2242,2554]
[0,2242,2554]
[0,481,874,2242,2554]
[0,1659,2242,2554]
[0,1208,1547,1659,2242,2506,2554]
[0,476,874,1547,2242,2554]
[0,874,2034,2554]
[0,481,695,874,1546,2242,2554]
[0,476,2242,2554]
[0,874,2242,2506,2554]
[0,874,1546,1659,2242,2554]
[0,476,1208,1547,2554]
[0,476,874,1547,2554]
[0,1208,1547,1659,2242,2554]
[0,481,695,874,1546,1659,2242,2554]
[0,1546,1659,2242,2554]
[0,481,1208,1546,1659,1939,2242,2554]
[0,481,1659,2554]
[0,1208,1547,2554]
[0,481,695,1208,1546,2242,2554]
[0,874,1547,1659,2242,2506,2554]
[0,481,695,874,1208,1546,2242,2554]
[0,874,1547,2554]
[0,695,874,1547,1659,2242,2506,2554]
[0,476,695,874,1547,1659,2242,2554]
[0,874,1546,1659,2242,2506,2554]
[0,874,2242,2554]
[0,503,1659,1939,2242,2554]
[0,1659,1939,2242,2554]
[0,481,695,1659,1939,2242,2554]
[0,503,1659,2242,2554]
[0,2034,2554]
[0,476,695,874,1547,2242,2554]
[0,481,874,1939,2242,2554]
[0,476,695,874,2242,2554]
[0,695,874,1547,1659,2242,2554]
[0,481,1208,1546,1659,1939,2242,2506,2554]
[0,476,1547,2554]
[0,1208,1546,2242,2554]
[0,1547,2554]
[0,695,874,1546,1659,2242,2506,2554]
[0,1208,1546,1659,2242,2554]
[0,874,1546,2554]
[0,1208,1546,1659,2242,2506,2554]
[0,481,695,874,1546,1659,1939,2242,2554]
[0,481,874,2554]
[0,503,2242,2554]
[0,481,1208,1546,1659,2242,2506,2554]
[0,503,2554]
[0,874,1546,2242,2554]
[0,481,695,874,1546,1659,2242,2506,2554]
[0,481,695,874,1939,2242,2554]
[0,481,1659,1939,2242,2554]
[0,481,1208,1546,2554]
[0,1208,1547,2242,2554]
[0,481,695,874,2242,2554]
[0,874,1547,2242,2554]
[0,481,874,1546,2554]
[0,481,2242,2506,2554]
[0,481,2554]
[0,476,1208,1547,1659,2242,2506,2554]
[0,481,695,874,1659,1939,2242,2554]
[0,695,874,2242,2554]
