[0,207,260,427,922]
[0,206,260,320,462,922]
[0,320,462,922]
[0,207,260,369,462,549,922]
[0,320,462,549,922]
[0,206,260,350,549,922]
[0,350,549,922]
[0,260,320,922]
[0,369,549,922]
[0,206,260,427,549,922]
[0,260,369,549,922]
[0,350,922]
[0,207,260,369,549,922]
[0,260,427,549,922]
[0,427,922]
[0,206,260,320,922]
[0,207,260,369,922]
[0,207,260,427,549,922]
[0,260,350,462,549,922]
[0,207,260,320,462,922]
[0,260,350,922]
[0,260,320,462,922]
[0,260,320,462,549,922]
[0,207,260,320,922]
[0,260,350,549,922]
[0,206,260,427,922]
[0,206,260,350,462,549,922]
[0,260,427,922]
[0,369,922]
[0,206,260,350,922]
[0,207,260,320,462,549,922]
[0,320,922]
[0,260,369,462,549,922]
[0,260,369,922]
[0,206,260,320,462,549,922]
