[0,348,576,974,1152,1327]
[0,75,209,348,576,820,974,1327]
[0,348,1327]
[0,348,576,974,1327]
[0,209,348,629,974,1327]
[0,974,1327]
[0,335,576,1327]
[0,209,348,534,629,820,974,1327]
[0,209,348,983,1327]
[0,348,983,1327]
[0,209,348,576,974,1327]
[0,209,348,974,1327]
[0,348,629,974,1327]
[0,209,348,623,1327]
[0,348,974,1327]
[0,348,623,1327]
[0,209,348,576,820,974,1327]
[0,209,348,1327]
[0,978,1327]
[0,348,629,1327]
[0,209,348,629,820,974,1327]
[0,348,576,820,974,1152,1327]
[0,348,576,820,974,1327]
[0,348,974,1152,1327]
[0,348,629,820,974,1327]
[0,335,1327]
[0,75,209,348,534,629,820,974,1327]
[0,983,1327]
[0,209,348,534,623,1327]
[0,335,983,1327]
[0,348,978,1327]
[0,209,348,629,1327]
[0,348,576,1327]
