[0,988,1597,1878,2690,3137,3353]
[0,988,1288,1597,1878,3353]
[0,988,1288,1597,2690,3353]
[0,988,1192,1597,3353]
[0,988,1288,1597,1878,2895,3353]
[0,1004,1288,1597,3353]
[0,988,1288,1597,2712,3353]
[0,988,1288,1597,1878,2712,3353]
[0,988,1192,1597,1878,2690,3137,3353]
[0,1022,1600,3353]
[0,1004,1288,1597,1878,2690,3353]
[0,988,1192,1597,1878,2690,3353]
[0,988,1288,1597,1878,2690,3353]
[0,1022,1597,1878,2895,3353]
[0,1004,3353]
[0,1004,1288,1597,2690,3353]
[0,1004,1597,3353]
[0,988,1597,1878,2895,3353]
[0,988,1597,1878,2895,3137,3353]
[0,988,1192,1597,1878,2895,3137,3353]
[0,1022,1600,2895,3353]
[0,252,1022,1600,2895,3353]
[0,1004,1288,1597,1878,2690,3201,3353]
[0,988,1288,1597,1878,2690,3201,3353]
[0,1004,1597,2690,3353]
[0,1004,1597,1878,3353]
[0,1022,1597,2895,3353]
[0,1523,3353]
[0,1600,3353]
[0,988,1597,3353]
[0,988,3353]
[0,988,1288,1597,1878,2712,3201,3353]
[0,988,1597,1878,2712,3353]
[0,988,1597,1878,2690,3353]
[0,988,1288,1597,3353]
[0,988,1192,1597,1878,3353]
[0,1022,1597,3353]
[0,1022,1597,1878,3353]
[0,1004,2690,3353]
[0,988,1597,2895,3353]
[0,1597,3353]
[0,988,1597,1878,3353]
[0,988,1597,2712,3353]
[0,1004,1597,1878,2690,3353]
[0,988,1597,2690,3353]
[0,988,2690,3353]
[0,988,2712,3353]
[0,988,1288,1597,2895,3353]
[0,988,1192,1597,1878,2895,3353]
