[0,175,958,1059,1264]
[0,175,958,1057,1183,1264]
[0,160,958,1264]
[0,512,958,1264]
[0,175,219,958,1057,1147,1264]
[0,53,175,435,958,1264]
[0,175,353,1264]
[0,958,1059,1264]
[0,175,353,958,1057,1264]
[0,53,175,958,1057,1147,1264]
[0,53,175,219,353,435,958,1057,1183,1264]
[0,175,958,1264]
[0,958,1057,1183,1264]
[0,156,1264]
[0,53,175,219,958,1057,1147,1264]
[0,219,353,958,1264]
[0,53,156,219,958,1057,1264]
[0,175,958,1057,1147,1264]
[0,175,353,958,1264]
[0,156,219,958,1059,1264]
[0,53,175,353,958,1057,1183,1264]
[0,156,219,958,1057,1264]
[0,160,1264]
[0,435,1264]
[0,175,353,435,958,1057,1183,1264]
[0,512,1264]
[0,53,175,958,1264]
[0,156,958,1264]
[0,53,175,353,435,958,1057,1183,1264]
[0,53,175,219,353,958,1057,1183,1264]
[0,53,156,219,958,1059,1264]
[0,175,512,958,1264]
[0,175,435,958,1264]
[0,219,958,1264]
[0,175,353,435,958,1057,1264]
[0,175,1264]
[0,53,175,958,1057,1183,1264]
[0,353,1264]
[0,175,219,958,1057,1183,1264]
[0,175,219,958,1057,1264]
[0,958,1264]
[0,160,435,958,1264]
[0,53,175,958,1059,1264]
[0,175,958,1057,1264]
[0,53,175,1264]
[0,53,175,219,958,1057,1183,1264]
[0,958,1057,1264]
[0,175,353,958,1057,1183,1264]
[0,435,958,1264]
[0,156,958,1057,1264]
[0,353,958,1264]
[0,156,958,1059,1264]
