[0,1139,2319,2759]
[0,1124,1397,1984,2250,2328,2369,2759]
[0,1139,2016,2369,2759]
[0,876,1124,1397,1984,2250,2369,2759]
[0,876,1124,1401,2053,2369,2759]
[0,1124,1397,1984,2328,2369,2759]
[0,1124,2369,2759]
[0,1124,1397,1984,2369,2759]
[0,1397,2049,2369,2759]
[0,998,1397,2016,2369,2759]
[0,998,1401,2759]
[0,1397,2016,2369,2759]
[0,1139,2369,2759]
[0,998,2369,2759]
[0,1124,1401,2053,2369,2759]
[0,876,1124,1401,2053,2250,2369,2759]
[0,998,1401,2369,2759]
[0,998,1397,2053,2369,2759]
[0,876,1124,1397,1984,2369,2759]
[0,1401,2053,2369,2759]
[0,998,1401,2022,2369,2759]
[0,1124,1401,2053,2328,2369,2759]
[0,998,1401,1984,2369,2759]
[0,1397,2759]
[0,876,1124,1401,2053,2250,2328,2369,2759]
[0,1124,2759]
[0,998,1397,2369,2759]
[0,1397,1984,2369,2759]
[0,998,1397,2049,2369,2759]
[0,1397,2053,2369,2759]
[0,1124,1401,2053,2250,2369,2759]
[0,876,1124,1401,1984,2053,2369,2759]
[0,1401,2022,2369,2759]
[0,1401,2759]
[0,1397,2369,2759]
[0,876,1124,1397,1984,2250,2328,2369,2759]
[0,876,1124,1401,1984,2053,2250,2328,2369,2759]
[0,998,1984,2369,2759]
[0,1124,1397,1984,2250,2369,2759]
[0,1139,2759]
[0,998,2759]
[0,1401,1984,2369,2759]
[0,876,1124,1401,1984,2053,2250,2369,2759]
[0,1124,1401,2053,2250,2328,2369,2759]
[0,998,1397,1984,2369,2759]
[0,998,1401,2053,2369,2759]
[0,1401,2369,2759]
[0,1124,1984,2369,2759]
[0,998,1397,2759]
[0,1124,2053,2369,2759]
