[0,271,575,1043,1327]
[0,51,575,988,1063,1327]
[0,465,1063,1327]
[0,487,575,1327]
[0,465,575,876,988,1063,1327]
[0,487,575,876,988,1327]
[0,51,575,1327]
[0,321,465,876,988,1327]
[0,575,1327]
[0,51,1327]
[0,487,575,988,1063,1327]
[0,235,575,1010,1327]
[0,51,465,575,876,988,1063,1327]
[0,51,876,988,1063,1327]
[0,51,321,465,575,988,1063,1327]
[0,465,876,988,1327]
[0,876,1327]
[0,321,575,876,1063,1327]
[0,51,321,465,575,645,876,988,1063,1327]
[0,321,465,575,1327]
[0,1043,1327]
[0,487,1010,1327]
[0,321,465,575,645,876,988,1063,1327]
[0,51,575,876,988,1063,1327]
[0,575,876,988,1063,1327]
[0,51,321,465,575,876,988,1063,1327]
[0,321,465,876,1327]
[0,575,988,1327]
[0,465,575,1063,1327]
[0,51,271,575,1043,1327]
[0,51,575,1043,1327]
[0,465,575,1327]
[0,575,876,988,1327]
[0,465,575,645,876,988,1063,1327]
[0,51,575,645,1063,1327]
[0,321,575,1063,1327]
[0,465,575,988,1063,1327]
[0,51,525,575,988,1063,1327]
[0,575,988,1063,1327]
[0,465,876,1327]
[0,487,1327]
[0,51,487,575,876,988,1063,1327]
[0,465,575,876,988,1327]
[0,487,575,1063,1327]
[0,988,1063,1327]
[0,487,575,876,988,1063,1327]
[0,465,1327]
[0,487,575,988,1327]
[0,321,465,575,876,988,1327]
[0,51,465,575,645,876,988,1063,1327]
[0,876,988,1327]
[0,51,525,575,876,988,1063,1327]
[0,223,575,1043,1327]
[0,235,575,1327]
[0,1063,1327]
[0,51,487,575,988,1063,1327]
[0,321,465,575,988,1063,1327]
[0,321,465,575,1063,1327]
[0,51,1043,1327]
[0,575,1063,1327]
[0,271,575,1327]
[0,321,575,1327]
[0,321,465,575,876,988,1063,1327]
[0,575,1010,1327]
[0,575,1043,1327]
[0,575,645,1063,1327]
[0,321,465,1063,1327]
[0,51,465,575,988,1063,1327]
[0,51,575,1063,1327]
[0,465,575,988,1327]
[0,876,988,1063,1327]
