[0,705,891,993,1094,1180]
[0,366,891,993,1094,1180]
[0,78,376,891,1180]
[0,63,309,366,439,501,705,891,993,1094,1180]
[0,705,891,1180]
[0,78,366,664,891,1180]
[0,366,439,705,891,1180]
[0,376,891,993,1180]
[0,78,891,1180]
[0,78,366,439,891,1180]
[0,78,376,937,1180]
[0,115,937,1180]
[0,705,891,993,1180]
[0,78,937,1180]
[0,366,891,993,1180]
[0,78,366,891,993,1180]
[0,78,366,891,1180]
[0,63,366,439,891,1094,1180]
[0,63,309,366,439,664,891,993,1094,1180]
[0,63,366,439,705,891,1094,1180]
[0,63,366,439,891,1180]
[0,705,891,1094,1180]
[0,366,1180]
[0,366,705,891,993,1094,1180]
[0,63,366,439,501,705,891,993,1094,1180]
[0,366,891,1094,1180]
[0,78,366,891,993,1094,1180]
[0,63,366,439,891,993,1094,1180]
[0,63,366,439,705,891,1180]
[0,78,366,664,891,993,1094,1180]
[0,78,366,439,664,891,1180]
[0,366,439,705,891,993,1094,1180]
[0,366,664,891,993,1094,1180]
[0,366,664,891,1180]
[0,366,891,1180]
[0,366,705,891,1180]
[0,78,366,664,891,993,1180]
[0,891,993,1180]
[0,366,439,891,1180]
[0,78,376,891,993,1180]
[0,366,705,891,993,1180]
[0,78,366,439,664,891,993,1180]
[0,78,366,439,891,993,1094,1180]
[0,891,1094,1180]
[0,366,439,705,891,1094,1180]
[0,63,705,891,1180]
[0,78,891,1094,1180]
[0,78,366,439,664,891,993,1094,1180]
[0,63,366,439,664,891,993,1094,1180]
[0,366,439,891,993,1094,1180]
[0,366,664,891,993,1180]
[0,63,366,439,705,891,993,1094,1180]
[0,366,705,891,1094,1180]
[0,891,993,1094,1180]
[0,78,891,993,1094,1180]
[0,366,439,664,891,993,1094,1180]
[0,366,439,891,1094,1180]
[0,376,891,1180]
[0,937,1180]
[0,376,937,1180]
[0,891,1180]
[0,376,1180]
