[0,371,1778,2053]
[0,130,435,1447,1960,2053]
[0,371,1037,1447,2053]
[0,435,1447,2053]
[0,1960,2053]
[0,465,1415,1574,1750,2053]
[0,318,1581,1960,2053]
[0,130,318,1581,2053]
[0,1447,2053]
[0,465,894,1043,1415,1960,2053]
[0,318,2053]
[0,130,318,465,1415,1574,1750,2053]
[0,1581,2053]
[0,318,465,1043,1426,1581,1750,2053]
[0,465,1415,2053]
[0,435,1415,1750,2053]
[0,130,318,465,894,1043,1415,1750,2053]
[0,465,1043,1415,1750,2053]
[0,318,465,1415,1750,2053]
[0,465,2053]
[0,318,465,1415,1574,1750,2053]
[0,435,1037,1447,2053]
[0,465,1043,1581,2053]
[0,318,465,1192,1415,1574,1750,2053]
[0,318,465,894,1043,1415,1750,2053]
[0,435,1091,1750,2053]
[0,130,435,1091,1447,1750,1960,2053]
[0,435,1447,1750,2053]
[0,371,1447,2053]
[0,465,894,1043,1415,1574,1750,2053]
[0,130,435,1091,1415,1750,1960,2053]
[0,371,1037,1447,1778,2053]
[0,130,465,1415,1750,2053]
[0,1037,1447,2053]
[0,435,1091,1447,1750,2053]
[0,1750,2053]
[0,130,318,1043,1426,1581,1960,2053]
[0,130,318,465,1043,1426,1581,1750,2053]
[0,465,1043,1581,1750,2053]
[0,130,318,465,894,1043,1415,1750,1960,2053]
[0,130,318,465,1043,1426,1581,1750,1960,2053]
[0,465,894,1043,1415,1750,1960,2053]
[0,130,318,1043,1581,2053]
[0,1699,2053]
[0,1778,2053]
[0,318,1043,1426,1581,1750,2053]
[0,1415,2053]
[0,1043,2053]
[0,1581,1960,2053]
[0,435,1447,1778,2053]
[0,435,1091,1415,1750,2053]
[0,130,435,1415,1750,2053]
[0,435,1778,2053]
[0,130,435,1091,1447,1750,2053]
[0,465,1426,1581,2053]
[0,130,318,465,1192,1415,1574,1750,1960,2053]
[0,130,318,1043,1426,1581,1750,2053]
[0,130,435,1447,1750,1960,2053]
[0,465,1192,1415,1750,2053]
[0,371,2053]
[0,465,1415,1960,2053]
[0,465,1750,2053]
[0,130,465,894,1043,1415,1750,1960,2053]
[0,435,1415,1750,1960,2053]
[0,465,1043,1415,1960,2053]
[0,130,318,1043,1581,1960,2053]
[0,130,435,1091,1415,1750,2053]
[0,130,435,1415,1750,1960,2053]
[0,130,318,1581,1750,2053]
[0,435,1447,1960,2053]
[0,130,318,465,894,1043,1415,1574,1750,1960,2053]
[0,465,1192,1415,1574,1750,2053]
[0,465,1043,1426,1581,2053]
[0,130,318,465,1043,1426,1581,1960,2053]
[0,465,1415,1750,2053]
[0,318,1043,1581,2053]
[0,318,1043,1426,1581,2053]
[0,130,318,465,894,1043,1415,1574,1750,2053]
[0,130,465,894,1043,1415,1750,2053]
[0,130,435,1037,1447,1778,2053]
[0,465,1043,1426,1581,1750,2053]
[0,435,1750,2053]
[0,1043,1581,2053]
[0,544,1581,2053]
[0,130,318,1043,1426,1581,2053]
[0,435,1037,1447,1778,2053]
[0,465,1581,1750,2053]
[0,544,2053]
[0,318,1581,1750,2053]
[0,318,465,894,1043,1415,1574,1750,2053]
[0,130,435,1447,1750,2053]
[0,130,318,1043,1581,1750,2053]
[0,465,894,1043,1415,1750,2053]
[0,465,894,1043,1415,2053]
[0,318,465,1043,1426,1581,2053]
[0,465,1043,1415,1574,1750,2053]
[0,371,1447,1778,2053]
[0,465,1415,1750,1960,2053]
[0,318,1960,2053]
[0,130,318,465,1415,1750,1960,2053]
[0,130,318,465,1415,1750,2053]
[0,130,435,1447,2053]
[0,435,1091,1415,2053]
[0,435,1415,1960,2053]
[0,130,318,1581,1960,2053]
[0,435,1415,2053]
[0,130,465,1415,1750,1960,2053]
[0,130,435,1447,1778,2053]
[0,318,1043,1581,1750,2053]
[0,130,318,465,1043,1426,1581,2053]
[0,465,1043,1415,2053]
[0,130,318,465,1192,1415,1574,1750,2053]
[0,1447,1960,2053]
[0,435,1091,2053]
[0,371,1699,2053]
[0,318,1581,2053]
[0,465,1426,1581,1750,2053]
[0,465,1581,2053]
[0,1091,2053]
[0,435,2053]
[0,130,318,465,1415,1574,1750,1960,2053]
[0,1415,1960,2053]
