[0,941,3561,4758]
[0,135,941,2935,3882,4758]
[0,135,941,2116,3561,3762,4758]
[0,941,2116,2628,2827,3208,3561,4073,4758]
[0,941,2116,2601,3252,4073,4758]
[0,2116,2601,3252,4073,4758]
[0,941,1620,2116,2601,3232,3561,3882,4758]
[0,135,941,1726,3300,3961,4758]
[0,135,3561,3762,4758]
[0,2116,2628,2827,3208,4073,4758]
[0,941,3300,3961,4758]
[0,2601,3232,3882,4758]
[0,3252,4758]
[0,2935,4758]
[0,941,2601,3232,3882,4758]
[0,941,3208,4758]
[0,1726,3300,4758]
[0,2116,4758]
[0,135,941,2116,2601,3252,4073,4758]
[0,941,1620,2116,2601,2926,3252,4073,4758]
[0,941,2116,2601,2926,3232,3882,4758]
[0,941,1620,3232,3882,4758]
[0,1620,3252,4073,4758]
[0,2116,2628,3561,3762,4758]
[0,1542,3561,4758]
[0,135,941,2116,2628,2827,3208,4073,4758]
[0,1542,3208,4073,4758]
[0,135,941,1542,2116,2628,2827,3208,3561,4073,4758]
[0,941,1542,3208,4073,4758]
[0,941,2116,3561,3762,4758]
[0,941,3252,4073,4758]
[0,941,1620,2116,2601,3232,3882,4758]
[0,1620,2601,3252,4073,4758]
[0,941,3208,4073,4758]
[0,135,2601,3252,4073,4758]
[0,2116,2628,3208,3561,4073,4758]
[0,135,941,3561,3762,4758]
[0,941,2116,2628,2827,3208,4073,4758]
[0,3252,4073,4758]
[0,1620,3232,4758]
[0,2116,2628,3561,4758]
[0,941,2116,3561,4758]
[0,135,941,1542,2116,2628,3561,3762,4758]
[0,1726,3300,3961,4758]
[0,135,3252,4073,4758]
[0,135,941,3208,4758]
[0,2116,2628,2827,3208,3561,4073,4758]
[0,135,3232,3882,4758]
[0,941,1542,2116,2628,3561,3762,4758]
[0,135,2601,3232,3882,4758]
[0,135,941,3300,3961,4758]
[0,135,941,2116,2601,2926,3252,4073,4758]
[0,1542,4758]
[0,941,1542,2116,2628,3208,3561,4073,4758]
[0,242,2930,4758]
[0,135,2628,3208,4073,4758]
[0,941,3232,4758]
[0,135,941,2116,2601,2926,3232,3882,4758]
[0,941,2116,2628,3561,4758]
[0,135,3208,4758]
[0,135,941,2116,2601,3232,3882,4758]
[0,135,2116,2601,3232,3882,4758]
[0,2116,2601,3232,3561,3882,4758]
[0,2116,2601,2926,3232,3561,3882,4758]
[0,941,3300,4758]
[0,941,1620,2116,2601,2926,3232,3561,3882,4758]
[0,941,1726,3300,3961,4758]
[0,941,3232,3882,4758]
[0,135,941,3252,4073,4758]
[0,135,941,1620,2116,2601,2926,3232,3561,3882,4758]
[0,2601,3252,4073,4758]
[0,2930,3882,4758]
[0,135,2935,4758]
[0,941,1620,2601,3232,3882,4758]
[0,135,941,2116,2601,2926,3232,3561,3882,4758]
[0,941,2935,3882,4758]
[0,3561,4758]
[0,1620,3300,4758]
[0,3561,3762,4758]
[0,941,1542,2628,3208,4073,4758]
[0,1620,2601,3232,3882,4758]
[0,1542,2628,3208,4073,4758]
[0,2116,2601,2926,3252,4073,4758]
[0,1620,3300,3961,4758]
[0,941,2116,2601,2926,3232,3561,3882,4758]
[0,941,1542,2628,3561,4758]
[0,941,1542,2116,2628,2827,3208,3561,4073,4758]
[0,135,941,1542,2116,2628,3208,3561,4073,4758]
[0,135,3561,4758]
[0,941,1620,2601,3252,4073,4758]
[0,941,1542,2116,2628,3208,4073,4758]
[0,941,2628,3208,4073,4758]
[0,941,2601,3252,4073,4758]
[0,3208,4758]
[0,2116,3561,4758]
[0,941,1620,3252,4073,4758]
[0,941,1542,3561,4758]
[0,941,3252,4758]
[0,941,2935,4758]
[0,3300,3961,4758]
[0,135,941,1620,2116,2601,2926,3232,3561,3882,4160,4758]
[0,135,941,1620,3300,3961,4758]
[0,135,2935,3882,4758]
[0,941,1542,2116,2628,3561,4758]
[0,2116,2601,2926,3232,3882,4758]
[0,2930,4758]
[0,1620,3252,4758]
[0,135,941,2116,2628,2827,3208,3561,4073,4758]
[0,313,4758]
[0,135,3300,4758]
[0,2116,3561,3762,4758]
[0,3208,4073,4758]
[0,313,3735,4758]
[0,135,2116,2601,3252,4073,4758]
[0,135,941,2116,2628,3208,4073,4758]
[0,3232,3882,4758]
[0,941,1726,3300,4758]
[0,941,2116,2601,3232,3561,3882,4758]
[0,2116,2601,3232,3882,4758]
[0,1542,2628,3561,4758]
[0,941,2116,2628,3561,3762,4758]
[0,2935,3882,4758]
[0,941,2116,2628,3208,4073,4758]
[0,135,3300,3961,4758]
[0,2628,3208,4073,4758]
[0,3232,4758]
[0,135,2116,2628,3208,4073,4758]
[0,135,941,2116,2628,3561,3762,4758]
[0,941,1620,3232,4758]
[0,135,941,1620,2116,2601,2926,3252,4073,4758]
[0,135,941,2116,2628,3208,3561,4073,4758]
[0,3300,4758]
[0,941,2116,2601,3232,3882,4758]
[0,941,1620,2116,2601,3252,4073,4758]
[0,135,4758]
[0,135,3208,4073,4758]
[0,2116,2628,3208,4073,4758]
[0,135,3232,4758]
[0,941,2116,2601,2926,3252,4073,4758]
[0,941,1620,3300,4758]
[0,941,1620,2116,2601,2926,3232,3561,3882,4160,4758]
[0,941,2116,2628,3208,3561,4073,4758]
[0,941,3561,3762,4758]
[0,1542,3208,4758]
[0,3735,4758]
[0,1726,4758]
[0,1620,4758]
[0,242,2930,3882,4758]
[0,1620,3232,3882,4758]
[0,941,1620,3300,3961,4758]
