[0,402,1562]
[0,54,402,682,1078,1562]
[0,402,682,1078,1305,1562]
[0,54,402,682,1078,1305,1562]
[0,353,1562]
[0,54,402,682,1078,1166,1431,1562]
[0,402,682,1078,1166,1288,1562]
[0,54,402,682,1078,1166,1288,1562]
[0,54,229,402,682,907,1288,1562]
[0,402,1288,1562]
[0,987,1562]
[0,54,402,1288,1562]
[0,402,682,1305,1562]
[0,1288,1562]
[0,229,402,682,907,1288,1562]
[0,54,229,402,682,1078,1166,1431,1562]
[0,54,229,402,682,1078,1431,1562]
[0,54,1288,1562]
[0,229,402,682,1288,1562]
[0,229,402,682,1078,1166,1431,1562]
[0,402,1305,1562]
[0,229,402,682,1078,1431,1562]
[0,54,229,402,682,1078,1305,1562]
[0,402,682,1078,1562]
[0,402,682,1562]
[0,402,682,907,1288,1562]
[0,54,402,1305,1562]
[0,402,682,1166,1562]
[0,1305,1562]
[0,402,1078,1562]
[0,54,402,682,907,1288,1562]
[0,54,402,682,1078,1288,1562]
[0,229,402,682,1078,1305,1562]
[0,229,402,682,1305,1562]
[0,402,1166,1562]
[0,229,402,682,1078,1562]
[0,54,402,1078,1562]
[0,54,402,682,1288,1562]
[0,402,682,987,1562]
[0,682,1078,1562]
[0,1078,1562]
[0,1166,1562]
[0,229,402,682,987,1288,1562]
[0,402,987,1562]
[0,353,1166,1562]
[0,402,682,1078,1288,1562]
[0,54,402,682,1078,1431,1562]
[0,402,682,987,1288,1562]
[0,402,682,1078,1431,1562]
[0,54,402,1562]
[0,54,402,682,1305,1562]
[0,402,682,1078,1166,1431,1562]
[0,402,682,1288,1562]
