[0,93,504,638,722,1034,1110,1266,1457,2211]
[0,722,1397,2211]
[0,722,1199,2211]
[0,93,504,722,1201,2211]
[0,93,504,722,1397,2211]
[0,504,722,1053,1201,1457,2211]
[0,722,1201,2211]
[0,504,722,1199,2211]
[0,93,504,722,1034,1199,2211]
[0,93,504,722,1053,1201,1457,2211]
[0,504,722,1034,1266,2211]
[0,93,504,638,722,1034,1266,1457,2211]
[0,722,1034,1266,2211]
[0,93,504,638,722,1034,1266,2211]
[0,504,722,1397,2211]
[0,504,722,1053,1201,2211]
[0,504,722,1201,2211]
[0,93,504,722,1034,1199,1457,2211]
[0,93,504,638,722,1053,1201,1457,2211]
[0,93,504,722,1053,1201,2211]
[0,93,504,629,722,1053,1201,1457,2211]
[0,504,722,2211]
[0,722,1199,1457,2211]
[0,504,722,1034,1199,2211]
[0,504,722,1201,1457,2211]
[0,93,504,638,722,1034,1099,1199,1457,2211]
[0,93,504,722,1034,1266,2211]
[0,93,504,722,1034,1266,1457,2211]
[0,93,504,638,722,1034,1110,1266,2211]
[0,629,2211]
[0,722,2211]
[0,93,504,638,722,1034,1199,1457,2211]
[0,504,722,1034,1266,1457,2211]
[0,93,504,722,1266,2211]
[0,722,1266,2211]
[0,1457,2211]
[0,504,722,1199,1457,2211]
[0,722,1201,1457,2211]
[0,504,722,1266,2211]
[0,93,504,722,1457,2211]
[0,722,1457,2211]
[0,638,2211]
[0,504,722,1457,2211]
[0,504,629,722,1053,1201,1457,2211]
[0,504,722,1034,1199,1457,2211]
