[0,463,985,1405,3353]
[0,463,2056,3274,3353]
[0,463,3353]
[0,463,694,987,1647,3173,3353]
[0,463,694,987,1647,2657,3173,3274,3353]
[0,463,987,1647,3274,3353]
[0,463,2056,3353]
[0,463,694,985,3173,3353]
[0,463,694,985,3353]
[0,463,985,1415,3274,3353]
[0,463,1415,3274,3353]
[0,463,985,1405,3274,3353]
[0,463,694,987,3353]
[0,987,3353]
[0,463,987,1415,3353]
[0,463,694,985,3274,3353]
[0,1341,3353]
[0,463,694,985,2046,3353]
[0,987,3173,3353]
[0,463,694,987,3173,3274,3353]
[0,939,3274,3353]
[0,463,694,987,3173,3353]
[0,463,694,987,1647,2657,3173,3353]
[0,463,694,987,3274,3353]
[0,987,1647,2657,3353]
[0,463,694,987,1647,2657,3353]
[0,463,987,1647,2657,3353]
[0,987,3274,3353]
[0,463,1415,3353]
[0,463,987,3173,3353]
[0,463,987,3274,3353]
[0,2056,3353]
[0,463,694,987,1647,3173,3274,3353]
[0,463,694,985,2046,3173,3274,3353]
[0,463,985,1415,3353]
[0,1415,3353]
[0,463,694,987,1647,3353]
[0,463,987,1415,3274,3353]
[0,463,985,2046,3353]
[0,463,694,987,1647,2516,2657,3173,3353]
[0,987,1647,3353]
[0,985,3173,3353]
[0,1341,3173,3353]
[0,463,985,3353]
[0,463,987,1647,3353]
[0,985,2046,3353]
[0,463,985,3274,3353]
[0,985,3274,3353]
[0,463,985,3173,3353]
[0,463,694,987,1647,2516,2657,3173,3274,3353]
[0,1415,3274,3353]
[0,939,3353]
[0,463,3274,3353]
[0,2056,3274,3353]
[0,987,2657,3353]
[0,463,987,3353]
[0,3274,3353]
[0,463,694,985,2046,3173,3353]
[0,2046,3353]
[0,463,694,987,1647,3274,3353]
[0,985,3353]
[0,463,694,985,3173,3274,3353]
