[0,640,1758,2554]
[0,92,475,683,1496,1688,2255,2554]
[0,92,460,683,868,1069,1496,1688,2255,2554]
[0,460,683,1688,2255,2554]
[0,522,2554]
[0,475,1688,2554]
[0,460,683,2255,2554]
[0,1069,1688,2554]
[0,460,683,1069,1688,2255,2554]
[0,683,1688,2255,2554]
[0,92,460,683,868,1496,1688,2255,2554]
[0,475,683,1688,2255,2554]
[0,1688,2554]
[0,1688,2255,2554]
[0,460,2554]
[0,1688,2257,2554]
[0,475,2554]
[0,460,1069,1688,2554]
[0,522,2257,2554]
[0,460,683,1496,1688,2255,2554]
[0,92,460,683,1496,1688,2255,2554]
[0,460,683,868,1496,1688,2255,2554]
[0,460,1688,2554]
[0,1069,1688,2255,2554]
[0,488,1069,2257,2554]
[0,1758,2554]
[0,488,1069,1688,2257,2554]
[0,1069,2554]
[0,488,2554]
[0,475,1688,2255,2554]
[0,475,683,1496,1688,2255,2554]
[0,460,1069,2554]
[0,475,2255,2554]
[0,460,683,868,1688,2255,2554]
[0,488,1069,2554]
[0,1069,1688,2257,2554]
[0,460,1069,2255,2554]
[0,683,1688,2554]
[0,1496,1688,2255,2554]
[0,460,2255,2554]
[0,460,1688,2255,2554]
[0,2255,2554]
[0,460,683,1069,1496,1688,2255,2554]
[0,1496,1688,2257,2554]
[0,488,2257,2554]
[0,575,1069,2554]
[0,2257,2554]
[0,460,683,868,1069,1496,1688,2255,2554]
[0,460,1069,1688,2255,2554]
[0,575,1069,1688,2257,2554]
[0,460,683,868,2255,2554]
[0,488,1069,1688,2554]
[0,475,683,2255,2554]
[0,683,2554]
[0,575,1069,1688,2554]
