[0,153,224,322,679,1651]
[0,153,224,679,919,1286,1651]
[0,153,224,1286,1456,1651]
[0,322,1651]
[0,153,224,322,679,1194,1455,1517,1651]
[0,153,224,1194,1651]
[0,153,322,679,1286,1456,1651]
[0,1455,1651]
[0,153,224,322,679,919,1286,1456,1651]
[0,153,224,679,1194,1651]
[0,198,679,1651]
[0,198,1651]
[0,224,1286,1651]
[0,153,224,679,1286,1456,1651]
[0,153,224,322,679,1194,1651]
[0,153,322,679,1194,1651]
[0,153,224,322,679,1455,1517,1651]
[0,153,322,679,1651]
[0,224,679,1286,1651]
[0,153,224,679,1455,1517,1651]
[0,153,224,679,919,1286,1456,1651]
[0,198,1286,1651]
[0,153,224,1455,1651]
[0,679,1286,1651]
[0,322,679,919,1286,1456,1651]
[0,153,224,679,1455,1651]
[0,224,1455,1651]
[0,153,322,679,919,1194,1517,1651]
[0,224,679,919,1194,1651]
[0,153,679,1286,1455,1651]
[0,153,224,322,679,919,1194,1517,1651]
[0,153,322,679,919,1194,1286,1456,1651]
[0,224,679,919,1286,1651]
[0,198,679,919,1286,1651]
[0,322,679,1194,1651]
[0,679,919,1194,1651]
[0,919,1194,1651]
[0,153,224,679,1651]
[0,679,919,1286,1651]
[0,224,679,1286,1456,1651]
[0,322,679,1651]
[0,198,679,919,1286,1456,1651]
[0,322,679,1286,1651]
[0,1286,1651]
[0,322,679,919,1286,1651]
[0,198,679,1286,1651]
[0,224,679,1194,1651]
[0,224,1194,1651]
[0,322,679,1455,1651]
[0,679,1194,1651]
[0,153,224,679,1286,1651]
[0,198,679,1455,1651]
[0,322,679,1286,1456,1651]
[0,153,224,322,679,919,1194,1651]
[0,153,224,1286,1651]
[0,153,224,322,679,919,1194,1455,1517,1651]
[0,224,1651]
[0,224,679,1455,1651]
[0,679,1455,1651]
[0,224,679,919,1286,1456,1651]
[0,153,224,1651]
[0,679,1286,1455,1651]
[0,198,1286,1456,1651]
[0,153,224,322,679,919,1194,1286,1456,1651]
[0,153,322,679,1455,1651]
[0,153,224,322,679,1455,1651]
[0,153,224,322,679,1286,1456,1651]
[0,679,1651]
[0,224,1286,1456,1651]
[0,153,224,322,679,1194,1517,1651]
[0,153,322,679,919,1194,1651]
[0,198,679,1286,1456,1651]
[0,153,322,679,1194,1517,1651]
[0,153,224,679,919,1194,1651]
[0,1194,1651]
[0,153,224,1455,1517,1651]
[0,153,322,679,919,1286,1456,1651]
[0,322,679,919,1194,1651]
[0,224,679,1651]
