[0,310,622,1204,2680,2835,3353]
[0,50,310,491,1204,2835,3353]
[0,310,491,1204,2835,3353]
[0,310,547,1204,2741,3353]
[0,1204,2835,3353]
[0,50,310,622,1204,2680,2835,3353]
[0,491,1204,2139,2835,3353]
[0,491,1204,3353]
[0,491,3353]
[0,547,1204,2741,3353]
[0,622,1204,3353]
[0,310,547,1204,2835,3353]
[0,50,310,491,1204,2139,2835,3353]
[0,1204,2139,3353]
[0,1204,3353]
[0,491,1204,2741,3353]
[0,310,491,1204,2139,2835,3353]
[0,310,1204,2680,3353]
[0,1204,2680,3353]
[0,491,2680,3353]
[0,310,622,1204,2835,3353]
[0,50,310,547,1204,2680,2835,3353]
[0,310,491,622,1204,2680,2835,3353]
[0,50,310,547,1204,2741,3353]
[0,1204,2139,2835,3353]
[0,310,491,1204,2680,2835,3353]
[0,310,491,1204,3353]
[0,2680,3353]
[0,547,1204,3353]
[0,50,310,547,1204,3353]
[0,50,310,491,1204,2680,2835,3353]
[0,547,1204,2835,3353]
[0,310,547,1204,3353]
[0,310,1204,2139,2835,3353]
[0,310,547,1204,2680,2835,3353]
[0,491,1204,2835,3353]
[0,50,310,491,622,1204,2680,2835,3353]
[0,622,1204,2835,3353]
[0,1204,2741,3353]
[0,310,491,1204,2741,3353]
[0,310,622,1204,3353]
