[0,1243,3306,4285]
[0,1339,2250,3306,3850,4285]
[0,1011,1339,2250,3306,3850,4285]
[0,1339,3306,4285]
[0,1011,2169,3349,4285]
[0,1011,2411,3306,4285]
[0,296,1339,2250,3306,4285]
[0,1011,2411,3352,4285]
[0,1011,2250,3306,3850,4285]
[0,296,1011,1339,2250,3306,4285]
[0,1011,2250,3306,4285]
[0,1243,4285]
[0,1011,2169,4285]
[0,1011,2411,4285]
[0,1647,3306,4285]
[0,1339,2250,3306,3850,4085,4285]
[0,1011,2250,3306,4085,4285]
[0,296,1011,1339,2250,3306,3850,4285]
[0,1011,2250,4285]
[0,1339,2250,3306,4085,4285]
[0,597,1339,2250,3306,3850,4285]
[0,597,1339,2250,3306,3850,4085,4285]
[0,1601,3347,4285]
[0,2169,4285]
[0,1339,4285]
[0,597,1243,2250,3306,4285]
[0,1339,2250,3306,4285]
[0,296,1011,1339,2250,3306,3850,4214,4285]
[0,1011,1339,2250,3306,4285]
[0,1011,3306,4285]
[0,1647,4285]
[0,1011,1647,3306,4285]
[0,1011,3352,4285]
[0,1601,4285]
[0,597,1339,2250,3306,4285]
[0,2411,4285]
[0,1011,2250,3306,3850,4085,4285]
[0,2169,3349,4285]
[0,2250,4285]
[0,1011,4285]
[0,1243,2250,4285]
[0,1243,2250,3306,4285]
[0,296,1011,1647,2411,3306,4285]
[0,1011,1647,2411,3306,4285]
[0,296,1011,1339,2250,3306,4214,4285]
[0,1011,1647,2411,3352,4285]
