[0,303,997]
[0,302,890,997]
[0,302,839,890,997]
[0,77,332,997]
[0,302,414,997]
[0,302,909,997]
[0,302,416,636,839,997]
[0,332,914,997]
[0,302,636,997]
[0,302,387,636,839,997]
[0,77,302,416,636,839,997]
[0,302,955,997]
[0,77,303,510,955,997]
[0,302,387,997]
[0,302,416,839,890,997]
[0,302,387,890,997]
[0,370,997]
[0,302,414,636,997]
[0,77,302,414,636,955,997]
[0,77,302,414,955,997]
[0,302,387,839,890,997]
[0,302,414,636,839,997]
[0,77,914,997]
[0,77,302,997]
[0,77,302,387,636,839,890,997]
[0,839,890,997]
[0,302,470,997]
[0,332,997]
[0,332,763,914,997]
[0,302,416,636,839,890,997]
[0,302,416,839,890,955,997]
[0,77,332,914,997]
[0,77,332,763,914,997]
[0,302,414,839,890,955,997]
[0,77,302,414,997]
[0,77,302,955,997]
[0,302,387,636,997]
[0,302,414,636,839,890,997]
[0,370,914,997]
[0,77,302,387,997]
[0,77,302,414,636,839,955,997]
[0,77,302,387,636,839,890,955,997]
[0,303,510,997]
[0,77,302,470,955,997]
[0,77,302,387,636,839,955,997]
[0,302,839,997]
[0,302,414,890,997]
[0,302,387,636,839,890,955,997]
[0,302,416,997]
[0,302,414,839,997]
[0,77,302,470,997]
[0,77,302,414,636,839,997]
[0,77,302,387,636,839,997]
[0,302,416,890,997]
[0,302,470,955,997]
[0,914,997]
[0,890,997]
[0,302,416,839,997]
[0,302,997]
[0,302,414,636,839,890,955,997]
[0,77,302,414,636,997]
[0,302,414,839,890,997]
[0,77,997]
[0,302,387,636,839,890,997]
[0,302,387,839,890,955,997]
[0,77,302,416,636,839,890,955,997]
[0,302,839,890,955,997]
[0,77,302,387,636,997]
[0,77,302,416,636,839,890,997]
[0,839,890,955,997]
[0,636,997]
[0,77,302,387,636,955,997]
[0,302,636,839,997]
[0,332,763,997]
[0,77,302,387,955,997]
[0,77,370,914,997]
[0,302,416,636,839,890,955,997]
[0,77,303,510,997]
