[0,1055,1643,2346,2829,4285]
[0,725,1412,2829,4285]
[0,635,1643,2346,2829,4090,4285]
[0,725,1412,2829,4031,4285]
[0,635,1643,2829,4285]
[0,313,635,955,1643,2346,2829,4090,4285]
[0,955,1643,2829,4090,4285]
[0,313,635,955,1643,2346,2829,4285]
[0,840,1643,2829,4285]
[0,955,1643,2829,3751,4285]
[0,313,635,955,1643,2346,2829,3751,4285]
[0,1643,2829,4285]
[0,725,1643,2181,2829,4031,4285]
[0,313,955,1643,2829,3751,4285]
[0,949,1556,2829,4031,4285]
[0,313,1055,1643,2346,2829,4285]
[0,313,1643,2829,3751,4090,4285]
[0,955,1643,2829,3778,4090,4285]
[0,725,1643,2829,4031,4285]
[0,1643,4285]
[0,1005,4285]
[0,313,1643,2829,3751,4285]
[0,313,1643,2829,4090,4285]
[0,635,1643,2829,4090,4285]
[0,840,1643,2829,4031,4285]
[0,955,1643,2181,2829,3778,4090,4285]
[0,955,1643,2147,2829,3778,4090,4285]
[0,313,635,955,1643,2346,2829,3751,4090,4285]
[0,955,1643,2147,2829,4285]
[0,313,635,1055,1643,2346,2829,4285]
[0,1412,4285]
[0,955,1643,2181,2829,3778,4285]
[0,313,1055,1643,2829,4285]
[0,1643,2829,4031,4285]
[0,635,1055,1643,2346,2829,4285]
[0,725,1643,2829,4285]
[0,313,635,1055,1643,2346,2829,4090,4285]
[0,2829,4285]
[0,1055,4285]
[0,313,955,1643,2346,2829,4090,4285]
[0,1643,2829,3751,4285]
[0,313,955,1643,2346,2829,4285]
[0,635,1643,2346,2829,4285]
[0,313,955,1643,2346,2829,3751,4285]
[0,955,1643,2147,2829,3778,4285]
[0,725,1643,2181,2829,4285]
[0,313,955,1643,2829,4285]
[0,313,1643,2829,4285]
[0,955,1643,2346,2829,3751,4285]
[0,955,1643,2181,2829,4031,4285]
[0,313,1055,1643,2346,2829,4090,4285]
[0,1055,2829,4285]
[0,635,955,1643,2346,2829,4285]
[0,955,1643,2181,2829,4285]
[0,635,955,1643,2346,2829,3751,4285]
[0,955,1643,2346,2829,4090,4285]
[0,1005,2829,4285]
[0,1412,2829,4285]
[0,949,4285]
[0,313,955,1643,2829,3751,4090,4285]
[0,1055,1643,2829,4285]
[0,313,955,1643,2346,2829,3751,4090,4285]
[0,949,2829,4285]
[0,955,1643,2829,4285]
[0,955,1643,2829,3778,4285]
[0,955,1643,2829,4031,4285]
[0,949,1556,2829,4285]
[0,955,1643,2346,2829,4285]
