[0,48,122,194,1147,1465]
[0,48,187,1465]
[0,48,187,903,1465]
[0,194,903,1465]
[0,48,194,389,903,1465]
[0,194,389,1251,1465]
[0,122,194,389,903,1465]
[0,122,194,450,684,1147,1465]
[0,194,1465]
[0,48,122,194,450,1147,1465]
[0,48,122,187,450,684,1147,1465]
[0,48,187,389,903,1465]
[0,63,194,389,903,1465]
[0,48,122,194,389,684,1147,1465]
[0,63,194,1465]
[0,63,194,389,1465]
[0,48,194,389,1465]
[0,122,389,684,903,1251,1465]
[0,122,450,684,903,1147,1465]
[0,122,187,389,684,903,1465]
[0,122,194,1465]
[0,122,389,684,903,1465]
[0,122,389,684,1147,1465]
[0,48,122,194,389,684,903,1251,1465]
[0,122,187,450,1147,1465]
[0,187,1147,1465]
[0,450,684,903,1147,1465]
[0,122,389,684,903,1147,1465]
[0,122,194,389,684,903,1251,1465]
[0,48,122,187,450,684,903,1147,1465]
[0,122,194,450,684,903,1147,1465]
[0,122,194,1147,1465]
[0,389,1465]
[0,389,684,903,1465]
[0,48,122,194,450,684,1147,1465]
[0,48,122,187,389,684,1147,1465]
[0,389,684,1147,1465]
[0,122,389,903,1465]
[0,63,194,903,1465]
[0,48,122,194,389,684,903,1147,1465]
[0,450,684,1147,1465]
[0,389,1251,1465]
[0,122,194,389,684,1147,1465]
[0,48,194,903,1465]
[0,48,194,450,1147,1465]
[0,122,187,389,684,903,1147,1465]
[0,48,194,1465]
[0,194,450,1147,1465]
[0,48,122,187,389,684,903,1251,1465]
[0,389,1147,1465]
[0,389,684,903,1147,1465]
[0,48,122,194,389,684,903,1465]
[0,122,187,1147,1465]
[0,48,122,187,450,1147,1465]
[0,903,1465]
[0,48,122,194,389,903,1465]
[0,48,389,1465]
[0,1147,1465]
[0,48,122,194,389,1147,1465]
[0,122,194,450,1147,1465]
[0,48,122,187,389,684,903,1147,1465]
[0,122,450,1465]
[0,48,187,450,1147,1465]
[0,48,187,1147,1465]
[0,194,1147,1465]
[0,450,1147,1465]
[0,122,194,389,1147,1465]
[0,194,389,903,1465]
[0,48,122,187,389,903,1465]
[0,187,450,1147,1465]
[0,187,1465]
[0,187,903,1465]
[0,48,187,389,1147,1465]
[0,122,194,903,1465]
[0,187,389,903,1465]
[0,187,389,1147,1465]
[0,48,122,187,389,684,903,1465]
[0,122,187,389,684,903,1251,1465]
[0,122,187,450,684,903,1147,1465]
[0,122,194,389,684,903,1465]
[0,48,122,187,389,1147,1465]
[0,122,187,389,684,1147,1465]
[0,194,389,1465]
[0,122,187,1465]
[0,122,187,389,903,1465]
[0,122,187,389,1147,1465]
[0,389,903,1465]
[0,122,450,1147,1465]
[0,122,389,1465]
[0,48,122,194,903,1465]
[0,48,122,194,450,684,903,1147,1465]
[0,122,187,903,1465]
[0,450,1465]
[0,122,194,389,684,903,1147,1465]
[0,122,1465]
[0,177,1465]
[0,389,684,903,1251,1465]
[0,122,389,1147,1465]
[0,122,187,450,684,1147,1465]
[0,122,450,684,1147,1465]
[0,48,194,1147,1465]
[0,48,194,389,1251,1465]
[0,63,194,389,1251,1465]
