[0,384,776,2020,2120]
[0,384,776,1280,1432,1763,1992,2120]
[0,384,776,1124,2120]
[0,384,776,1280,2120]
[0,384,776,1124,1763,2120]
[0,1124,1432,2120]
[0,384,776,1124,1432,1763,2120]
[0,384,776,991,1124,2120]
[0,384,1124,2120]
[0,384,776,1432,2120]
[0,384,776,1124,1280,1432,2120]
[0,384,776,991,1124,1280,1432,2120]
[0,554,1468,2120]
[0,384,554,991,1111,1468,2020,2120]
[0,384,554,2120]
[0,991,1124,1432,1992,2120]
[0,384,776,2120]
[0,384,776,991,1124,1280,1432,1763,2120]
[0,1280,1992,2120]
[0,384,776,991,1280,2120]
[0,776,1124,1432,2120]
[0,384,772,1065,1330,2120]
[0,991,1124,1432,2120]
[0,776,1124,2120]
[0,1124,1432,1992,2120]
[0,384,554,991,1111,2120]
[0,776,991,1124,1432,2120]
[0,776,1280,1432,1992,2120]
[0,384,772,1330,1992,2120]
[0,554,1307,2120]
[0,384,776,1124,1432,2120]
[0,772,1992,2120]
[0,548,2120]
[0,776,1280,2120]
[0,384,776,991,1124,1280,1432,1763,1992,2120]
[0,384,772,1065,1330,1992,2120]
[0,384,776,991,1124,1432,1992,2120]
[0,384,772,1330,2120]
[0,548,1124,2120]
[0,1124,1992,2120]
[0,384,554,1307,1468,2020,2120]
[0,384,776,1763,2020,2120]
[0,384,776,1280,1763,2120]
[0,384,499,776,1124,1280,1432,1763,1992,2120]
[0,991,1124,2120]
[0,554,2120]
[0,384,554,1111,1468,2120]
[0,384,554,1307,1468,2120]
[0,776,1992,2120]
[0,1280,2120]
[0,384,776,1280,1432,1992,2120]
[0,384,776,1280,1432,1763,2120]
[0,384,554,1468,2020,2120]
[0,1280,1432,2120]
[0,384,776,991,1280,1432,2120]
[0,384,776,991,1124,1432,1763,1992,2120]
[0,384,776,1124,1280,1432,1763,2120]
[0,384,1124,1992,2120]
[0,776,991,1124,2120]
[0,384,772,2120]
[0,593,2120]
[0,384,772,1065,2120]
[0,593,1855,2120]
[0,554,1111,1468,2120]
[0,548,1124,1992,2120]
[0,548,1992,2120]
[0,384,776,1280,1432,2120]
[0,384,554,1468,2120]
[0,384,554,1307,2120]
[0,384,776,1124,1280,1432,1763,1992,2120]
[0,384,554,1111,2120]
[0,384,776,1763,1992,2120]
[0,772,1330,2120]
[0,384,776,991,1280,1432,1763,2120]
[0,776,1432,2120]
[0,384,554,2020,2120]
[0,1992,2120]
[0,384,776,991,1124,1432,1763,2120]
[0,1468,2120]
[0,384,1124,1432,2120]
[0,1280,1432,1992,2120]
[0,554,1111,2120]
[0,776,1280,1432,2120]
[0,776,991,1124,1432,1992,2120]
[0,384,554,1111,1468,2020,2120]
[0,384,776,1992,2120]
[0,384,776,991,1280,1763,2120]
[0,384,776,1763,2120]
[0,1307,2120]
[0,1124,2120]
[0,384,554,991,1111,1468,2120]
[0,1111,2120]
[0,384,772,1992,2120]
[0,772,2120]
[0,384,776,991,1124,1432,2120]
[0,384,776,1124,1763,1992,2120]
[0,776,2120]
