[0,149,202,334,514,626,969]
[0,202,334,771,969]
[0,202,348,969]
[0,494,626,909,969]
[0,348,539,969]
[0,202,334,401,514,626,771,969]
[0,626,771,969]
[0,151,202,407,494,626,969]
[0,407,626,969]
[0,149,202,334,401,514,626,771,909,969]
[0,149,202,334,969]
[0,202,407,626,969]
[0,626,771,909,969]
[0,202,348,626,771,969]
[0,202,334,626,771,969]
[0,202,348,494,626,771,969]
[0,202,407,541,626,771,969]
[0,149,202,334,541,626,909,969]
[0,494,969]
[0,151,202,407,541,969]
[0,202,407,494,626,771,969]
[0,202,334,541,626,771,969]
[0,202,626,771,969]
[0,151,202,407,541,626,909,969]
[0,903,969]
[0,202,334,514,626,771,969]
[0,202,334,626,771,909,969]
[0,151,202,407,969]
[0,202,407,541,626,969]
[0,202,348,626,771,909,969]
[0,149,202,334,541,626,771,909,969]
[0,202,334,494,626,771,969]
[0,202,334,494,626,771,909,969]
[0,176,348,969]
[0,202,334,514,626,771,909,969]
[0,202,334,541,626,969]
[0,202,407,626,771,969]
[0,348,969]
[0,202,407,541,626,771,909,969]
[0,771,909,969]
[0,909,969]
[0,149,202,334,514,626,909,969]
[0,348,494,626,909,969]
[0,348,539,903,969]
[0,202,334,494,969]
[0,149,202,334,541,626,969]
[0,202,407,494,626,771,909,969]
[0,202,334,494,909,969]
[0,407,969]
[0,151,202,407,494,969]
[0,202,334,514,626,969]
[0,202,334,401,514,626,771,909,969]
[0,202,969]
[0,202,903,969]
[0,202,909,969]
[0,176,348,539,903,969]
[0,202,334,494,626,909,969]
[0,202,407,969]
[0,202,626,771,909,969]
[0,202,407,494,969]
[0,151,202,407,541,626,771,909,969]
[0,202,494,626,771,969]
[0,539,903,969]
[0,202,334,909,969]
[0,151,202,969]
[0,176,348,539,969]
[0,202,334,969]
[0,348,494,626,969]
[0,626,969]
[0,771,969]
[0,151,202,407,494,626,771,909,969]
[0,202,334,771,909,969]
[0,202,407,494,626,969]
[0,202,348,494,626,771,909,969]
[0,348,626,969]
[0,202,348,494,626,909,969]
[0,202,407,541,626,909,969]
[0,149,202,969]
[0,202,348,626,969]
[0,149,202,334,514,626,771,909,969]
[0,202,334,494,626,969]
[0,151,202,407,541,626,969]
[0,494,626,969]
[0,202,494,969]
[0,149,202,334,626,969]
[0,202,626,969]
[0,202,771,969]
[0,202,334,626,969]
[0,151,202,407,494,626,909,969]
[0,202,407,541,969]
[0,202,348,494,626,969]
[0,202,334,541,626,771,909,969]
[0,202,334,541,626,909,969]
[0,202,334,514,626,909,969]
[0,539,969]
[0,202,407,494,626,909,969]
[0,202,494,626,969]
