[0,580,1352,2211]
[0,1352,2211]
[0,580,1332,1771,2211]
[0,327,580,816,1332,2211]
[0,1342,2211]
[0,327,580,816,1040,1332,1911,2211]
[0,327,580,816,1332,1771,2115,2211]
[0,1332,2211]
[0,327,580,816,1040,1332,1771,2211]
[0,327,580,1332,1771,2211]
[0,327,580,816,1332,1911,2211]
[0,580,1342,2211]
[0,327,580,816,1332,1771,2211]
[0,580,1332,2211]
[0,327,580,816,1040,1332,1771,2115,2211]
[0,327,580,1342,2211]
[0,327,580,816,1040,1332,2211]
[0,580,2211]
[0,580,1332,1911,2211]
[0,327,580,1332,1911,2211]
[0,327,580,816,1332,2115,2211]
[0,327,580,1332,2211]
[0,327,580,816,1040,1332,1911,2115,2211]
[0,327,580,816,1040,1332,2115,2211]
