[0,748,2211]
[0,748,1294,1574,2211]
[0,129,544,748,1193,1294,1572,2211]
[0,129,748,1294,1574,2211]
[0,129,748,1294,1572,2211]
[0,129,2211]
[0,748,1311,2211]
[0,129,748,1311,2211]
[0,572,748,1294,1659,2211]
[0,129,572,748,1193,1294,1659,2211]
[0,544,748,1294,1572,2211]
[0,129,544,748,1193,1294,1659,2211]
[0,129,544,748,1294,1659,2211]
[0,748,1294,1659,2211]
[0,129,748,1294,1659,2211]
[0,544,748,1294,1572,1786,2211]
[0,129,544,748,1193,1294,1572,1786,2211]
[0,544,748,1294,1659,2211]
[0,129,572,748,1294,1659,2211]
[0,748,1294,2211]
[0,572,1294,1659,2211]
[0,572,1294,2211]
[0,1294,2211]
[0,129,748,1294,2211]
[0,129,748,2211]
[0,572,2211]
[0,748,1294,1572,1786,2211]
[0,129,544,748,1294,1572,1786,2211]
[0,748,1294,1572,2211]
[0,129,544,748,1294,1572,2211]
