[0,45,410,987,1274,1477,1926,2053]
[0,1477,1962,2053]
[0,361,1274,1440,1640,1736,1962,2053]
[0,361,783,1440,1640,2053]
[0,361,1440,1640,2053]
[0,361,987,1274,1440,1640,1736,1962,2053]
[0,410,987,1274,1477,1926,2053]
[0,361,987,1274,1440,1640,1736,2053]
[0,361,987,1274,1440,1736,2053]
[0,361,1274,1923,2053]
[0,361,783,1274,1440,2053]
[0,361,1640,1923,2053]
[0,361,783,1440,1640,1736,1923,2053]
[0,361,783,1440,2053]
[0,410,1440,2053]
[0,361,783,1274,1440,1640,1923,2053]
[0,361,987,1440,1640,2053]
[0,361,1440,1736,2053]
[0,1477,2053]
[0,783,1440,2053]
[0,410,1477,1962,2053]
[0,361,1274,1440,1923,2053]
[0,45,397,987,1274,1477,1962,2053]
[0,410,987,1477,1926,2053]
[0,45,361,783,1274,1440,1640,1923,2053]
[0,397,987,1477,2053]
[0,361,783,1440,1923,2053]
[0,45,361,987,1274,1440,1640,1736,1962,2053]
[0,45,410,1440,1926,2053]
[0,45,410,987,1274,1477,1962,2053]
[0,397,987,1274,1477,1962,2053]
[0,361,1274,1440,2053]
[0,1274,2053]
[0,361,783,1274,1440,1640,2053]
[0,397,987,1274,1477,2053]
[0,987,1440,2053]
[0,361,987,1440,1736,2053]
[0,361,1440,1640,1923,2053]
[0,361,987,1274,1440,1640,2053]
[0,361,987,1440,2053]
[0,361,1477,2053]
[0,361,1274,1440,1640,1736,2053]
[0,45,361,783,1274,1440,1640,1736,1923,2053]
[0,397,1477,1962,2053]
[0,361,1440,1640,1736,2053]
[0,45,361,1440,1923,2053]
[0,410,1440,1926,2053]
[0,361,1640,1736,2053]
[0,361,783,1440,1640,1923,2053]
[0,410,987,1477,1962,2053]
[0,410,987,1274,1477,2053]
[0,361,783,1274,1440,1923,2053]
[0,361,987,1274,1440,1640,1923,2053]
[0,361,987,1274,1440,1923,2053]
[0,361,783,1274,1440,1640,1736,1923,2053]
[0,361,1440,1640,1736,1962,2053]
[0,1477,1926,2053]
[0,1440,2053]
[0,361,1440,1923,2053]
[0,1640,2053]
[0,397,987,1477,1962,2053]
[0,1640,1736,2053]
[0,361,1274,1440,1736,2053]
[0,397,1477,2053]
[0,410,987,1477,2053]
[0,361,987,1274,1440,2053]
[0,1440,1926,2053]
[0,1640,1923,2053]
[0,361,1440,2053]
[0,361,1640,1736,1923,2053]
[0,410,987,1274,1477,1962,2053]
[0,783,2053]
[0,361,1640,2053]
[0,410,1477,1926,2053]
[0,410,1477,2053]
[0,1440,1923,2053]
[0,361,1440,1640,1736,1923,2053]
[0,987,1477,2053]
[0,45,361,987,1274,1440,1923,2053]
[0,45,361,987,1274,1440,1640,1923,2053]
[0,361,1274,2053]
