[0,1280,1787,2824]
[0,1280,1853,2824]
[0,1095,1319,1853,2089,2497,2634,2824]
[0,1319,2089,2652,2824]
[0,1095,1319,2089,2497,2652,2824]
[0,1319,1837,2089,2824]
[0,1095,1280,1503,1741,2089,2519,2659,2768,2824]
[0,1319,2089,2634,2824]
[0,1095,1319,1853,2089,2824]
[0,1280,2824]
[0,1319,1837,2089,2592,2824]
[0,1095,1319,1837,2592,2824]
[0,1095,1319,1853,2652,2824]
[0,1095,1280,1503,1741,2089,2659,2824]
[0,1095,1319,1853,2089,2652,2824]
[0,1280,1741,2089,2592,2824]
[0,1095,1280,1503,1741,2089,2519,2659,2824]
[0,1297,2824]
[0,1095,1319,1853,2634,2824]
[0,1095,1319,1741,2089,2652,2824]
[0,1319,1582,2089,2824]
[0,1319,2089,2824]
[0,1280,1741,2089,2824]
[0,1319,1853,2089,2592,2824]
[0,1319,1853,2089,2824]
[0,1280,1787,2592,2824]
[0,1095,1319,1853,2592,2824]
[0,1343,2824]
[0,1319,2824]
[0,1297,2033,2824]
[0,1095,1319,1853,2089,2592,2824]
[0,1095,1319,1582,1853,2089,2592,2824]
[0,1319,1741,2089,2824]
[0,1319,1741,2824]
[0,1095,1280,1741,2089,2659,2824]
[0,1319,1853,2824]
[0,1319,1582,1853,2089,2592,2824]
[0,1319,1853,2652,2824]
[0,1095,1280,1503,1741,2089,2824]
[0,1095,1319,1853,2089,2497,2652,2824]
[0,1095,1280,1853,2089,2824]
[0,1319,1853,2634,2824]
[0,1319,1741,2089,2652,2824]
[0,1280,2089,2659,2824]
[0,1280,1853,2659,2824]
[0,1280,1741,2089,2659,2824]
[0,1280,1853,2089,2824]
[0,1319,1853,2592,2824]
[0,1280,1651,2089,2824]
[0,1319,1837,2824]
[0,1280,1741,2592,2824]
[0,1095,1319,2089,2652,2824]
[0,1095,1319,2089,2497,2634,2824]
[0,1095,1319,1741,2089,2824]
[0,1280,1651,2659,2824]
[0,1095,1319,1837,2089,2592,2824]
[0,1095,1280,1651,2089,2659,2824]
[0,1095,1319,1741,2089,2497,2652,2824]
[0,1319,1837,2592,2824]
[0,1095,1280,1651,2089,2824]
[0,1319,1741,2089,2497,2652,2824]
[0,1280,1651,2089,2659,2824]
[0,1319,1582,1853,2089,2824]
[0,1095,1280,1651,2089,2519,2659,2824]
[0,1280,1853,2089,2659,2824]
[0,1095,1319,2089,2824]
[0,1095,1319,2089,2634,2824]
[0,1095,1280,1853,2089,2659,2824]
[0,1319,2089,2497,2652,2824]
[0,1095,1319,1853,2089,2634,2824]
[0,1280,2089,2824]
[0,1280,1651,2824]
[0,1319,2089,2497,2634,2824]
[0,1280,1503,1741,2089,2824]
[0,1280,1741,2659,2824]
[0,1319,1741,2652,2824]
[0,1280,1651,2089,2519,2659,2824]
[0,1280,1741,2089,2519,2659,2824]
[0,1095,1280,1741,2089,2824]
[0,1280,1741,2824]
[0,1095,1319,1853,2824]
[0,1095,1280,1741,2089,2519,2659,2824]
[0,1280,2089,2519,2659,2824]
