[0,118,297,2406,2812]
[0,708,2812]
[0,118,321,2426,2812]
[0,321,2250,2426,2630,2812]
[0,297,2250,2630,2812]
[0,708,2043,2426,2812]
[0,708,2630,2812]
[0,118,321,614,1384,2250,2426,2630,2812]
[0,2043,2545,2812]
[0,2545,2812]
[0,297,563,865,2250,2630,2812]
[0,708,2426,2630,2812]
[0,321,614,1384,1565,2426,2630,2812]
[0,251,2406,2630,2812]
[0,321,1384,2426,2812]
[0,708,1565,2630,2812]
[0,118,708,2043,2426,2630,2812]
[0,321,2426,2812]
[0,118,321,614,2426,2812]
[0,708,2426,2812]
[0,2630,2812]
[0,118,297,2250,2630,2812]
[0,297,2250,2812]
[0,321,2426,2630,2812]
[0,1384,2812]
[0,118,297,2250,2812]
[0,297,865,2250,2812]
[0,118,297,614,865,2406,2812]
[0,118,297,865,2406,2812]
[0,708,2250,2812]
[0,297,2377,2812]
[0,321,614,2426,2812]
[0,309,2406,2812]
[0,118,321,614,708,2250,2426,2812]
[0,118,321,614,1384,2426,2630,2812]
[0,118,309,2406,2812]
[0,321,614,2426,2630,2812]
[0,321,614,1384,2426,2630,2812]
[0,297,865,2406,2812]
[0,118,321,614,708,2250,2426,2630,2812]
[0,118,321,2250,2426,2630,2812]
[0,118,321,614,708,1384,1565,2250,2426,2630,2812]
[0,1384,2426,2812]
[0,297,614,865,2406,2630,2812]
[0,321,614,2250,2426,2630,2812]
[0,321,614,2250,2426,2812]
[0,297,563,865,2250,2812]
[0,708,1565,2812]
[0,118,309,2406,2630,2812]
[0,321,614,1384,2426,2812]
[0,118,321,2250,2426,2812]
[0,708,2250,2630,2812]
[0,321,614,1384,1565,2250,2426,2630,2812]
[0,118,321,614,708,1384,2250,2426,2630,2812]
[0,297,563,2250,2630,2812]
[0,118,321,614,2250,2426,2630,2812]
[0,309,2406,2630,2812]
[0,118,321,614,708,2426,2812]
[0,118,321,614,2250,2426,2812]
[0,2250,2630,2812]
[0,321,614,1384,2250,2426,2630,2812]
[0,118,297,563,2250,2630,2812]
[0,2250,2812]
[0,118,321,1384,2426,2812]
[0,708,2043,2426,2630,2812]
[0,251,2043,2545,2812]
[0,251,2545,2812]
[0,2426,2812]
[0,2043,2812]
[0,321,2250,2426,2812]
[0,251,2406,2812]
[0,297,614,865,2406,2812]
[0,251,2426,2812]
[0,297,2406,2812]
[0,2406,2812]
[0,118,297,614,865,2406,2630,2812]
[0,1565,2812]
[0,2377,2812]
[0,865,2812]
[0,297,2426,2812]
[0,118,297,563,865,2250,2630,2812]
[0,865,2250,2812]
[0,865,2406,2812]
[0,118,321,614,1384,2426,2812]
[0,297,563,2250,2812]
[0,118,321,614,1384,1565,2250,2426,2630,2812]
