[0,50,137,200,473,681,828,1046]
[0,50,137,200,473,681,828,957,1046]
[0,137,200,473,681,853,957,1046]
[0,200,473,681,853,1046]
[0,853,1046]
[0,681,1046]
[0,51,473,685,1046]
[0,51,681,1046]
[0,200,473,681,1046]
[0,681,853,1046]
[0,200,473,681,828,957,1046]
[0,51,200,473,681,853,1046]
[0,137,473,681,853,957,1046]
[0,51,473,681,853,1046]
[0,51,200,473,681,828,957,1046]
[0,473,681,1046]
[0,200,473,681,828,1046]
[0,685,1046]
[0,137,473,681,828,1046]
[0,51,200,473,681,853,957,1046]
[0,828,1046]
[0,200,473,681,853,957,1046]
[0,51,473,681,1046]
[0,51,1046]
[0,473,685,1046]
[0,137,200,473,681,853,1046]
[0,473,681,853,1046]
[0,50,200,473,681,828,1046]
[0,137,473,681,828,957,1046]
[0,473,681,828,957,1046]
[0,473,681,853,957,1046]
[0,51,473,681,853,957,1046]
[0,681,828,1046]
[0,51,473,1046]
[0,137,200,473,681,828,1046]
[0,473,681,828,1046]
[0,473,1046]
[0,137,200,473,681,828,957,1046]
[0,51,473,681,828,1046]
[0,51,473,681,828,957,1046]
[0,51,137,200,473,681,853,957,1046]
[0,137,473,681,853,1046]
[0,50,473,681,828,1046]
