[0,552,1427]
[0,391,566,1030,1427]
[0,391,510,920,1077,1257,1427]
[0,1030,1257,1427]
[0,383,524,920,1077,1257,1427]
[0,510,1427]
[0,391,566,1030,1257,1427]
[0,391,920,1257,1427]
[0,552,1030,1257,1427]
[0,391,524,612,920,1257,1427]
[0,391,552,1257,1427]
[0,391,524,1257,1427]
[0,383,524,1257,1427]
[0,920,1257,1427]
[0,391,524,920,1077,1257,1427]
[0,552,1257,1427]
[0,383,920,1077,1257,1427]
[0,383,524,1427]
[0,331,552,1030,1427]
[0,391,510,1077,1427]
[0,391,920,1077,1257,1427]
[0,391,524,640,920,1077,1257,1427]
[0,391,552,920,1077,1257,1427]
[0,383,524,920,1257,1427]
[0,573,1077,1427]
[0,383,524,640,920,1257,1427]
[0,510,1077,1427]
[0,498,1077,1427]
[0,383,920,1427]
[0,391,524,640,920,1257,1427]
[0,552,1030,1427]
[0,1077,1427]
[0,391,510,920,1257,1427]
[0,573,1427]
[0,383,524,640,920,1077,1257,1427]
[0,498,1427]
[0,391,566,1427]
[0,391,524,920,1257,1427]
[0,391,510,1257,1427]
[0,391,524,1427]
[0,566,1030,1427]
[0,566,1427]
[0,331,552,1427]
[0,524,1427]
[0,391,920,1427]
[0,510,1257,1427]
[0,1257,1427]
[0,391,552,920,1257,1427]
[0,1030,1427]
[0,524,1257,1427]
[0,920,1427]
[0,391,510,612,920,1077,1257,1427]
[0,920,1077,1257,1427]
[0,391,552,1427]
[0,331,552,1030,1257,1427]
[0,391,510,1427]
[0,391,510,612,920,1257,1427]
[0,331,573,1077,1427]
[0,391,524,612,920,1077,1257,1427]
[0,391,566,1257,1427]
[0,383,920,1257,1427]
