[0,419,1285,2181,3060,3369,3766,3863,4285]
[0,2054,3060,4285]
[0,2180,3486,4285]
[0,1285,2171,4285]
[0,1285,2181,3003,3863,4285]
[0,1285,4285]
[0,2054,3863,4285]
[0,419,1285,2181,3003,4285]
[0,419,1285,2171,3003,4285]
[0,1038,2180,4285]
[0,419,1285,2181,3060,4285]
[0,419,1038,1285,2181,3003,3369,3846,4285]
[0,419,1038,1285,2181,3060,3369,3863,4285]
[0,2181,4285]
[0,1038,2171,4285]
[0,419,1285,2171,3003,3846,4285]
[0,419,1038,2054,3060,3863,4285]
[0,2171,3003,4285]
[0,419,1285,2181,3003,3369,3863,4285]
[0,1053,2171,3060,3810,4285]
[0,1038,4285]
[0,1285,2181,3003,4285]
[0,2171,3060,4285]
[0,1038,2054,4285]
[0,1285,2171,3003,4285]
[0,1038,3863,4285]
[0,419,1053,2171,3003,3846,4285]
[0,419,1285,2181,3060,3863,4285]
[0,1285,2181,3060,4285]
[0,419,1285,2181,3060,3766,3863,4285]
[0,1038,2054,3060,3863,4285]
[0,1053,2171,3003,3846,4285]
[0,1038,2171,3060,3810,4285]
[0,1285,2171,3003,3846,4285]
[0,419,1038,1285,2181,3003,3369,3863,4285]
[0,419,1038,1285,2054,2181,3003,3369,3766,3863,4285]
[0,2180,4285]
[0,1285,3486,4285]
[0,1285,2181,4285]
[0,2171,4285]
[0,1053,4285]
[0,1053,2171,4285]
[0,2181,3003,4285]
[0,419,1285,2181,3003,3846,4285]
[0,1038,2054,3060,4285]
[0,1038,2180,3486,4285]
[0,419,1038,1285,2054,2181,3060,3369,3863,4285]
[0,1285,2181,3060,3863,4285]
[0,2181,3060,4285]
[0,1038,2054,3863,4285]
[0,2054,4285]
[0,419,1285,2181,3060,3369,3863,4285]
[0,419,1285,2181,3003,3369,3846,4285]
[0,419,1038,1285,2054,2181,3003,3369,3846,4285]
[0,419,1038,1285,2054,2181,3060,3369,3766,3863,4285]
[0,1285,2181,3003,3846,4285]
[0,1053,2171,3003,4285]
[0,419,1053,2171,3060,3810,4285]
[0,1053,2171,3060,4285]
[0,419,1285,2181,3003,3369,3766,3863,4285]
[0,419,1285,2181,3003,3863,4285]
[0,419,1038,1285,2181,3003,3369,3766,3863,4285]
[0,419,1038,1285,2181,3060,3369,3766,3863,4285]
[0,1038,2171,3060,4285]
[0,419,1038,1285,2054,2181,3003,3369,3863,4285]
