[0,268,407,690,947,1237,1465]
[0,76,268,690,947,1100,1237,1353,1465]
[0,76,268,407,690,947,1100,1149,1237,1353,1465]
[0,76,268,407,690,926,1100,1149,1237,1353,1465]
[0,268,407,690,926,1237,1465]
[0,1167,1465]
[0,65,268,1237,1465]
[0,76,268,690,926,1100,1237,1465]
[0,1233,1465]
[0,268,690,926,1108,1237,1465]
[0,65,268,947,1237,1353,1465]
[0,947,1237,1465]
[0,407,926,1237,1465]
[0,268,407,690,926,1100,1237,1465]
[0,268,926,1465]
[0,268,690,926,1237,1465]
[0,926,1100,1149,1465]
[0,76,268,947,1237,1465]
[0,926,1100,1237,1465]
[0,926,1100,1149,1237,1465]
[0,407,690,947,1237,1353,1465]
[0,403,1233,1465]
[0,76,403,690,926,1237,1465]
[0,268,690,926,1237,1353,1465]
[0,268,690,926,1465]
[0,76,268,690,926,1237,1465]
[0,403,1237,1465]
[0,76,403,690,926,1108,1237,1353,1465]
[0,268,947,1237,1353,1465]
[0,407,1465]
[0,403,690,926,1465]
[0,947,1100,1149,1465]
[0,268,926,1237,1465]
[0,947,1100,1237,1465]
[0,403,690,926,1108,1237,1353,1465]
[0,403,926,1237,1465]
[0,268,690,926,1100,1237,1353,1465]
[0,65,268,947,1100,1237,1353,1465]
[0,407,690,947,1465]
[0,268,407,690,926,1108,1237,1465]
[0,407,690,926,1237,1465]
[0,76,268,947,1100,1237,1353,1465]
[0,76,268,407,690,926,1100,1237,1353,1465]
[0,76,268,1237,1353,1465]
[0,76,268,690,926,1237,1353,1465]
[0,403,926,1465]
[0,76,268,690,926,1100,1149,1237,1465]
[0,65,268,947,1100,1149,1237,1353,1465]
[0,407,690,926,1108,1237,1353,1465]
[0,268,1465]
[0,76,268,947,1237,1353,1465]
[0,268,690,947,1465]
[0,268,690,947,1100,1237,1465]
[0,268,1233,1465]
[0,268,947,1100,1149,1237,1465]
[0,268,947,1237,1465]
[0,76,268,1237,1465]
[0,268,690,926,1100,1237,1465]
[0,268,926,1100,1149,1237,1465]
[0,268,690,947,1100,1237,1353,1465]
[0,407,947,1465]
[0,407,690,947,1237,1465]
[0,407,690,947,1100,1237,1465]
[0,926,1149,1465]
[0,926,1237,1465]
[0,407,690,926,1465]
[0,76,268,690,926,1100,1237,1353,1465]
[0,76,268,407,690,947,1100,1237,1353,1465]
[0,407,1237,1465]
[0,947,1465]
[0,76,268,947,1100,1149,1237,1353,1465]
[0,76,268,947,1100,1237,1465]
[0,403,1465]
[0,268,947,1100,1149,1237,1353,1465]
[0,76,268,690,947,1237,1353,1465]
[0,268,407,690,926,1100,1237,1353,1465]
[0,407,690,926,1100,1237,1465]
[0,947,1149,1465]
[0,407,690,926,1100,1237,1353,1465]
[0,947,1100,1149,1237,1465]
[0,268,690,947,1237,1465]
[0,268,926,1100,1237,1465]
[0,403,690,926,1108,1237,1465]
[0,268,690,926,1108,1237,1353,1465]
[0,1149,1465]
[0,1237,1465]
[0,407,926,1465]
[0,407,947,1237,1465]
[0,268,407,690,947,1100,1237,1353,1465]
[0,268,407,690,947,1100,1237,1465]
[0,76,268,690,926,1100,1149,1237,1353,1465]
[0,76,268,690,947,1100,1149,1237,1353,1465]
[0,268,947,1100,1237,1465]
[0,76,268,947,1100,1149,1237,1465]
[0,76,268,690,926,1108,1237,1353,1465]
[0,268,690,947,1237,1353,1465]
[0,65,268,1237,1353,1465]
[0,926,1465]
[0,407,690,926,1237,1353,1465]
[0,65,268,1149,1237,1465]
[0,268,947,1465]
[0,76,403,690,926,1237,1353,1465]
[0,403,690,926,1237,1465]
[0,65,268,947,1237,1465]
[0,268,407,690,926,1108,1237,1353,1465]
[0,268,690,926,1100,1149,1237,1465]
[0,407,690,947,1100,1237,1353,1465]
[0,268,947,1100,1237,1353,1465]
[0,407,690,926,1108,1237,1465]
[0,1100,1149,1465]
[0,268,1237,1465]
[0,268,1237,1353,1465]
[0,268,1149,1237,1465]
[0,403,690,926,1237,1353,1465]
[0,76,268,407,690,926,1108,1237,1353,1465]
