[0,143,497,587,744,1531,1642]
[0,502,740,1188,1642]
[0,143,497,744,1389,1642]
[0,45,147,497,587,744,1188,1520,1642]
[0,147,497,744,1188,1642]
[0,497,587,744,1642]
[0,147,497,587,744,1188,1520,1642]
[0,143,497,587,744,1188,1520,1642]
[0,143,497,587,744,1188,1531,1642]
[0,143,497,587,744,1642]
[0,143,497,587,744,1188,1441,1531,1642]
[0,143,497,744,1642]
[0,497,744,1188,1642]
[0,143,497,1188,1441,1531,1642]
[0,143,497,1188,1642]
[0,502,1188,1642]
[0,147,497,744,1188,1520,1642]
[0,502,1642]
[0,744,1642]
[0,147,497,587,744,1188,1642]
[0,744,1389,1642]
[0,143,497,744,1188,1642]
[0,143,497,744,1188,1441,1531,1642]
[0,497,1389,1642]
[0,143,744,1531,1642]
[0,497,744,1642]
[0,143,497,744,1531,1642]
[0,497,587,744,1188,1642]
[0,143,637,1642]
[0,143,502,740,1188,1520,1642]
[0,497,1642]
[0,587,1642]
[0,143,502,744,1642]
[0,45,143,497,587,744,1188,1642]
[0,502,744,1188,1642]
[0,143,497,1188,1531,1642]
[0,143,497,744,1188,1520,1642]
[0,143,497,744,1188,1531,1642]
[0,143,502,744,1188,1642]
[0,143,497,587,744,1188,1642]
[0,143,744,1642]
[0,143,502,1188,1642]
[0,637,1642]
[0,497,1188,1642]
[0,45,143,497,587,744,1188,1520,1642]
[0,143,744,1389,1642]
[0,497,744,1389,1642]
[0,502,744,1642]
[0,143,502,740,1188,1642]
