[0,414,1911]
[0,842,1590,1911]
[0,129,249,414,520,707,842,1148,1590,1911]
[0,715,1196,1911]
[0,129,249,414,707,842,1148,1590,1911]
[0,297,1911]
[0,241,1196,1590,1911]
[0,414,707,842,1196,1590,1911]
[0,845,1911]
[0,715,1911]
[0,414,1196,1590,1911]
[0,297,414,1196,1590,1911]
[0,414,1148,1590,1911]
[0,1148,1911]
[0,129,414,520,707,842,1148,1590,1911]
[0,414,1148,1911]
[0,414,842,1911]
[0,842,1911]
[0,355,1513,1911]
[0,414,1590,1911]
[0,297,414,842,1196,1590,1911]
[0,715,1196,1590,1911]
[0,414,842,1196,1590,1911]
[0,297,845,1590,1911]
[0,297,414,707,842,1196,1590,1911]
[0,297,414,520,707,842,1196,1590,1911]
[0,845,1590,1911]
[0,1196,1911]
[0,1590,1911]
[0,414,1196,1911]
[0,1196,1590,1911]
[0,414,842,1196,1911]
[0,245,1196,1590,1911]
[0,129,414,707,842,1148,1590,1911]
[0,1513,1911]
[0,414,520,707,842,1148,1590,1911]
[0,414,842,1148,1590,1911]
[0,297,842,1590,1911]
[0,245,297,1196,1590,1911]
[0,355,1911]
[0,297,1590,1911]
[0,414,707,842,1148,1590,1911]
