[0,1438,1659,1838,2114,2189]
[0,227,423,1289,1438,1659,1985,2189]
[0,222,1297,1838,2189]
[0,227,1659,2189]
[0,1438,1659,2189]
[0,222,423,1297,1438,1659,1838,2114,2189]
[0,227,423,1289,1438,1659,1838,1985,2189]
[0,1410,2189]
[0,227,423,1438,1659,1985,2189]
[0,1297,1838,2189]
[0,423,605,1438,1659,1838,2189]
[0,222,1438,1809,1985,2189]
[0,222,423,1297,1659,1838,1985,2189]
[0,1410,1838,2189]
[0,227,1438,1659,2189]
[0,605,1438,1838,2189]
[0,222,423,1438,1838,2189]
[0,222,423,605,1438,1838,2189]
[0,222,1438,1838,2189]
[0,1297,2189]
[0,222,1297,1659,1838,2189]
[0,1438,1838,2189]
[0,227,1438,1659,1838,2114,2189]
[0,222,423,1289,1438,1809,1985,2189]
[0,227,1438,1659,1838,2189]
[0,222,423,605,1297,1438,1659,1838,2114,2189]
[0,222,423,1297,1438,1659,1838,1985,2189]
[0,227,423,1438,1659,1838,1985,2189]
[0,1438,1809,1985,2189]
[0,1438,1659,1838,2189]
[0,227,423,605,1438,1838,2189]
[0,227,423,605,1438,1659,1838,2189]
[0,222,423,1438,1809,1985,2189]
[0,1796,2189]
[0,227,1438,1838,2189]
[0,227,423,1438,1838,2189]
[0,222,423,1297,1659,1838,2189]
[0,605,1438,2189]
[0,227,423,605,1438,1659,1838,2114,2189]
[0,1659,1985,2189]
[0,227,1438,1659,1985,2189]
[0,423,605,1438,1838,2189]
[0,1438,1659,1985,2189]
[0,1809,2189]
[0,222,423,605,1438,1659,1838,2189]
[0,1659,2189]
[0,1297,1659,1838,2114,2189]
[0,222,1438,1659,1838,2189]
[0,1420,1809,2189]
[0,227,423,1438,1659,1838,2114,2189]
[0,222,423,1297,1438,1659,1838,2189]
[0,1410,1796,2189]
[0,222,423,605,1297,1438,1659,1838,2189]
[0,222,423,1438,1659,1838,2189]
[0,222,423,605,1438,1659,1838,2114,2189]
[0,1410,1796,1985,2189]
[0,222,423,1297,1838,2189]
[0,1438,2189]
[0,227,423,1289,1438,1659,1838,2114,2189]
[0,222,423,1438,1809,2189]
[0,222,423,1297,1659,1838,2114,2189]
[0,222,1438,1809,2189]
[0,1420,2189]
[0,222,423,1438,1659,1838,1985,2189]
[0,227,423,1289,1438,1659,1838,2189]
[0,222,1297,1659,1838,2114,2189]
[0,227,423,1438,1659,1838,2189]
[0,1438,1809,2189]
[0,1838,2189]
[0,1297,1659,1838,2189]
