[0,986,1307,1651]
[0,252,658,986,1253,1651]
[0,658,1307,1651]
[0,629,1307,1651]
[0,252,986,1060,1307,1651]
[0,1253,1651]
[0,282,1651]
[0,252,658,1307,1651]
[0,252,1307,1651]
[0,252,367,629,986,1060,1307,1651]
[0,367,658,1253,1651]
[0,629,986,1307,1651]
[0,252,586,658,1307,1651]
[0,658,986,1253,1651]
[0,252,367,658,986,1253,1417,1651]
[0,658,1651]
[0,367,1307,1651]
[0,658,1253,1651]
[0,629,1651]
[0,252,367,658,1253,1417,1651]
[0,252,367,603,658,986,1060,1253,1417,1651]
[0,367,1060,1651]
[0,986,1253,1651]
[0,252,986,1307,1651]
[0,1307,1651]
[0,252,1253,1417,1651]
[0,367,1651]
[0,252,367,658,986,1060,1253,1417,1651]
[0,252,658,1253,1651]
[0,1060,1651]
[0,177,367,658,1253,1651]
[0,252,1253,1651]
[0,367,1317,1651]
[0,282,1317,1651]
[0,367,1253,1651]
[0,252,658,986,1253,1417,1651]
[0,252,629,986,1060,1307,1651]
[0,252,367,629,986,1307,1651]
[0,252,1651]
[0,1317,1651]
[0,367,658,1253,1417,1651]
[0,252,658,1253,1417,1651]
[0,282,1253,1651]
[0,252,629,986,1307,1651]
[0,177,367,658,1253,1417,1651]
