[0,392,1108,1419]
[0,117,368,591,796,1089,1201,1419]
[0,591,796,1201,1419]
[0,1108,1419]
[0,368,1201,1419]
[0,368,591,796,1089,1201,1419]
[0,1189,1419]
[0,623,1189,1419]
[0,1201,1419]
[0,107,591,796,1201,1419]
[0,368,1419]
[0,368,591,1419]
[0,392,1419]
[0,591,796,1089,1201,1419]
[0,591,1419]
[0,591,821,1201,1419]
[0,117,591,796,1201,1419]
[0,107,368,591,796,985,1089,1201,1419]
[0,107,368,591,796,1089,1201,1419]
[0,623,1419]
[0,591,1201,1419]
[0,117,368,591,796,1201,1419]
[0,368,591,796,1201,1419]
[0,368,591,1201,1419]
[0,117,368,591,796,985,1089,1201,1419]
[0,591,821,1419]
[0,107,368,591,796,1201,1419]
