[0,198,409,557,877,993,1465]
[0,409,557,877,993,1465]
[0,264,557,1465]
[0,198,972,1465]
[0,413,557,1465]
[0,198,413,557,972,1205,1465]
[0,198,413,557,1205,1465]
[0,198,1465]
[0,198,409,665,993,1465]
[0,264,409,665,877,1465]
[0,198,972,1205,1465]
[0,264,409,534,665,877,972,1157,1232,1465]
[0,469,1465]
[0,409,534,972,1465]
[0,72,198,409,469,665,993,1465]
[0,72,198,409,665,1465]
[0,264,409,534,1465]
[0,264,409,665,972,1221,1465]
[0,264,409,534,877,972,1157,1232,1465]
[0,264,409,665,972,1465]
[0,264,665,972,1232,1465]
[0,264,665,972,1465]
[0,264,972,1465]
[0,409,557,877,1465]
[0,557,972,1205,1465]
[0,413,1465]
[0,198,557,1205,1465]
[0,264,409,534,665,877,972,1221,1465]
[0,264,409,505,665,972,1205,1465]
[0,534,1465]
[0,198,665,1465]
[0,264,409,534,665,972,1232,1465]
[0,264,409,534,665,972,1221,1465]
[0,264,557,972,1205,1465]
[0,264,665,877,1465]
[0,198,413,557,1465]
[0,198,557,1465]
[0,264,534,972,1465]
[0,534,972,1465]
[0,264,665,1465]
[0,409,534,877,972,1465]
[0,264,409,534,665,1465]
[0,72,264,409,505,665,972,1205,1465]
[0,264,409,534,877,972,1232,1465]
[0,264,409,534,972,1221,1465]
[0,72,198,409,665,993,1465]
[0,198,409,469,665,1465]
[0,413,993,1465]
[0,993,1465]
[0,264,409,534,877,972,1465]
[0,198,972,1221,1465]
[0,557,1465]
[0,413,972,1221,1465]
[0,665,972,1465]
[0,409,993,1465]
[0,409,665,1465]
[0,264,409,665,972,1232,1465]
[0,665,1465]
[0,409,469,1465]
[0,409,557,1465]
[0,972,1221,1465]
[0,264,972,1232,1465]
[0,264,1465]
[0,264,557,1205,1465]
[0,557,877,1465]
[0,409,1465]
[0,557,1205,1465]
[0,264,409,534,972,1465]
[0,264,409,534,665,877,1465]
[0,198,409,557,877,1465]
[0,198,557,972,1205,1465]
[0,264,409,534,665,877,972,1232,1465]
[0,409,665,993,1465]
[0,264,413,557,972,1205,1465]
[0,264,409,534,665,877,972,1465]
[0,264,534,1465]
[0,198,993,1465]
[0,972,1205,1465]
[0,264,665,972,1221,1465]
[0,972,1465]
[0,264,534,972,1232,1465]
[0,264,534,972,1221,1465]
[0,413,972,1465]
[0,198,469,1465]
[0,264,413,557,1465]
[0,264,409,665,1465]
[0,264,409,665,972,1205,1465]
[0,264,413,557,1205,1465]
[0,409,972,1465]
[0,198,557,877,1465]
[0,409,877,1465]
[0,72,198,409,469,665,1465]
[0,877,1465]
[0,264,665,972,1205,1465]
[0,198,409,993,1465]
[0,198,409,665,1465]
[0,409,534,1465]
[0,198,409,469,1465]
[0,264,409,534,972,1232,1465]
[0,198,409,557,1465]
