[0,227,427,625,1327]
[0,425,855,1327]
[0,425,625,813,1327]
[0,210,425,625,855,1327]
[0,855,1327]
[0,210,425,625,813,1327]
[0,378,709,1327]
[0,227,427,506,625,813,865,1197,1327]
[0,427,625,1197,1327]
[0,227,427,625,813,1327]
[0,227,427,1197,1327]
[0,210,427,625,813,1327]
[0,427,625,1327]
[0,210,425,625,807,1197,1327]
[0,210,425,608,860,1327]
[0,210,425,625,1327]
[0,227,427,625,813,865,1197,1327]
[0,210,427,625,813,889,1197,1327]
[0,425,608,1327]
[0,427,625,813,1197,1327]
[0,210,378,427,625,813,1327]
[0,210,425,625,807,889,1197,1327]
[0,210,427,625,1327]
[0,425,1327]
[0,227,427,506,625,813,1197,1327]
[0,227,427,1327]
[0,210,425,860,1327]
[0,425,625,1327]
[0,378,1197,1327]
[0,210,378,427,625,813,1197,1327]
[0,210,427,625,813,1197,1327]
[0,210,425,1327]
[0,427,1327]
[0,227,378,427,625,813,865,1197,1327]
[0,427,625,813,865,1197,1327]
[0,210,427,1327]
[0,210,378,427,625,813,889,1197,1327]
[0,427,625,813,1327]
[0,378,1327]
[0,210,425,855,1327]
[0,210,425,608,1327]
[0,425,860,1327]
[0,425,625,807,1327]
[0,860,1327]
[0,210,425,625,807,1327]
[0,227,378,427,625,813,1197,1327]
[0,378,709,1197,1327]
[0,227,427,625,813,1197,1327]
[0,227,378,427,625,813,1327]
