,N_clusters,K_neighb,Len_min,St_edges,Silh,Cal-Har,Dav-Bold
0,2,20,0,[   0  168  210 1046],0.2387346044951374,161.52990566699867,1.6474971973407748
1,2,20,20,[   0  168  210 1046],0.2387346044951374,161.52990566699867,1.6474971973407748
2,2,20,40,[   0  168  210 1046],0.2387346044951374,161.52990566699867,1.6474971973407748
3,2,20,60,[   0  210 1046],0.2387346044951374,161.52990566699867,1.6474971973407748
4,2,21,0,[   0  168  210 1046],0.23824618633505568,163.31778594471663,1.6497337127649072
5,2,21,20,[   0  168  210 1046],0.23824618633505568,163.31778594471663,1.6497337127649072
6,2,21,40,[   0  168  210 1046],0.23824618633505568,163.31778594471663,1.6497337127649072
7,2,21,60,[   0  210 1046],0.23824618633505568,163.31778594471663,1.6497337127649072
8,2,22,0,[   0  168  273 1046],0.23387855547595185,163.84531391288172,1.6673155388581078
9,2,22,20,[   0  168  273 1046],0.23387855547595185,163.84531391288172,1.6673155388581078
10,2,22,40,[   0  168  273 1046],0.23387855547595185,163.84531391288172,1.6673155388581078
11,2,22,60,[   0  168  273 1046],0.23387855547595185,163.84531391288172,1.6673155388581078
12,2,23,0,[   0  229  292 1046],0.19342601056077185,157.8646370684922,1.832991738520009
13,2,23,20,[   0  229  292 1046],0.19342601056077185,157.8646370684922,1.832991738520009
14,2,23,40,[   0  229  292 1046],0.19342601056077185,157.8646370684922,1.832991738520009
15,2,23,60,[   0  229  292 1046],0.19342601056077185,157.8646370684922,1.832991738520009
16,2,24,0,[   0  168  210 1046],0.23884623317052855,161.0627810602859,1.6465748668225115
17,2,24,20,[   0  168  210 1046],0.23884623317052855,161.0627810602859,1.6465748668225115
18,2,24,40,[   0  168  210 1046],0.23884623317052855,161.0627810602859,1.6465748668225115
19,2,24,60,[   0  210 1046],0.23884623317052855,161.0627810602859,1.6465748668225115
20,2,25,0,[   0  168  210 1046],0.23884623317052855,161.0627810602859,1.6465748668225115
21,2,25,20,[   0  168  210 1046],0.23884623317052855,161.0627810602859,1.6465748668225115
22,2,25,40,[   0  168  210 1046],0.23884623317052855,161.0627810602859,1.6465748668225115
23,2,25,60,[   0  210 1046],0.23884623317052855,161.0627810602859,1.6465748668225115
24,2,26,0,[   0  229  288 1046],0.19716656956300907,158.9336430218778,1.8159545820073255
25,2,26,20,[   0  229  288 1046],0.19716656956300907,158.9336430218778,1.8159545820073255
26,2,26,40,[   0  229  288 1046],0.19716656956300907,158.9336430218778,1.8159545820073255
27,2,26,60,[   0  229 1046],0.19716656956300907,158.9336430218778,1.8159545820073255
28,2,27,0,[   0  229  292 1046],0.19615336375773063,158.5834708766658,1.820249254182048
29,2,27,20,[   0  229  292 1046],0.19615336375773063,158.5834708766658,1.820249254182048
30,2,27,40,[   0  229  292 1046],0.19615336375773063,158.5834708766658,1.820249254182048
31,2,27,60,[   0  229  292 1046],0.19615336375773063,158.5834708766658,1.820249254182048
32,2,28,0,[   0  167  210 1046],0.23890654874447229,160.9897151607474,1.6475156198286078
33,2,28,20,[   0  167  210 1046],0.23890654874447229,160.9897151607474,1.6475156198286078
34,2,28,40,[   0  167  210 1046],0.23890654874447229,160.9897151607474,1.6475156198286078
35,2,28,60,[   0  210 1046],0.23890654874447229,160.9897151607474,1.6475156198286078
36,2,29,0,[   0  282  486 1046],0.2068594962067353,154.42655745888965,2.112340541525546
37,2,29,20,[   0  282  486 1046],0.2068594962067353,154.42655745888965,2.112340541525546
38,2,29,40,[   0  282  486 1046],0.2068594962067353,154.42655745888965,2.112340541525546
39,2,29,60,[   0  282  486 1046],0.2068594962067353,154.42655745888965,2.112340541525546
40,2,30,0,[   0  335  554 1046],0.13042470057946234,121.5434864780322,2.487622446668708
41,2,30,20,[   0  335  554 1046],0.13042470057946234,121.5434864780322,2.487622446668708
42,2,30,40,[   0  335  554 1046],0.13042470057946234,121.5434864780322,2.487622446668708
43,2,30,60,[   0  335  554 1046],0.13042470057946234,121.5434864780322,2.487622446668708
44,2,31,0,[   0  229  304 1046],0.19909936807829845,159.60897818781834,1.820259843038002
45,2,31,20,[   0  229  304 1046],0.19909936807829845,159.60897818781834,1.820259843038002
46,2,31,40,[   0  229  304 1046],0.19909936807829845,159.60897818781834,1.820259843038002
47,2,31,60,[   0  229  304 1046],0.19909936807829845,159.60897818781834,1.820259843038002
48,2,32,0,[   0  229  288 1046],0.19780720406772567,159.07073192447922,1.8132518501436758
49,2,32,20,[   0  229  288 1046],0.19780720406772567,159.07073192447922,1.8132518501436758
50,2,32,40,[   0  229  288 1046],0.19780720406772567,159.07073192447922,1.8132518501436758
51,2,32,60,[   0  229 1046],0.19780720406772567,159.07073192447922,1.8132518501436758
52,2,33,0,[   0  335  558 1046],0.1328188507612804,121.91222953662852,2.480549671540246
53,2,33,20,[   0  335  558 1046],0.1328188507612804,121.91222953662852,2.480549671540246
54,2,33,40,[   0  335  558 1046],0.1328188507612804,121.91222953662852,2.480549671540246
55,2,33,60,[   0  335  558 1046],0.1328188507612804,121.91222953662852,2.480549671540246
56,2,34,0,[   0  335  554 1046],0.13827798397744281,127.17864004037206,2.426180189257745
57,2,34,20,[   0  335  554 1046],0.13827798397744281,127.17864004037206,2.426180189257745
58,2,34,40,[   0  335  554 1046],0.13827798397744281,127.17864004037206,2.426180189257745
59,2,34,60,[   0  335  554 1046],0.13827798397744281,127.17864004037206,2.426180189257745
60,2,35,0,[   0  194  288 1046],0.19379154000687182,154.07681927922957,1.814436282980581
61,2,35,20,[   0  194  288 1046],0.19379154000687182,154.07681927922957,1.814436282980581
62,2,35,40,[   0  194  288 1046],0.19379154000687182,154.07681927922957,1.814436282980581
63,2,35,60,[   0  194  288 1046],0.19379154000687182,154.07681927922957,1.814436282980581
64,2,36,0,[   0  229  288 1046],0.19774595773057574,158.27486964616853,1.8130780957483472
65,2,36,20,[   0  229  288 1046],0.19774595773057574,158.27486964616853,1.8130780957483472
66,2,36,40,[   0  229  288 1046],0.19774595773057574,158.27486964616853,1.8130780957483472
67,2,36,60,[   0  229 1046],0.19774595773057574,158.27486964616853,1.8130780957483472
68,2,37,0,[   0  335  554 1046],0.12948934582999433,121.11463102191128,2.4927486429921113
69,2,37,20,[   0  335  554 1046],0.12948934582999433,121.11463102191128,2.4927486429921113
70,2,37,40,[   0  335  554 1046],0.12948934582999433,121.11463102191128,2.4927486429921113
71,2,37,60,[   0  335  554 1046],0.12948934582999433,121.11463102191128,2.4927486429921113
72,2,38,0,[   0  335  554 1046],0.12904845896113823,120.82647561790237,2.4959252059128896
73,2,38,20,[   0  335  554 1046],0.12904845896113823,120.82647561790237,2.4959252059128896
74,2,38,40,[   0  335  554 1046],0.12904845896113823,120.82647561790237,2.4959252059128896
75,2,38,60,[   0  335  554 1046],0.12904845896113823,120.82647561790237,2.4959252059128896
76,2,39,0,[   0  186  239 1046],0.23651234871223586,166.30422833101133,1.6480345552708706
77,2,39,20,[   0  186  239 1046],0.23651234871223586,166.30422833101133,1.6480345552708706
78,2,39,40,[   0  186  239 1046],0.23651234871223586,166.30422833101133,1.6480345552708706
79,2,39,60,[   0  239 1046],0.23651234871223586,166.30422833101133,1.6480345552708706
80,2,40,0,[   0  335  554 1046],0.12904845896113823,120.82647561790237,2.4959252059128896
81,2,40,20,[   0  335  554 1046],0.12904845896113823,120.82647561790237,2.4959252059128896
82,2,40,40,[   0  335  554 1046],0.12904845896113823,120.82647561790237,2.4959252059128896
83,2,40,60,[   0  335  554 1046],0.12904845896113823,120.82647561790237,2.4959252059128896
84,2,41,0,[   0  335  554 1046],0.12904845896113823,120.82647561790237,2.4959252059128896
85,2,41,20,[   0  335  554 1046],0.12904845896113823,120.82647561790237,2.4959252059128896
86,2,41,40,[   0  335  554 1046],0.12904845896113823,120.82647561790237,2.4959252059128896
87,2,41,60,[   0  335  554 1046],0.12904845896113823,120.82647561790237,2.4959252059128896
88,2,42,0,[   0  335  554 1046],0.12904845896113823,120.82647561790237,2.4959252059128896
89,2,42,20,[   0  335  554 1046],0.12904845896113823,120.82647561790237,2.4959252059128896
90,2,42,40,[   0  335  554 1046],0.12904845896113823,120.82647561790237,2.4959252059128896
91,2,42,60,[   0  335  554 1046],0.12904845896113823,120.82647561790237,2.4959252059128896
92,2,43,0,[   0  252  332 1046],0.21187660754617121,160.93887188205306,1.899175139085609
93,2,43,20,[   0  252  332 1046],0.21187660754617121,160.93887188205306,1.899175139085609
94,2,43,40,[   0  252  332 1046],0.21187660754617121,160.93887188205306,1.899175139085609
95,2,43,60,[   0  252  332 1046],0.21187660754617121,160.93887188205306,1.899175139085609
96,2,44,0,[   0  335  554 1046],0.12722207353944423,119.39656734482037,2.5121900111428044
97,2,44,20,[   0  335  554 1046],0.12722207353944423,119.39656734482037,2.5121900111428044
98,2,44,40,[   0  335  554 1046],0.12722207353944423,119.39656734482037,2.5121900111428044
99,2,44,60,[   0  335  554 1046],0.12722207353944423,119.39656734482037,2.5121900111428044
100,2,45,0,[   0  250  310 1046],0.20132757263760775,161.2981205289061,1.8257598147490266
101,2,45,20,[   0  250  310 1046],0.20132757263760775,161.2981205289061,1.8257598147490266
102,2,45,40,[   0  250  310 1046],0.20132757263760775,161.2981205289061,1.8257598147490266
103,2,45,60,[   0  250 1046],0.20132757263760775,161.2981205289061,1.8257598147490266
104,2,46,0,[   0  250  310 1046],0.20006349582641858,160.70589506626922,1.8192692855178934
105,2,46,20,[   0  250  310 1046],0.20006349582641858,160.70589506626922,1.8192692855178934
106,2,46,40,[   0  250  310 1046],0.20006349582641858,160.70589506626922,1.8192692855178934
107,2,46,60,[   0  250 1046],0.20006349582641858,160.70589506626922,1.8192692855178934
108,2,47,0,[   0  250  310 1046],0.20006349582641858,160.70589506626922,1.8192692855178934
109,2,47,20,[   0  250  310 1046],0.20006349582641858,160.70589506626922,1.8192692855178934
110,2,47,40,[   0  250  310 1046],0.20006349582641858,160.70589506626922,1.8192692855178934
111,2,47,60,[   0  250 1046],0.20006349582641858,160.70589506626922,1.8192692855178934
112,2,48,0,[   0  335  554 1046],0.12679216461144072,119.11328730237038,2.515364796474562
113,2,48,20,[   0  335  554 1046],0.12679216461144072,119.11328730237038,2.515364796474562
114,2,48,40,[   0  335  554 1046],0.12679216461144072,119.11328730237038,2.515364796474562
115,2,48,60,[   0  335  554 1046],0.12679216461144072,119.11328730237038,2.515364796474562
116,2,49,0,[   0  335  554 1046],0.12679216461144072,119.11328730237038,2.515364796474562
117,2,49,20,[   0  335  554 1046],0.12679216461144072,119.11328730237038,2.515364796474562
118,2,49,40,[   0  335  554 1046],0.12679216461144072,119.11328730237038,2.515364796474562
119,2,49,60,[   0  335  554 1046],0.12679216461144072,119.11328730237038,2.515364796474562
120,2,50,0,[   0  252  332 1046],0.21187660754617121,160.93887188205306,1.899175139085609
121,2,50,20,[   0  252  332 1046],0.21187660754617121,160.93887188205306,1.899175139085609
122,2,50,40,[   0  252  332 1046],0.21187660754617121,160.93887188205306,1.899175139085609
123,2,50,60,[   0  252  332 1046],0.21187660754617121,160.93887188205306,1.899175139085609
124,3,20,0,[   0  210  556  659 1046],0.2435288835013009,147.22865741671964,1.3876707205754208
125,3,20,20,[   0  210  556  659 1046],0.2435288835013009,147.22865741671964,1.3876707205754208
126,3,20,40,[   0  210  556  659 1046],0.2435288835013009,147.22865741671964,1.3876707205754208
127,3,20,60,[   0  210  556  659 1046],0.2435288835013009,147.22865741671964,1.3876707205754208
128,3,21,0,[   0  210  556  659 1046],0.24346628748954846,148.230642544623,1.3889847898804195
129,3,21,20,[   0  210  556  659 1046],0.24346628748954846,148.230642544623,1.3889847898804195
130,3,21,40,[   0  210  556  659 1046],0.24346628748954846,148.230642544623,1.3889847898804195
131,3,21,60,[   0  210  556  659 1046],0.24346628748954846,148.230642544623,1.3889847898804195
132,3,22,0,[   0  273  556  659 1046],0.23987675491034863,148.4200104702943,1.400896087516929
133,3,22,20,[   0  273  556  659 1046],0.23987675491034863,148.4200104702943,1.400896087516929
134,3,22,40,[   0  273  556  659 1046],0.23987675491034863,148.4200104702943,1.400896087516929
135,3,22,60,[   0  273  556  659 1046],0.23987675491034863,148.4200104702943,1.400896087516929
136,3,23,0,[   0  229  556  659 1046],0.20782138401738226,143.80490287304661,1.5109471070734797
137,3,23,20,[   0  229  556  659 1046],0.20782138401738226,143.80490287304661,1.5109471070734797
138,3,23,40,[   0  229  556  659 1046],0.20782138401738226,143.80490287304661,1.5109471070734797
139,3,23,60,[   0  229  556  659 1046],0.20782138401738226,143.80490287304661,1.5109471070734797
140,3,24,0,[   0  210  556  659 1046],0.2441986275058254,146.54606635469236,1.3837487563111068
141,3,24,20,[   0  210  556  659 1046],0.2441986275058254,146.54606635469236,1.3837487563111068
142,3,24,40,[   0  210  556  659 1046],0.2441986275058254,146.54606635469236,1.3837487563111068
143,3,24,60,[   0  210  556  659 1046],0.2441986275058254,146.54606635469236,1.3837487563111068
144,3,25,0,[   0  168  210  508 1046],0.07317944167426396,102.73771312858388,3.1117117357986914
145,3,25,20,[   0  168  210  508 1046],0.07317944167426396,102.73771312858388,3.1117117357986914
146,3,25,40,[   0  168  210  508 1046],0.07317944167426396,102.73771312858388,3.1117117357986914
147,3,25,60,[   0  210  508 1046],0.07317944167426396,102.73771312858388,3.1117117357986914
148,3,26,0,[   0  229  556  659 1046],0.2111325673904546,144.94558374866233,1.5022237041386282
149,3,26,20,[   0  229  556  659 1046],0.2111325673904546,144.94558374866233,1.5022237041386282
150,3,26,40,[   0  229  556  659 1046],0.2111325673904546,144.94558374866233,1.5022237041386282
151,3,26,60,[   0  229  556  659 1046],0.2111325673904546,144.94558374866233,1.5022237041386282
152,3,27,0,[   0  229  556  659 1046],0.21017872667606596,144.71101379455226,1.5053477297513107
153,3,27,20,[   0  229  556  659 1046],0.21017872667606596,144.71101379455226,1.5053477297513107
154,3,27,40,[   0  229  556  659 1046],0.21017872667606596,144.71101379455226,1.5053477297513107
155,3,27,60,[   0  229  556  659 1046],0.21017872667606596,144.71101379455226,1.5053477297513107
156,3,28,0,[   0  210  556  659 1046],0.2436369237476154,146.89057057954847,1.3879641671724412
157,3,28,20,[   0  210  556  659 1046],0.2436369237476154,146.89057057954847,1.3879641671724412
158,3,28,40,[   0  210  556  659 1046],0.2436369237476154,146.89057057954847,1.3879641671724412
159,3,28,60,[   0  210  556  659 1046],0.2436369237476154,146.89057057954847,1.3879641671724412
160,3,29,0,[   0  282  556  659 1046],0.21221915491861337,139.389677696017,1.6972712689762812
161,3,29,20,[   0  282  556  659 1046],0.21221915491861337,139.389677696017,1.6972712689762812
162,3,29,40,[   0  282  556  659 1046],0.21221915491861337,139.389677696017,1.6972712689762812
163,3,29,60,[   0  282  556  659 1046],0.21221915491861337,139.389677696017,1.6972712689762812
164,3,30,0,[   0  335  554  667 1046],0.04011182886888706,97.73942334225994,2.81558409454264
165,3,30,20,[   0  335  554  667 1046],0.04011182886888706,97.73942334225994,2.81558409454264
166,3,30,40,[   0  335  554  667 1046],0.04011182886888706,97.73942334225994,2.81558409454264
167,3,30,60,[   0  335  554  667 1046],0.04011182886888706,97.73942334225994,2.81558409454264
168,3,31,0,[   0  229  304  444  558 1046],0.08887287638145246,98.7172391891035,3.214027010325743
169,3,31,20,[   0  229  304  444  558 1046],0.08887287638145246,98.7172391891035,3.214027010325743
170,3,31,40,[   0  229  304  444  558 1046],0.08887287638145246,98.7172391891035,3.214027010325743
171,3,31,60,[   0  229  304  444  558 1046],0.08887287638145246,98.7172391891035,3.214027010325743
172,3,32,0,[   0  229  288  444  558 1046],0.09129840330321534,99.05976181711999,3.186309595056373
173,3,32,20,[   0  229  288  444  558 1046],0.09129840330321534,99.05976181711999,3.186309595056373
174,3,32,40,[   0  229  288  444  558 1046],0.09129840330321534,99.05976181711999,3.186309595056373
175,3,32,60,[   0  229  444 1046],0.09129840330321534,99.05976181711999,3.186309595056373
176,3,33,0,[   0  335  558  667 1046],0.0371944094946824,96.81629233039993,2.815771292707787
177,3,33,20,[   0  335  558  667 1046],0.0371944094946824,96.81629233039993,2.815771292707787
178,3,33,40,[   0  335  558  667 1046],0.0371944094946824,96.81629233039993,2.815771292707787
179,3,33,60,[   0  335  558  667 1046],0.0371944094946824,96.81629233039993,2.815771292707787
180,3,34,0,[   0  335  554  667 1046],0.040819041406128846,98.87615776138541,2.787566133845205
181,3,34,20,[   0  335  554  667 1046],0.040819041406128846,98.87615776138541,2.787566133845205
182,3,34,40,[   0  335  554  667 1046],0.040819041406128846,98.87615776138541,2.787566133845205
183,3,34,60,[   0  335  554  667 1046],0.040819041406128846,98.87615776138541,2.787566133845205
184,3,35,0,[   0  194  288  512  659 1046],0.1939708679355793,141.8111203009678,1.6188578613308167
185,3,35,20,[   0  194  288  512  659 1046],0.1939708679355793,141.8111203009678,1.6188578613308167
186,3,35,40,[   0  194  288  512  659 1046],0.1939708679355793,141.8111203009678,1.6188578613308167
187,3,35,60,[   0  194  288  512  659 1046],0.1939708679355793,141.8111203009678,1.6188578613308167
188,3,36,0,[   0  229  556  659 1046],0.1983375380940049,147.18871480476787,1.5786707481577753
189,3,36,20,[   0  229  556  659 1046],0.1983375380940049,147.18871480476787,1.5786707481577753
190,3,36,40,[   0  229  556  659 1046],0.1983375380940049,147.18871480476787,1.5786707481577753
191,3,36,60,[   0  229  556  659 1046],0.1983375380940049,147.18871480476787,1.5786707481577753
192,3,37,0,[   0  335  554  667 1046],0.040896215059300946,97.9365404923011,2.8193396675370663
193,3,37,20,[   0  335  554  667 1046],0.040896215059300946,97.9365404923011,2.8193396675370663
194,3,37,40,[   0  335  554  667 1046],0.040896215059300946,97.9365404923011,2.8193396675370663
195,3,37,60,[   0  335  554  667 1046],0.040896215059300946,97.9365404923011,2.8193396675370663
196,3,38,0,[   0  335  554  667 1046],0.0409300366406701,98.00175892628977,2.819938416132993
197,3,38,20,[   0  335  554  667 1046],0.0409300366406701,98.00175892628977,2.819938416132993
198,3,38,40,[   0  335  554  667 1046],0.0409300366406701,98.00175892628977,2.819938416132993
199,3,38,60,[   0  335  554  667 1046],0.0409300366406701,98.00175892628977,2.819938416132993
200,3,39,0,[   0  239  556  659 1046],0.24012341589677158,149.45036230981103,1.3977708819144865
201,3,39,20,[   0  239  556  659 1046],0.24012341589677158,149.45036230981103,1.3977708819144865
202,3,39,40,[   0  239  556  659 1046],0.24012341589677158,149.45036230981103,1.3977708819144865
203,3,39,60,[   0  239  556  659 1046],0.24012341589677158,149.45036230981103,1.3977708819144865
204,3,40,0,[   0  335  554  667 1046],0.0409300366406701,98.00175892628977,2.819938416132993
205,3,40,20,[   0  335  554  667 1046],0.0409300366406701,98.00175892628977,2.819938416132993
206,3,40,40,[   0  335  554  667 1046],0.0409300366406701,98.00175892628977,2.819938416132993
207,3,40,60,[   0  335  554  667 1046],0.0409300366406701,98.00175892628977,2.819938416132993
208,3,41,0,[   0  335  554  667 1046],0.0409300366406701,98.00175892628977,2.819938416132993
209,3,41,20,[   0  335  554  667 1046],0.0409300366406701,98.00175892628977,2.819938416132993
210,3,41,40,[   0  335  554  667 1046],0.0409300366406701,98.00175892628977,2.819938416132993
211,3,41,60,[   0  335  554  667 1046],0.0409300366406701,98.00175892628977,2.819938416132993
212,3,42,0,[   0  335  554  667 1046],0.0409300366406701,98.00175892628977,2.819938416132993
213,3,42,20,[   0  335  554  667 1046],0.0409300366406701,98.00175892628977,2.819938416132993
214,3,42,40,[   0  335  554  667 1046],0.0409300366406701,98.00175892628977,2.819938416132993
215,3,42,60,[   0  335  554  667 1046],0.0409300366406701,98.00175892628977,2.819938416132993
216,3,43,0,[   0  252  508  659 1046],0.18873157370116667,142.74067427249585,1.7211405277208478
217,3,43,20,[   0  252  508  659 1046],0.18873157370116667,142.74067427249585,1.7211405277208478
218,3,43,40,[   0  252  508  659 1046],0.18873157370116667,142.74067427249585,1.7211405277208478
219,3,43,60,[   0  252  508  659 1046],0.18873157370116667,142.74067427249585,1.7211405277208478
220,3,44,0,[   0  335  554  667 1046],0.04057505035717844,97.35842214746559,2.8299818487968325
221,3,44,20,[   0  335  554  667 1046],0.04057505035717844,97.35842214746559,2.8299818487968325
222,3,44,40,[   0  335  554  667 1046],0.04057505035717844,97.35842214746559,2.8299818487968325
223,3,44,60,[   0  335  554  667 1046],0.04057505035717844,97.35842214746559,2.8299818487968325
224,3,45,0,[   0  250  556  659 1046],0.19888142967893227,148.17841113811613,1.5930110908025148
225,3,45,20,[   0  250  556  659 1046],0.19888142967893227,148.17841113811613,1.5930110908025148
226,3,45,40,[   0  250  556  659 1046],0.19888142967893227,148.17841113811613,1.5930110908025148
227,3,45,60,[   0  250  556  659 1046],0.19888142967893227,148.17841113811613,1.5930110908025148
228,3,46,0,[   0  250  508  659 1046],0.18409308467301252,143.52579075238663,1.670141949394945
229,3,46,20,[   0  250  508  659 1046],0.18409308467301252,143.52579075238663,1.670141949394945
230,3,46,40,[   0  250  508  659 1046],0.18409308467301252,143.52579075238663,1.670141949394945
231,3,46,60,[   0  250  508  659 1046],0.18409308467301252,143.52579075238663,1.670141949394945
232,3,47,0,[   0  250  508  659 1046],0.18409308467301252,143.52579075238663,1.670141949394945
233,3,47,20,[   0  250  508  659 1046],0.18409308467301252,143.52579075238663,1.670141949394945
234,3,47,40,[   0  250  508  659 1046],0.18409308467301252,143.52579075238663,1.670141949394945
235,3,47,60,[   0  250  508  659 1046],0.18409308467301252,143.52579075238663,1.670141949394945
236,3,48,0,[   0  335  554  667 1046],0.040610469001851536,97.43044438109047,2.83056179974817
237,3,48,20,[   0  335  554  667 1046],0.040610469001851536,97.43044438109047,2.83056179974817
238,3,48,40,[   0  335  554  667 1046],0.040610469001851536,97.43044438109047,2.83056179974817
239,3,48,60,[   0  335  554  667 1046],0.040610469001851536,97.43044438109047,2.83056179974817
240,3,49,0,[   0  335  554  615 1046],0.04087268494682172,97.7747746230853,2.820685223035498
241,3,49,20,[   0  335  554  615 1046],0.04087268494682172,97.7747746230853,2.820685223035498
242,3,49,40,[   0  335  554  615 1046],0.04087268494682172,97.7747746230853,2.820685223035498
243,3,49,60,[   0  335  554  615 1046],0.04087268494682172,97.7747746230853,2.820685223035498
244,3,50,0,[   0  252  508  681 1046],0.16599880134116007,144.56862852030798,1.8106139969868795
245,3,50,20,[   0  252  508  681 1046],0.16599880134116007,144.56862852030798,1.8106139969868795
246,3,50,40,[   0  252  508  681 1046],0.16599880134116007,144.56862852030798,1.8106139969868795
247,3,50,60,[   0  252  508  681 1046],0.16599880134116007,144.56862852030798,1.8106139969868795
248,4,20,0,[   0  210  556  682  864 1046],0.21807518355220745,134.7520492224176,1.4609132955912403
249,4,20,20,[   0  210  556  682  864 1046],0.21807518355220745,134.7520492224176,1.4609132955912403
250,4,20,40,[   0  210  556  682  864 1046],0.21807518355220745,134.7520492224176,1.4609132955912403
251,4,20,60,[   0  210  556  682  864 1046],0.21807518355220745,134.7520492224176,1.4609132955912403
252,4,21,0,[   0  210  556  682  864 1046],0.18372569663358895,134.31485798656064,1.568522041349218
253,4,21,20,[   0  210  556  682  864 1046],0.18372569663358895,134.31485798656064,1.568522041349218
254,4,21,40,[   0  210  556  682  864 1046],0.18372569663358895,134.31485798656064,1.568522041349218
255,4,21,60,[   0  210  556  682  864 1046],0.18372569663358895,134.31485798656064,1.568522041349218
256,4,22,0,[   0  168  273  556  659  682  877 1046],0.1819686367635993,134.39384254545502,1.58151177424295
257,4,22,20,[   0  168  273  556  659  682  877 1046],0.1819686367635993,134.39384254545502,1.58151177424295
258,4,22,40,[   0  273  556  682  877 1046],0.1819686367635993,134.39384254545502,1.58151177424295
259,4,22,60,[   0  273  556  682  877 1046],0.1819686367635993,134.39384254545502,1.58151177424295
260,4,23,0,[   0  229  292  556  659  682  855 1046],0.1955380203028199,132.91714092477267,1.5047805879576264
261,4,23,20,[   0  229  292  556  659  682  855 1046],0.1955380203028199,132.91714092477267,1.5047805879576264
262,4,23,40,[   0  229  556  682  855 1046],0.1955380203028199,132.91714092477267,1.5047805879576264
263,4,23,60,[   0  229  556  682  855 1046],0.1955380203028199,132.91714092477267,1.5047805879576264
264,4,24,0,[   0  210  556  682  855 1046],0.21272512634901564,134.781861998105,1.4638221991703193
265,4,24,20,[   0  210  556  682  855 1046],0.21272512634901564,134.781861998105,1.4638221991703193
266,4,24,40,[   0  210  556  682  855 1046],0.21272512634901564,134.781861998105,1.4638221991703193
267,4,24,60,[   0  210  556  682  855 1046],0.21272512634901564,134.781861998105,1.4638221991703193
268,4,25,0,[   0  168  210  508  554  667  682 1046],0.06533873378368689,104.63947573500053,3.671442039403307
269,4,25,20,[   0  210  554  667 1046],0.06533873378368689,104.63947573500053,3.671442039403307
270,4,25,40,[   0  210  554  667 1046],0.06533873378368689,104.63947573500053,3.671442039403307
271,4,25,60,[   0  210  554  667 1046],0.06533873378368689,104.63947573500053,3.671442039403307
272,4,26,0,[   0  229  556  659  795  976 1046],0.07185981479049018,127.33987819723461,1.574348031266323
273,4,26,20,[   0  229  556  659  795  976 1046],0.07185981479049018,127.33987819723461,1.574348031266323
274,4,26,40,[   0  229  556  659  795  976 1046],0.07185981479049018,127.33987819723461,1.574348031266323
275,4,26,60,[   0  229  556  659  795  976 1046],0.07185981479049018,127.33987819723461,1.574348031266323
276,4,27,0,[   0  229  556  659  795 1046],0.08031285978783456,124.5792405308001,1.664475393614687
277,4,27,20,[   0  229  556  659  795 1046],0.08031285978783456,124.5792405308001,1.664475393614687
278,4,27,40,[   0  229  556  659  795 1046],0.08031285978783456,124.5792405308001,1.664475393614687
279,4,27,60,[   0  229  556  659  795 1046],0.08031285978783456,124.5792405308001,1.664475393614687
280,4,28,0,[   0  210  556  682  877 1046],0.1813596591101863,133.06965254918276,1.5776776721185177
281,4,28,20,[   0  210  556  682  877 1046],0.1813596591101863,133.06965254918276,1.5776776721185177
282,4,28,40,[   0  210  556  682  877 1046],0.1813596591101863,133.06965254918276,1.5776776721185177
283,4,28,60,[   0  210  556  682  877 1046],0.1813596591101863,133.06965254918276,1.5776776721185177
284,4,29,0,[   0  282  486  556  659  682  877 1046],0.17640450795583365,134.87828904944553,1.834554456059039
285,4,29,20,[   0  282  486  556  659  682  877 1046],0.17640450795583365,134.87828904944553,1.834554456059039
286,4,29,40,[   0  282  556  682  877 1046],0.17640450795583365,134.87828904944553,1.834554456059039
287,4,29,60,[   0  282  556  682  877 1046],0.17640450795583365,134.87828904944553,1.834554456059039
288,4,30,0,[   0  335  554  667  795  976 1046],0.0016695266258714946,102.8141090104358,2.787606012792637
289,4,30,20,[   0  335  554  667  795  976 1046],0.0016695266258714946,102.8141090104358,2.787606012792637
290,4,30,40,[   0  335  554  667  795  976 1046],0.0016695266258714946,102.8141090104358,2.787606012792637
291,4,30,60,[   0  335  554  667  795  976 1046],0.0016695266258714946,102.8141090104358,2.787606012792637
292,4,31,0,[   0  229  558  667 1046],0.07027180642221016,100.93144385772858,3.827870531173604
293,4,31,20,[   0  229  558  667 1046],0.07027180642221016,100.93144385772858,3.827870531173604
294,4,31,40,[   0  229  558  667 1046],0.07027180642221016,100.93144385772858,3.827870531173604
295,4,31,60,[   0  229  558  667 1046],0.07027180642221016,100.93144385772858,3.827870531173604
296,4,32,0,[   0  229  558  667 1046],0.07148482341431608,101.2001014435946,3.7799069733878197
297,4,32,20,[   0  229  558  667 1046],0.07148482341431608,101.2001014435946,3.7799069733878197
298,4,32,40,[   0  229  558  667 1046],0.07148482341431608,101.2001014435946,3.7799069733878197
299,4,32,60,[   0  229  558  667 1046],0.07148482341431608,101.2001014435946,3.7799069733878197
300,4,33,0,[   0  335  558  667  795  976 1046],0.0018223975008504491,102.48429593859181,2.865734179514944
301,4,33,20,[   0  335  558  667  795  976 1046],0.0018223975008504491,102.48429593859181,2.865734179514944
302,4,33,40,[   0  335  558  667  795  976 1046],0.0018223975008504491,102.48429593859181,2.865734179514944
303,4,33,60,[   0  335  558  667  795  976 1046],0.0018223975008504491,102.48429593859181,2.865734179514944
304,4,34,0,[   0  335  554  667  795 1046],0.007324694377855992,105.76005035688841,2.8682835384364385
305,4,34,20,[   0  335  554  667  795 1046],0.007324694377855992,105.76005035688841,2.8682835384364385
306,4,34,40,[   0  335  554  667  795 1046],0.007324694377855992,105.76005035688841,2.8682835384364385
307,4,34,60,[   0  335  554  667  795 1046],0.007324694377855992,105.76005035688841,2.8682835384364385
308,4,35,0,[   0  194  288  512  659  682  838 1046],0.19649300053515828,128.07050546466948,1.5234541461652222
309,4,35,20,[   0  194  288  512  659  682  838 1046],0.19649300053515828,128.07050546466948,1.5234541461652222
310,4,35,40,[   0  194  288  512  682  838 1046],0.19649300053515828,128.07050546466948,1.5234541461652222
311,4,35,60,[   0  194  288  512  682  838 1046],0.19649300053515828,128.07050546466948,1.5234541461652222
312,4,36,0,[   0  229  288  556  659  682  838 1046],0.19983109065434324,132.29488676661887,1.4981201348153603
313,4,36,20,[   0  229  288  556  659  682  838 1046],0.19983109065434324,132.29488676661887,1.4981201348153603
314,4,36,40,[   0  229  556  682  838 1046],0.19983109065434324,132.29488676661887,1.4981201348153603
315,4,36,60,[   0  229  556  682  838 1046],0.19983109065434324,132.29488676661887,1.4981201348153603
316,4,37,0,[   0  335  554  667  795 1046],0.006013298960846124,106.79844978470322,2.939836893696559
317,4,37,20,[   0  335  554  667  795 1046],0.006013298960846124,106.79844978470322,2.939836893696559
318,4,37,40,[   0  335  554  667  795 1046],0.006013298960846124,106.79844978470322,2.939836893696559
319,4,37,60,[   0  335  554  667  795 1046],0.006013298960846124,106.79844978470322,2.939836893696559
320,4,38,0,[   0  335  554  667  795  976 1046],0.006178573811114197,104.79999699352247,2.8190893737320106
321,4,38,20,[   0  335  554  667  795  976 1046],0.006178573811114197,104.79999699352247,2.8190893737320106
322,4,38,40,[   0  335  554  667  795  976 1046],0.006178573811114197,104.79999699352247,2.8190893737320106
323,4,38,60,[   0  335  554  667  795  976 1046],0.006178573811114197,104.79999699352247,2.8190893737320106
324,4,39,0,[   0  239  556  659  798  976 1046],0.08059095669403009,130.7104440657537,1.4103571146115859
325,4,39,20,[   0  239  556  659  798  976 1046],0.08059095669403009,130.7104440657537,1.4103571146115859
326,4,39,40,[   0  239  556  659  798  976 1046],0.08059095669403009,130.7104440657537,1.4103571146115859
327,4,39,60,[   0  239  556  659  798  976 1046],0.08059095669403009,130.7104440657537,1.4103571146115859
328,4,40,0,[   0  335  554  667  789 1046],0.014409352615821111,107.03226422026367,3.028342898254559
329,4,40,20,[   0  335  554  667  789 1046],0.014409352615821111,107.03226422026367,3.028342898254559
330,4,40,40,[   0  335  554  667  789 1046],0.014409352615821111,107.03226422026367,3.028342898254559
331,4,40,60,[   0  335  554  667  789 1046],0.014409352615821111,107.03226422026367,3.028342898254559
332,4,41,0,[   0  335  554  667  789 1046],0.013176960941868262,106.99827091912758,3.0344731297524277
333,4,41,20,[   0  335  554  667  789 1046],0.013176960941868262,106.99827091912758,3.0344731297524277
334,4,41,40,[   0  335  554  667  789 1046],0.013176960941868262,106.99827091912758,3.0344731297524277
335,4,41,60,[   0  335  554  667  789 1046],0.013176960941868262,106.99827091912758,3.0344731297524277
336,4,42,0,[   0  335  554  667  798  976 1046],0.0024282250831738016,102.68956484894125,2.706792127982666
337,4,42,20,[   0  335  554  667  798  976 1046],0.0024282250831738016,102.68956484894125,2.706792127982666
338,4,42,40,[   0  335  554  667  798  976 1046],0.0024282250831738016,102.68956484894125,2.706792127982666
339,4,42,60,[   0  335  554  667  798  976 1046],0.0024282250831738016,102.68956484894125,2.706792127982666
340,4,43,0,[   0  252  508  659  798  976 1046],0.07757642392386553,126.85162968906191,1.651486806311219
341,4,43,20,[   0  252  508  659  798  976 1046],0.07757642392386553,126.85162968906191,1.651486806311219
342,4,43,40,[   0  252  508  659  798  976 1046],0.07757642392386553,126.85162968906191,1.651486806311219
343,4,43,60,[   0  252  508  659  798  976 1046],0.07757642392386553,126.85162968906191,1.651486806311219
344,4,44,0,[   0  335  554  667  798  976 1046],0.0007731748928744353,102.03452483425386,2.7193411013832365
345,4,44,20,[   0  335  554  667  798  976 1046],0.0007731748928744353,102.03452483425386,2.7193411013832365
346,4,44,40,[   0  335  554  667  798  976 1046],0.0007731748928744353,102.03452483425386,2.7193411013832365
347,4,44,60,[   0  335  554  667  798  976 1046],0.0007731748928744353,102.03452483425386,2.7193411013832365
348,4,45,0,[   0  250  556  659  798  976 1046],0.08102275391933521,131.73215937412368,1.555794707371986
349,4,45,20,[   0  250  556  659  798  976 1046],0.08102275391933521,131.73215937412368,1.555794707371986
350,4,45,40,[   0  250  556  659  798  976 1046],0.08102275391933521,131.73215937412368,1.555794707371986
351,4,45,60,[   0  250  556  659  798  976 1046],0.08102275391933521,131.73215937412368,1.555794707371986
352,4,46,0,[   0  250  508  659  798  976 1046],0.07857687945485936,128.60095231188322,1.6095726677203517
353,4,46,20,[   0  250  508  659  798  976 1046],0.07857687945485936,128.60095231188322,1.6095726677203517
354,4,46,40,[   0  250  508  659  798  976 1046],0.07857687945485936,128.60095231188322,1.6095726677203517
355,4,46,60,[   0  250  508  659  798  976 1046],0.07857687945485936,128.60095231188322,1.6095726677203517
356,4,47,0,[   0  250  508  659  798  976 1046],0.08044263976163532,128.8422356635929,1.6115478976496274
357,4,47,20,[   0  250  508  659  798  976 1046],0.08044263976163532,128.8422356635929,1.6115478976496274
358,4,47,40,[   0  250  508  659  798  976 1046],0.08044263976163532,128.8422356635929,1.6115478976496274
359,4,47,60,[   0  250  508  659  798  976 1046],0.08044263976163532,128.8422356635929,1.6115478976496274
360,4,48,0,[   0  335  554  667  798  976 1046],0.002173973143567081,102.46388233771779,2.7294616876388837
361,4,48,20,[   0  335  554  667  798  976 1046],0.002173973143567081,102.46388233771779,2.7294616876388837
362,4,48,40,[   0  335  554  667  798  976 1046],0.002173973143567081,102.46388233771779,2.7294616876388837
363,4,48,60,[   0  335  554  667  798  976 1046],0.002173973143567081,102.46388233771779,2.7294616876388837
364,4,49,0,[   0  335  554  615  731  798  976 1046],0.002201692571301672,102.55986896779838,2.7255537596034913
365,4,49,20,[   0  335  554  615  731  798  976 1046],0.002201692571301672,102.55986896779838,2.7255537596034913
366,4,49,40,[   0  335  554  615  731  798  976 1046],0.002201692571301672,102.55986896779838,2.7255537596034913
367,4,49,60,[   0  335  554  615  731  798  976 1046],0.002201692571301672,102.55986896779838,2.7255537596034913
368,4,50,0,[   0  252  508  681  798  976 1046],0.07777632041932227,133.04739015428072,1.7029719189133425
369,4,50,20,[   0  252  508  681  798  976 1046],0.07777632041932227,133.04739015428072,1.7029719189133425
370,4,50,40,[   0  252  508  681  798  976 1046],0.07777632041932227,133.04739015428072,1.7029719189133425
371,4,50,60,[   0  252  508  681  798  976 1046],0.07777632041932227,133.04739015428072,1.7029719189133425
372,5,20,0,[   0  168  210  252  486  556  659  682  864 1046],0.2335608592613521,126.7901477385291,2.0902739564785375
373,5,20,20,[   0  168  210  252  486  556  659  682  864 1046],0.2335608592613521,126.7901477385291,2.0902739564785375
374,5,20,40,[   0  210  252  486  556  682  864 1046],0.2335608592613521,126.7901477385291,2.0902739564785375
375,5,20,60,[   0  210  556  682  864 1046],0.2335608592613521,126.7901477385291,2.0902739564785375
376,5,21,0,[   0  210  335  556  659  682  864 1046],0.16279599973420575,130.04374967815164,2.1348348359633595
377,5,21,20,[   0  210  335  556  659  682  864 1046],0.16279599973420575,130.04374967815164,2.1348348359633595
378,5,21,40,[   0  210  556  682  864 1046],0.16279599973420575,130.04374967815164,2.1348348359633595
379,5,21,60,[   0  210  556  682  864 1046],0.16279599973420575,130.04374967815164,2.1348348359633595
380,5,22,0,[   0  168  273  335  556  659  682  877 1046],0.14196487223706938,127.5447935582505,2.095983216836261
381,5,22,20,[   0  168  273  335  556  659  682  877 1046],0.14196487223706938,127.5447935582505,2.095983216836261
382,5,22,40,[   0  273  556  682  877 1046],0.14196487223706938,127.5447935582505,2.095983216836261
383,5,22,60,[   0  273  556  682  877 1046],0.14196487223706938,127.5447935582505,2.095983216836261
384,5,23,0,[   0  229  292  486  556  659  682  855 1046],0.21256100485801308,129.11925224755566,2.133865772890624
385,5,23,20,[   0  229  292  486  556  659  682  855 1046],0.21256100485801308,129.11925224755566,2.133865772890624
386,5,23,40,[   0  229  556  682  855 1046],0.21256100485801308,129.11925224755566,2.133865772890624
387,5,23,60,[   0  229  556  682  855 1046],0.21256100485801308,129.11925224755566,2.133865772890624
388,5,24,0,[   0  210  556  682  855 1046],0.19836593561584231,129.2802060666804,2.0981512222060004
389,5,24,20,[   0  210  556  682  855 1046],0.19836593561584231,129.2802060666804,2.0981512222060004
390,5,24,40,[   0  210  556  682  855 1046],0.19836593561584231,129.2802060666804,2.0981512222060004
391,5,24,60,[   0  210  556  682  855 1046],0.19836593561584231,129.2802060666804,2.0981512222060004
392,5,25,0,[   0  168  210  508  554  667  682  842  931 1046],0.05145378654126813,96.3140139911488,2.8853644159084446
393,5,25,20,[   0  210  554  682  842 1046],0.05145378654126813,96.3140139911488,2.8853644159084446
394,5,25,40,[   0  210  554  682  842 1046],0.05145378654126813,96.3140139911488,2.8853644159084446
395,5,25,60,[   0  210  554  682  842 1046],0.05145378654126813,96.3140139911488,2.8853644159084446
396,5,26,0,[   0  229  556  667  795 1046],0.05058802557856284,110.93508996250362,2.2320961347346517
397,5,26,20,[   0  229  556  667  795 1046],0.05058802557856284,110.93508996250362,2.2320961347346517
398,5,26,40,[   0  229  556  667  795 1046],0.05058802557856284,110.93508996250362,2.2320961347346517
399,5,26,60,[   0  229  556  667  795 1046],0.05058802557856284,110.93508996250362,2.2320961347346517
400,5,27,0,[   0  229  556  667  795 1046],0.06100911773806921,111.43136109268018,2.1944785035633596
401,5,27,20,[   0  229  556  667  795 1046],0.06100911773806921,111.43136109268018,2.1944785035633596
402,5,27,40,[   0  229  556  667  795 1046],0.06100911773806921,111.43136109268018,2.1944785035633596
403,5,27,60,[   0  229  556  667  795 1046],0.06100911773806921,111.43136109268018,2.1944785035633596
404,5,28,0,[   0  167  210  229  486  556  659  682  877 1046],0.20185106687346516,126.6542069374087,2.15863876198177
405,5,28,20,[   0  167  210  486  556  659  682  877 1046],0.20185106687346516,126.6542069374087,2.15863876198177
406,5,28,40,[   0  210  556  682  877 1046],0.20185106687346516,126.6542069374087,2.15863876198177
407,5,28,60,[   0  210  556  682  877 1046],0.20185106687346516,126.6542069374087,2.15863876198177
408,5,29,0,[   0   52  282  486  556  659  682  877 1046],0.1830161175041655,128.6161256158784,2.343587091572485
409,5,29,20,[   0   52  282  486  556  659  682  877 1046],0.1830161175041655,128.6161256158784,2.343587091572485
410,5,29,40,[   0  282  556  682  877 1046],0.1830161175041655,128.6161256158784,2.343587091572485
411,5,29,60,[   0  282  556  682  877 1046],0.1830161175041655,128.6161256158784,2.343587091572485
412,5,30,0,[   0  229  554  667  795 1046],0.03897279986077188,109.85471939539777,3.2626111363207464
413,5,30,20,[   0  229  554  667  795 1046],0.03897279986077188,109.85471939539777,3.2626111363207464
414,5,30,40,[   0  229  554  667  795 1046],0.03897279986077188,109.85471939539777,3.2626111363207464
415,5,30,60,[   0  229  554  667  795 1046],0.03897279986077188,109.85471939539777,3.2626111363207464
416,5,31,0,[   0  229  558  667  795 1046],0.038853731258036886,109.27812587696822,3.1534313510318652
417,5,31,20,[   0  229  558  667  795 1046],0.038853731258036886,109.27812587696822,3.1534313510318652
418,5,31,40,[   0  229  558  667  795 1046],0.038853731258036886,109.27812587696822,3.1534313510318652
419,5,31,60,[   0  229  558  667  795 1046],0.038853731258036886,109.27812587696822,3.1534313510318652
420,5,32,0,[   0  229  558  667  795 1046],0.041847497796399374,110.24644714852782,3.1141116657105306
421,5,32,20,[   0  229  558  667  795 1046],0.041847497796399374,110.24644714852782,3.1141116657105306
422,5,32,40,[   0  229  558  667  795 1046],0.041847497796399374,110.24644714852782,3.1141116657105306
423,5,32,60,[   0  229  558  667  795 1046],0.041847497796399374,110.24644714852782,3.1141116657105306
424,5,33,0,[   0  229  558  667  795 1046],0.03834233943689124,109.29939083096684,3.4178063612375147
425,5,33,20,[   0  229  558  667  795 1046],0.03834233943689124,109.29939083096684,3.4178063612375147
426,5,33,40,[   0  229  558  667  795 1046],0.03834233943689124,109.29939083096684,3.4178063612375147
427,5,33,60,[   0  229  558  667  795 1046],0.03834233943689124,109.29939083096684,3.4178063612375147
428,5,34,0,[   0  194  335  554  667  795 1046],0.04418415608212033,111.3750037200919,3.2915758455011384
429,5,34,20,[   0  194  335  554  667  795 1046],0.04418415608212033,111.3750037200919,3.2915758455011384
430,5,34,40,[   0  194  335  554  667  795 1046],0.04418415608212033,111.3750037200919,3.2915758455011384
431,5,34,60,[   0  194  335  554  667  795 1046],0.04418415608212033,111.3750037200919,3.2915758455011384
432,5,35,0,[   0  194  282  552  659  682  838 1046],0.19957253561681573,125.63016510619417,2.0143247341470163
433,5,35,20,[   0  194  282  552  659  682  838 1046],0.19957253561681573,125.63016510619417,2.0143247341470163
434,5,35,40,[   0  194  282  552  682  838 1046],0.19957253561681573,125.63016510619417,2.0143247341470163
435,5,35,60,[   0  194  282  552  682  838 1046],0.19957253561681573,125.63016510619417,2.0143247341470163
436,5,36,0,[   0  229  282  556  659  682  838 1046],0.19912495841767416,126.00007233930727,1.9933964605481869
437,5,36,20,[   0  229  282  556  659  682  838 1046],0.19912495841767416,126.00007233930727,1.9933964605481869
438,5,36,40,[   0  229  556  682  838 1046],0.19912495841767416,126.00007233930727,1.9933964605481869
439,5,36,60,[   0  229  556  682  838 1046],0.19912495841767416,126.00007233930727,1.9933964605481869
440,5,37,0,[   0  229  554  667  795 1046],0.0448789117983112,113.88980757280925,3.2024273941217722
441,5,37,20,[   0  229  554  667  795 1046],0.0448789117983112,113.88980757280925,3.2024273941217722
442,5,37,40,[   0  229  554  667  795 1046],0.0448789117983112,113.88980757280925,3.2024273941217722
443,5,37,60,[   0  229  554  667  795 1046],0.0448789117983112,113.88980757280925,3.2024273941217722
444,5,38,0,[   0  229  554  667  795 1046],0.043419828221808184,111.02066059072553,3.187902080163731
445,5,38,20,[   0  229  554  667  795 1046],0.043419828221808184,111.02066059072553,3.187902080163731
446,5,38,40,[   0  229  554  667  795 1046],0.043419828221808184,111.02066059072553,3.187902080163731
447,5,38,60,[   0  229  554  667  795 1046],0.043419828221808184,111.02066059072553,3.187902080163731
448,5,39,0,[   0  239  556  659  798  976 1046],0.09105942349318112,115.11140852843953,1.8173486358374462
449,5,39,20,[   0  239  556  659  798  976 1046],0.09105942349318112,115.11140852843953,1.8173486358374462
450,5,39,40,[   0  239  556  659  798  976 1046],0.09105942349318112,115.11140852843953,1.8173486358374462
451,5,39,60,[   0  239  556  659  798  976 1046],0.09105942349318112,115.11140852843953,1.8173486358374462
452,5,40,0,[   0  237  554  667  789 1046],0.05334100201746538,113.99355854221604,3.0755939503415552
453,5,40,20,[   0  237  554  667  789 1046],0.05334100201746538,113.99355854221604,3.0755939503415552
454,5,40,40,[   0  237  554  667  789 1046],0.05334100201746538,113.99355854221604,3.0755939503415552
455,5,40,60,[   0  237  554  667  789 1046],0.05334100201746538,113.99355854221604,3.0755939503415552
456,5,41,0,[   0  237  554  667  789 1046],0.0520670555657948,113.96278031312944,3.1002351367586867
457,5,41,20,[   0  237  554  667  789 1046],0.0520670555657948,113.96278031312944,3.1002351367586867
458,5,41,40,[   0  237  554  667  789 1046],0.0520670555657948,113.96278031312944,3.1002351367586867
459,5,41,60,[   0  237  554  667  789 1046],0.0520670555657948,113.96278031312944,3.1002351367586867
460,5,42,0,[   0  270  554  667  798  976 1046],0.04485577176360352,106.72444522320879,3.4769865485989015
461,5,42,20,[   0  270  554  667  798  976 1046],0.04485577176360352,106.72444522320879,3.4769865485989015
462,5,42,40,[   0  270  554  667  798  976 1046],0.04485577176360352,106.72444522320879,3.4769865485989015
463,5,42,60,[   0  270  554  667  798  976 1046],0.04485577176360352,106.72444522320879,3.4769865485989015
464,5,43,0,[   0  252  508  667  798  976 1046],0.039845270160529786,106.88946156760869,2.3517552182874795
465,5,43,20,[   0  252  508  667  798  976 1046],0.039845270160529786,106.88946156760869,2.3517552182874795
466,5,43,40,[   0  252  508  667  798  976 1046],0.039845270160529786,106.88946156760869,2.3517552182874795
467,5,43,60,[   0  252  508  667  798  976 1046],0.039845270160529786,106.88946156760869,2.3517552182874795
468,5,44,0,[   0  250  554  667  798  976 1046],0.03686687283048474,109.05119048417711,3.1925290274124256
469,5,44,20,[   0  250  554  667  798  976 1046],0.03686687283048474,109.05119048417711,3.1925290274124256
470,5,44,40,[   0  250  554  667  798  976 1046],0.03686687283048474,109.05119048417711,3.1925290274124256
471,5,44,60,[   0  250  554  667  798  976 1046],0.03686687283048474,109.05119048417711,3.1925290274124256
472,5,45,0,[   0  250  556  659  798  976 1046],0.0677189116874591,110.92461914186306,2.171185263416569
473,5,45,20,[   0  250  556  659  798  976 1046],0.0677189116874591,110.92461914186306,2.171185263416569
474,5,45,40,[   0  250  556  659  798  976 1046],0.0677189116874591,110.92461914186306,2.171185263416569
475,5,45,60,[   0  250  556  659  798  976 1046],0.0677189116874591,110.92461914186306,2.171185263416569
476,5,46,0,[   0  250  508  659  798  976 1046],0.07119959326448301,116.81885979797524,1.5350874041381766
477,5,46,20,[   0  250  508  659  798  976 1046],0.07119959326448301,116.81885979797524,1.5350874041381766
478,5,46,40,[   0  250  508  659  798  976 1046],0.07119959326448301,116.81885979797524,1.5350874041381766
479,5,46,60,[   0  250  508  659  798  976 1046],0.07119959326448301,116.81885979797524,1.5350874041381766
480,5,47,0,[   0  250  552  659  798  976 1046],0.07084313776766792,109.74096615739825,2.110687715879813
481,5,47,20,[   0  250  552  659  798  976 1046],0.07084313776766792,109.74096615739825,2.110687715879813
482,5,47,40,[   0  250  552  659  798  976 1046],0.07084313776766792,109.74096615739825,2.110687715879813
483,5,47,60,[   0  250  552  659  798  976 1046],0.07084313776766792,109.74096615739825,2.110687715879813
484,5,48,0,[   0  250  554  667  798  976 1046],0.03835166076563417,109.54335883920767,3.192997562948613
485,5,48,20,[   0  250  554  667  798  976 1046],0.03835166076563417,109.54335883920767,3.192997562948613
486,5,48,40,[   0  250  554  667  798  976 1046],0.03835166076563417,109.54335883920767,3.192997562948613
487,5,48,60,[   0  250  554  667  798  976 1046],0.03835166076563417,109.54335883920767,3.192997562948613
488,5,49,0,[   0  250  335  554  615  731  798  976 1046],0.03838212353146233,109.62994733022073,3.1964472259486305
489,5,49,20,[   0  250  335  554  615  731  798  976 1046],0.03838212353146233,109.62994733022073,3.1964472259486305
490,5,49,40,[   0  250  335  554  615  731  798  976 1046],0.03838212353146233,109.62994733022073,3.1964472259486305
491,5,49,60,[   0  250  335  554  615  731  798  976 1046],0.03838212353146233,109.62994733022073,3.1964472259486305
492,5,50,0,[   0  252  508  681  798  976 1046],0.09202058230977811,122.84738516282137,1.64688948901918
493,5,50,20,[   0  252  508  681  798  976 1046],0.09202058230977811,122.84738516282137,1.64688948901918
494,5,50,40,[   0  252  508  681  798  976 1046],0.09202058230977811,122.84738516282137,1.64688948901918
495,5,50,60,[   0  252  508  681  798  976 1046],0.09202058230977811,122.84738516282137,1.64688948901918
496,6,20,0,[   0  141  142  210  252  486  556  659  682  864 1046],0.23523661609246677,117.28449619018618,1.766675986731024
497,6,20,20,[   0  141  210  252  486  556  659  682  864 1046],0.23523661609246677,117.28449619018618,1.766675986731024
498,6,20,40,[   0  141  210  252  486  556  682  864 1046],0.23523661609246677,117.28449619018618,1.766675986731024
499,6,20,60,[   0  210  556  682  864 1046],0.23523661609246677,117.28449619018618,1.766675986731024
500,6,21,0,[   0  210  335  556  659  682  864  976 1046],0.17395982680202215,120.22888426896183,2.4408325387896057
501,6,21,20,[   0  210  335  556  659  682  864  976 1046],0.17395982680202215,120.22888426896183,2.4408325387896057
502,6,21,40,[   0  210  556  682  864  976 1046],0.17395982680202215,120.22888426896183,2.4408325387896057
503,6,21,60,[   0  210  556  682  864  976 1046],0.17395982680202215,120.22888426896183,2.4408325387896057
504,6,22,0,[   0  168  273  335  556  659  682  877  976 1046],0.15311885656711674,119.18329551249187,2.4064719618108996
505,6,22,20,[   0  168  273  335  556  659  682  877  976 1046],0.15311885656711674,119.18329551249187,2.4064719618108996
506,6,22,40,[   0  273  556  682  877  976 1046],0.15311885656711674,119.18329551249187,2.4064719618108996
507,6,22,60,[   0  273  556  682  877  976 1046],0.15311885656711674,119.18329551249187,2.4064719618108996
508,6,23,0,[   0   81  210  292  486  556  659  682  855 1046],0.19544678547301622,121.396215207224,2.066791364022298
509,6,23,20,[   0   81  210  292  486  556  659  682  855 1046],0.19544678547301622,121.396215207224,2.066791364022298
510,6,23,40,[   0   81  210  292  486  556  682  855 1046],0.19544678547301622,121.396215207224,2.066791364022298
511,6,23,60,[   0   81  210  292  486  556  682  855 1046],0.19544678547301622,121.396215207224,2.066791364022298
512,6,24,0,[   0  141  142  210  556  659  682  855 1046],0.20079758685968607,119.48767777487616,1.76788421686817
513,6,24,20,[   0  141  210  556  659  682  855 1046],0.20079758685968607,119.48767777487616,1.76788421686817
514,6,24,40,[   0  210  556  682  855 1046],0.20079758685968607,119.48767777487616,1.76788421686817
515,6,24,60,[   0  210  556  682  855 1046],0.20079758685968607,119.48767777487616,1.76788421686817
516,6,25,0,[   0  210  558  682  842 1046],0.047558275306379495,91.37922321488875,2.5738855736605397
517,6,25,20,[   0  210  558  682  842 1046],0.047558275306379495,91.37922321488875,2.5738855736605397
518,6,25,40,[   0  210  558  682  842 1046],0.047558275306379495,91.37922321488875,2.5738855736605397
519,6,25,60,[   0  210  558  682  842 1046],0.047558275306379495,91.37922321488875,2.5738855736605397
520,6,26,0,[   0  229  556  667  795 1046],0.040714741987905284,114.6530186301483,3.8857321785393304
521,6,26,20,[   0  229  556  667  795 1046],0.040714741987905284,114.6530186301483,3.8857321785393304
522,6,26,40,[   0  229  556  667  795 1046],0.040714741987905284,114.6530186301483,3.8857321785393304
523,6,26,60,[   0  229  556  667  795 1046],0.040714741987905284,114.6530186301483,3.8857321785393304
524,6,27,0,[   0  229  556  667  795 1046],0.04475979770196763,114.96494456620925,3.9570471584955524
525,6,27,20,[   0  229  556  667  795 1046],0.04475979770196763,114.96494456620925,3.9570471584955524
526,6,27,40,[   0  229  556  667  795 1046],0.04475979770196763,114.96494456620925,3.9570471584955524
527,6,27,60,[   0  229  556  667  795 1046],0.04475979770196763,114.96494456620925,3.9570471584955524
528,6,28,0,[   0  141  142  210  486  556  659  682  877 1046],0.2042170104255984,117.16645414761295,1.8232028959639761
529,6,28,20,[   0  141  210  486  556  659  682  877 1046],0.2042170104255984,117.16645414761295,1.8232028959639761
530,6,28,40,[   0  141  210  486  556  682  877 1046],0.2042170104255984,117.16645414761295,1.8232028959639761
531,6,28,60,[   0  141  210  486  556  682  877 1046],0.2042170104255984,117.16645414761295,1.8232028959639761
532,6,29,0,[   0   52  210  282  486  556  659  682  877 1046],0.19166729046161773,119.4037738155768,2.1118306427389832
533,6,29,20,[   0   52  210  282  486  556  659  682  877 1046],0.19166729046161773,119.4037738155768,2.1118306427389832
534,6,29,40,[   0   52  210  282  486  556  682  877 1046],0.19166729046161773,119.4037738155768,2.1118306427389832
535,6,29,60,[   0  210  282  486  556  682  877 1046],0.19166729046161773,119.4037738155768,2.1118306427389832
536,6,30,0,[   0  229  288  335  509  554  659  667  795  976 1046],0.03812495264557404,111.18924609655333,3.3903486467788766
537,6,30,20,[   0  229  554  667  795 1046],0.03812495264557404,111.18924609655333,3.3903486467788766
538,6,30,40,[   0  229  554  667  795 1046],0.03812495264557404,111.18924609655333,3.3903486467788766
539,6,30,60,[   0  229  554  667  795 1046],0.03812495264557404,111.18924609655333,3.3903486467788766
540,6,31,0,[   0  229  556  667  795 1046],0.042973945788363506,109.91022111842545,3.4898184267019663
541,6,31,20,[   0  229  556  667  795 1046],0.042973945788363506,109.91022111842545,3.4898184267019663
542,6,31,40,[   0  229  556  667  795 1046],0.042973945788363506,109.91022111842545,3.4898184267019663
543,6,31,60,[   0  229  556  667  795 1046],0.042973945788363506,109.91022111842545,3.4898184267019663
544,6,32,0,[   0  229  556  667  795 1046],0.044813942539691454,110.80712900711441,3.6456733883234294
545,6,32,20,[   0  229  556  667  795 1046],0.044813942539691454,110.80712900711441,3.6456733883234294
546,6,32,40,[   0  229  556  667  795 1046],0.044813942539691454,110.80712900711441,3.6456733883234294
547,6,32,60,[   0  229  556  667  795 1046],0.044813942539691454,110.80712900711441,3.6456733883234294
548,6,33,0,[   0  229  556  667  795 1046],0.04353080829128418,114.59314227250546,3.325534805786472
549,6,33,20,[   0  229  556  667  795 1046],0.04353080829128418,114.59314227250546,3.325534805786472
550,6,33,40,[   0  229  556  667  795 1046],0.04353080829128418,114.59314227250546,3.325534805786472
551,6,33,60,[   0  229  556  667  795 1046],0.04353080829128418,114.59314227250546,3.325534805786472
552,6,34,0,[   0  194  288  335  512  554  659  667  795 1046],0.03583862854779409,112.95257866492187,3.452635104288859
553,6,34,20,[   0  194  335  554  667  795 1046],0.03583862854779409,112.95257866492187,3.452635104288859
554,6,34,40,[   0  194  335  554  667  795 1046],0.03583862854779409,112.95257866492187,3.452635104288859
555,6,34,60,[   0  194  335  554  667  795 1046],0.03583862854779409,112.95257866492187,3.452635104288859
556,6,35,0,[   0  124  193  282  552  659  682  838 1046],0.20526433434768035,117.44944475924822,1.9387912586078901
557,6,35,20,[   0  124  193  282  552  659  682  838 1046],0.20526433434768035,117.44944475924822,1.9387912586078901
558,6,35,40,[   0  124  193  282  552  682  838 1046],0.20526433434768035,117.44944475924822,1.9387912586078901
559,6,35,60,[   0  124  193  282  552  682  838 1046],0.20526433434768035,117.44944475924822,1.9387912586078901
560,6,36,0,[   0  124  193  282  556  659  682  838 1046],0.20563557330026225,117.53714472906074,1.9231335787901693
561,6,36,20,[   0  124  193  282  556  659  682  838 1046],0.20563557330026225,117.53714472906074,1.9231335787901693
562,6,36,40,[   0  124  193  282  556  682  838 1046],0.20563557330026225,117.53714472906074,1.9231335787901693
563,6,36,60,[   0  124  193  282  556  682  838 1046],0.20563557330026225,117.53714472906074,1.9231335787901693
564,6,37,0,[   0  229  556  667  795 1046],0.051333137551754414,117.04603758565783,3.4143705527710626
565,6,37,20,[   0  229  556  667  795 1046],0.051333137551754414,117.04603758565783,3.4143705527710626
566,6,37,40,[   0  229  556  667  795 1046],0.051333137551754414,117.04603758565783,3.4143705527710626
567,6,37,60,[   0  229  556  667  795 1046],0.051333137551754414,117.04603758565783,3.4143705527710626
568,6,38,0,[   0  229  554  667  795 1046],0.02724957684599163,109.6498766243172,3.50259338031707
569,6,38,20,[   0  229  554  667  795 1046],0.02724957684599163,109.6498766243172,3.50259338031707
570,6,38,40,[   0  229  554  667  795 1046],0.02724957684599163,109.6498766243172,3.50259338031707
571,6,38,60,[   0  229  554  667  795 1046],0.02724957684599163,109.6498766243172,3.50259338031707
572,6,39,0,[   0  239  556  667  798  976 1046],0.04962378378602446,109.01745314340961,2.2102201328317075
573,6,39,20,[   0  239  556  667  798  976 1046],0.04962378378602446,109.01745314340961,2.2102201328317075
574,6,39,40,[   0  239  556  667  798  976 1046],0.04962378378602446,109.01745314340961,2.2102201328317075
575,6,39,60,[   0  239  556  667  798  976 1046],0.04962378378602446,109.01745314340961,2.2102201328317075
576,6,40,0,[   0  237  304  335  508  554  659  667  789 1042 1046],0.029838504690574152,112.3742633260694,3.8584191016523417
577,6,40,20,[   0  237  554  667  789 1046],0.029838504690574152,112.3742633260694,3.8584191016523417
578,6,40,40,[   0  237  554  667  789 1046],0.029838504690574152,112.3742633260694,3.8584191016523417
579,6,40,60,[   0  237  554  667  789 1046],0.029838504690574152,112.3742633260694,3.8584191016523417
580,6,41,0,[   0  237  304  335  508  554  659  667  789 1042 1046],0.029810943826977396,112.34604215283701,3.933596004396963
581,6,41,20,[   0  237  554  667  789 1046],0.029810943826977396,112.34604215283701,3.933596004396963
582,6,41,40,[   0  237  554  667  789 1046],0.029810943826977396,112.34604215283701,3.933596004396963
583,6,41,60,[   0  237  554  667  789 1046],0.029810943826977396,112.34604215283701,3.933596004396963
584,6,42,0,[   0  270  554  667  798  976 1046],0.02995749388737597,105.71822137615524,3.5570705244388763
585,6,42,20,[   0  270  554  667  798  976 1046],0.02995749388737597,105.71822137615524,3.5570705244388763
586,6,42,40,[   0  270  554  667  798  976 1046],0.02995749388737597,105.71822137615524,3.5570705244388763
587,6,42,60,[   0  270  554  667  798  976 1046],0.02995749388737597,105.71822137615524,3.5570705244388763
588,6,43,0,[   0  252  554  667  798  976 1046],0.016802553743680285,105.34025241747091,3.4014089481108347
589,6,43,20,[   0  252  554  667  798  976 1046],0.016802553743680285,105.34025241747091,3.4014089481108347
590,6,43,40,[   0  252  554  667  798  976 1046],0.016802553743680285,105.34025241747091,3.4014089481108347
591,6,43,60,[   0  252  554  667  798  976 1046],0.016802553743680285,105.34025241747091,3.4014089481108347
592,6,44,0,[   0  250  554  667  798  976 1046],0.023569757268355588,107.45966517497132,3.413307458496437
593,6,44,20,[   0  250  554  667  798  976 1046],0.023569757268355588,107.45966517497132,3.413307458496437
594,6,44,40,[   0  250  554  667  798  976 1046],0.023569757268355588,107.45966517497132,3.413307458496437
595,6,44,60,[   0  250  554  667  798  976 1046],0.023569757268355588,107.45966517497132,3.413307458496437
596,6,45,0,[   0  250  556  667  798  976 1046],0.03326928320902686,107.96826933547763,2.5824936873548032
597,6,45,20,[   0  250  556  667  798  976 1046],0.03326928320902686,107.96826933547763,2.5824936873548032
598,6,45,40,[   0  250  556  667  798  976 1046],0.03326928320902686,107.96826933547763,2.5824936873548032
599,6,45,60,[   0  250  556  667  798  976 1046],0.03326928320902686,107.96826933547763,2.5824936873548032
600,6,46,0,[   0   24  250  310  508  659  682  798  838  976 1046],0.08179647425235209,110.44773682616338,1.6524746228276568
601,6,46,20,[   0   24  250  310  508  659  682  798  838  976 1046],0.08179647425235209,110.44773682616338,1.6524746228276568
602,6,46,40,[   0  250  508  682  838  976 1046],0.08179647425235209,110.44773682616338,1.6524746228276568
603,6,46,60,[   0  250  508  682  838  976 1046],0.08179647425235209,110.44773682616338,1.6524746228276568
604,6,47,0,[   0  250  552  667  798  976 1046],0.03575154315062382,106.39822358613533,2.505426429648187
605,6,47,20,[   0  250  552  667  798  976 1046],0.03575154315062382,106.39822358613533,2.505426429648187
606,6,47,40,[   0  250  552  667  798  976 1046],0.03575154315062382,106.39822358613533,2.505426429648187
607,6,47,60,[   0  250  552  667  798  976 1046],0.03575154315062382,106.39822358613533,2.505426429648187
608,6,48,0,[   0  250  554  667  798  976 1046],0.0244509208907731,108.07009517931057,3.4067203507602275
609,6,48,20,[   0  250  554  667  798  976 1046],0.0244509208907731,108.07009517931057,3.4067203507602275
610,6,48,40,[   0  250  554  667  798  976 1046],0.0244509208907731,108.07009517931057,3.4067203507602275
611,6,48,60,[   0  250  554  667  798  976 1046],0.0244509208907731,108.07009517931057,3.4067203507602275
612,6,49,0,[   0  250  554  659  798  976 1046],0.024952426782321374,108.41083118044894,3.416355583404726
613,6,49,20,[   0  250  554  659  798  976 1046],0.024952426782321374,108.41083118044894,3.416355583404726
614,6,49,40,[   0  250  554  659  798  976 1046],0.024952426782321374,108.41083118044894,3.416355583404726
615,6,49,60,[   0  250  554  659  798  976 1046],0.024952426782321374,108.41083118044894,3.416355583404726
616,6,50,0,[   0  252  508  682  798  976 1046],0.09300312466048001,116.20031873681684,1.9589478683126476
617,6,50,20,[   0  252  508  682  798  976 1046],0.09300312466048001,116.20031873681684,1.9589478683126476
618,6,50,40,[   0  252  508  682  798  976 1046],0.09300312466048001,116.20031873681684,1.9589478683126476
619,6,50,60,[   0  252  508  682  798  976 1046],0.09300312466048001,116.20031873681684,1.9589478683126476
620,7,20,0,[   0   78  141  142  210  252  486  556  659  682  864 1046],0.21419108882059495,110.48836893832141,1.784748401048163
621,7,20,20,[   0   78  210  252  486  556  659  682  864 1046],0.21419108882059495,110.48836893832141,1.784748401048163
622,7,20,40,[   0   78  210  252  486  556  682  864 1046],0.21419108882059495,110.48836893832141,1.784748401048163
623,7,20,60,[   0  210  556  682  864 1046],0.21419108882059495,110.48836893832141,1.784748401048163
624,7,21,0,[   0  141  142  210  335  556  659  682  864  976 1046],0.17745627352721668,115.0989898341463,2.109680628047916
625,7,21,20,[   0  141  210  335  556  659  682  864  976 1046],0.17745627352721668,115.0989898341463,2.109680628047916
626,7,21,40,[   0  141  210  335  556  682  864  976 1046],0.17745627352721668,115.0989898341463,2.109680628047916
627,7,21,60,[   0  141  210  335  556  682  864  976 1046],0.17745627352721668,115.0989898341463,2.109680628047916
628,7,22,0,[   0  141  142  168  273  335  556  659  682  877  976 1046],0.15664056996501316,114.13745839779733,2.0805712786458233
629,7,22,20,[   0  141  168  273  335  556  659  682  877  976 1046],0.15664056996501316,114.13745839779733,2.0805712786458233
630,7,22,40,[   0  273  556  682  877  976 1046],0.15664056996501316,114.13745839779733,2.0805712786458233
631,7,22,60,[   0  273  556  682  877  976 1046],0.15664056996501316,114.13745839779733,2.0805712786458233
632,7,23,0,[   0  141  142  210  292  486  556  659  682  855 1046],0.19531312225211178,115.6447583709143,1.783763931256065
633,7,23,20,[   0   81  210  292  486  556  659  682  855 1046],0.19531312225211178,115.6447583709143,1.783763931256065
634,7,23,40,[   0   81  210  292  486  556  682  855 1046],0.19531312225211178,115.6447583709143,1.783763931256065
635,7,23,60,[   0   81  210  292  486  556  682  855 1046],0.19531312225211178,115.6447583709143,1.783763931256065
636,7,24,0,[   0  141  142  210  556  659  682  855 1046],0.19289624522838897,112.80135223683679,1.7878740935400559
637,7,24,20,[   0   81  210  556  659  682  855 1046],0.19289624522838897,112.80135223683679,1.7878740935400559
638,7,24,40,[   0  210  556  682  855 1046],0.19289624522838897,112.80135223683679,1.7878740935400559
639,7,24,60,[   0  210  556  682  855 1046],0.19289624522838897,112.80135223683679,1.7878740935400559
640,7,25,0,[   0  210  558  682  842  976 1046],0.03490470218011345,89.18392080311395,3.1393329496693947
641,7,25,20,[   0  210  558  682  842  976 1046],0.03490470218011345,89.18392080311395,3.1393329496693947
642,7,25,40,[   0  210  558  682  842  976 1046],0.03490470218011345,89.18392080311395,3.1393329496693947
643,7,25,60,[   0  210  558  682  842  976 1046],0.03490470218011345,89.18392080311395,3.1393329496693947
644,7,26,0,[   0  210  556  667  795 1046],0.05145166752201505,112.47455161343319,3.542146519694693
645,7,26,20,[   0  210  556  667  795 1046],0.05145166752201505,112.47455161343319,3.542146519694693
646,7,26,40,[   0  210  556  667  795 1046],0.05145166752201505,112.47455161343319,3.542146519694693
647,7,26,60,[   0  210  556  667  795 1046],0.05145166752201505,112.47455161343319,3.542146519694693
648,7,27,0,[   0  210  556  667  795 1046],0.056082361987114866,112.0563068696027,3.612713442812194
649,7,27,20,[   0  210  556  667  795 1046],0.056082361987114866,112.0563068696027,3.612713442812194
650,7,27,40,[   0  210  556  667  795 1046],0.056082361987114866,112.0563068696027,3.612713442812194
651,7,27,60,[   0  210  556  667  795 1046],0.056082361987114866,112.0563068696027,3.612713442812194
652,7,28,0,[   0  141  142  210  486  556  659  682  877 1046],0.21027317530576697,110.92711011453355,1.7255238076402508
653,7,28,20,[   0  124  210  486  556  659  682  877 1046],0.21027317530576697,110.92711011453355,1.7255238076402508
654,7,28,40,[   0  124  210  556  682  877 1046],0.21027317530576697,110.92711011453355,1.7255238076402508
655,7,28,60,[   0  124  210  556  682  877 1046],0.21027317530576697,110.92711011453355,1.7255238076402508
656,7,29,0,[   0   52  141  142  210  282  486  556  659  682  877 1046],0.19138882340734611,113.80787155207334,1.82811395571276
657,7,29,20,[   0   52  141  210  282  486  556  659  682  877 1046],0.19138882340734611,113.80787155207334,1.82811395571276
658,7,29,40,[   0   52  210  282  486  556  682  877 1046],0.19138882340734611,113.80787155207334,1.82811395571276
659,7,29,60,[   0  141  210  282  486  556  682  877 1046],0.19138882340734611,113.80787155207334,1.82811395571276
660,7,30,0,[   0   52  210  288  335  509  554  659  667  795  976 1046],0.04598222825633587,108.53022930037068,3.109588498514531
661,7,30,20,[   0   52  210  335  554  667  795  976 1046],0.04598222825633587,108.53022930037068,3.109588498514531
662,7,30,40,[   0   52  210  335  554  667  795  976 1046],0.04598222825633587,108.53022930037068,3.109588498514531
663,7,30,60,[   0  210  554  667  795 1046],0.04598222825633587,108.53022930037068,3.109588498514531
664,7,31,0,[   0  229  556  667  795 1046],0.05213295180965763,107.8051969629576,3.2054775037347136
665,7,31,20,[   0  229  556  667  795 1046],0.05213295180965763,107.8051969629576,3.2054775037347136
666,7,31,40,[   0  229  556  667  795 1046],0.05213295180965763,107.8051969629576,3.2054775037347136
667,7,31,60,[   0  229  556  667  795 1046],0.05213295180965763,107.8051969629576,3.2054775037347136
668,7,32,0,[   0  124  193  288  556  667  795 1046],0.05894197012691106,107.1880908484496,3.29596940520688
669,7,32,20,[   0  124  193  288  556  667  795 1046],0.05894197012691106,107.1880908484496,3.29596940520688
670,7,32,40,[   0  124  193  288  556  667  795 1046],0.05894197012691106,107.1880908484496,3.29596940520688
671,7,32,60,[   0  124  193  288  556  667  795 1046],0.05894197012691106,107.1880908484496,3.29596940520688
672,7,33,0,[   0  124  193  335  556  667  795  976 1046],0.05775243816847789,110.72421913250973,3.023512912503997
673,7,33,20,[   0  124  193  335  556  667  795  976 1046],0.05775243816847789,110.72421913250973,3.023512912503997
674,7,33,40,[   0  124  193  335  556  667  795  976 1046],0.05775243816847789,110.72421913250973,3.023512912503997
675,7,33,60,[   0  124  193  335  556  667  795  976 1046],0.05775243816847789,110.72421913250973,3.023512912503997
676,7,34,0,[   0  124  193  288  335  512  554  659  667  795 1046],0.050501075790403284,109.43685790524667,3.13264207956603
677,7,34,20,[   0  124  193  335  554  667  795 1046],0.050501075790403284,109.43685790524667,3.13264207956603
678,7,34,40,[   0  124  193  335  554  667  795 1046],0.050501075790403284,109.43685790524667,3.13264207956603
679,7,34,60,[   0  124  193  335  554  667  795 1046],0.050501075790403284,109.43685790524667,3.13264207956603
680,7,35,0,[   0  141  142  193  282  552  659  682  838 1046],0.20626063745627615,111.75083457067977,1.644566441303138
681,7,35,20,[   0  124  193  282  552  659  682  838 1046],0.20626063745627615,111.75083457067977,1.644566441303138
682,7,35,40,[   0  124  193  282  552  682  838 1046],0.20626063745627615,111.75083457067977,1.644566441303138
683,7,35,60,[   0  124  193  282  552  682  838 1046],0.20626063745627615,111.75083457067977,1.644566441303138
684,7,36,0,[   0  141  142  193  282  556  659  682  838 1046],0.2066291157570376,111.83157214546745,1.6311455728879487
685,7,36,20,[   0  124  193  282  556  659  682  838 1046],0.2066291157570376,111.83157214546745,1.6311455728879487
686,7,36,40,[   0  124  193  282  556  682  838 1046],0.2066291157570376,111.83157214546745,1.6311455728879487
687,7,36,60,[   0  124  193  282  556  682  838 1046],0.2066291157570376,111.83157214546745,1.6311455728879487
688,7,37,0,[   0  124  193  335  556  667  795 1046],0.06570134764984603,113.00862463267616,3.105243625514086
689,7,37,20,[   0  124  193  335  556  667  795 1046],0.06570134764984603,113.00862463267616,3.105243625514086
690,7,37,40,[   0  124  193  335  556  667  795 1046],0.06570134764984603,113.00862463267616,3.105243625514086
691,7,37,60,[   0  124  193  335  556  667  795 1046],0.06570134764984603,113.00862463267616,3.105243625514086
692,7,38,0,[   0  124  193  335  554  667  795  976 1046],0.0415746277052407,106.31041042544547,3.1770911804785498
693,7,38,20,[   0  124  193  335  554  667  795  976 1046],0.0415746277052407,106.31041042544547,3.1770911804785498
694,7,38,40,[   0  124  193  335  554  667  795  976 1046],0.0415746277052407,106.31041042544547,3.1770911804785498
695,7,38,60,[   0  124  193  335  554  667  795  976 1046],0.0415746277052407,106.31041042544547,3.1770911804785498
696,7,39,0,[   0  141  142  239  556  667  798  976 1046],0.05293841984535492,104.7422400925088,1.9197066830421523
697,7,39,20,[   0  239  556  667  798  976 1046],0.05293841984535492,104.7422400925088,1.9197066830421523
698,7,39,40,[   0  239  556  667  798  976 1046],0.05293841984535492,104.7422400925088,1.9197066830421523
699,7,39,60,[   0  239  556  667  798  976 1046],0.05293841984535492,104.7422400925088,1.9197066830421523
700,7,40,0,[   0   24  237  270  304  335  508  554  659  667  789 1042 1046],0.04045626508164609,110.36543262842582,3.5416499019804815
701,7,40,20,[   0  237  554  667  789 1046],0.04045626508164609,110.36543262842582,3.5416499019804815
702,7,40,40,[   0  237  554  667  789 1046],0.04045626508164609,110.36543262842582,3.5416499019804815
703,7,40,60,[   0  237  554  667  789 1046],0.04045626508164609,110.36543262842582,3.5416499019804815
704,7,41,0,[   0   24  237  270  304  335  508  554  659  667  789 1042 1046],0.040175529045561736,110.33888284901678,3.6060963210891224
705,7,41,20,[   0  237  554  667  789 1046],0.040175529045561736,110.33888284901678,3.6060963210891224
706,7,41,40,[   0  237  554  667  789 1046],0.040175529045561736,110.33888284901678,3.6060963210891224
707,7,41,60,[   0  237  554  667  789 1046],0.040175529045561736,110.33888284901678,3.6060963210891224
708,7,42,0,[   0   92  237  270  335  508  554  659  667  798  976 1046],0.04406917937661406,106.66016632468875,3.107547400252632
709,7,42,20,[   0  237  554  667  798  976 1046],0.04406917937661406,106.66016632468875,3.107547400252632
710,7,42,40,[   0  237  554  667  798  976 1046],0.04406917937661406,106.66016632468875,3.107547400252632
711,7,42,60,[   0  237  554  667  798  976 1046],0.04406917937661406,106.66016632468875,3.107547400252632
712,7,43,0,[   0   92  252  283  335  508  554  659  667  798  976 1046],0.04381512302592567,106.35862600847864,3.1677747584023073
713,7,43,20,[   0  252  554  667  798  976 1046],0.04381512302592567,106.35862600847864,3.1677747584023073
714,7,43,40,[   0  252  554  667  798  976 1046],0.04381512302592567,106.35862600847864,3.1677747584023073
715,7,43,60,[   0  252  554  667  798  976 1046],0.04381512302592567,106.35862600847864,3.1677747584023073
716,7,44,0,[   0    3  250  283  335  508  554  659  667  798  976 1046],0.01914222116410918,104.27684066082806,3.156170319061595
717,7,44,20,[   0  250  554  667  798  976 1046],0.01914222116410918,104.27684066082806,3.156170319061595
718,7,44,40,[   0  250  554  667  798  976 1046],0.01914222116410918,104.27684066082806,3.156170319061595
719,7,44,60,[   0  250  554  667  798  976 1046],0.01914222116410918,104.27684066082806,3.156170319061595
720,7,45,0,[   0  250  556  667  798  976 1046],0.043819494583738565,106.94439170828646,2.4369114874857316
721,7,45,20,[   0  250  556  667  798  976 1046],0.043819494583738565,106.94439170828646,2.4369114874857316
722,7,45,40,[   0  250  556  667  798  976 1046],0.043819494583738565,106.94439170828646,2.4369114874857316
723,7,45,60,[   0  250  556  667  798  976 1046],0.043819494583738565,106.94439170828646,2.4369114874857316
724,7,46,0,[   0   24  141  142  250  310  508  659  682  798  838  976 1046],0.08252212256292284,105.64337805246362,1.4197309379808083
725,7,46,20,[   0   24  141  250  310  508  659  682  798  838  976 1046],0.08252212256292284,105.64337805246362,1.4197309379808083
726,7,46,40,[   0  250  508  682  838  976 1046],0.08252212256292284,105.64337805246362,1.4197309379808083
727,7,46,60,[   0  250  508  682  838  976 1046],0.08252212256292284,105.64337805246362,1.4197309379808083
728,7,47,0,[   0  250  552  667  798  976 1046],0.04540773786557011,105.24485905444331,2.3799098444256237
729,7,47,20,[   0  250  552  667  798  976 1046],0.04540773786557011,105.24485905444331,2.3799098444256237
730,7,47,40,[   0  250  552  667  798  976 1046],0.04540773786557011,105.24485905444331,2.3799098444256237
731,7,47,60,[   0  250  552  667  798  976 1046],0.04540773786557011,105.24485905444331,2.3799098444256237
732,7,48,0,[   0    3  250  283  335  508  554  659  667  798  976 1046],0.01954193652770392,104.68516625663804,3.152829151588439
733,7,48,20,[   0  250  554  667  798  976 1046],0.01954193652770392,104.68516625663804,3.152829151588439
734,7,48,40,[   0  250  554  667  798  976 1046],0.01954193652770392,104.68516625663804,3.152829151588439
735,7,48,60,[   0  250  554  667  798  976 1046],0.01954193652770392,104.68516625663804,3.152829151588439
736,7,49,0,[   0  250  554  659  798  976 1046],0.020037848251207985,105.00146899885972,3.1614846254364424
737,7,49,20,[   0  250  554  659  798  976 1046],0.020037848251207985,105.00146899885972,3.1614846254364424
738,7,49,40,[   0  250  554  659  798  976 1046],0.020037848251207985,105.00146899885972,3.1614846254364424
739,7,49,60,[   0  250  554  659  798  976 1046],0.020037848251207985,105.00146899885972,3.1614846254364424
740,7,50,0,[   0  141  142  252  508  682  798  976 1046],0.09469180205848537,110.97220732183823,1.6619495947932763
741,7,50,20,[   0  252  508  682  798  976 1046],0.09469180205848537,110.97220732183823,1.6619495947932763
742,7,50,40,[   0  252  508  682  798  976 1046],0.09469180205848537,110.97220732183823,1.6619495947932763
743,7,50,60,[   0  252  508  682  798  976 1046],0.09469180205848537,110.97220732183823,1.6619495947932763
744,8,20,0,[   0  141  142  210  252  486  556  659  682  856  975 1046],0.09213216542082653,106.225480117313,1.719208677961345
745,8,20,20,[   0   78  210  252  486  556  659  682  856  975 1046],0.09213216542082653,106.225480117313,1.719208677961345
746,8,20,40,[   0  210  556  682  856  975 1046],0.09213216542082653,106.225480117313,1.719208677961345
747,8,20,60,[   0  210  556  682  856  975 1046],0.09213216542082653,106.225480117313,1.719208677961345
748,8,21,0,[   0  141  142  210  335  556  659  682  864  976 1046],0.17752291332911896,111.0451786030127,2.045467650078204
749,8,21,20,[   0   78  210  335  556  659  682  864  976 1046],0.17752291332911896,111.0451786030127,2.045467650078204
750,8,21,40,[   0  210  556  682  864  976 1046],0.17752291332911896,111.0451786030127,2.045467650078204
751,8,21,60,[   0  210  556  682  864  976 1046],0.17752291332911896,111.0451786030127,2.045467650078204
752,8,22,0,[   0  141  142  210  335  556  659  682  877  976 1046],0.15716499048441476,110.15865186831198,2.035349199097182
753,8,22,20,[   0   81  210  273  335  556  659  682  877  976 1046],0.15716499048441476,110.15865186831198,2.035349199097182
754,8,22,40,[   0   81  210  335  556  682  877  976 1046],0.15716499048441476,110.15865186831198,2.035349199097182
755,8,22,60,[   0   81  210  335  556  682  877  976 1046],0.15716499048441476,110.15865186831198,2.035349199097182
756,8,23,0,[   0  141  142  210  292  486  556  659  682  855  976 1046],0.20579189556697167,111.53913839594559,2.1661633949050425
757,8,23,20,[   0   81  210  292  486  556  659  682  855  976 1046],0.20579189556697167,111.53913839594559,2.1661633949050425
758,8,23,40,[   0  210  556  682  855  976 1046],0.20579189556697167,111.53913839594559,2.1661633949050425
759,8,23,60,[   0  210  556  682  855  976 1046],0.20579189556697167,111.53913839594559,2.1661633949050425
760,8,24,0,[   0  141  142  210  556  659  682  855  976 1046],0.2045069619480791,109.02473160335406,2.1823912980254185
761,8,24,20,[   0   81  210  556  659  682  855  976 1046],0.2045069619480791,109.02473160335406,2.1823912980254185
762,8,24,40,[   0  210  556  682  855  976 1046],0.2045069619480791,109.02473160335406,2.1823912980254185
763,8,24,60,[   0  210  556  682  855  976 1046],0.2045069619480791,109.02473160335406,2.1823912980254185
764,8,25,0,[   0  141  142  210  558  647  682  842  976 1046],0.038058861976166,88.18289501884449,2.758975547731314
765,8,25,20,[   0  141  210  558  647  682  842  976 1046],0.038058861976166,88.18289501884449,2.758975547731314
766,8,25,40,[   0  210  558  682  842  976 1046],0.038058861976166,88.18289501884449,2.758975547731314
767,8,25,60,[   0  210  558  682  842  976 1046],0.038058861976166,88.18289501884449,2.758975547731314
768,8,26,0,[   0  141  142  210  335  556  667  795  976 1046],0.05182644350360358,109.9488571040965,3.108745149679316
769,8,26,20,[   0  141  210  335  556  667  795  976 1046],0.05182644350360358,109.9488571040965,3.108745149679316
770,8,26,40,[   0  141  210  335  556  667  795  976 1046],0.05182644350360358,109.9488571040965,3.108745149679316
771,8,26,60,[   0  141  210  335  556  667  795  976 1046],0.05182644350360358,109.9488571040965,3.108745149679316
772,8,27,0,[   0  141  142  210  556  667  795 1046],0.05617032951982266,109.4833771383066,3.1692712853548066
773,8,27,20,[   0  210  556  667  795 1046],0.05617032951982266,109.4833771383066,3.1692712853548066
774,8,27,40,[   0  210  556  667  795 1046],0.05617032951982266,109.4833771383066,3.1692712853548066
775,8,27,60,[   0  141  210  292  556  667  795 1046],0.05617032951982266,109.4833771383066,3.1692712853548066
776,8,28,0,[   0  141  142  210  486  556  659  682  842  976 1046],0.0742000256868776,106.16761956680254,1.713066699548878
777,8,28,20,[   0  124  210  486  556  659  682  842  976 1046],0.0742000256868776,106.16761956680254,1.713066699548878
778,8,28,40,[   0  210  556  682  842  976 1046],0.0742000256868776,106.16761956680254,1.713066699548878
779,8,28,60,[   0  210  556  682  842  976 1046],0.0742000256868776,106.16761956680254,1.713066699548878
780,8,29,0,[   0   52  141  142  210  282  486  556  659  682  795  877  976 1046],0.07648740775268638,108.06733161258268,1.8227648332443627
781,8,29,20,[   0   52  141  210  282  486  556  659  682  795  877  976 1046],0.07648740775268638,108.06733161258268,1.8227648332443627
782,8,29,40,[   0   52  210  282  486  556  682  795  877  976 1046],0.07648740775268638,108.06733161258268,1.8227648332443627
783,8,29,60,[   0  141  210  282  486  556  682  795  877  976 1046],0.07648740775268638,108.06733161258268,1.8227648332443627
784,8,30,0,[   0  141  142  210  335  554  667  795  976 1046],0.045892057660741205,106.12077689259557,2.7301269203944294
785,8,30,20,[   0   52  210  335  554  667  795  976 1046],0.045892057660741205,106.12077689259557,2.7301269203944294
786,8,30,40,[   0   52  210  335  554  667  795  976 1046],0.045892057660741205,106.12077689259557,2.7301269203944294
787,8,30,60,[   0  141  210  335  554  667  795  976 1046],0.045892057660741205,106.12077689259557,2.7301269203944294
788,8,31,0,[   0  141  142  229  556  667  795  976 1046],0.05227208670692692,105.47979561134402,2.807860069828404
789,8,31,20,[   0  229  556  667  795 1046],0.05227208670692692,105.47979561134402,2.807860069828404
790,8,31,40,[   0  229  556  667  795 1046],0.05227208670692692,105.47979561134402,2.807860069828404
791,8,31,60,[   0  229  556  667  795 1046],0.05227208670692692,105.47979561134402,2.807860069828404
792,8,32,0,[   0  141  142  193  288  556  667  795 1046],0.05978888447596029,104.6183353209254,2.8769299020457355
793,8,32,20,[   0  124  193  288  556  667  795 1046],0.05978888447596029,104.6183353209254,2.8769299020457355
794,8,32,40,[   0  124  193  288  556  667  795 1046],0.05978888447596029,104.6183353209254,2.8769299020457355
795,8,32,60,[   0  124  193  288  556  667  795 1046],0.05978888447596029,104.6183353209254,2.8769299020457355
796,8,33,0,[   0  141  142  193  335  556  667  795  976 1046],0.05861825896613899,107.98098460251607,2.638770821806129
797,8,33,20,[   0  124  193  335  556  667  795  976 1046],0.05861825896613899,107.98098460251607,2.638770821806129
798,8,33,40,[   0  124  193  335  556  667  795  976 1046],0.05861825896613899,107.98098460251607,2.638770821806129
799,8,33,60,[   0  124  193  335  556  667  795  976 1046],0.05861825896613899,107.98098460251607,2.638770821806129
800,8,34,0,[   0  141  142  193  335  554  667  795 1046],0.051366814611265105,106.75625500785424,2.734634137894614
801,8,34,20,[   0  124  193  335  554  667  795 1046],0.051366814611265105,106.75625500785424,2.734634137894614
802,8,34,40,[   0  124  193  335  554  667  795 1046],0.051366814611265105,106.75625500785424,2.734634137894614
803,8,34,60,[   0  124  193  335  554  667  795 1046],0.051366814611265105,106.75625500785424,2.734634137894614
804,8,35,0,[   0  124  141  142  193  282  512  552  659  682  798  838  976 1046],0.09636581792985716,107.88827118861889,1.6492171745972177
805,8,35,20,[   0  124  193  282  512  552  659  682  798  838  976 1046],0.09636581792985716,107.88827118861889,1.6492171745972177
806,8,35,40,[   0  124  193  282  552  682  838  976 1046],0.09636581792985716,107.88827118861889,1.6492171745972177
807,8,35,60,[   0  124  193  282  552  682  838  976 1046],0.09636581792985716,107.88827118861889,1.6492171745972177
808,8,36,0,[   0  141  142  193  282  556  659  682  798  838  976 1046],0.10022155670689055,108.57591591532928,1.657751341126795
809,8,36,20,[   0  124  193  282  556  659  682  798  838  976 1046],0.10022155670689055,108.57591591532928,1.657751341126795
810,8,36,40,[   0  124  193  282  556  682  838  976 1046],0.10022155670689055,108.57591591532928,1.657751341126795
811,8,36,60,[   0  124  193  282  556  682  838  976 1046],0.10022155670689055,108.57591591532928,1.657751341126795
812,8,37,0,[   0  141  142  193  335  556  667  795 1046],0.0665694426582606,110.15573258010974,2.709347442597476
813,8,37,20,[   0  124  193  335  556  667  795 1046],0.0665694426582606,110.15573258010974,2.709347442597476
814,8,37,40,[   0  124  193  335  556  667  795 1046],0.0665694426582606,110.15573258010974,2.709347442597476
815,8,37,60,[   0  124  193  335  556  667  795 1046],0.0665694426582606,110.15573258010974,2.709347442597476
816,8,38,0,[   0  141  142  193  335  554  667  795  976 1046],0.042437279215851595,103.78441522393277,2.772892200940009
817,8,38,20,[   0  124  193  335  554  667  795  976 1046],0.042437279215851595,103.78441522393277,2.772892200940009
818,8,38,40,[   0  124  193  335  554  667  795  976 1046],0.042437279215851595,103.78441522393277,2.772892200940009
819,8,38,60,[   0  124  193  335  554  667  795  976 1046],0.042437279215851595,103.78441522393277,2.772892200940009
820,8,39,0,[   0  141  142  239  556  667  798  976 1046],0.03897696348530232,102.95290310135952,2.3681439185668216
821,8,39,20,[   0  239  556  667  798  976 1046],0.03897696348530232,102.95290310135952,2.3681439185668216
822,8,39,40,[   0  239  556  667  798  976 1046],0.03897696348530232,102.95290310135952,2.3681439185668216
823,8,39,60,[   0  239  556  667  798  976 1046],0.03897696348530232,102.95290310135952,2.3681439185668216
824,8,40,0,[   0   24  141  142  237  270  335  508  554  659  667  789 1046],0.04138257438307744,107.99580455278604,3.101329246775067
825,8,40,20,[   0  237  554  667  789 1046],0.04138257438307744,107.99580455278604,3.101329246775067
826,8,40,40,[   0  237  554  667  789 1046],0.04138257438307744,107.99580455278604,3.101329246775067
827,8,40,60,[   0  237  554  667  789 1046],0.04138257438307744,107.99580455278604,3.101329246775067
828,8,41,0,[   0   24  141  142  237  270  335  508  554  659  667  789 1046],0.041089194751421164,107.97047347007529,3.1577518761897063
829,8,41,20,[   0  237  554  667  789 1046],0.041089194751421164,107.97047347007529,3.1577518761897063
830,8,41,40,[   0  237  554  667  789 1046],0.041089194751421164,107.97047347007529,3.1577518761897063
831,8,41,60,[   0  237  554  667  789 1046],0.041089194751421164,107.97047347007529,3.1577518761897063
832,8,42,0,[   0  141  142  237  554  667  798  976 1046],0.04571668581122221,104.47973603494454,2.7245435271415666
833,8,42,20,[   0  237  554  667  798  976 1046],0.04571668581122221,104.47973603494454,2.7245435271415666
834,8,42,40,[   0  237  554  667  798  976 1046],0.04571668581122221,104.47973603494454,2.7245435271415666
835,8,42,60,[   0  237  554  667  798  976 1046],0.04571668581122221,104.47973603494454,2.7245435271415666
836,8,43,0,[   0  141  142  252  554  667  798  976 1046],0.04551762311546664,104.18371181226013,2.776615582017369
837,8,43,20,[   0  252  554  667  798  976 1046],0.04551762311546664,104.18371181226013,2.776615582017369
838,8,43,40,[   0  252  554  667  798  976 1046],0.04551762311546664,104.18371181226013,2.776615582017369
839,8,43,60,[   0  252  554  667  798  976 1046],0.04551762311546664,104.18371181226013,2.776615582017369
840,8,44,0,[   0  141  142  250  554  667  798  976 1046],0.02139981559928438,102.31297913368837,2.7682106730318017
841,8,44,20,[   0  250  554  667  798  976 1046],0.02139981559928438,102.31297913368837,2.7682106730318017
842,8,44,40,[   0  250  554  667  798  976 1046],0.02139981559928438,102.31297913368837,2.7682106730318017
843,8,44,60,[   0  250  554  667  798  976 1046],0.02139981559928438,102.31297913368837,2.7682106730318017
844,8,45,0,[   0  141  142  250  556  667  798  976 1046],0.044723068295988176,104.71240427113074,2.1380972066255213
845,8,45,20,[   0  250  556  667  798  976 1046],0.044723068295988176,104.71240427113074,2.1380972066255213
846,8,45,40,[   0  250  556  667  798  976 1046],0.044723068295988176,104.71240427113074,2.1380972066255213
847,8,45,60,[   0  250  556  667  798  976 1046],0.044723068295988176,104.71240427113074,2.1380972066255213
848,8,46,0,[   0   24  141  142  250  310  508  552  659  682  798  838  976 1046],0.08445253899113611,102.92862404108605,1.7112221148290037
849,8,46,20,[   0   24  141  250  283  310  508  552  659  682  798  838  976 1046],0.08445253899113611,102.92862404108605,1.7112221148290037
850,8,46,40,[   0  250  552  682  838  976 1046],0.08445253899113611,102.92862404108605,1.7112221148290037
851,8,46,60,[   0  250  552  682  838  976 1046],0.08445253899113611,102.92862404108605,1.7112221148290037
852,8,47,0,[   0  141  142  250  552  667  798  976 1046],0.046094667977855816,103.08670436053082,2.0895855028898795
853,8,47,20,[   0  250  552  667  798  976 1046],0.046094667977855816,103.08670436053082,2.0895855028898795
854,8,47,40,[   0  250  552  667  798  976 1046],0.046094667977855816,103.08670436053082,2.0895855028898795
855,8,47,60,[   0  250  552  667  798  976 1046],0.046094667977855816,103.08670436053082,2.0895855028898795
856,8,48,0,[   0  141  142  250  554  667  798  976 1046],0.021883748449430966,102.69527339706505,2.7655504968318
857,8,48,20,[   0  250  554  667  798  976 1046],0.021883748449430966,102.69527339706505,2.7655504968318
858,8,48,40,[   0  250  554  667  798  976 1046],0.021883748449430966,102.69527339706505,2.7655504968318
859,8,48,60,[   0  250  554  667  798  976 1046],0.021883748449430966,102.69527339706505,2.7655504968318
860,8,49,0,[   0  141  142  250  554  659  798  976 1046],0.02237715812833337,102.99667820606572,2.7731240364488023
861,8,49,20,[   0  250  554  659  798  976 1046],0.02237715812833337,102.99667820606572,2.7731240364488023
862,8,49,40,[   0  250  554  659  798  976 1046],0.02237715812833337,102.99667820606572,2.7731240364488023
863,8,49,60,[   0  250  554  659  798  976 1046],0.02237715812833337,102.99667820606572,2.7731240364488023
864,8,50,0,[   0  141  142  252  332  508  560  659  682  798  910  976 1046],0.08407051749753185,107.7444919988384,1.7878249123727945
865,8,50,20,[   0   92  252  283  332  508  560  659  682  798  910  976 1046],0.08407051749753185,107.7444919988384,1.7878249123727945
866,8,50,40,[   0   92  252  332  508  560  682  798  910  976 1046],0.08407051749753185,107.7444919988384,1.7878249123727945
867,8,50,60,[   0  252  560  682  798 1046],0.08407051749753185,107.7444919988384,1.7878249123727945
868,9,20,0,[   0  141  142  210  252  253  486  556  659  682  856  975 1046],0.0940427981897095,102.71710978156453,1.5262977448034638
869,9,20,20,[   0   78  210  265  486  556  659  682  856  975 1046],0.0940427981897095,102.71710978156453,1.5262977448034638
870,9,20,40,[   0   78  210  265  486  556  682  856  975 1046],0.0940427981897095,102.71710978156453,1.5262977448034638
871,9,20,60,[   0  210  556  682  856  975 1046],0.0940427981897095,102.71710978156453,1.5262977448034638
872,9,21,0,[   0  141  142  210  252  253  335  556  659  682  864  976 1046],0.176568425478706,107.2884272925939,1.8324104553385712
873,9,21,20,[   0   78  210  335  556  659  682  864  976 1046],0.176568425478706,107.2884272925939,1.8324104553385712
874,9,21,40,[   0  210  556  682  864  976 1046],0.176568425478706,107.2884272925939,1.8324104553385712
875,9,21,60,[   0  210  556  682  864  976 1046],0.176568425478706,107.2884272925939,1.8324104553385712
876,9,22,0,[   0  141  142  210  252  253  335  556  659  682  877  976 1046],0.1566393207992047,106.47562833649144,1.8238310639016915
877,9,22,20,[   0   81  210  273  335  556  659  682  877  976 1046],0.1566393207992047,106.47562833649144,1.8238310639016915
878,9,22,40,[   0   81  210  335  556  682  877  976 1046],0.1566393207992047,106.47562833649144,1.8238310639016915
879,9,22,60,[   0   81  210  335  556  682  877  976 1046],0.1566393207992047,106.47562833649144,1.8238310639016915
880,9,23,0,[   0  141  142  210  252  253  486  556  659  682  855  976 1046],0.20802957888386153,107.77850807014715,1.9234100727514705
881,9,23,20,[   0   81  210  292  486  556  659  682  855  976 1046],0.20802957888386153,107.77850807014715,1.9234100727514705
882,9,23,40,[   0  210  556  682  855  976 1046],0.20802957888386153,107.77850807014715,1.9234100727514705
883,9,23,60,[   0  210  556  682  855  976 1046],0.20802957888386153,107.77850807014715,1.9234100727514705
884,9,24,0,[   0  141  142  210  252  253  556  659  682  855  976 1046],0.20363349488882718,105.35189753033072,1.9514679902596184
885,9,24,20,[   0   81  210  253  556  659  682  855  976 1046],0.20363349488882718,105.35189753033072,1.9514679902596184
886,9,24,40,[   0  210  556  682  855  976 1046],0.20363349488882718,105.35189753033072,1.9514679902596184
887,9,24,60,[   0  210  556  682  855  976 1046],0.20363349488882718,105.35189753033072,1.9514679902596184
888,9,25,0,[   0  141  142  210  558  647  682  842  976 1046],0.0458236913612732,87.22490918663102,2.5706217161011113
889,9,25,20,[   0  124  210  558  647  682  842  976 1046],0.0458236913612732,87.22490918663102,2.5706217161011113
890,9,25,40,[   0  210  558  682  842  976 1046],0.0458236913612732,87.22490918663102,2.5706217161011113
891,9,25,60,[   0  210  558  682  842  976 1046],0.0458236913612732,87.22490918663102,2.5706217161011113
892,9,26,0,[   0  141  142  210  252  253  556  667  795  976 1046],0.053523627567297796,106.27335884646075,2.7713399357840722
893,9,26,20,[   0  141  210  335  556  667  795  976 1046],0.053523627567297796,106.27335884646075,2.7713399357840722
894,9,26,40,[   0  141  210  335  556  667  795  976 1046],0.053523627567297796,106.27335884646075,2.7713399357840722
895,9,26,60,[   0  141  210  335  556  667  795  976 1046],0.053523627567297796,106.27335884646075,2.7713399357840722
896,9,27,0,[   0  141  142  210  252  253  556  667  795 1046],0.05782429554843544,105.82910925468123,2.825173664788037
897,9,27,20,[   0  210  556  667  795 1046],0.05782429554843544,105.82910925468123,2.825173664788037
898,9,27,40,[   0  210  556  667  795 1046],0.05782429554843544,105.82910925468123,2.825173664788037
899,9,27,60,[   0  141  210  292  556  667  795 1046],0.05782429554843544,105.82910925468123,2.825173664788037
900,9,28,0,[   0  141  142  210  486  556  659  682  842  976 1046],0.07441670788864682,103.96082662137749,1.800209647611189
901,9,28,20,[   0  124  210  486  556  659  682  842  976 1046],0.07441670788864682,103.96082662137749,1.800209647611189
902,9,28,40,[   0  210  556  682  842  976 1046],0.07441670788864682,103.96082662137749,1.800209647611189
903,9,28,60,[   0  210  556  682  842  976 1046],0.07441670788864682,103.96082662137749,1.800209647611189
904,9,29,0,[   0   52  141  142  210  282  486  556  659  682  795  877  976 1046],0.07634413844514538,105.6515942228762,1.8690440555197796
905,9,29,20,[   0   52  141  210  282  486  556  659  682  795  877  976 1046],0.07634413844514538,105.6515942228762,1.8690440555197796
906,9,29,40,[   0   52  210  282  486  556  682  795  877  976 1046],0.07634413844514538,105.6515942228762,1.8690440555197796
907,9,29,60,[   0  141  210  282  486  556  682  795  877  976 1046],0.07634413844514538,105.6515942228762,1.8690440555197796
908,9,30,0,"[   0   52  141  142  210  288  335  509  554  659  682  795  838  976
 1046]",0.050772868082757626,103.33306976644013,2.61392805785724
909,9,30,20,[   0   52  141  210  288  335  509  554  659  682  795  838  976 1046],0.050772868082757626,103.33306976644013,2.61392805785724
910,9,30,40,[   0   52  210  335  554  682  795  838  976 1046],0.050772868082757626,103.33306976644013,2.61392805785724
911,9,30,60,[   0  210  554  682  838  976 1046],0.050772868082757626,103.33306976644013,2.61392805785724
912,9,31,0,[   0  141  142  229  288  556  659  682  795  838  976 1046],0.04889378643473031,103.75815058927061,3.24348504681082
913,9,31,20,[   0   52  229  288  556  659  682  795  838  976 1046],0.04889378643473031,103.75815058927061,3.24348504681082
914,9,31,40,[   0  229  556  682  838  976 1046],0.04889378643473031,103.75815058927061,3.24348504681082
915,9,31,60,[   0  229  556  682  838  976 1046],0.04889378643473031,103.75815058927061,3.24348504681082
916,9,32,0,[   0  141  142  193  288  556  667  795 1046],0.04531827602767544,102.3621005748319,2.613558627649659
917,9,32,20,[   0  124  193  288  485  556  667  795 1046],0.04531827602767544,102.3621005748319,2.613558627649659
918,9,32,40,[   0  124  193  262  485  556  667  795 1046],0.04531827602767544,102.3621005748319,2.613558627649659
919,9,32,60,[   0  124  193  262  485  556  667  795 1046],0.04531827602767544,102.3621005748319,2.613558627649659
920,9,33,0,[   0  141  142  193  288  335  556  659  682  795  838  976 1046],0.055279930260494006,106.09621108115054,2.567747421649036
921,9,33,20,[   0  124  193  288  335  556  659  682  795  838  976 1046],0.055279930260494006,106.09621108115054,2.567747421649036
922,9,33,40,[   0  124  193  335  556  682  795  838  976 1046],0.055279930260494006,106.09621108115054,2.567747421649036
923,9,33,60,[   0  124  193  335  556  682  838  976 1046],0.055279930260494006,106.09621108115054,2.567747421649036
924,9,34,0,[   0  124  141  142  193  288  335  512  554  659  682  795  838 1046],0.04819220543049182,103.92880666646708,2.6668225480389878
925,9,34,20,[   0  124  193  288  335  512  554  659  682  795  838 1046],0.04819220543049182,103.92880666646708,2.6668225480389878
926,9,34,40,[   0  124  193  335  554  682  795 1046],0.04819220543049182,103.92880666646708,2.6668225480389878
927,9,34,60,[   0  124  193  335  554  682  795 1046],0.04819220543049182,103.92880666646708,2.6668225480389878
928,9,35,0,"[   0  124  141  142  193  252  253  282  512  552  659  682  798  838
  976 1046]",0.09795452362603242,104.25240053063389,1.4749888261773174
929,9,35,20,[   0  124  193  282  512  552  659  682  798  838  976 1046],0.09795452362603242,104.25240053063389,1.4749888261773174
930,9,35,40,[   0  124  193  282  552  682  838  976 1046],0.09795452362603242,104.25240053063389,1.4749888261773174
931,9,35,60,[   0  124  193  282  552  682  838  976 1046],0.09795452362603242,104.25240053063389,1.4749888261773174
932,9,36,0,[   0  141  142  193  252  253  556  659  682  798  838  976 1046],0.10180450617606916,104.89764008315717,1.4790508320922582
933,9,36,20,[   0  124  193  282  556  659  682  798  838  976 1046],0.10180450617606916,104.89764008315717,1.4790508320922582
934,9,36,40,[   0  124  193  282  556  682  838  976 1046],0.10180450617606916,104.89764008315717,1.4790508320922582
935,9,36,60,[   0  124  193  282  556  682  838  976 1046],0.10180450617606916,104.89764008315717,1.4790508320922582
936,9,37,0,[   0  141  142  252  253  556  667  795 1046],0.06799686461996618,106.46372175488119,2.4219350453413186
937,9,37,20,[   0  124  193  335  556  667  795 1046],0.06799686461996618,106.46372175488119,2.4219350453413186
938,9,37,40,[   0  124  193  335  556  667  795 1046],0.06799686461996618,106.46372175488119,2.4219350453413186
939,9,37,60,[   0  124  193  335  556  667  795 1046],0.06799686461996618,106.46372175488119,2.4219350453413186
940,9,38,0,[   0  141  142  193  335  508  554  659  682  795  838  976 1046],0.039369075878875594,101.37740310911097,2.7337034324612053
941,9,38,20,[   0  124  193  335  508  554  659  682  795  838  976 1046],0.039369075878875594,101.37740310911097,2.7337034324612053
942,9,38,40,[   0  124  193  335  554  682  795  838  976 1046],0.039369075878875594,101.37740310911097,2.7337034324612053
943,9,38,60,[   0  124  193  335  554  682  838  976 1046],0.039369075878875594,101.37740310911097,2.7337034324612053
944,9,39,0,[   0  141  142  239  556  659  682  798  838  976 1046],0.03928062363396372,101.99441860356913,2.7456189142156475
945,9,39,20,[   0  141  239  556  659  682  798  838  976 1046],0.03928062363396372,101.99441860356913,2.7456189142156475
946,9,39,40,[   0  239  556  682  838  976 1046],0.03928062363396372,101.99441860356913,2.7456189142156475
947,9,39,60,[   0  239  556  682  838  976 1046],0.03928062363396372,101.99441860356913,2.7456189142156475
948,9,40,0,[   0  141  142  252  253  554  667  789 1046],0.04304670082945647,104.40418345904241,2.7672932624488173
949,9,40,20,[   0  237  554  667  789 1046],0.04304670082945647,104.40418345904241,2.7672932624488173
950,9,40,40,[   0  237  554  667  789 1046],0.04304670082945647,104.40418345904241,2.7672932624488173
951,9,40,60,[   0  237  554  667  789 1046],0.04304670082945647,104.40418345904241,2.7672932624488173
952,9,41,0,[   0  141  142  252  253  554  667  789 1046],0.04274872981828278,104.38001951409579,2.817491276629843
953,9,41,20,[   0  237  554  667  789 1046],0.04274872981828278,104.38001951409579,2.817491276629843
954,9,41,40,[   0  237  554  667  789 1046],0.04274872981828278,104.38001951409579,2.817491276629843
955,9,41,60,[   0  237  554  667  789 1046],0.04274872981828278,104.38001951409579,2.817491276629843
956,9,42,0,[   0  141  142  237  335  554  659  682  798  976 1046],0.04941792016466016,101.76366424357214,2.869032908445127
957,9,42,20,[   0   92  237  270  335  508  554  659  682  798  976 1046],0.04941792016466016,101.76366424357214,2.869032908445127
958,9,42,40,[   0  237  554  682  798 1046],0.04941792016466016,101.76366424357214,2.869032908445127
959,9,42,60,[   0  237  554  682  798 1046],0.04941792016466016,101.76366424357214,2.869032908445127
960,9,43,0,"[   0   92  141  142  252  283  335  508  554  659  682  798  838  976
 1046]",0.04920488411686217,101.81490468321779,2.867897069777911
961,9,43,20,[   0   92  142  252  283  335  508  554  659  682  798  838  976 1046],0.04920488411686217,101.81490468321779,2.867897069777911
962,9,43,40,[   0  252  554  682  838  976 1046],0.04920488411686217,101.81490468321779,2.867897069777911
963,9,43,60,[   0  252  554  682  838  976 1046],0.04920488411686217,101.81490468321779,2.867897069777911
964,9,44,0,[   0  141  142  250  283  335  508  554  659  682  798  838  976 1046],0.02770272583934345,100.01717423756669,2.631874533205968
965,9,44,20,[   0  141  250  283  335  508  554  659  682  798  838  976 1046],0.02770272583934345,100.01717423756669,2.631874533205968
966,9,44,40,[   0  250  554  682  838  976 1046],0.02770272583934345,100.01717423756669,2.631874533205968
967,9,44,60,[   0  250  554  682  838  976 1046],0.02770272583934345,100.01717423756669,2.631874533205968
968,9,45,0,[   0   24  141  142  250  310  556  659  682  798  838  976 1046],0.05122129359765864,101.94877053209377,2.034495617908691
969,9,45,20,[   0   24  141  250  310  556  659  682  798  838  976 1046],0.05122129359765864,101.94877053209377,2.034495617908691
970,9,45,40,[   0  250  556  682  838  976 1046],0.05122129359765864,101.94877053209377,2.034495617908691
971,9,45,60,[   0  250  556  682  838  976 1046],0.05122129359765864,101.94877053209377,2.034495617908691
972,9,46,0,[   0   24  141  142  250  310  508  552  659  682  798  838  976 1046],0.05134709525764155,100.4988863102668,2.005057168039398
973,9,46,20,[   0   24  141  250  283  310  508  552  659  682  798  838  976 1046],0.05134709525764155,100.4988863102668,2.005057168039398
974,9,46,40,[   0  250  552  682  838  976 1046],0.05134709525764155,100.4988863102668,2.005057168039398
975,9,46,60,[   0  250  552  682  838  976 1046],0.05134709525764155,100.4988863102668,2.005057168039398
976,9,47,0,[   0   24  141  142  250  310  508  552  659  682  798  838  976 1046],0.052174000219748135,100.71538043850485,2.0052360427328124
977,9,47,20,[   0   24  141  250  283  310  508  552  659  682  798  838  976 1046],0.052174000219748135,100.71538043850485,2.0052360427328124
978,9,47,40,[   0  250  552  682  838  976 1046],0.052174000219748135,100.71538043850485,2.0052360427328124
979,9,47,60,[   0  250  552  682  838  976 1046],0.052174000219748135,100.71538043850485,2.0052360427328124
980,9,48,0,[   0  141  142  250  283  335  508  554  659  682  798  838  976 1046],0.024134679143356506,100.62105164127196,2.743243390745866
981,9,48,20,[   0  141  250  283  335  508  554  659  682  798  838  976 1046],0.024134679143356506,100.62105164127196,2.743243390745866
982,9,48,40,[   0  250  554  682  838  976 1046],0.024134679143356506,100.62105164127196,2.743243390745866
983,9,48,60,[   0  250  554  682  838  976 1046],0.024134679143356506,100.62105164127196,2.743243390745866
984,9,49,0,[   0  141  142  250  283  335  508  554  659  682  798  838  976 1046],0.024781156682932026,101.0182396527751,2.7398983903535323
985,9,49,20,[   0  141  250  283  335  508  554  659  682  798  838  976 1046],0.024781156682932026,101.0182396527751,2.7398983903535323
986,9,49,40,[   0  250  554  682  838  976 1046],0.024781156682932026,101.0182396527751,2.7398983903535323
987,9,49,60,[   0  250  554  682  838  976 1046],0.024781156682932026,101.0182396527751,2.7398983903535323
988,9,50,0,[   0  141  142  252  253  332  508  560  659  682  798  910  976 1046],0.08652585246189289,104.23030749503282,1.6143895032326867
989,9,50,20,[   0   92  252  283  332  508  560  659  682  798  910  976 1046],0.08652585246189289,104.23030749503282,1.6143895032326867
990,9,50,40,[   0   92  252  332  508  560  682  798  910  976 1046],0.08652585246189289,104.23030749503282,1.6143895032326867
991,9,50,60,[   0  252  560  682  798 1046],0.08652585246189289,104.23030749503282,1.6143895032326867
992,10,20,0,[   0  141  142  210  252  253  486  556  659  682  856  976 1046],0.10398078439846219,100.2555553831966,1.9244255250830418
993,10,20,20,[   0   78  210  265  486  556  659  682  856  976 1046],0.10398078439846219,100.2555553831966,1.9244255250830418
994,10,20,40,[   0   78  210  265  486  556  682  856  976 1046],0.10398078439846219,100.2555553831966,1.9244255250830418
995,10,20,60,[   0  210  556  682  856  976 1046],0.10398078439846219,100.2555553831966,1.9244255250830418
996,10,21,0,[   0  141  142  210  252  253  335  486  556  659  682  864  976 1046],0.1222369840012173,104.4519415649031,1.9834576862686215
997,10,21,20,[   0   78  210  253  335  486  556  659  682  864  976 1046],0.1222369840012173,104.4519415649031,1.9834576862686215
998,10,21,40,[   0  210  556  682  864  976 1046],0.1222369840012173,104.4519415649031,1.9834576862686215
999,10,21,60,[   0  210  556  682  864  976 1046],0.1222369840012173,104.4519415649031,1.9834576862686215
1000,10,22,0,[   0  141  142  210  252  253  335  486  556  659  682  877  976 1046],0.11298391086705586,104.39334525821873,2.010887933299857
1001,10,22,20,[   0   81  210  273  335  486  556  659  682  877  976 1046],0.11298391086705586,104.39334525821873,2.010887933299857
1002,10,22,40,[   0   81  210  273  486  556  682  877  976 1046],0.11298391086705586,104.39334525821873,2.010887933299857
1003,10,22,60,[   0   81  210  273  486  556  682  877  976 1046],0.11298391086705586,104.39334525821873,2.010887933299857
1004,10,23,0,[   0  141  142  210  252  253  486  556  659  682  855  976 1046],0.10663148731411096,103.82140983698994,1.8708216940940878
1005,10,23,20,[   0   81  210  292  486  556  659  682  855  976 1046],0.10663148731411096,103.82140983698994,1.8708216940940878
1006,10,23,40,[   0  210  556  682  855  976 1046],0.10663148731411096,103.82140983698994,1.8708216940940878
1007,10,23,60,[   0  210  556  682  855  976 1046],0.10663148731411096,103.82140983698994,1.8708216940940878
1008,10,24,0,[   0  141  142  210  252  253  556  659  682  855  976 1046],0.08370773276593757,101.30271750910123,1.8927765608714555
1009,10,24,20,[   0   81  210  253  556  659  682  855  976 1046],0.08370773276593757,101.30271750910123,1.8927765608714555
1010,10,24,40,[   0  210  556  682  855  976 1046],0.08370773276593757,101.30271750910123,1.8927765608714555
1011,10,24,60,[   0  210  556  682  855  976 1046],0.08370773276593757,101.30271750910123,1.8927765608714555
1012,10,25,0,[   0  141  142  210  558  647  682  842  976 1046],0.011012043695291086,86.82372243233873,2.5275638420956823
1013,10,25,20,[   0  124  210  558  647  682  842  976 1046],0.011012043695291086,86.82372243233873,2.5275638420956823
1014,10,25,40,[   0  210  558  682  842  976 1046],0.011012043695291086,86.82372243233873,2.5275638420956823
1015,10,25,60,[   0  210  558  682  842  976 1046],0.011012043695291086,86.82372243233873,2.5275638420956823
1016,10,26,0,"[   0   24  141  142  210  252  253  335  556  659  682  795  838  976
 1046]",0.05552991764355796,103.30497625452811,2.7439260708795934
1017,10,26,20,[   0   24  141  210  288  335  556  659  682  795  838  976 1046],0.05552991764355796,103.30497625452811,2.7439260708795934
1018,10,26,40,[   0  141  210  335  556  682  795  838  976 1046],0.05552991764355796,103.30497625452811,2.7439260708795934
1019,10,26,60,[   0  210  556  682  838  976 1046],0.05552991764355796,103.30497625452811,2.7439260708795934
1020,10,27,0,[   0  141  142  210  252  253  556  659  682  795 1046],0.05876255654239617,102.92687699622003,2.7976329509629947
1021,10,27,20,[   0   52  141  210  292  349  556  659  682  795  838 1046],0.05876255654239617,102.92687699622003,2.7976329509629947
1022,10,27,40,[   0  210  556  682  795 1046],0.05876255654239617,102.92687699622003,2.7976329509629947
1023,10,27,60,[   0  210  556  682  795 1046],0.05876255654239617,102.92687699622003,2.7976329509629947
1024,10,28,0,[   0  141  142  210  252  253  486  556  659  682  842  976 1046],0.07630499951298186,101.9732778767008,1.6162354398819787
1025,10,28,20,[   0  124  210  253  486  556  659  682  842  976 1046],0.07630499951298186,101.9732778767008,1.6162354398819787
1026,10,28,40,[   0  124  210  253  486  556  682  842  976 1046],0.07630499951298186,101.9732778767008,1.6162354398819787
1027,10,28,60,[   0  210  556  682  842  976 1046],0.07630499951298186,101.9732778767008,1.6162354398819787
1028,10,29,0,[   0  141  142  210  252  253  486  556  659  682  795  877  976 1046],0.07822079265762096,103.59558415175869,1.6674320372898308
1029,10,29,20,[   0   52  141  210  282  486  556  659  682  795  877  976 1046],0.07822079265762096,103.59558415175869,1.6674320372898308
1030,10,29,40,[   0   52  210  282  486  556  682  795  877  976 1046],0.07822079265762096,103.59558415175869,1.6674320372898308
1031,10,29,60,[   0  141  210  282  486  556  682  795  877  976 1046],0.07822079265762096,103.59558415175869,1.6674320372898308
1032,10,30,0,"[   0   52  141  142  210  252  253  335  509  554  659  682  795  838
  976 1046]",0.05253594026861452,101.37551654476168,2.3616901053227006
1033,10,30,20,[   0   52  141  210  288  335  509  554  659  682  795  838  976 1046],0.05253594026861452,101.37551654476168,2.3616901053227006
1034,10,30,40,[   0   52  210  335  554  682  795  838  976 1046],0.05253594026861452,101.37551654476168,2.3616901053227006
1035,10,30,60,[   0  210  554  682  838  976 1046],0.05253594026861452,101.37551654476168,2.3616901053227006
1036,10,31,0,"[   0   52  141  142  229  262  304  485  556  659  682  795  838  976
 1046]",0.04895740813238463,102.37259472611335,3.0280357187437894
1037,10,31,20,[   0   52  141  229  262  304  485  556  659  682  795  838  976 1046],0.04895740813238463,102.37259472611335,3.0280357187437894
1038,10,31,40,[   0   52  229  304  485  556  682  795  838  976 1046],0.04895740813238463,102.37259472611335,3.0280357187437894
1039,10,31,60,[   0  229  556  682  838  976 1046],0.04895740813238463,102.37259472611335,3.0280357187437894
1040,10,32,0,[   0  124  141  142  193  262  288  485  556  659  682  795  838 1046],0.04934067286794143,101.54753503527014,3.0168647825297983
1041,10,32,20,[   0  124  193  229  262  288  444  485  556  659  682  795  838 1046],0.04934067286794143,101.54753503527014,3.0168647825297983
1042,10,32,40,[   0  124  193  262  485  556  682  795 1046],0.04934067286794143,101.54753503527014,3.0168647825297983
1043,10,32,60,[   0  124  193  262  485  556  682  795 1046],0.04934067286794143,101.54753503527014,3.0168647825297983
1044,10,33,0,[   0  141  142  193  288  335  556  659  682  795  838  976 1046],0.04569706495665131,104.30652912766892,2.4475760698463893
1045,10,33,20,[   0  124  193  288  335  556  659  682  795  838  976 1046],0.04569706495665131,104.30652912766892,2.4475760698463893
1046,10,33,40,[   0  124  193  335  556  682  795  838  976 1046],0.04569706495665131,104.30652912766892,2.4475760698463893
1047,10,33,60,[   0  124  193  335  556  682  838  976 1046],0.04569706495665131,104.30652912766892,2.4475760698463893
1048,10,34,0,[   0  141  142  193  252  253  335  554  659  682  795 1046],0.050535702232914995,101.95141778468032,2.404915321496996
1049,10,34,20,[   0  124  193  252  288  335  512  554  659  682  795  838 1046],0.050535702232914995,101.95141778468032,2.404915321496996
1050,10,34,40,[   0  124  193  335  554  682  795 1046],0.050535702232914995,101.95141778468032,2.404915321496996
1051,10,34,60,[   0  124  193  335  554  682  795 1046],0.050535702232914995,101.95141778468032,2.404915321496996
1052,10,35,0,"[   0    2  124  141  142  210  252  253  282  512  552  659  682  798
  838  976 1046]",0.07420265479177329,101.46518795687959,1.4857404790108808
1053,10,35,20,[   0  124  210  282  512  552  659  682  798  838  976 1046],0.07420265479177329,101.46518795687959,1.4857404790108808
1054,10,35,40,[   0  210  552  682  838  976 1046],0.07420265479177329,101.46518795687959,1.4857404790108808
1055,10,35,60,[   0  210  552  682  838  976 1046],0.07420265479177329,101.46518795687959,1.4857404790108808
1056,10,36,0,[   0  141  142  193  252  253  556  659  682  798  838  976 1046],0.0772433056859342,102.49320224576856,1.4870243817274602
1057,10,36,20,[   0  124  193  288  556  659  682  798  838  976 1046],0.0772433056859342,102.49320224576856,1.4870243817274602
1058,10,36,40,[   0  124  193  288  556  682  838  976 1046],0.0772433056859342,102.49320224576856,1.4870243817274602
1059,10,36,60,[   0  124  193  288  556  682  838  976 1046],0.0772433056859342,102.49320224576856,1.4870243817274602
1060,10,37,0,[   0  141  142  252  253  556  667  795 1046],0.051147525928019175,104.15553671173018,2.344080306315997
1061,10,37,20,[   0  124  193  335  556  667  795 1046],0.051147525928019175,104.15553671173018,2.344080306315997
1062,10,37,40,[   0  124  193  335  556  667  795 1046],0.051147525928019175,104.15553671173018,2.344080306315997
1063,10,37,60,[   0  124  193  335  556  667  795 1046],0.051147525928019175,104.15553671173018,2.344080306315997
1064,10,38,0,[   0  141  142  193  335  508  554  659  682  795  838  976 1046],0.03333125970766314,100.12158697236976,2.6084329494921668
1065,10,38,20,[   0  124  193  239  335  508  554  659  682  795  838  976 1046],0.03333125970766314,100.12158697236976,2.6084329494921668
1066,10,38,40,[   0  124  193  335  554  682  795  838  976 1046],0.03333125970766314,100.12158697236976,2.6084329494921668
1067,10,38,60,[   0  124  193  335  554  682  838  976 1046],0.03333125970766314,100.12158697236976,2.6084329494921668
1068,10,39,0,[   0  141  142  239  556  659  682  798  838  976 1046],0.050467401686238055,102.03687581394428,2.5936570209175587
1069,10,39,20,[   0  124  193  239  556  659  682  798  838  976 1046],0.050467401686238055,102.03687581394428,2.5936570209175587
1070,10,39,40,[   0  239  556  682  838  976 1046],0.050467401686238055,102.03687581394428,2.5936570209175587
1071,10,39,60,[   0  239  556  682  838  976 1046],0.050467401686238055,102.03687581394428,2.5936570209175587
1072,10,40,0,[   0   24  141  142  252  253  335  508  554  659  682  789  838 1046],0.04445877134811555,101.12110626453988,2.721077166636964
1073,10,40,20,[   0   24  141  237  270  304  335  508  554  659  682  789  838 1046],0.04445877134811555,101.12110626453988,2.721077166636964
1074,10,40,40,[   0  237  554  682  789 1046],0.04445877134811555,101.12110626453988,2.721077166636964
1075,10,40,60,[   0  237  554  682  789 1046],0.04445877134811555,101.12110626453988,2.721077166636964
1076,10,41,0,[   0   24  141  142  252  253  335  508  554  659  682  789  838 1046],0.04450959370017922,101.14452268395739,2.770780296915032
1077,10,41,20,[   0   24  141  237  270  304  335  508  554  659  682  789  838 1046],0.04450959370017922,101.14452268395739,2.770780296915032
1078,10,41,40,[   0  237  554  682  789 1046],0.04450959370017922,101.14452268395739,2.770780296915032
1079,10,41,60,[   0  237  554  682  789 1046],0.04450959370017922,101.14452268395739,2.770780296915032
1080,10,42,0,[   0  141  142  252  253  335  554  659  682  798  976 1046],0.05051092118498552,99.84191374815052,2.602829966958091
1081,10,42,20,[   0   92  237  270  335  508  554  659  682  798  976 1046],0.05051092118498552,99.84191374815052,2.602829966958091
1082,10,42,40,[   0  237  554  682  798 1046],0.05051092118498552,99.84191374815052,2.602829966958091
1083,10,42,60,[   0  237  554  682  798 1046],0.05051092118498552,99.84191374815052,2.602829966958091
1084,10,43,0,[   0  141  142  252  253  335  508  554  659  682  798  838  976 1046],0.05052908398327869,99.89306110208203,2.6001122938368604
1085,10,43,20,[   0   92  142  252  283  335  508  554  659  682  798  838  976 1046],0.05052908398327869,99.89306110208203,2.6001122938368604
1086,10,43,40,[   0  252  554  682  838  976 1046],0.05052908398327869,99.89306110208203,2.6001122938368604
1087,10,43,60,[   0  252  554  682  838  976 1046],0.05052908398327869,99.89306110208203,2.6001122938368604
1088,10,44,0,[   0  141  142  252  253  335  508  554  659  682  798  838  976 1046],0.029508913911712075,98.15684211969126,2.377795267213562
1089,10,44,20,[   0  141  250  283  335  508  554  659  682  798  838  976 1046],0.029508913911712075,98.15684211969126,2.377795267213562
1090,10,44,40,[   0  250  554  682  838  976 1046],0.029508913911712075,98.15684211969126,2.377795267213562
1091,10,44,60,[   0  250  554  682  838  976 1046],0.029508913911712075,98.15684211969126,2.377795267213562
1092,10,45,0,[   0   24  141  142  252  253  310  556  659  682  798  838  976 1046],0.05340684514242568,99.9835942287759,1.8361610043570327
1093,10,45,20,[   0   24  141  250  310  556  659  682  798  838  976 1046],0.05340684514242568,99.9835942287759,1.8361610043570327
1094,10,45,40,[   0  250  556  682  838  976 1046],0.05340684514242568,99.9835942287759,1.8361610043570327
1095,10,45,60,[   0  250  556  682  838  976 1046],0.05340684514242568,99.9835942287759,1.8361610043570327
1096,10,46,0,"[   0   24  141  142  252  253  310  508  552  659  682  798  838  976
 1046]",0.05346410935794627,98.54003675020277,1.807632893425776
1097,10,46,20,[   0   24  141  250  283  310  508  552  659  682  798  838  976 1046],0.05346410935794627,98.54003675020277,1.807632893425776
1098,10,46,40,[   0  250  552  682  838  976 1046],0.05346410935794627,98.54003675020277,1.807632893425776
1099,10,46,60,[   0  250  552  682  838  976 1046],0.05346410935794627,98.54003675020277,1.807632893425776
1100,10,47,0,"[   0   24  141  142  252  253  310  508  552  659  682  798  838  976
 1046]",0.05429179212552612,98.75018379559964,1.8078296028035585
1101,10,47,20,[   0   24  141  250  283  310  508  552  659  682  798  838  976 1046],0.05429179212552612,98.75018379559964,1.8078296028035585
1102,10,47,40,[   0  250  552  682  838  976 1046],0.05429179212552612,98.75018379559964,1.8078296028035585
1103,10,47,60,[   0  250  552  682  838  976 1046],0.05429179212552612,98.75018379559964,1.8078296028035585
1104,10,48,0,[   0  141  142  252  253  335  508  554  659  682  798  838  976 1046],0.026343720388753523,98.74367198276933,2.4703586091306895
1105,10,48,20,[   0  141  250  283  335  508  554  659  682  798  838  976 1046],0.026343720388753523,98.74367198276933,2.4703586091306895
1106,10,48,40,[   0  250  554  682  838  976 1046],0.026343720388753523,98.74367198276933,2.4703586091306895
1107,10,48,60,[   0  250  554  682  838  976 1046],0.026343720388753523,98.74367198276933,2.4703586091306895
1108,10,49,0,[   0  141  142  252  253  335  508  554  659  682  798  838  976 1046],0.026978985548314075,99.12955495228937,2.4672176558051477
1109,10,49,20,[   0  141  250  283  335  508  554  659  682  798  838  976 1046],0.026978985548314075,99.12955495228937,2.4672176558051477
1110,10,49,40,[   0  250  554  682  838  976 1046],0.026978985548314075,99.12955495228937,2.4672176558051477
1111,10,49,60,[   0  250  554  682  838  976 1046],0.026978985548314075,99.12955495228937,2.4672176558051477
1112,10,50,0,"[   0   55  141  142  252  253  332  508  560  659  682  798  910  976
 1046]",0.09306367918184613,100.5655701956585,1.529826414878531
1113,10,50,20,[   0   55  142  252  283  332  508  560  659  682  798  910  976 1046],0.09306367918184613,100.5655701956585,1.529826414878531
1114,10,50,40,[   0   55  252  332  508  560  682  798  910  976 1046],0.09306367918184613,100.5655701956585,1.529826414878531
1115,10,50,60,[   0  252  560  682  798 1046],0.09306367918184613,100.5655701956585,1.529826414878531
1116,11,20,0,[   0  141  142  210  252  253  486  556  659  682  856  976 1046],0.03688101072164567,95.20652984708238,2.179702067719246
1117,11,20,20,[   0   78  210  265  486  556  659  682  856  976 1046],0.03688101072164567,95.20652984708238,2.179702067719246
1118,11,20,40,[   0   78  210  265  486  556  682  856  976 1046],0.03688101072164567,95.20652984708238,2.179702067719246
1119,11,20,60,[   0  210  556  682  856  976 1046],0.03688101072164567,95.20652984708238,2.179702067719246
1120,11,21,0,[   0  141  142  210  252  253  335  486  556  659  682  864  976 1046],0.12817165738305009,100.23456396689143,1.9197093732206538
1121,11,21,20,[   0   78  210  286  335  486  556  659  682  864  976 1046],0.12817165738305009,100.23456396689143,1.9197093732206538
1122,11,21,40,[   0   78  210  286  486  556  682  864  976 1046],0.12817165738305009,100.23456396689143,1.9197093732206538
1123,11,21,60,[   0   78  210  286  486  556  682  864  976 1046],0.12817165738305009,100.23456396689143,1.9197093732206538
1124,11,22,0,[   0  141  142  210  252  253  335  486  556  659  682  877  976 1046],0.11850617992922924,100.0718599199363,1.9431193825942155
1125,11,22,20,[   0   81  210  286  335  486  556  659  682  877  976 1046],0.11850617992922924,100.0718599199363,1.9431193825942155
1126,11,22,40,[   0   81  210  286  486  556  682  877  976 1046],0.11850617992922924,100.0718599199363,1.9431193825942155
1127,11,22,60,[   0   81  210  286  486  556  682  877  976 1046],0.11850617992922924,100.0718599199363,1.9431193825942155
1128,11,23,0,[   0  141  142  210  252  253  486  556  659  682  855  976 1046],0.03674260356028335,95.99002985759006,2.2302302623134493
1129,11,23,20,[   0   81  210  292  486  556  659  682  855  976 1046],0.03674260356028335,95.99002985759006,2.2302302623134493
1130,11,23,40,[   0  210  556  682  855  976 1046],0.03674260356028335,95.99002985759006,2.2302302623134493
1131,11,23,60,[   0  210  556  682  855  976 1046],0.03674260356028335,95.99002985759006,2.2302302623134493
1132,11,24,0,[   0  141  142  210  252  253  556  659  682  855  976 1046],0.02318264112962824,94.47256475476823,2.1697457013290613
1133,11,24,20,[   0   81  210  253  556  659  682  855  976 1046],0.02318264112962824,94.47256475476823,2.1697457013290613
1134,11,24,40,[   0  210  556  682  855  976 1046],0.02318264112962824,94.47256475476823,2.1697457013290613
1135,11,24,60,[   0  210  556  682  855  976 1046],0.02318264112962824,94.47256475476823,2.1697457013290613
1136,11,25,0,[   0  141  142  210  252  253  558  647  682  842  976 1046],0.013879543420503465,86.3060887640281,2.3067616924208356
1137,11,25,20,[   0  124  210  253  508  558  647  682  842  976 1046],0.013879543420503465,86.3060887640281,2.3067616924208356
1138,11,25,40,[   0  210  558  682  842  976 1046],0.013879543420503465,86.3060887640281,2.3067616924208356
1139,11,25,60,[   0  210  558  682  842  976 1046],0.013879543420503465,86.3060887640281,2.3067616924208356
1140,11,26,0,"[   0   24  141  142  210  252  253  335  556  659  682  795  838  976
 1046]",0.05189466767311359,100.28721598148412,2.6053870384754867
1141,11,26,20,[   0   24  124  210  288  335  556  659  682  795  838  976 1046],0.05189466767311359,100.28721598148412,2.6053870384754867
1142,11,26,40,[   0  124  210  335  556  682  795  838  976 1046],0.05189466767311359,100.28721598148412,2.6053870384754867
1143,11,26,60,[   0  210  556  682  838  976 1046],0.05189466767311359,100.28721598148412,2.6053870384754867
1144,11,27,0,"[   0   52  141  142  210  252  253  349  486  556  659  682  795  838
 1046]",0.051001135443342074,100.01318237860148,2.7057664096013365
1145,11,27,20,[   0   52  141  210  267  292  349  486  556  659  682  795  838 1046],0.051001135443342074,100.01318237860148,2.7057664096013365
1146,11,27,40,[   0   52  210  267  349  486  556  682  795  838 1046],0.051001135443342074,100.01318237860148,2.7057664096013365
1147,11,27,60,[   0  210  556  682  795 1046],0.051001135443342074,100.01318237860148,2.7057664096013365
1148,11,28,0,[   0  141  142  210  252  253  486  556  659  682  842  976 1046],0.0846373922379303,99.40511894707923,1.8921549053018778
1149,11,28,20,[   0  124  210  253  486  556  659  682  842  976 1046],0.0846373922379303,99.40511894707923,1.8921549053018778
1150,11,28,40,[   0  124  210  253  486  556  682  842  976 1046],0.0846373922379303,99.40511894707923,1.8921549053018778
1151,11,28,60,[   0  210  556  682  842  976 1046],0.0846373922379303,99.40511894707923,1.8921549053018778
1152,11,29,0,[   0  141  142  210  252  253  486  556  659  682  795  877  976 1046],0.07161418851075883,100.67603431929992,1.6226287392011927
1153,11,29,20,[   0  124  210  282  486  556  659  682  795  877  976 1046],0.07161418851075883,100.67603431929992,1.6226287392011927
1154,11,29,40,[   0  124  210  282  486  556  682  795  877  976 1046],0.07161418851075883,100.67603431929992,1.6226287392011927
1155,11,29,60,[   0  124  210  282  486  556  682  795  877  976 1046],0.07161418851075883,100.67603431929992,1.6226287392011927
1156,11,30,0,"[   0   52  141  142  210  252  253  335  509  554  659  682  795  838
  976 1046]",0.04641665421111163,98.49746601552133,2.275534297169198
1157,11,30,20,[   0   52  124  210  288  335  509  554  659  682  795  838  976 1046],0.04641665421111163,98.49746601552133,2.275534297169198
1158,11,30,40,[   0  124  210  335  554  682  795  838  976 1046],0.04641665421111163,98.49746601552133,2.275534297169198
1159,11,30,60,[   0  210  554  682  838  976 1046],0.04641665421111163,98.49746601552133,2.275534297169198
1160,11,31,0,"[   0   52  141  142  229  252  253  304  485  556  659  682  795  838
  976 1046]",0.05084518109515892,101.56822789919099,2.7534900393306785
1161,11,31,20,[   0   52  141  229  262  304  485  556  659  682  795  838  976 1046],0.05084518109515892,101.56822789919099,2.7534900393306785
1162,11,31,40,[   0   52  229  304  485  556  682  795  838  976 1046],0.05084518109515892,101.56822789919099,2.7534900393306785
1163,11,31,60,[   0  229  556  682  838  976 1046],0.05084518109515892,101.56822789919099,2.7534900393306785
1164,11,32,0,"[   0  124  141  142  193  252  253  288  485  556  659  682  795  838
 1046]",0.051174351543940594,100.76375815743286,2.7437852900820237
1165,11,32,20,[   0  124  193  229  262  288  444  485  556  659  682  795  838 1046],0.051174351543940594,100.76375815743286,2.7437852900820237
1166,11,32,40,[   0  124  193  262  485  556  682  795 1046],0.051174351543940594,100.76375815743286,2.7437852900820237
1167,11,32,60,[   0  124  193  262  485  556  682  795 1046],0.051174351543940594,100.76375815743286,2.7437852900820237
1168,11,33,0,[   0  141  142  193  252  253  335  556  659  682  795  838  976 1046],0.048031982135997776,103.53920881215218,2.228992483957804
1169,11,33,20,[   0  124  193  288  335  556  659  682  795  838  976 1046],0.048031982135997776,103.53920881215218,2.228992483957804
1170,11,33,40,[   0  124  193  335  556  682  795  838  976 1046],0.048031982135997776,103.53920881215218,2.228992483957804
1171,11,33,60,[   0  124  193  335  556  682  838  976 1046],0.048031982135997776,103.53920881215218,2.228992483957804
1172,11,34,0,[   0  141  142  210  252  253  335  554  659  682  795 1046],0.0405996728566543,100.60455871406936,2.3266134443097592
1173,11,34,20,[   0  124  210  252  288  335  512  554  659  682  795  838 1046],0.0405996728566543,100.60455871406936,2.3266134443097592
1174,11,34,40,[   0  210  554  682  795 1046],0.0405996728566543,100.60455871406936,2.3266134443097592
1175,11,34,60,[   0  210  554  682  795 1046],0.0405996728566543,100.60455871406936,2.3266134443097592
1176,11,35,0,"[   0    2  124  141  142  210  252  253  282  512  552  659  682  798
  838  976 1046]",0.04085714698183591,99.03863555931919,1.7775763636173338
1177,11,35,20,[   0  124  210  282  512  552  659  682  798  838  976 1046],0.04085714698183591,99.03863555931919,1.7775763636173338
1178,11,35,40,[   0  210  552  682  838  976 1046],0.04085714698183591,99.03863555931919,1.7775763636173338
1179,11,35,60,[   0  210  552  682  838  976 1046],0.04085714698183591,99.03863555931919,1.7775763636173338
1180,11,36,0,[   0  141  142  193  252  253  556  659  682  798  838  976 1046],0.042762091761272776,99.60105465821175,1.8016453275940136
1181,11,36,20,[   0  124  193  288  556  659  682  798  838  976 1046],0.042762091761272776,99.60105465821175,1.8016453275940136
1182,11,36,40,[   0  124  193  288  556  682  838  976 1046],0.042762091761272776,99.60105465821175,1.8016453275940136
1183,11,36,60,[   0  124  193  288  556  682  838  976 1046],0.042762091761272776,99.60105465821175,1.8016453275940136
1184,11,37,0,[   0  141  142  193  252  253  335  556  659  682  795 1046],0.05138651009861933,102.93262177247739,2.4450979363295535
1185,11,37,20,[   0  124  193  277  335  556  659  682  795  838 1046],0.05138651009861933,102.93262177247739,2.4450979363295535
1186,11,37,40,[   0  124  193  335  556  682  795 1046],0.05138651009861933,102.93262177247739,2.4450979363295535
1187,11,37,60,[   0  124  193  335  556  682  795 1046],0.05138651009861933,102.93262177247739,2.4450979363295535
1188,11,38,0,"[   0  141  142  193  252  253  335  508  554  659  682  795  838  976
 1046]",0.03573219518399207,99.39041734490552,2.3754690608669686
1189,11,38,20,[   0  124  193  253  335  508  554  659  682  795  838  976 1046],0.03573219518399207,99.39041734490552,2.3754690608669686
1190,11,38,40,[   0  124  193  335  554  682  795  838  976 1046],0.03573219518399207,99.39041734490552,2.3754690608669686
1191,11,38,60,[   0  124  193  335  554  682  838  976 1046],0.03573219518399207,99.39041734490552,2.3754690608669686
1192,11,39,0,[   0  141  142  193  252  253  556  659  682  798  838  976 1046],0.052234783688572685,101.25918307139719,2.3573892911728356
1193,11,39,20,[   0  124  193  253  556  659  682  798  838  976 1046],0.052234783688572685,101.25918307139719,2.3573892911728356
1194,11,39,40,[   0  253  556  682  838  976 1046],0.052234783688572685,101.25918307139719,2.3573892911728356
1195,11,39,60,[   0  253  556  682  838  976 1046],0.052234783688572685,101.25918307139719,2.3573892911728356
1196,11,40,0,"[   0   24  141  142  193  252  253  335  508  554  659  682  789  838
 1046]",0.04552062644317758,98.76355821620224,2.5939132078371574
1197,11,40,20,[   0   24  124  193  270  304  335  508  554  659  682  789  838 1046],0.04552062644317758,98.76355821620224,2.5939132078371574
1198,11,40,40,[   0  124  193  335  554  682  789 1046],0.04552062644317758,98.76355821620224,2.5939132078371574
1199,11,40,60,[   0  124  193  335  554  682  789 1046],0.04552062644317758,98.76355821620224,2.5939132078371574
1200,11,41,0,"[   0   24  141  142  193  252  253  335  508  554  659  682  789  838
 1046]",0.04550150205727161,98.78634556311079,2.63909787172631
1201,11,41,20,[   0   24  124  193  270  304  335  508  554  659  682  789  838 1046],0.04550150205727161,98.78634556311079,2.63909787172631
1202,11,41,40,[   0  124  193  335  554  682  789 1046],0.04550150205727161,98.78634556311079,2.63909787172631
1203,11,41,60,[   0  124  193  335  554  682  789 1046],0.04550150205727161,98.78634556311079,2.63909787172631
1204,11,42,0,[   0  141  142  252  253  558  647  682  798  976 1046],0.05566215406541907,97.3664002689165,2.4413054724565444
1205,11,42,20,[   0   92  237  335  508  558  647  682  798  976 1046],0.05566215406541907,97.3664002689165,2.4413054724565444
1206,11,42,40,[   0  237  558  682  798 1046],0.05566215406541907,97.3664002689165,2.4413054724565444
1207,11,42,60,[   0  237  558  682  798 1046],0.05566215406541907,97.3664002689165,2.4413054724565444
1208,11,43,0,[   0  141  142  252  253  335  508  554  659  682  798  838  976 1046],0.0354297745701757,97.57488859152161,2.5195911617510705
1209,11,43,20,[   0   92  239  263  335  508  554  659  682  798  838  976 1046],0.0354297745701757,97.57488859152161,2.5195911617510705
1210,11,43,40,[   0  239  554  682  838  976 1046],0.0354297745701757,97.57488859152161,2.5195911617510705
1211,11,43,60,[   0  239  554  682  838  976 1046],0.0354297745701757,97.57488859152161,2.5195911617510705
1212,11,44,0,"[   0  141  142  193  252  253  335  508  554  659  682  798  838  976
 1046]",0.03504053858597827,97.1696295178962,2.323067399444815
1213,11,44,20,[   0  124  193  283  335  508  554  659  682  798  838  976 1046],0.03504053858597827,97.1696295178962,2.323067399444815
1214,11,44,40,[   0  124  193  335  554  682  838  976 1046],0.03504053858597827,97.1696295178962,2.323067399444815
1215,11,44,60,[   0  124  193  335  554  682  838  976 1046],0.03504053858597827,97.1696295178962,2.323067399444815
1216,11,45,0,"[   0   24  141  142  193  252  253  310  556  659  682  798  838  976
 1046]",0.05340354182368562,97.54407939037299,1.8176066878951114
1217,11,45,20,[   0  124  193  310  556  659  682  798  838  976 1046],0.05340354182368562,97.54407939037299,1.8176066878951114
1218,11,45,40,[   0  124  193  310  556  682  838  976 1046],0.05340354182368562,97.54407939037299,1.8176066878951114
1219,11,45,60,[   0  124  193  310  556  682  838  976 1046],0.05340354182368562,97.54407939037299,1.8176066878951114
1220,11,46,0,"[   0   24  141  142  252  253  310  508  558  647  682  798  838  976
 1046]",0.05814407380195772,96.10233073757239,1.726899050721623
1221,11,46,20,[   0   24  141  250  310  508  558  647  682  798  838  976 1046],0.05814407380195772,96.10233073757239,1.726899050721623
1222,11,46,40,[   0  250  558  682  838  976 1046],0.05814407380195772,96.10233073757239,1.726899050721623
1223,11,46,60,[   0  250  558  682  838  976 1046],0.05814407380195772,96.10233073757239,1.726899050721623
1224,11,47,0,"[   0   24  141  142  252  253  310  508  558  647  682  798  838  976
 1046]",0.05896496576042113,96.3063342393266,1.7270778774286988
1225,11,47,20,[   0   24  141  250  310  508  558  647  682  798  838  976 1046],0.05896496576042113,96.3063342393266,1.7270778774286988
1226,11,47,40,[   0  250  558  682  838  976 1046],0.05896496576042113,96.3063342393266,1.7270778774286988
1227,11,47,60,[   0  250  558  682  838  976 1046],0.05896496576042113,96.3063342393266,1.7270778774286988
1228,11,48,0,"[   0  141  142  193  252  253  335  508  554  659  682  798  838  976
 1046]",0.03240784413131332,97.81747978295697,2.379175283446411
1229,11,48,20,[   0  124  193  283  335  508  554  659  682  798  838  976 1046],0.03240784413131332,97.81747978295697,2.379175283446411
1230,11,48,40,[   0  124  193  335  554  682  838  976 1046],0.03240784413131332,97.81747978295697,2.379175283446411
1231,11,48,60,[   0  124  193  335  554  682  838  976 1046],0.03240784413131332,97.81747978295697,2.379175283446411
1232,11,49,0,"[   0  141  142  193  252  253  335  508  554  659  682  798  838  976
 1046]",0.03304398126486091,98.19783936458805,2.3763198713322824
1233,11,49,20,[   0  124  193  283  335  508  554  659  682  798  838  976 1046],0.03304398126486091,98.19783936458805,2.3763198713322824
1234,11,49,40,[   0  124  193  335  554  682  838  976 1046],0.03304398126486091,98.19783936458805,2.3763198713322824
1235,11,49,60,[   0  124  193  335  554  682  838  976 1046],0.03304398126486091,98.19783936458805,2.3763198713322824
1236,11,50,0,"[   0   55  141  142  252  253  332  508  552  659  682  798  910  976
 1046]",0.08619498007624131,98.10890221724065,1.7237905199205559
1237,11,50,20,[   0   55  142  252  287  332  508  552  659  682  798  910  976 1046],0.08619498007624131,98.10890221724065,1.7237905199205559
1238,11,50,40,[   0  252  552  682  798 1046],0.08619498007624131,98.10890221724065,1.7237905199205559
1239,11,50,60,[   0  252  552  682  798 1046],0.08619498007624131,98.10890221724065,1.7237905199205559
1240,12,20,0,[   0  141  142  210  252  253  486  556  659  682  856  976 1046],0.031465706477406485,93.32372810937858,2.5005575062653844
1241,12,20,20,[   0   78  210  265  486  556  659  682  856  976 1046],0.031465706477406485,93.32372810937858,2.5005575062653844
1242,12,20,40,[   0   78  210  265  486  556  682  856  976 1046],0.031465706477406485,93.32372810937858,2.5005575062653844
1243,12,20,60,[   0  210  556  682  856  976 1046],0.031465706477406485,93.32372810937858,2.5005575062653844
1244,12,21,0,"[   0   51   55  141  142  210  252  253  335  486  556  659  682  864
  976 1046]",0.13063082709413915,96.76549932414119,1.812534521928941
1245,12,21,20,[   0   55  210  286  335  486  556  659  682  864  976 1046],0.13063082709413915,96.76549932414119,1.812534521928941
1246,12,21,40,[   0   55  210  286  486  556  682  864  976 1046],0.13063082709413915,96.76549932414119,1.812534521928941
1247,12,21,60,[   0  141  210  286  486  556  682  864  976 1046],0.13063082709413915,96.76549932414119,1.812534521928941
1248,12,22,0,"[   0   81  141  142  147  210  252  253  335  486  556  659  682  877
  976 1046]",0.11894996703852594,96.68138013885982,1.8771374502458578
1249,12,22,20,[   0  124  147  210  286  335  486  556  659  682  877  976 1046],0.11894996703852594,96.68138013885982,1.8771374502458578
1250,12,22,40,[   0  124  210  286  486  556  682  877  976 1046],0.11894996703852594,96.68138013885982,1.8771374502458578
1251,12,22,60,[   0  124  210  286  486  556  682  877  976 1046],0.11894996703852594,96.68138013885982,1.8771374502458578
1252,12,23,0,[   0  141  142  210  252  253  486  556  659  682  855  976 1046],0.034123502504921396,94.55839861786127,3.109849961459686
1253,12,23,20,[   0   81  210  292  486  556  659  682  855  976 1046],0.034123502504921396,94.55839861786127,3.109849961459686
1254,12,23,40,[   0  210  556  682  855  976 1046],0.034123502504921396,94.55839861786127,3.109849961459686
1255,12,23,60,[   0  210  556  682  855  976 1046],0.034123502504921396,94.55839861786127,3.109849961459686
1256,12,24,0,[   0  141  142  210  252  253  556  659  682  855  976 1046],0.024999928437190316,93.10285801663728,2.490189666485038
1257,12,24,20,[   0   81  210  253  556  659  682  855  976 1046],0.024999928437190316,93.10285801663728,2.490189666485038
1258,12,24,40,[   0  210  556  682  855  976 1046],0.024999928437190316,93.10285801663728,2.490189666485038
1259,12,24,60,[   0  210  556  682  855  976 1046],0.024999928437190316,93.10285801663728,2.490189666485038
1260,12,25,0,[   0  141  142  210  252  253  558  647  682  842  976 1046],0.02373260081969176,84.88296541366729,2.267616318436466
1261,12,25,20,[   0  124  210  265  332  508  558  647  682  842  976 1046],0.02373260081969176,84.88296541366729,2.267616318436466
1262,12,25,40,[   0  210  558  682  842  976 1046],0.02373260081969176,84.88296541366729,2.267616318436466
1263,12,25,60,[   0  210  558  682  842  976 1046],0.02373260081969176,84.88296541366729,2.267616318436466
1264,12,26,0,"[   0   24  141  142  210  252  253  335  556  659  682  795  838  976
 1046]",0.05716975501611618,97.8536414695144,2.4888629615223534
1265,12,26,20,[   0   24  124  210  265  335  556  659  682  795  838  976 1046],0.05716975501611618,97.8536414695144,2.4888629615223534
1266,12,26,40,[   0  124  210  265  335  556  682  795  838  976 1046],0.05716975501611618,97.8536414695144,2.4888629615223534
1267,12,26,60,[   0  210  556  682  838  976 1046],0.05716975501611618,97.8536414695144,2.4888629615223534
1268,12,27,0,"[   0   52  141  142  210  252  253  349  486  556  659  682  795  838
 1046]",0.04805052687331745,97.90255983069173,2.6059575892433178
1269,12,27,20,[   0   52  124  210  267  292  349  486  556  659  682  795  838 1046],0.04805052687331745,97.90255983069173,2.6059575892433178
1270,12,27,40,[   0  124  210  267  486  556  682  795 1046],0.04805052687331745,97.90255983069173,2.6059575892433178
1271,12,27,60,[   0  210  556  682  795 1046],0.04805052687331745,97.90255983069173,2.6059575892433178
1272,12,28,0,[   0  141  142  210  252  253  486  556  659  682  842  976 1046],0.0744672415978879,97.10710540401921,1.8774852888757536
1273,12,28,20,[   0  124  210  253  486  556  659  682  842  976 1046],0.0744672415978879,97.10710540401921,1.8774852888757536
1274,12,28,40,[   0  124  210  253  486  556  682  842  976 1046],0.0744672415978879,97.10710540401921,1.8774852888757536
1275,12,28,60,[   0  210  556  682  842  976 1046],0.0744672415978879,97.10710540401921,1.8774852888757536
1276,12,29,0,"[   0   52  141  142  210  252  253  282  486  556  659  682  795  877
  976 1020 1021 1046]",0.07417274927663157,98.2517087838776,1.5158428881081767
1277,12,29,20,[   0  124  210  282  486  556  659  682  795  877  976 1046],0.07417274927663157,98.2517087838776,1.5158428881081767
1278,12,29,40,[   0  124  210  282  486  556  682  795  877  976 1046],0.07417274927663157,98.2517087838776,1.5158428881081767
1279,12,29,60,[   0  124  210  282  486  556  682  795  877  976 1046],0.07417274927663157,98.2517087838776,1.5158428881081767
1280,12,30,0,"[   0   52  141  142  210  252  253  335  485  554  659  682  795  838
  976 1046]",0.03915186199883648,96.48619845258658,2.384435599966664
1281,12,30,20,[   0   52  124  210  282  335  485  554  659  682  795  838  976 1046],0.03915186199883648,96.48619845258658,2.384435599966664
1282,12,30,40,[   0  124  210  282  335  485  554  682  795  838  976 1046],0.03915186199883648,96.48619845258658,2.384435599966664
1283,12,30,60,[   0  210  554  682  838  976 1046],0.03915186199883648,96.48619845258658,2.384435599966664
1284,12,31,0,"[   0   52  141  142  193  252  253  304  485  556  659  682  795  838
  976 1046]",0.048983235684756286,99.93322910053037,2.6236808098632354
1285,12,31,20,[   0   52  124  193  262  304  485  556  659  682  795  838  976 1046],0.048983235684756286,99.93322910053037,2.6236808098632354
1286,12,31,40,[   0  124  193  262  304  485  556  682  795  838  976 1046],0.048983235684756286,99.93322910053037,2.6236808098632354
1287,12,31,60,[   0  124  193  262  485  556  682  838  976 1046],0.048983235684756286,99.93322910053037,2.6236808098632354
1288,12,32,0,"[   0  124  141  142  193  252  253  288  485  556  659  682  795  838
 1046]",0.04488110694038321,100.81471010486634,2.6487369245752324
1289,12,32,20,[   0  124  193  229  262  288  444  485  556  659  682  795  838 1046],0.04488110694038321,100.81471010486634,2.6487369245752324
1290,12,32,40,[   0  124  193  262  485  556  682  795 1046],0.04488110694038321,100.81471010486634,2.6487369245752324
1291,12,32,60,[   0  124  193  262  485  556  682  795 1046],0.04488110694038321,100.81471010486634,2.6487369245752324
1292,12,33,0,[   0  141  142  193  252  253  335  556  659  682  795  838  976 1046],0.054396458814246255,101.03435336533252,2.1988520984197146
1293,12,33,20,[   0  124  193  288  335  556  659  682  795  838  976 1046],0.054396458814246255,101.03435336533252,2.1988520984197146
1294,12,33,40,[   0  124  193  335  556  682  795  838  976 1046],0.054396458814246255,101.03435336533252,2.1988520984197146
1295,12,33,60,[   0  124  193  335  556  682  838  976 1046],0.054396458814246255,101.03435336533252,2.1988520984197146
1296,12,34,0,[   0  141  142  210  252  253  335  554  659  682  795 1046],0.04900884426820442,98.88969111878407,2.360837372759842
1297,12,34,20,[   0  124  210  253  288  335  512  554  659  682  795  838 1046],0.04900884426820442,98.88969111878407,2.360837372759842
1298,12,34,40,[   0  210  554  682  795 1046],0.04900884426820442,98.88969111878407,2.360837372759842
1299,12,34,60,[   0  210  554  682  795 1046],0.04900884426820442,98.88969111878407,2.360837372759842
1300,12,35,0,[   0  141  142  210  252  253  332  552  659  682  798  838  976 1046],0.04745156509100609,96.42997993218033,1.8077268937471347
1301,12,35,20,[   0  124  210  282  332  512  552  659  682  798  838  976 1046],0.04745156509100609,96.42997993218033,1.8077268937471347
1302,12,35,40,[   0  210  552  682  838  976 1046],0.04745156509100609,96.42997993218033,1.8077268937471347
1303,12,35,60,[   0  210  552  682  838  976 1046],0.04745156509100609,96.42997993218033,1.8077268937471347
1304,12,36,0,[   0  141  142  193  252  253  332  556  659  682  798  838  976 1046],0.04884634357061814,96.84260725363568,1.788530446021127
1305,12,36,20,[   0  124  193  282  332  556  659  682  798  838  976 1046],0.04884634357061814,96.84260725363568,1.788530446021127
1306,12,36,40,[   0  124  193  332  556  682  838  976 1046],0.04884634357061814,96.84260725363568,1.788530446021127
1307,12,36,60,[   0  124  193  332  556  682  838  976 1046],0.04884634357061814,96.84260725363568,1.788530446021127
1308,12,37,0,[   0  141  142  193  252  253  335  556  659  682  795 1046],0.05805947532821241,100.8093655553494,2.3855327501417256
1309,12,37,20,[   0  124  193  277  335  556  659  682  795  838 1046],0.05805947532821241,100.8093655553494,2.3855327501417256
1310,12,37,40,[   0  124  193  335  556  682  795 1046],0.05805947532821241,100.8093655553494,2.3855327501417256
1311,12,37,60,[   0  124  193  335  556  682  795 1046],0.05805947532821241,100.8093655553494,2.3855327501417256
1312,12,38,0,"[   0  141  142  193  252  253  335  508  558  647  682  795  838  976
 1046]",0.04081362054754786,97.88453773470636,2.244958035385732
1313,12,38,20,[   0  124  193  253  335  508  558  647  682  795  838  976 1046],0.04081362054754786,97.88453773470636,2.244958035385732
1314,12,38,40,[   0  124  193  335  558  682  795  838  976 1046],0.04081362054754786,97.88453773470636,2.244958035385732
1315,12,38,60,[   0  124  193  335  558  682  838  976 1046],0.04081362054754786,97.88453773470636,2.244958035385732
1316,12,39,0,[   0  141  142  205  252  253  556  659  682  798  838  976 1046],0.04185306717500116,98.92376492369979,2.3248793281224436
1317,12,39,20,[   0  124  205  253  556  659  682  798  838  976 1046],0.04185306717500116,98.92376492369979,2.3248793281224436
1318,12,39,40,[   0  205  556  682  838  976 1046],0.04185306717500116,98.92376492369979,2.3248793281224436
1319,12,39,60,[   0  205  556  682  838  976 1046],0.04185306717500116,98.92376492369979,2.3248793281224436
1320,12,40,0,"[   0   24  141  142  193  252  253  335  508  558  647  682  789  838
 1046]",0.050563618601308875,97.26725535753776,2.4556227949416063
1321,12,40,20,[   0   24  124  193  270  335  508  558  647  682  789  838 1046],0.050563618601308875,97.26725535753776,2.4556227949416063
1322,12,40,40,[   0  124  193  270  335  508  558  682  789  838 1046],0.050563618601308875,97.26725535753776,2.4556227949416063
1323,12,40,60,[   0  124  193  335  558  682  789 1046],0.050563618601308875,97.26725535753776,2.4556227949416063
1324,12,41,0,"[   0   24  141  142  193  252  253  335  508  558  647  682  789  838
 1046]",0.05053820250532115,97.28969181269753,2.496802727680284
1325,12,41,20,[   0   24  124  193  270  335  508  558  647  682  789  838 1046],0.05053820250532115,97.28969181269753,2.496802727680284
1326,12,41,40,[   0  124  193  270  335  508  558  682  789  838 1046],0.05053820250532115,97.28969181269753,2.496802727680284
1327,12,41,60,[   0  124  193  335  558  682  789 1046],0.05053820250532115,97.28969181269753,2.496802727680284
1328,12,42,0,[   0  141  142  252  253  558  647  682  798  976 1046],0.03941085989765865,95.82113747361495,2.3809799810942085
1329,12,42,20,[   0   92  239  270  335  508  558  647  682  798  976 1046],0.03941085989765865,95.82113747361495,2.3809799810942085
1330,12,42,40,[   0  239  558  682  798 1046],0.03941085989765865,95.82113747361495,2.3809799810942085
1331,12,42,60,[   0  239  558  682  798 1046],0.03941085989765865,95.82113747361495,2.3809799810942085
1332,12,43,0,[   0  141  142  252  253  335  508  558  647  682  798  838  976 1046],0.04067391336277807,96.0971782633981,2.3786867697988607
1333,12,43,20,[   0   92  239  263  335  508  558  647  682  798  838  976 1046],0.04067391336277807,96.0971782633981,2.3786867697988607
1334,12,43,40,[   0  239  558  682  838  976 1046],0.04067391336277807,96.0971782633981,2.3786867697988607
1335,12,43,60,[   0  239  558  682  838  976 1046],0.04067391336277807,96.0971782633981,2.3786867697988607
1336,12,44,0,"[   0  141  142  193  252  253  335  508  558  647  682  798  838  976
 1046]",0.04021875635910612,95.79511257740035,2.1978343030660343
1337,12,44,20,[   0  124  193  283  335  508  558  647  682  798  838  976 1046],0.04021875635910612,95.79511257740035,2.1978343030660343
1338,12,44,40,[   0  124  193  335  558  682  838  976 1046],0.04021875635910612,95.79511257740035,2.1978343030660343
1339,12,44,60,[   0  124  193  335  558  682  838  976 1046],0.04021875635910612,95.79511257740035,2.1978343030660343
1340,12,45,0,"[   0   24  141  142  193  252  253  332  556  659  682  798  838  976
 1046]",0.058994786319104875,94.98355391661812,1.7740929636194904
1341,12,45,20,[   0   24  124  193  263  332  556  659  682  798  838  976 1046],0.058994786319104875,94.98355391661812,1.7740929636194904
1342,12,45,40,[   0  124  193  332  556  682  838  976 1046],0.058994786319104875,94.98355391661812,1.7740929636194904
1343,12,45,60,[   0  124  193  332  556  682  838  976 1046],0.058994786319104875,94.98355391661812,1.7740929636194904
1344,12,46,0,"[   0   24  141  142  193  252  253  310  508  558  647  682  798  838
  976 1046]",0.057636929998582456,94.60896733319005,1.7173052283432468
1345,12,46,20,[   0   24  124  193  250  310  508  558  647  682  798  838  976 1046],0.057636929998582456,94.60896733319005,1.7173052283432468
1346,12,46,40,[   0  124  193  310  558  682  838  976 1046],0.057636929998582456,94.60896733319005,1.7173052283432468
1347,12,46,60,[   0  124  193  310  558  682  838  976 1046],0.057636929998582456,94.60896733319005,1.7173052283432468
1348,12,47,0,"[   0   24  141  142  193  252  253  310  508  558  647  682  798  838
  976 1046]",0.0584874978597725,94.80953527537461,1.717469152824732
1349,12,47,20,[   0   24  124  193  250  310  508  558  647  682  798  838  976 1046],0.0584874978597725,94.80953527537461,1.717469152824732
1350,12,47,40,[   0  124  193  310  558  682  838  976 1046],0.0584874978597725,94.80953527537461,1.717469152824732
1351,12,47,60,[   0  124  193  310  558  682  838  976 1046],0.0584874978597725,94.80953527537461,1.717469152824732
1352,12,48,0,"[   0  141  142  193  252  253  335  508  558  647  682  798  838  976
 1046]",0.03757228161561279,96.33592896053597,2.2502704711500185
1353,12,48,20,[   0  124  193  283  335  508  558  647  682  798  838  976 1046],0.03757228161561279,96.33592896053597,2.2502704711500185
1354,12,48,40,[   0  124  193  335  558  682  838  976 1046],0.03757228161561279,96.33592896053597,2.2502704711500185
1355,12,48,60,[   0  124  193  335  558  682  838  976 1046],0.03757228161561279,96.33592896053597,2.2502704711500185
1356,12,49,0,"[   0  141  142  193  252  253  335  508  558  647  682  798  838  976
 1046]",0.03812957420210011,96.56988462150287,2.247163765621203
1357,12,49,20,[   0  124  193  283  335  508  558  647  682  798  838  976 1046],0.03812957420210011,96.56988462150287,2.247163765621203
1358,12,49,40,[   0  124  193  335  558  682  838  976 1046],0.03812957420210011,96.56988462150287,2.247163765621203
1359,12,49,60,[   0  124  193  335  558  682  838  976 1046],0.03812957420210011,96.56988462150287,2.247163765621203
1360,12,50,0,"[   0   55  141  142  252  253  332  508  552  659  682  798  910  976
 1046]",0.0683328137750801,96.63995471158593,1.7294116350157773
1361,12,50,20,[   0   55  239  263  332  508  552  659  682  798  910  976 1046],0.0683328137750801,96.63995471158593,1.7294116350157773
1362,12,50,40,[   0  239  552  682  798 1046],0.0683328137750801,96.63995471158593,1.7294116350157773
1363,12,50,60,[   0  239  552  682  798 1046],0.0683328137750801,96.63995471158593,1.7294116350157773
1364,13,20,0,"[   0   51   55  141  142  210  252  253  486  556  659  682  856  976
 1046]",0.03446149780780825,90.85752752815438,2.354841906393566
1365,13,20,20,[   0   55  210  265  486  556  659  682  856  976 1046],0.03446149780780825,90.85752752815438,2.354841906393566
1366,13,20,40,[   0   55  210  265  486  556  682  856  976 1046],0.03446149780780825,90.85752752815438,2.354841906393566
1367,13,20,60,[   0  210  556  682  856  976 1046],0.03446149780780825,90.85752752815438,2.354841906393566
1368,13,21,0,"[   0   51   55  141  142  147  210  252  253  335  486  556  659  682
  864  976 1046]",0.1324837055645882,93.98532545704992,1.7694081934160304
1369,13,21,20,[   0   55  124  147  210  286  335  486  556  659  682  864  976 1046],0.1324837055645882,93.98532545704992,1.7694081934160304
1370,13,21,40,[   0  124  210  286  486  556  682  864  976 1046],0.1324837055645882,93.98532545704992,1.7694081934160304
1371,13,21,60,[   0  124  210  286  486  556  682  864  976 1046],0.1324837055645882,93.98532545704992,1.7694081934160304
1372,13,22,0,"[   0   51   55  141  142  147  210  252  253  335  486  556  659  682
  877  976 1046]",0.12168465222959154,94.1333124227289,1.7815361644661916
1373,13,22,20,[   0   55  124  147  210  286  335  486  556  659  682  877  976 1046],0.12168465222959154,94.1333124227289,1.7815361644661916
1374,13,22,40,[   0  124  210  286  486  556  682  877  976 1046],0.12168465222959154,94.1333124227289,1.7815361644661916
1375,13,22,60,[   0  124  210  286  486  556  682  877  976 1046],0.12168465222959154,94.1333124227289,1.7815361644661916
1376,13,23,0,[   0  141  142  210  252  253  486  556  659  682  855  976 1046],0.030047295862794768,93.59564922299884,2.953414743267668
1377,13,23,20,[   0  124  210  292  486  556  659  682  855  976 1046],0.030047295862794768,93.59564922299884,2.953414743267668
1378,13,23,40,[   0  210  556  682  855  976 1046],0.030047295862794768,93.59564922299884,2.953414743267668
1379,13,23,60,[   0  210  556  682  855  976 1046],0.030047295862794768,93.59564922299884,2.953414743267668
1380,13,24,0,[   0  141  142  210  252  253  332  556  659  682  855  976 1046],0.032792194827275134,91.5013025864365,2.436195062876934
1381,13,24,20,[   0   81  210  267  332  556  659  682  855  976 1046],0.032792194827275134,91.5013025864365,2.436195062876934
1382,13,24,40,[   0  210  556  682  855  976 1046],0.032792194827275134,91.5013025864365,2.436195062876934
1383,13,24,60,[   0  210  556  682  855  976 1046],0.032792194827275134,91.5013025864365,2.436195062876934
1384,13,25,0,[   0  141  142  210  252  253  558  647  682  842  976 1046],0.03145877467605904,84.51654649723078,2.2481061383820413
1385,13,25,20,[   0  124  210  265  332  508  558  647  682  842  976 1046],0.03145877467605904,84.51654649723078,2.2481061383820413
1386,13,25,40,[   0  210  558  682  842  976 1046],0.03145877467605904,84.51654649723078,2.2481061383820413
1387,13,25,60,[   0  210  558  682  842  976 1046],0.03145877467605904,84.51654649723078,2.2481061383820413
1388,13,26,0,"[   0   24  141  142  210  252  253  335  556  659  682  795  838  976
 1020 1021 1046]",0.05784088671801578,95.64484082805312,2.3146652302041315
1389,13,26,20,[   0   24  124  210  265  335  556  659  682  795  838  976 1046],0.05784088671801578,95.64484082805312,2.3146652302041315
1390,13,26,40,[   0  124  210  265  335  556  682  795  838  976 1046],0.05784088671801578,95.64484082805312,2.3146652302041315
1391,13,26,60,[   0  210  556  682  838  976 1046],0.05784088671801578,95.64484082805312,2.3146652302041315
1392,13,27,0,"[   0   52  141  142  210  252  253  349  486  556  659  682  795  838
 1020 1021 1046]",0.049738244532733386,95.65489588729365,2.438235959463437
1393,13,27,20,[   0   52  124  210  267  349  486  556  659  682  795  838 1020 1046],0.049738244532733386,95.65489588729365,2.438235959463437
1394,13,27,40,[   0  124  210  267  486  556  682  795 1046],0.049738244532733386,95.65489588729365,2.438235959463437
1395,13,27,60,[   0  210  556  682  795 1046],0.049738244532733386,95.65489588729365,2.438235959463437
1396,13,28,0,[   0  141  142  210  252  253  486  556  659  682  842  976 1046],0.05791088525782537,95.15170455317268,1.928833387777614
1397,13,28,20,[   0  124  210  282  486  556  659  682  842  976 1046],0.05791088525782537,95.15170455317268,1.928833387777614
1398,13,28,40,[   0  210  556  682  842  976 1046],0.05791088525782537,95.15170455317268,1.928833387777614
1399,13,28,60,[   0  210  556  682  842  976 1046],0.05791088525782537,95.15170455317268,1.928833387777614
1400,13,29,0,"[   0   52  141  142  210  252  253  282  486  556  659  682  683  795
  838  976 1020 1021 1046]",0.06316491835308133,96.04998823445317,1.548602069479451
1401,13,29,20,[   0   52  124  210  282  486  556  659  682  795  838  976 1020 1046],0.06316491835308133,96.04998823445317,1.548602069479451
1402,13,29,40,[   0  124  210  282  486  556  682  795  838  976 1046],0.06316491835308133,96.04998823445317,1.548602069479451
1403,13,29,60,[   0  124  210  282  486  556  682  838  976 1046],0.06316491835308133,96.04998823445317,1.548602069479451
1404,13,30,0,"[   0   52  141  142  210  252  253  335  485  554  659  682  795  838
  976 1020 1021 1046]",0.0412266977062776,94.38544858470613,2.2357016118257063
1405,13,30,20,"[   0   52  124  210  252  282  335  485  554  659  682  795  838  976
 1020 1046]",0.0412266977062776,94.38544858470613,2.2357016118257063
1406,13,30,40,[   0  124  210  282  335  485  554  682  795  838  976 1046],0.0412266977062776,94.38544858470613,2.2357016118257063
1407,13,30,60,[   0  210  554  682  838  976 1046],0.0412266977062776,94.38544858470613,2.2357016118257063
1408,13,31,0,"[   0   52  141  142  193  252  253  304  485  556  659  682  795  838
  976 1020 1021 1046]",0.049507225372523674,97.89666868770937,2.5128687910083345
1409,13,31,20,"[   0   52  124  193  229  262  304  444  485  556  659  682  795  838
  976 1020 1046]",0.049507225372523674,97.89666868770937,2.5128687910083345
1410,13,31,40,[   0  124  193  262  304  485  556  682  795  838  976 1046],0.049507225372523674,97.89666868770937,2.5128687910083345
1411,13,31,60,[   0  124  193  262  485  556  682  838  976 1046],0.049507225372523674,97.89666868770937,2.5128687910083345
1412,13,32,0,"[   0  124  141  142  193  252  253  288  485  556  659  682  795  838
 1020 1021 1046]",0.045213093771770047,98.74262845272506,2.5246120464544624
1413,13,32,20,[   0  124  193  262  288  485  556  659  682  795  838 1020 1046],0.045213093771770047,98.74262845272506,2.5246120464544624
1414,13,32,40,[   0  124  193  262  485  556  682  795 1046],0.045213093771770047,98.74262845272506,2.5246120464544624
1415,13,32,60,[   0  124  193  262  485  556  682  795 1046],0.045213093771770047,98.74262845272506,2.5246120464544624
1416,13,33,0,"[   0  141  142  193  252  253  335  556  659  682  795  838  976 1020
 1021 1046]",0.05438502971509178,98.97570520744023,2.0258930562307045
1417,13,33,20,[   0  124  193  288  335  556  659  682  795  838  976 1046],0.05438502971509178,98.97570520744023,2.0258930562307045
1418,13,33,40,[   0  124  193  335  556  682  795  838  976 1046],0.05438502971509178,98.97570520744023,2.0258930562307045
1419,13,33,60,[   0  124  193  335  556  682  838  976 1046],0.05438502971509178,98.97570520744023,2.0258930562307045
1420,13,34,0,[   0  141  142  210  252  253  335  558  647  682  795 1046],0.05198817371924259,96.86450023629632,2.2521779197396556
1421,13,34,20,[   0  124  210  288  335  512  558  647  682  795  838 1046],0.05198817371924259,96.86450023629632,2.2521779197396556
1422,13,34,40,[   0  210  558  682  795 1046],0.05198817371924259,96.86450023629632,2.2521779197396556
1423,13,34,60,[   0  210  558  682  795 1046],0.05198817371924259,96.86450023629632,2.2521779197396556
1424,13,35,0,"[   0  141  142  210  252  253  332  552  659  682  798  838  976 1020
 1021 1046]",0.0477293407984211,94.48546769278866,1.6808579569554771
1425,13,35,20,[   0  124  210  282  332  512  552  659  682  798  838  976 1020 1046],0.0477293407984211,94.48546769278866,1.6808579569554771
1426,13,35,40,[   0  210  552  682  838  976 1046],0.0477293407984211,94.48546769278866,1.6808579569554771
1427,13,35,60,[   0  210  552  682  838  976 1046],0.0477293407984211,94.48546769278866,1.6808579569554771
1428,13,36,0,"[   0  141  142  193  252  253  332  556  659  682  798  838  976 1020
 1021 1046]",0.048879851089578256,94.87162466128582,1.6643642883346499
1429,13,36,20,[   0  124  193  282  332  556  659  682  798  838  976 1046],0.048879851089578256,94.87162466128582,1.6643642883346499
1430,13,36,40,[   0  124  193  332  556  682  838  976 1046],0.048879851089578256,94.87162466128582,1.6643642883346499
1431,13,36,60,[   0  124  193  332  556  682  838  976 1046],0.048879851089578256,94.87162466128582,1.6643642883346499
1432,13,37,0,"[   0  141  142  193  252  253  335  556  659  682  795  838 1020 1021
 1046]",0.05730342241716316,98.62634613126231,2.2119109167998547
1433,13,37,20,[   0  124  193  277  335  556  659  682  795  838 1020 1046],0.05730342241716316,98.62634613126231,2.2119109167998547
1434,13,37,40,[   0  124  193  335  556  682  795 1046],0.05730342241716316,98.62634613126231,2.2119109167998547
1435,13,37,60,[   0  124  193  335  556  682  795 1046],0.05730342241716316,98.62634613126231,2.2119109167998547
1436,13,38,0,"[   0  141  142  193  252  253  332  508  558  647  682  795  838  976
 1046]",0.04799712414454281,96.5946973023306,2.2158657134878323
1437,13,38,20,[   0  124  193  253  332  508  558  647  682  795  838  976 1046],0.04799712414454281,96.5946973023306,2.2158657134878323
1438,13,38,40,[   0  124  193  332  558  682  795  838  976 1046],0.04799712414454281,96.5946973023306,2.2158657134878323
1439,13,38,60,[   0  124  193  332  558  682  838  976 1046],0.04799712414454281,96.5946973023306,2.2158657134878323
1440,13,39,0,"[   0  141  142  205  252  253  556  659  682  798  838  976 1020 1021
 1046]",0.041754433391118215,96.92981441514509,2.214773316391184
1441,13,39,20,[   0  124  205  253  556  659  682  798  838  976 1046],0.041754433391118215,96.92981441514509,2.214773316391184
1442,13,39,40,[   0  205  556  682  838  976 1046],0.041754433391118215,96.92981441514509,2.214773316391184
1443,13,39,60,[   0  205  556  682  838  976 1046],0.041754433391118215,96.92981441514509,2.214773316391184
1444,13,40,0,"[   0   24  141  142  193  252  253  335  508  558  647  682  789  838
 1046]",0.056346389943539237,95.93587912502458,2.392283368784588
1445,13,40,20,[   0   24  124  193  270  335  508  558  647  682  789  838 1046],0.056346389943539237,95.93587912502458,2.392283368784588
1446,13,40,40,[   0  124  193  270  335  508  558  682  789  838 1046],0.056346389943539237,95.93587912502458,2.392283368784588
1447,13,40,60,[   0  124  193  335  558  682  789 1046],0.056346389943539237,95.93587912502458,2.392283368784588
1448,13,41,0,"[   0   24  141  142  193  252  253  335  508  558  647  682  789  838
 1046]",0.056561182735647954,96.19515804651869,2.422217089437192
1449,13,41,20,[   0   24  124  193  270  335  508  558  647  682  789  838 1046],0.056561182735647954,96.19515804651869,2.422217089437192
1450,13,41,40,[   0  124  193  270  335  508  558  682  789  838 1046],0.056561182735647954,96.19515804651869,2.422217089437192
1451,13,41,60,[   0  124  193  335  558  682  789 1046],0.056561182735647954,96.19515804651869,2.422217089437192
1452,13,42,0,[   0  141  142  252  253  558  647  682  798  976 1046],0.04287204988149229,94.97154112776832,2.2293927392919204
1453,13,42,20,[   0  124  193  270  335  508  558  647  682  798  976 1046],0.04287204988149229,94.97154112776832,2.2293927392919204
1454,13,42,40,[   0  124  193  335  558  682  798  976 1046],0.04287204988149229,94.97154112776832,2.2293927392919204
1455,13,42,60,[   0  124  193  335  558  682  798  976 1046],0.04287204988149229,94.97154112776832,2.2293927392919204
1456,13,43,0,"[   0  141  142  193  252  253  335  508  558  647  682  798  838  976
 1046]",0.04431595801868852,95.31263369381531,2.220377800623682
1457,13,43,20,[   0  124  193  263  335  508  558  647  682  798  838  976 1046],0.04431595801868852,95.31263369381531,2.220377800623682
1458,13,43,40,[   0  124  193  335  558  682  838  976 1046],0.04431595801868852,95.31263369381531,2.220377800623682
1459,13,43,60,[   0  124  193  335  558  682  838  976 1046],0.04431595801868852,95.31263369381531,2.220377800623682
1460,13,44,0,"[   0  141  142  193  252  253  332  508  558  647  682  798  838  976
 1046]",0.045219445746560887,94.35825325488699,2.159515217932934
1461,13,44,20,[   0  124  193  263  332  508  558  647  682  798  838  976 1046],0.045219445746560887,94.35825325488699,2.159515217932934
1462,13,44,40,[   0  124  193  332  558  682  838  976 1046],0.045219445746560887,94.35825325488699,2.159515217932934
1463,13,44,60,[   0  124  193  332  558  682  838  976 1046],0.045219445746560887,94.35825325488699,2.159515217932934
1464,13,45,0,"[   0   24  141  142  193  252  253  332  556  659  682  798  838  976
 1020 1021 1046]",0.06026736562009352,92.89724720222127,1.6546005752286779
1465,13,45,20,[   0   24  124  193  263  332  556  659  682  798  838  976 1046],0.06026736562009352,92.89724720222127,1.6546005752286779
1466,13,45,40,[   0  124  193  332  556  682  838  976 1046],0.06026736562009352,92.89724720222127,1.6546005752286779
1467,13,45,60,[   0  124  193  332  556  682  838  976 1046],0.06026736562009352,92.89724720222127,1.6546005752286779
1468,13,46,0,"[   0   24  141  142  193  252  253  310  508  556  647  682  798  838
  976 1046]",0.032170468834507006,93.03312128842231,2.2375259905036553
1469,13,46,20,"[   0   24  124  193  250  283  310  508  556  577  647  682  798  838
  976 1046]",0.032170468834507006,93.03312128842231,2.2375259905036553
1470,13,46,40,[   0  124  193  310  556  682  838  976 1046],0.032170468834507006,93.03312128842231,2.2375259905036553
1471,13,46,60,[   0  124  193  310  556  682  838  976 1046],0.032170468834507006,93.03312128842231,2.2375259905036553
1472,13,47,0,"[   0   24  141  142  193  252  253  310  508  556  647  682  798  838
  976 1046]",0.032681779584769685,93.23065156992456,2.2255536393211703
1473,13,47,20,"[   0   24  124  193  250  283  310  508  556  577  647  682  798  838
  976 1046]",0.032681779584769685,93.23065156992456,2.2255536393211703
1474,13,47,40,[   0  124  193  310  556  682  838  976 1046],0.032681779584769685,93.23065156992456,2.2255536393211703
1475,13,47,60,[   0  124  193  310  556  682  838  976 1046],0.032681779584769685,93.23065156992456,2.2255536393211703
1476,13,48,0,"[   0  141  142  193  252  253  332  508  558  647  682  798  838  976
 1046]",0.042975812154242427,94.76583485779605,2.163398682468912
1477,13,48,20,[   0  124  193  263  332  508  558  647  682  798  838  976 1046],0.042975812154242427,94.76583485779605,2.163398682468912
1478,13,48,40,[   0  124  193  332  558  682  838  976 1046],0.042975812154242427,94.76583485779605,2.163398682468912
1479,13,48,60,[   0  124  193  332  558  682  838  976 1046],0.042975812154242427,94.76583485779605,2.163398682468912
1480,13,49,0,"[   0  141  142  193  252  253  332  508  558  647  682  798  838  976
 1046]",0.04351425630546835,94.99648506816608,2.160839161454796
1481,13,49,20,[   0  124  193  263  332  508  558  647  682  798  838  976 1046],0.04351425630546835,94.99648506816608,2.160839161454796
1482,13,49,40,[   0  124  193  332  558  682  838  976 1046],0.04351425630546835,94.99648506816608,2.160839161454796
1483,13,49,60,[   0  124  193  332  558  682  838  976 1046],0.04351425630546835,94.99648506816608,2.160839161454796
1484,13,50,0,"[   0   55  141  142  193  252  253  332  508  552  659  682  798  910
  976 1046]",0.07173935808662281,95.83064723530589,1.6607067434280407
1485,13,50,20,"[   0   55  124  193  239  263  332  508  552  659  682  798  910  976
 1046]",0.07173935808662281,95.83064723530589,1.6607067434280407
1486,13,50,40,[   0  124  193  332  552  682  798  976 1046],0.07173935808662281,95.83064723530589,1.6607067434280407
1487,13,50,60,[   0  124  193  332  552  682  798  976 1046],0.07173935808662281,95.83064723530589,1.6607067434280407
1488,14,20,0,"[   0   51   55  141  142  210  252  253  486  556  659  682  856  976
 1046]",0.03454706391872382,88.83241844403328,2.274809730792513
1489,14,20,20,[   0  124  210  265  486  556  659  682  856  976 1046],0.03454706391872382,88.83241844403328,2.274809730792513
1490,14,20,40,[   0  124  210  265  486  556  682  856  976 1046],0.03454706391872382,88.83241844403328,2.274809730792513
1491,14,20,60,[   0  210  556  682  856  976 1046],0.03454706391872382,88.83241844403328,2.274809730792513
1492,14,21,0,"[   0   51   55  141  142  147  210  252  253  335  486  556  659  682
  856  976 1046]",0.06475692156666395,91.89471094498148,1.754391937739443
1493,14,21,20,[   0   55  124  210  286  335  486  556  659  682  856  976 1046],0.06475692156666395,91.89471094498148,1.754391937739443
1494,14,21,40,[   0  210  556  682  856  976 1046],0.06475692156666395,91.89471094498148,1.754391937739443
1495,14,21,60,[   0  210  556  682  856  976 1046],0.06475692156666395,91.89471094498148,1.754391937739443
1496,14,22,0,"[   0   51   55  141  142  147  210  252  253  335  446  447  486  556
  659  682  877  976 1046]",0.12312188778871637,91.74320358830703,1.6736692799360653
1497,14,22,20,[   0   55  124  147  210  286  335  486  556  659  682  877  976 1046],0.12312188778871637,91.74320358830703,1.6736692799360653
1498,14,22,40,[   0  124  210  286  486  556  682  877  976 1046],0.12312188778871637,91.74320358830703,1.6736692799360653
1499,14,22,60,[   0  124  210  286  486  556  682  877  976 1046],0.12312188778871637,91.74320358830703,1.6736692799360653
1500,14,23,0,[   0  141  142  210  252  253  332  486  556  659  682  855  976 1046],0.0359756017686314,92.25167775292442,2.845988496778454
1501,14,23,20,[   0  124  210  268  332  486  556  659  682  855  976 1046],0.0359756017686314,92.25167775292442,2.845988496778454
1502,14,23,40,[   0  124  210  268  486  556  682  855  976 1046],0.0359756017686314,92.25167775292442,2.845988496778454
1503,14,23,60,[   0  210  556  682  855  976 1046],0.0359756017686314,92.25167775292442,2.845988496778454
1504,14,24,0,[   0  141  142  210  252  253  332  556  659  682  855  976 1046],0.031603992718285734,90.42253944672312,2.3413130873550716
1505,14,24,20,[   0  124  210  267  332  556  659  682  855  976 1046],0.031603992718285734,90.42253944672312,2.3413130873550716
1506,14,24,40,[   0  210  556  682  855  976 1046],0.031603992718285734,90.42253944672312,2.3413130873550716
1507,14,24,60,[   0  210  556  682  855  976 1046],0.031603992718285734,90.42253944672312,2.3413130873550716
1508,14,25,0,[   0  141  142  210  252  253  558  647  682  842  976 1046],0.023115830557847,84.1527761433842,2.520197701154445
1509,14,25,20,[   0  124  210  265  332  508  558  647  682  842  976 1046],0.023115830557847,84.1527761433842,2.520197701154445
1510,14,25,40,[   0  210  558  682  842  976 1046],0.023115830557847,84.1527761433842,2.520197701154445
1511,14,25,60,[   0  210  558  682  842  976 1046],0.023115830557847,84.1527761433842,2.520197701154445
1512,14,26,0,"[   0   51   55  141  142  210  252  253  335  556  659  682  795  838
  976 1020 1021 1046]",0.06235036842891861,93.97502424411442,2.1919515713916384
1513,14,26,20,[   0   24  124  210  265  335  556  659  682  795  838  976 1046],0.06235036842891861,93.97502424411442,2.1919515713916384
1514,14,26,40,[   0  124  210  265  335  556  682  795  838  976 1046],0.06235036842891861,93.97502424411442,2.1919515713916384
1515,14,26,60,[   0  210  556  682  838  976 1046],0.06235036842891861,93.97502424411442,2.1919515713916384
1516,14,27,0,"[   0   51   55  141  142  210  252  253  349  486  556  659  682  795
  838 1020 1021 1046]",0.05453190920842609,93.97083910697977,2.3088645389346216
1517,14,27,20,[   0   55  124  210  267  349  486  556  659  682  795  838 1020 1046],0.05453190920842609,93.97083910697977,2.3088645389346216
1518,14,27,40,[   0   55  124  210  267  349  486  556  682  795  838 1046],0.05453190920842609,93.97083910697977,2.3088645389346216
1519,14,27,60,[   0  210  556  682  795 1046],0.05453190920842609,93.97083910697977,2.3088645389346216
1520,14,28,0,[   0  141  142  210  252  253  486  556  659  682  842  976 1046],0.062298369220082826,93.60310422962736,1.9455655685473674
1521,14,28,20,[   0  124  210  282  486  556  659  682  842  976 1046],0.062298369220082826,93.60310422962736,1.9455655685473674
1522,14,28,40,[   0  210  556  682  842  976 1046],0.062298369220082826,93.60310422962736,1.9455655685473674
1523,14,28,60,[   0  210  556  682  842  976 1046],0.062298369220082826,93.60310422962736,1.9455655685473674
1524,14,29,0,"[   0   51   55  141  142  210  252  253  282  486  556  659  682  683
  795  838  976 1020 1021 1046]",0.06793585967580248,94.35717948438581,1.4850154847265258
1525,14,29,20,[   0   55  124  210  282  486  556  659  682  795  838  976 1020 1046],0.06793585967580248,94.35717948438581,1.4850154847265258
1526,14,29,40,[   0  124  210  282  486  556  682  795  838  976 1046],0.06793585967580248,94.35717948438581,1.4850154847265258
1527,14,29,60,[   0  124  210  282  486  556  682  838  976 1046],0.06793585967580248,94.35717948438581,1.4850154847265258
1528,14,30,0,"[   0   51   55  141  142  210  252  253  335  485  554  659  682  795
  838  976 1020 1021 1046]",0.04602002174193634,92.71565837210521,2.123609160212334
1529,14,30,20,"[   0   55  124  210  252  282  335  485  554  659  682  795  838  976
 1020 1046]",0.04602002174193634,92.71565837210521,2.123609160212334
1530,14,30,40,[   0  124  210  282  335  485  554  682  795  838  976 1046],0.04602002174193634,92.71565837210521,2.123609160212334
1531,14,30,60,[   0  210  554  682  838  976 1046],0.04602002174193634,92.71565837210521,2.123609160212334
1532,14,31,0,"[   0   52  141  142  193  252  253  332  485  556  659  682  795  838
  976 1020 1021 1046]",0.05451350462695424,96.41931359989734,2.4228927671934994
1533,14,31,20,"[   0   52  124  193  229  262  304  332  444  485  556  659  682  795
  838  976 1020 1046]",0.05451350462695424,96.41931359989734,2.4228927671934994
1534,14,31,40,[   0  124  193  262  332  485  556  682  795  838  976 1046],0.05451350462695424,96.41931359989734,2.4228927671934994
1535,14,31,60,[   0  124  193  332  556  682  838  976 1046],0.05451350462695424,96.41931359989734,2.4228927671934994
1536,14,32,0,"[   0  141  142  193  252  253  332  485  556  659  682  795  838 1020
 1021 1046]",0.050021349171050555,97.20497903416896,2.442464459081388
1537,14,32,20,[   0  124  193  265  332  485  556  659  682  795  838 1020 1046],0.050021349171050555,97.20497903416896,2.442464459081388
1538,14,32,40,[   0  124  193  265  332  485  556  682  795  838 1046],0.050021349171050555,97.20497903416896,2.442464459081388
1539,14,32,60,[   0  124  193  265  332  485  556  682  795 1046],0.050021349171050555,97.20497903416896,2.442464459081388
1540,14,33,0,"[   0   51   55  141  142  193  252  253  335  556  659  682  795  838
  976 1020 1021 1046]",0.05882783088646989,97.20378813149335,1.921934482794535
1541,14,33,20,[   0   55  124  193  288  335  556  659  682  795  838  976 1046],0.05882783088646989,97.20378813149335,1.921934482794535
1542,14,33,40,[   0  124  193  335  556  682  795  838  976 1046],0.05882783088646989,97.20378813149335,1.921934482794535
1543,14,33,60,[   0  124  193  335  556  682  838  976 1046],0.05882783088646989,97.20378813149335,1.921934482794535
1544,14,34,0,"[   0  141  142  210  252  253  335  558  647  682  795  838 1020 1021
 1046]",0.051880042108921214,95.52140059622366,2.093289129397568
1545,14,34,20,[   0  124  210  288  335  512  558  647  682  795  838 1020 1046],0.051880042108921214,95.52140059622366,2.093289129397568
1546,14,34,40,[   0  210  558  682  795 1046],0.051880042108921214,95.52140059622366,2.093289129397568
1547,14,34,60,[   0  210  558  682  795 1046],0.051880042108921214,95.52140059622366,2.093289129397568
1548,14,35,0,"[   0  141  142  210  252  253  332  512  558  647  682  798  838  976
 1020 1021 1046]",0.05033180929897096,93.2116636631979,1.630384073650206
1549,14,35,20,[   0  124  210  282  332  512  558  647  682  798  838  976 1020 1046],0.05033180929897096,93.2116636631979,1.630384073650206
1550,14,35,40,[   0  210  558  682  838  976 1046],0.05033180929897096,93.2116636631979,1.630384073650206
1551,14,35,60,[   0  210  558  682  838  976 1046],0.05033180929897096,93.2116636631979,1.630384073650206
1552,14,36,0,"[   0    2  124  141  142  193  252  253  332  556  577  659  682  798
  838  976 1020 1021 1046]",0.026922616814491655,93.43040442457317,2.251364578083819
1553,14,36,20,[   0  124  193  282  332  556  577  659  682  798  838  976 1020 1046],0.026922616814491655,93.43040442457317,2.251364578083819
1554,14,36,40,[   0  124  193  332  556  682  838  976 1046],0.026922616814491655,93.43040442457317,2.251364578083819
1555,14,36,60,[   0  124  193  332  556  682  838  976 1046],0.026922616814491655,93.43040442457317,2.251364578083819
1556,14,37,0,"[   0   51   55  141  142  193  252  253  335  556  659  682  795  838
 1020 1021 1046]",0.06130964290871385,96.97732490279104,2.0917622445214326
1557,14,37,20,[   0   55  124  193  277  335  556  659  682  795  838 1020 1046],0.06130964290871385,96.97732490279104,2.0917622445214326
1558,14,37,40,[   0  124  193  335  556  682  795 1046],0.06130964290871385,96.97732490279104,2.0917622445214326
1559,14,37,60,[   0  124  193  335  556  682  795 1046],0.06130964290871385,96.97732490279104,2.0917622445214326
1560,14,38,0,"[   0  141  142  193  252  253  332  508  558  647  682  795  838  976
 1020 1021 1046]",0.04802712797589549,95.26501807299236,2.059458260197508
1561,14,38,20,[   0  124  193  253  332  508  558  647  682  795  838  976 1020 1046],0.04802712797589549,95.26501807299236,2.059458260197508
1562,14,38,40,[   0  124  193  332  558  682  795  838  976 1046],0.04802712797589549,95.26501807299236,2.059458260197508
1563,14,38,60,[   0  124  193  332  558  682  838  976 1046],0.04802712797589549,95.26501807299236,2.059458260197508
1564,14,39,0,"[   0  141  142  205  252  253  332  556  659  682  798  838  976 1020
 1021 1046]",0.04595920706837487,95.1034625369348,2.1647601469085807
1565,14,39,20,[   0  124  205  268  332  556  659  682  798  838  976 1046],0.04595920706837487,95.1034625369348,2.1647601469085807
1566,14,39,40,[   0  124  205  332  556  682  838  976 1046],0.04595920706837487,95.1034625369348,2.1647601469085807
1567,14,39,60,[   0  124  205  332  556  682  838  976 1046],0.04595920706837487,95.1034625369348,2.1647601469085807
1568,14,40,0,"[   0   24  141  142  193  252  253  335  508  558  647  682  789  838
 1020 1021 1046]",0.05655149097073407,94.36654093615286,2.2430906478590225
1569,14,40,20,[   0   24  124  193  270  335  508  558  647  682  789  838 1020 1046],0.05655149097073407,94.36654093615286,2.2430906478590225
1570,14,40,40,[   0  124  193  270  335  508  558  682  789  838 1046],0.05655149097073407,94.36654093615286,2.2430906478590225
1571,14,40,60,[   0  124  193  335  558  682  789 1046],0.05655149097073407,94.36654093615286,2.2430906478590225
1572,14,41,0,"[   0   24  141  142  193  252  253  335  508  558  647  682  789  838
 1020 1021 1046]",0.05685776951918539,94.62454499244673,2.270215165844865
1573,14,41,20,[   0   24  124  193  270  335  508  558  647  682  789  838 1020 1046],0.05685776951918539,94.62454499244673,2.270215165844865
1574,14,41,40,[   0  124  193  270  335  508  558  682  789  838 1046],0.05685776951918539,94.62454499244673,2.270215165844865
1575,14,41,60,[   0  124  193  335  558  682  789 1046],0.05685776951918539,94.62454499244673,2.270215165844865
1576,14,42,0,"[   0   55  141  142  193  252  253  335  508  558  647  682  798  976
 1046]",0.05011939845774845,94.39715507178263,2.131612471087943
1577,14,42,20,[   0   55  124  193  270  335  508  558  647  682  798  976 1046],0.05011939845774845,94.39715507178263,2.131612471087943
1578,14,42,40,[   0  124  193  335  558  682  798  976 1046],0.05011939845774845,94.39715507178263,2.131612471087943
1579,14,42,60,[   0  124  193  335  558  682  798  976 1046],0.05011939845774845,94.39715507178263,2.131612471087943
1580,14,43,0,"[   0   55  141  142  193  252  253  335  508  558  647  682  798  838
  976 1046]",0.05129593075881892,94.71401518160133,2.1233714629979192
1581,14,43,20,"[   0   55  124  193  239  263  335  508  558  647  682  798  838  976
 1046]",0.05129593075881892,94.71401518160133,2.1233714629979192
1582,14,43,40,[   0  124  193  335  558  682  838  976 1046],0.05129593075881892,94.71401518160133,2.1233714629979192
1583,14,43,60,[   0  124  193  335  558  682  838  976 1046],0.05129593075881892,94.71401518160133,2.1233714629979192
1584,14,44,0,"[   0  141  142  193  252  253  332  508  558  647  682  798  838  976
 1020 1021 1046]",0.04644953031896594,92.96913861579218,2.0202751797587477
1585,14,44,20,"[   0  124  193  263  310  332  508  558  647  682  798  838  976 1020
 1046]",0.04644953031896594,92.96913861579218,2.0202751797587477
1586,14,44,40,[   0  124  193  332  558  682  838  976 1046],0.04644953031896594,92.96913861579218,2.0202751797587477
1587,14,44,60,[   0  124  193  332  558  682  838  976 1046],0.04644953031896594,92.96913861579218,2.0202751797587477
1588,14,45,0,"[   0   24  141  142  193  252  253  332  556  577  659  682  798  838
  976 1020 1021 1046]",0.03325703367628204,91.48658466485364,2.1479853967583855
1589,14,45,20,"[   0   24  124  193  263  310  332  556  577  659  682  798  838  976
 1020 1046]",0.03325703367628204,91.48658466485364,2.1479853967583855
1590,14,45,40,[   0  124  193  332  556  682  838  976 1046],0.03325703367628204,91.48658466485364,2.1479853967583855
1591,14,45,60,[   0  124  193  332  556  682  838  976 1046],0.03325703367628204,91.48658466485364,2.1479853967583855
1592,14,46,0,"[   0   24  141  142  193  252  253  332  508  556  647  682  798  838
  976 1046]",0.03820147664039312,91.69820660814848,2.1639691127286724
1593,14,46,20,"[   0   24  124  193  263  310  332  508  556  577  647  682  798  838
  976 1046]",0.03820147664039312,91.69820660814848,2.1639691127286724
1594,14,46,40,[   0  124  193  332  556  682  838  976 1046],0.03820147664039312,91.69820660814848,2.1639691127286724
1595,14,46,60,[   0  124  193  332  556  682  838  976 1046],0.03820147664039312,91.69820660814848,2.1639691127286724
1596,14,47,0,"[   0   24  141  142  193  252  253  332  508  556  647  682  798  838
  976 1046]",0.038716057808213425,91.89362947316559,2.152721852556678
1597,14,47,20,"[   0   24  124  193  263  310  332  508  556  577  647  682  798  838
  976 1046]",0.038716057808213425,91.89362947316559,2.152721852556678
1598,14,47,40,[   0  124  193  332  556  682  838  976 1046],0.038716057808213425,91.89362947316559,2.152721852556678
1599,14,47,60,[   0  124  193  332  556  682  838  976 1046],0.038716057808213425,91.89362947316559,2.152721852556678
1600,14,48,0,"[   0  141  142  193  252  253  332  508  558  647  682  798  838  976
 1020 1021 1046]",0.043223971294573754,93.45287668552393,2.012032479060881
1601,14,48,20,"[   0  124  193  263  310  332  508  558  647  682  798  838  976 1020
 1046]",0.043223971294573754,93.45287668552393,2.012032479060881
1602,14,48,40,[   0  124  193  332  558  682  838  976 1046],0.043223971294573754,93.45287668552393,2.012032479060881
1603,14,48,60,[   0  124  193  332  558  682  838  976 1046],0.043223971294573754,93.45287668552393,2.012032479060881
1604,14,49,0,"[   0  141  142  193  252  253  332  508  558  647  682  798  838  976
 1020 1021 1046]",0.04378683706781577,93.68537999499038,2.009713389063344
1605,14,49,20,"[   0  124  193  263  310  332  508  558  647  682  798  838  976 1020
 1046]",0.04378683706781577,93.68537999499038,2.009713389063344
1606,14,49,40,[   0  124  193  332  558  682  838  976 1046],0.04378683706781577,93.68537999499038,2.009713389063344
1607,14,49,60,[   0  124  193  332  558  682  838  976 1046],0.04378683706781577,93.68537999499038,2.009713389063344
1608,14,50,0,"[   0   55  141  142  193  252  253  332  508  552  659  682  798  910
  976 1046]",0.08106481405350723,95.65165465658565,1.8818712953786871
1609,14,50,20,"[   0   55  124  193  239  263  332  508  552  659  682  798  910  976
 1046]",0.08106481405350723,95.65165465658565,1.8818712953786871
1610,14,50,40,[   0  124  193  332  552  682  798  976 1046],0.08106481405350723,95.65165465658565,1.8818712953786871
1611,14,50,60,[   0  124  193  332  552  682  798  976 1046],0.08106481405350723,95.65165465658565,1.8818712953786871
1612,15,20,0,"[   0   51   55  141  142  147  210  252  253  446  447  486  556  659
  682  856  976 1046]",0.03593449789775172,87.20319075200655,2.139171520351194
1613,15,20,20,[   0  124  210  265  486  556  659  682  856  976 1046],0.03593449789775172,87.20319075200655,2.139171520351194
1614,15,20,40,[   0  124  210  265  486  556  682  856  976 1046],0.03593449789775172,87.20319075200655,2.139171520351194
1615,15,20,60,[   0  210  556  682  856  976 1046],0.03593449789775172,87.20319075200655,2.139171520351194
1616,15,21,0,"[   0   51   55  141  142  147  210  252  253  335  446  447  486  556
  659  682  856  976 1046]",0.06632621722889072,90.13671209723525,1.6554071933506278
1617,15,21,20,[   0   55  124  210  286  335  486  556  659  682  856  976 1046],0.06632621722889072,90.13671209723525,1.6554071933506278
1618,15,21,40,[   0  210  556  682  856  976 1046],0.06632621722889072,90.13671209723525,1.6554071933506278
1619,15,21,60,[   0  210  556  682  856  976 1046],0.06632621722889072,90.13671209723525,1.6554071933506278
1620,15,22,0,"[   0   51   55  141  142  147  210  252  253  335  446  447  486  556
  659  682  683  838  976 1046]",0.12183321823392404,89.94222786977534,1.7090631691295917
1621,15,22,20,[   0   55  124  147  210  286  335  486  556  659  682  838  976 1046],0.12183321823392404,89.94222786977534,1.7090631691295917
1622,15,22,40,[   0  210  556  682  838  976 1046],0.12183321823392404,89.94222786977534,1.7090631691295917
1623,15,22,60,[   0  210  556  682  838  976 1046],0.12183321823392404,89.94222786977534,1.7090631691295917
1624,15,23,0,"[   0   51   55  141  142  210  252  253  332  486  556  659  682  855
  976 1046]",0.04090345961297039,91.19455097825,2.6991546001893822
1625,15,23,20,[   0   55  124  210  268  332  486  556  659  682  855  976 1046],0.04090345961297039,91.19455097825,2.6991546001893822
1626,15,23,40,[   0  124  210  268  486  556  682  855  976 1046],0.04090345961297039,91.19455097825,2.6991546001893822
1627,15,23,60,[   0  210  556  682  855  976 1046],0.04090345961297039,91.19455097825,2.6991546001893822
1628,15,24,0,"[   0   51   55  141  142  210  252  253  332  556  659  682  855  976
 1046]",0.035069988433257634,89.19530072001447,2.227102273745621
1629,15,24,20,[   0  124  210  267  332  556  659  682  855  976 1046],0.035069988433257634,89.19530072001447,2.227102273745621
1630,15,24,40,[   0  210  556  682  855  976 1046],0.035069988433257634,89.19530072001447,2.227102273745621
1631,15,24,60,[   0  210  556  682  855  976 1046],0.035069988433257634,89.19530072001447,2.227102273745621
1632,15,25,0,[   0  141  142  210  252  253  558  647  682  842  976 1046],0.019648332519499427,84.29222748870293,2.469791308818905
1633,15,25,20,[   0  124  210  265  332  508  558  647  682  842  976 1046],0.019648332519499427,84.29222748870293,2.469791308818905
1634,15,25,40,[   0  210  558  682  842  976 1046],0.019648332519499427,84.29222748870293,2.469791308818905
1635,15,25,60,[   0  210  558  682  842  976 1046],0.019648332519499427,84.29222748870293,2.469791308818905
1636,15,26,0,"[   0   51   55  141  142  210  252  253  335  446  447  556  659  682
  795  838  976 1020 1021 1046]",0.06356582896820154,92.70408648674976,2.066465569380122
1637,15,26,20,[   0   24  124  210  265  335  556  659  682  795  838  976 1046],0.06356582896820154,92.70408648674976,2.066465569380122
1638,15,26,40,[   0  124  210  265  335  556  682  795  838  976 1046],0.06356582896820154,92.70408648674976,2.066465569380122
1639,15,26,60,[   0  210  556  682  838  976 1046],0.06356582896820154,92.70408648674976,2.066465569380122
1640,15,27,0,"[   0   51   55  141  142  210  252  253  332  486  556  659  682  795
  838 1020 1021 1046]",0.05880835778475754,92.82367128632643,2.2235889434813485
1641,15,27,20,"[   0   55  124  210  265  292  332  486  556  659  682  795  838 1020
 1046]",0.05880835778475754,92.82367128632643,2.2235889434813485
1642,15,27,40,[   0   55  124  210  265  332  486  556  682  795  838 1046],0.05880835778475754,92.82367128632643,2.2235889434813485
1643,15,27,60,[   0  210  556  682  795 1046],0.05880835778475754,92.82367128632643,2.2235889434813485
1644,15,28,0,[   0  141  142  210  252  253  332  486  556  659  682  842  976 1046],0.06798766212697292,92.58915297198472,1.8903509731182309
1645,15,28,20,[   0  124  210  265  332  486  556  659  682  842  976 1046],0.06798766212697292,92.58915297198472,1.8903509731182309
1646,15,28,40,[   0  124  210  265  486  556  682  842  976 1046],0.06798766212697292,92.58915297198472,1.8903509731182309
1647,15,28,60,[   0  210  556  682  842  976 1046],0.06798766212697292,92.58915297198472,1.8903509731182309
1648,15,29,0,"[   0   51   55  141  142  210  252  253  332  486  556  659  682  683
  795  838  976 1020 1021 1046]",0.07209141593424895,93.23804310112884,1.4446656295212454
1649,15,29,20,"[   0   55  124  210  265  332  486  556  659  682  795  838  976 1020
 1046]",0.07209141593424895,93.23804310112884,1.4446656295212454
1650,15,29,40,[   0  124  210  265  332  486  556  682  795  838  976 1046],0.07209141593424895,93.23804310112884,1.4446656295212454
1651,15,29,60,[   0  210  556  682  838  976 1046],0.07209141593424895,93.23804310112884,1.4446656295212454
1652,15,30,0,"[   0   51   55  141  142  210  252  253  335  485  554  659  682  795
  838  976 1020 1021 1046]",0.05012393939736494,91.55033968430432,2.0473762147917647
1653,15,30,20,"[   0   55  124  210  265  335  485  554  659  682  795  838  976 1020
 1046]",0.05012393939736494,91.55033968430432,2.0473762147917647
1654,15,30,40,[   0  124  210  265  335  485  554  682  795  838  976 1046],0.05012393939736494,91.55033968430432,2.0473762147917647
1655,15,30,60,[   0  210  554  682  838  976 1046],0.05012393939736494,91.55033968430432,2.0473762147917647
1656,15,31,0,"[   0   51   55  141  142  193  252  253  332  485  556  659  682  795
  838  976 1020 1021 1046]",0.05923994714173355,95.32990188165269,2.3041559089970183
1657,15,31,20,"[   0   55  124  193  229  262  304  332  485  556  659  682  795  838
  976 1020 1046]",0.05923994714173355,95.32990188165269,2.3041559089970183
1658,15,31,40,[   0  124  193  262  332  485  556  682  795  838  976 1046],0.05923994714173355,95.32990188165269,2.3041559089970183
1659,15,31,60,[   0  124  193  332  556  682  838  976 1046],0.05923994714173355,95.32990188165269,2.3041559089970183
1660,15,32,0,"[   0   51   55  141  142  193  252  253  332  485  556  659  682  795
  838 1020 1021 1046]",0.054357753129254345,96.19141854900758,2.316017896745561
1661,15,32,20,[   0   55  124  193  265  332  485  556  659  682  795  838 1020 1046],0.054357753129254345,96.19141854900758,2.316017896745561
1662,15,32,40,[   0   55  124  193  265  332  485  556  682  795  838 1046],0.054357753129254345,96.19141854900758,2.316017896745561
1663,15,32,60,[   0  124  193  265  332  485  556  682  795 1046],0.054357753129254345,96.19141854900758,2.316017896745561
1664,15,33,0,"[   0   51   55  141  142  193  252  253  335  446  447  556  659  682
  795  838  976 1020 1021 1046]",0.060087339378258206,95.88511851886658,1.823852842069932
1665,15,33,20,[   0   55  124  193  288  335  556  659  682  795  838  976 1046],0.060087339378258206,95.88511851886658,1.823852842069932
1666,15,33,40,[   0  124  193  335  556  682  795  838  976 1046],0.060087339378258206,95.88511851886658,1.823852842069932
1667,15,33,60,[   0  124  193  288  556  682  838  976 1046],0.060087339378258206,95.88511851886658,1.823852842069932
1668,15,34,0,"[   0   51   55  141  142  210  252  253  335  512  558  647  682  795
  838 1020 1021 1046]",0.05591488498677945,94.35911359158554,1.9913624874006834
1669,15,34,20,[   0   55  124  210  288  335  512  558  647  682  795  838 1020 1046],0.05591488498677945,94.35911359158554,1.9913624874006834
1670,15,34,40,[   0   55  124  210  288  335  512  558  682  795  838 1046],0.05591488498677945,94.35911359158554,1.9913624874006834
1671,15,34,60,[   0  210  558  682  795 1046],0.05591488498677945,94.35911359158554,1.9913624874006834
1672,15,35,0,"[   0    2  124  141  142  210  252  253  332  512  556  576  647  682
  798  838  976 1020 1021 1046]",0.029111473195446446,92.14381216691996,2.1052909912465734
1673,15,35,20,[   0  124  210  282  332  512  556  647  682  798  838  976 1020 1046],0.029111473195446446,92.14381216691996,2.1052909912465734
1674,15,35,40,[   0  210  556  682  838  976 1046],0.029111473195446446,92.14381216691996,2.1052909912465734
1675,15,35,60,[   0  210  556  682  838  976 1046],0.029111473195446446,92.14381216691996,2.1052909912465734
1676,15,36,0,"[   0   51   55  141  142  193  252  253  332  556  577  659  682  798
  838  976 1020 1021 1046]",0.031248908934625164,92.31060952533296,2.1384157140060283
1677,15,36,20,"[   0   55  124  193  239  282  332  556  577  659  682  798  838  976
 1020 1046]",0.031248908934625164,92.31060952533296,2.1384157140060283
1678,15,36,40,[   0  124  193  332  556  682  838  976 1046],0.031248908934625164,92.31060952533296,2.1384157140060283
1679,15,36,60,[   0  124  193  332  556  682  838  976 1046],0.031248908934625164,92.31060952533296,2.1384157140060283
1680,15,37,0,"[   0   51   55  141  142  193  252  253  335  446  447  556  659  682
  795  838 1020 1021 1046]",0.06253402190215546,95.67928240002325,1.9803353505335477
1681,15,37,20,[   0   55  124  193  277  335  556  659  682  795  838 1020 1046],0.06253402190215546,95.67928240002325,1.9803353505335477
1682,15,37,40,[   0  124  193  335  556  682  795 1046],0.06253402190215546,95.67928240002325,1.9803353505335477
1683,15,37,60,[   0  124  193  277  556  682  795 1046],0.06253402190215546,95.67928240002325,1.9803353505335477
1684,15,38,0,"[   0   51   55  141  142  193  252  253  332  508  558  647  682  795
  838  976 1020 1021 1046]",0.052352282772243505,94.26178700026675,1.9590971645649258
1685,15,38,20,"[   0   55  124  193  253  332  508  558  647  682  795  838  976 1020
 1046]",0.052352282772243505,94.26178700026675,1.9590971645649258
1686,15,38,40,[   0   55  124  193  253  332  508  558  682  795  838  976 1046],0.052352282772243505,94.26178700026675,1.9590971645649258
1687,15,38,60,[   0  124  193  332  558  682  838  976 1046],0.052352282772243505,94.26178700026675,1.9590971645649258
1688,15,39,0,"[   0   51   55  141  142  205  252  253  332  556  659  682  798  838
  976 1020 1021 1046]",0.04439050312540689,93.74303079533095,2.050887609929218
1689,15,39,20,[   0   55  124  205  268  332  556  659  682  798  838  976 1046],0.04439050312540689,93.74303079533095,2.050887609929218
1690,15,39,40,[   0  124  205  332  556  682  838  976 1046],0.04439050312540689,93.74303079533095,2.050887609929218
1691,15,39,60,[   0  124  205  332  556  682  838  976 1046],0.04439050312540689,93.74303079533095,2.050887609929218
1692,15,40,0,"[   0   51   55  141  142  193  252  253  335  508  558  647  682  789
  838 1020 1021 1046]",0.06084539682753547,93.28731583004031,2.132429934505872
1693,15,40,20,"[   0   24   55  124  193  270  335  508  558  647  682  789  838 1020
 1046]",0.06084539682753547,93.28731583004031,2.132429934505872
1694,15,40,40,[   0   55  124  193  270  335  508  558  682  789  838 1046],0.06084539682753547,93.28731583004031,2.132429934505872
1695,15,40,60,[   0  124  193  335  558  682  789 1046],0.06084539682753547,93.28731583004031,2.132429934505872
1696,15,41,0,"[   0   51   55  141  142  193  252  253  335  508  558  647  682  789
  838 1020 1021 1046]",0.061126826586402054,93.54404163226103,2.157112705315683
1697,15,41,20,"[   0   24   55  124  193  270  335  508  558  647  682  789  838 1020
 1046]",0.061126826586402054,93.54404163226103,2.157112705315683
1698,15,41,40,[   0   55  124  193  270  335  508  558  682  789  838 1046],0.061126826586402054,93.54404163226103,2.157112705315683
1699,15,41,60,[   0  124  193  335  558  682  789 1046],0.061126826586402054,93.54404163226103,2.157112705315683
1700,15,42,0,"[   0   55  141  142  193  252  253  335  508  558  647  682  798  976
 1020 1021 1046]",0.05181247017833039,93.56175391316867,2.006213423239629
1701,15,42,20,[   0   55  124  193  270  335  508  558  647  682  798  976 1046],0.05181247017833039,93.56175391316867,2.006213423239629
1702,15,42,40,[   0  124  193  335  558  682  798  976 1046],0.05181247017833039,93.56175391316867,2.006213423239629
1703,15,42,60,[   0  124  193  335  558  682  798  976 1046],0.05181247017833039,93.56175391316867,2.006213423239629
1704,15,43,0,"[   0   55  141  142  193  252  253  335  508  558  647  682  798  838
  976 1020 1021 1046]",0.05295946639374214,93.91930216237543,1.9956639448944269
1705,15,43,20,"[   0   55  124  193  239  263  335  508  558  647  682  798  838  976
 1020 1046]",0.05295946639374214,93.91930216237543,1.9956639448944269
1706,15,43,40,[   0  124  193  335  558  682  838  976 1046],0.05295946639374214,93.91930216237543,1.9956639448944269
1707,15,43,60,[   0  124  193  335  558  682  838  976 1046],0.05295946639374214,93.91930216237543,1.9956639448944269
1708,15,44,0,"[   0   51   55  141  142  193  252  253  332  508  558  647  682  798
  838  976 1020 1021 1046]",0.04912583390868088,91.91007001078488,1.9212387398245603
1709,15,44,20,"[   0   55  124  193  263  310  332  508  558  647  682  798  838  976
 1020 1046]",0.04912583390868088,91.91007001078488,1.9212387398245603
1710,15,44,40,[   0  124  193  332  558  682  838  976 1046],0.04912583390868088,91.91007001078488,1.9212387398245603
1711,15,44,60,[   0  124  193  332  558  682  838  976 1046],0.04912583390868088,91.91007001078488,1.9212387398245603
1712,15,45,0,"[   0   24  141  142  193  252  253  332  556  577  616  647  682  798
  838  976 1020 1021 1046]",0.036482423460577645,90.45022222639089,2.055710187661947
1713,15,45,20,"[   0   24  124  193  263  310  332  556  577  616  647  682  798  838
  976 1020 1046]",0.036482423460577645,90.45022222639089,2.055710187661947
1714,15,45,40,[   0  124  193  332  556  682  838  976 1046],0.036482423460577645,90.45022222639089,2.055710187661947
1715,15,45,60,[   0  124  193  332  556  682  838  976 1046],0.036482423460577645,90.45022222639089,2.055710187661947
1716,15,46,0,"[   0   24  141  142  193  252  253  332  508  556  647  682  798  838
  976 1020 1021 1046]",0.039935320341010695,90.9098414113248,2.0366420742681997
1717,15,46,20,"[   0   24  124  193  263  310  332  508  556  577  647  682  798  838
  976 1020 1046]",0.039935320341010695,90.9098414113248,2.0366420742681997
1718,15,46,40,[   0  124  193  332  556  682  838  976 1046],0.039935320341010695,90.9098414113248,2.0366420742681997
1719,15,46,60,[   0  124  193  332  556  682  838  976 1046],0.039935320341010695,90.9098414113248,2.0366420742681997
1720,15,47,0,"[   0   24  141  142  193  252  253  332  508  556  647  682  798  838
  976 1020 1021 1046]",0.0404172305110781,91.10176454717472,2.025988239340206
1721,15,47,20,"[   0   24  124  193  263  310  332  508  556  577  647  682  798  838
  976 1020 1046]",0.0404172305110781,91.10176454717472,2.025988239340206
1722,15,47,40,[   0  124  193  332  556  682  838  976 1046],0.0404172305110781,91.10176454717472,2.025988239340206
1723,15,47,60,[   0  124  193  332  556  682  838  976 1046],0.0404172305110781,91.10176454717472,2.025988239340206
1724,15,48,0,"[   0   51   55  141  142  193  252  253  332  508  558  647  682  798
  838  976 1020 1021 1046]",0.04597505096709512,92.38426951444384,1.9091801732302953
1725,15,48,20,"[   0   55  124  193  263  310  332  508  558  647  682  798  838  976
 1020 1046]",0.04597505096709512,92.38426951444384,1.9091801732302953
1726,15,48,40,[   0  124  193  332  558  682  838  976 1046],0.04597505096709512,92.38426951444384,1.9091801732302953
1727,15,48,60,[   0  124  193  332  558  682  838  976 1046],0.04597505096709512,92.38426951444384,1.9091801732302953
1728,15,49,0,"[   0   51   55  141  142  193  252  253  332  508  558  647  682  798
  838  976 1020 1021 1046]",0.046540558584027926,92.61554935644665,1.9070156892325936
1729,15,49,20,"[   0   55  124  193  263  310  332  508  558  647  682  798  838  976
 1020 1046]",0.046540558584027926,92.61554935644665,1.9070156892325936
1730,15,49,40,[   0  124  193  332  558  682  838  976 1046],0.046540558584027926,92.61554935644665,1.9070156892325936
1731,15,49,60,[   0  124  193  332  558  682  838  976 1046],0.046540558584027926,92.61554935644665,1.9070156892325936
1732,15,50,0,"[   0   55  141  142  193  252  253  332  508  558  647  682  798  910
  976 1046]",0.08435309506577911,94.78987862112648,1.8117410223706258
1733,15,50,20,[   0   55  124  193  263  332  508  558  647  682  798  910  976 1046],0.08435309506577911,94.78987862112648,1.8117410223706258
1734,15,50,40,[   0  124  193  263  332  508  558  682  798  910  976 1046],0.08435309506577911,94.78987862112648,1.8117410223706258
1735,15,50,60,[   0  124  193  332  558  682  798  976 1046],0.08435309506577911,94.78987862112648,1.8117410223706258
1736,16,20,0,"[   0   51   55  141  142  147  210  252  253  319  446  447  486  556
  659  682  856  976 1046]",0.038850963524012225,85.67423972021005,2.0547652129660463
1737,16,20,20,"[   0   55  124  147  210  265  298  319  486  556  659  682  856  976
 1046]",0.038850963524012225,85.67423972021005,2.0547652129660463
1738,16,20,40,[   0  124  210  265  486  556  682  856  976 1046],0.038850963524012225,85.67423972021005,2.0547652129660463
1739,16,20,60,[   0  210  556  682  856  976 1046],0.038850963524012225,85.67423972021005,2.0547652129660463
1740,16,21,0,"[   0   51   55  141  142  147  210  252  253  335  446  447  486  556
  659  682  856  976 1020 1021 1046]",0.06683767732059973,88.56430554687265,1.6052416535171297
1741,16,21,20,[   0   55  124  210  286  335  486  556  659  682  856  976 1046],0.06683767732059973,88.56430554687265,1.6052416535171297
1742,16,21,40,[   0  210  556  682  856  976 1046],0.06683767732059973,88.56430554687265,1.6052416535171297
1743,16,21,60,[   0  210  556  682  856  976 1046],0.06683767732059973,88.56430554687265,1.6052416535171297
1744,16,22,0,"[   0   51   55  141  142  147  210  252  253  335  446  447  486  556
  659  682  683  838  976 1020 1021 1046]",0.1231770732747947,88.37208024903217,1.6385615263368138
1745,16,22,20,[   0   55  124  147  210  286  335  486  556  659  682  838  976 1046],0.1231770732747947,88.37208024903217,1.6385615263368138
1746,16,22,40,[   0  210  556  682  838  976 1046],0.1231770732747947,88.37208024903217,1.6385615263368138
1747,16,22,60,[   0  210  556  682  838  976 1046],0.1231770732747947,88.37208024903217,1.6385615263368138
1748,16,23,0,"[   0   51   55  141  142  210  252  253  332  486  556  659  682  683
  855  976 1046]",0.046083730317301154,90.13292207162836,2.6565943691610863
1749,16,23,20,[   0   55  124  210  268  332  486  556  659  682  855  976 1046],0.046083730317301154,90.13292207162836,2.6565943691610863
1750,16,23,40,[   0  124  210  268  486  556  682  855  976 1046],0.046083730317301154,90.13292207162836,2.6565943691610863
1751,16,23,60,[   0  210  556  682  855  976 1046],0.046083730317301154,90.13292207162836,2.6565943691610863
1752,16,24,0,"[   0   51   55  141  142  210  252  253  332  446  447  556  659  682
  855  976 1046]",0.03691483013977632,88.3474006372835,2.102427605813052
1753,16,24,20,[   0  124  210  267  332  556  659  682  855  976 1046],0.03691483013977632,88.3474006372835,2.102427605813052
1754,16,24,40,[   0  210  556  682  855  976 1046],0.03691483013977632,88.3474006372835,2.102427605813052
1755,16,24,60,[   0  210  556  682  855  976 1046],0.03691483013977632,88.3474006372835,2.102427605813052
1756,16,25,0,"[   0  141  142  210  252  253  332  508  558  647  682  842  976 1020
 1021 1046]",0.021993140410659792,83.76077332806146,2.339281071377449
1757,16,25,20,[   0  124  210  265  332  508  558  647  682  842  976 1046],0.021993140410659792,83.76077332806146,2.339281071377449
1758,16,25,40,[   0  210  558  682  842  976 1046],0.021993140410659792,83.76077332806146,2.339281071377449
1759,16,25,60,[   0  210  558  682  842  976 1046],0.021993140410659792,83.76077332806146,2.339281071377449
1760,16,26,0,"[   0   51   55  141  142  210  252  253  335  446  447  486  556  659
  682  795  838  976 1020 1021 1046]",0.055623161554501484,91.39087365339465,2.1309562759723635
1761,16,26,20,"[   0   24   55  124  210  265  288  335  486  556  659  682  795  838
  976 1020 1046]",0.055623161554501484,91.39087365339465,2.1309562759723635
1762,16,26,40,[   0  124  210  265  335  486  556  682  795  838  976 1046],0.055623161554501484,91.39087365339465,2.1309562759723635
1763,16,26,60,[   0  210  556  682  838  976 1046],0.055623161554501484,91.39087365339465,2.1309562759723635
1764,16,27,0,"[   0   51   55  141  142  210  252  253  332  446  447  486  556  659
  682  795  838 1020 1021 1046]",0.06014317918777362,91.4787657150521,2.098297296201417
1765,16,27,20,"[   0   55  124  210  265  292  332  486  556  659  682  795  838 1020
 1046]",0.06014317918777362,91.4787657150521,2.098297296201417
1766,16,27,40,[   0   55  124  210  265  332  486  556  682  795  838 1046],0.06014317918777362,91.4787657150521,2.098297296201417
1767,16,27,60,[   0  210  556  682  795 1046],0.06014317918777362,91.4787657150521,2.098297296201417
1768,16,28,0,"[   0   51   55  141  142  210  252  253  332  486  556  659  682  684
  842  976 1046]",0.07158617943692558,91.85523956628435,1.811814418630978
1769,16,28,20,[   0   55  124  210  265  332  486  556  659  682  842  976 1046],0.07158617943692558,91.85523956628435,1.811814418630978
1770,16,28,40,[   0  124  210  265  486  556  682  842  976 1046],0.07158617943692558,91.85523956628435,1.811814418630978
1771,16,28,60,[   0  210  556  682  842  976 1046],0.07158617943692558,91.85523956628435,1.811814418630978
1772,16,29,0,"[   0   51   55  141  142  210  252  253  332  446  447  486  556  659
  682  683  795  838  976 1020 1021 1046]",0.07343279865404741,92.2424042249025,1.35703981006768
1773,16,29,20,"[   0   55  124  210  265  332  486  556  659  682  795  838  976 1020
 1046]",0.07343279865404741,92.2424042249025,1.35703981006768
1774,16,29,40,[   0  124  210  265  332  486  556  682  795  838  976 1046],0.07343279865404741,92.2424042249025,1.35703981006768
1775,16,29,60,[   0  210  556  682  838  976 1046],0.07343279865404741,92.2424042249025,1.35703981006768
1776,16,30,0,"[   0   51   55  141  142  210  252  253  335  485  554  659  682  683
  783  838  976 1020 1021 1046]",0.05719668759086854,90.72460076180249,2.3377664219757524
1777,16,30,20,"[   0   55  124  210  265  335  485  554  659  682  783  838  976 1020
 1046]",0.05719668759086854,90.72460076180249,2.3377664219757524
1778,16,30,40,[   0  124  210  265  335  485  554  682  783  838  976 1046],0.05719668759086854,90.72460076180249,2.3377664219757524
1779,16,30,60,[   0  210  554  682  838  976 1046],0.05719668759086854,90.72460076180249,2.3377664219757524
1780,16,31,0,"[   0   51   55  141  142  193  252  253  332  446  447  485  556  659
  682  795  838  976 1020 1021 1046]",0.060722416375697294,94.13098467685647,2.1729375290071835
1781,16,31,20,"[   0   55  124  193  229  262  304  332  485  556  659  682  795  838
  976 1020 1046]",0.060722416375697294,94.13098467685647,2.1729375290071835
1782,16,31,40,[   0  124  193  262  332  485  556  682  795  838  976 1046],0.060722416375697294,94.13098467685647,2.1729375290071835
1783,16,31,60,[   0  124  193  332  556  682  838  976 1046],0.060722416375697294,94.13098467685647,2.1729375290071835
1784,16,32,0,"[   0   51   55  141  142  193  252  253  332  446  447  485  556  659
  682  795  838 1020 1021 1046]",0.05561830627009612,94.9250296908974,2.1861263952925465
1785,16,32,20,[   0   55  124  193  265  332  485  556  659  682  795  838 1020 1046],0.05561830627009612,94.9250296908974,2.1861263952925465
1786,16,32,40,[   0   55  124  193  265  332  485  556  682  795  838 1046],0.05561830627009612,94.9250296908974,2.1861263952925465
1787,16,32,60,[   0  124  193  265  332  485  556  682  795 1046],0.05561830627009612,94.9250296908974,2.1861263952925465
1788,16,33,0,"[   0   51   55  141  142  193  252  253  335  446  447  556  659  682
  795  838  976 1020 1021 1046]",0.06209646515089086,94.28551371810595,1.7258098644914615
1789,16,33,20,[   0   55  124  193  298  335  556  659  682  795  838  976 1046],0.06209646515089086,94.28551371810595,1.7258098644914615
1790,16,33,40,[   0  124  193  335  556  682  795  838  976 1046],0.06209646515089086,94.28551371810595,1.7258098644914615
1791,16,33,60,[   0  124  193  335  556  682  838  976 1046],0.06209646515089086,94.28551371810595,1.7258098644914615
1792,16,34,0,"[   0   51   55  141  142  210  252  253  335  446  447  558  647  682
  795  838 1020 1021 1046]",0.05718975030289684,93.61412092654304,1.893984119071103
1793,16,34,20,[   0   55  124  210  288  335  512  558  647  682  795  838 1020 1046],0.05718975030289684,93.61412092654304,1.893984119071103
1794,16,34,40,[   0   55  124  210  288  335  512  558  682  795  838 1046],0.05718975030289684,93.61412092654304,1.893984119071103
1795,16,34,60,[   0  210  558  682  795 1046],0.05718975030289684,93.61412092654304,1.893984119071103
1796,16,35,0,"[   0    2   51   55  141  142  210  252  253  332  512  556  576  647
  682  798  838  976 1020 1021 1046]",0.033452848285460454,91.51883893043713,2.008040959091341
1797,16,35,20,"[   0   55  124  210  282  332  512  556  647  682  798  838  976 1020
 1046]",0.033452848285460454,91.51883893043713,2.008040959091341
1798,16,35,40,[   0  210  556  682  838  976 1046],0.033452848285460454,91.51883893043713,2.008040959091341
1799,16,35,60,[   0  210  556  682  838  976 1046],0.033452848285460454,91.51883893043713,2.008040959091341
1800,16,36,0,"[   0   51   55  141  142  193  252  253  332  556  577  616  647  682
  798  838  976 1020 1021 1046]",0.03433814444552125,91.68476477350542,2.0531034887301325
1801,16,36,20,"[   0   55  124  193  282  332  556  577  616  647  682  798  838  976
 1020 1046]",0.03433814444552125,91.68476477350542,2.0531034887301325
1802,16,36,40,[   0  124  193  332  556  682  838  976 1046],0.03433814444552125,91.68476477350542,2.0531034887301325
1803,16,36,60,[   0  124  193  332  556  682  838  976 1046],0.03433814444552125,91.68476477350542,2.0531034887301325
1804,16,37,0,"[   0   51   55  141  142  193  252  253  335  446  447  556  659  682
  795  838 1020 1021 1046]",0.06464388138022355,93.87431711746666,1.8840176657901724
1805,16,37,20,[   0   55  124  193  298  335  556  659  682  795  838 1020 1046],0.06464388138022355,93.87431711746666,1.8840176657901724
1806,16,37,40,[   0  124  193  335  556  682  795 1046],0.06464388138022355,93.87431711746666,1.8840176657901724
1807,16,37,60,[   0  124  193  335  556  682  795 1046],0.06464388138022355,93.87431711746666,1.8840176657901724
1808,16,38,0,"[   0   51   55  141  142  193  252  253  343  446  447  558  647  682
  795  838  976 1020 1021 1046]",0.053646406692824264,93.47574990729873,1.8628163628021943
1809,16,38,20,"[   0   55  124  193  253  343  508  558  647  682  795  838  976 1020
 1046]",0.053646406692824264,93.47574990729873,1.8628163628021943
1810,16,38,40,[   0   55  124  193  253  343  508  558  682  795  838  976 1046],0.053646406692824264,93.47574990729873,1.8628163628021943
1811,16,38,60,[   0  124  193  343  558  682  838  976 1046],0.053646406692824264,93.47574990729873,1.8628163628021943
1812,16,39,0,"[   0   51   55  141  142  205  252  253  332  446  447  556  659  682
  798  838  976 1020 1021 1046]",0.045489825523526116,92.36137183840478,1.9362183952651595
1813,16,39,20,[   0   55  124  205  268  332  556  659  682  798  838  976 1046],0.045489825523526116,92.36137183840478,1.9362183952651595
1814,16,39,40,[   0  124  205  332  556  682  838  976 1046],0.045489825523526116,92.36137183840478,1.9362183952651595
1815,16,39,60,[   0  124  205  332  556  682  838  976 1046],0.045489825523526116,92.36137183840478,1.9362183952651595
1816,16,40,0,"[   0   51   55  141  142  193  252  253  335  446  447  558  647  682
  789  838 1020 1021 1046]",0.06188877211927659,92.53663055288821,2.0190072297757204
1817,16,40,20,"[   0   24   55  124  193  270  335  508  558  647  682  789  838 1020
 1046]",0.06188877211927659,92.53663055288821,2.0190072297757204
1818,16,40,40,[   0   55  124  193  270  335  508  558  682  789  838 1046],0.06188877211927659,92.53663055288821,2.0190072297757204
1819,16,40,60,[   0  124  193  335  558  682  789 1046],0.06188877211927659,92.53663055288821,2.0190072297757204
1820,16,41,0,"[   0   51   55  141  142  193  252  253  335  446  447  558  647  682
  789  838 1020 1021 1046]",0.06218475513708948,92.7932214475006,2.042222290700211
1821,16,41,20,"[   0   24   55  124  193  270  335  508  558  647  682  789  838 1020
 1046]",0.06218475513708948,92.7932214475006,2.042222290700211
1822,16,41,40,[   0   55  124  193  270  335  508  558  682  789  838 1046],0.06218475513708948,92.7932214475006,2.042222290700211
1823,16,41,60,[   0  124  193  335  558  682  789 1046],0.06218475513708948,92.7932214475006,2.042222290700211
1824,16,42,0,"[   0   55  141  142  193  252  253  335  446  447  558  647  682  798
  976 1020 1021 1046]",0.05274814242516663,92.8423524776248,1.904812662489022
1825,16,42,20,[   0   55  124  193  270  335  508  558  647  682  798  976 1046],0.05274814242516663,92.8423524776248,1.904812662489022
1826,16,42,40,[   0  124  193  335  558  682  798  976 1046],0.05274814242516663,92.8423524776248,1.904812662489022
1827,16,42,60,[   0  124  193  335  558  682  798  976 1046],0.05274814242516663,92.8423524776248,1.904812662489022
1828,16,43,0,"[   0   55  141  142  193  252  253  335  508  558  647  682  798  838
  976 1020 1021 1046]",0.04623703544148982,93.42592456980793,2.036469917928722
1829,16,43,20,"[   0   55  124  193  239  263  285  335  508  558  647  682  798  838
  976 1020 1046]",0.04623703544148982,93.42592456980793,2.036469917928722
1830,16,43,40,[   0  124  193  335  558  682  838  976 1046],0.04623703544148982,93.42592456980793,2.036469917928722
1831,16,43,60,[   0  124  193  335  558  682  838  976 1046],0.04623703544148982,93.42592456980793,2.036469917928722
1832,16,44,0,"[   0   51   55  141  142  193  252  253  332  446  447  558  647  682
  798  838  976 1020 1021 1046]",0.049952503823377,91.15438742242775,1.8277959300835664
1833,16,44,20,"[   0   55  124  193  263  310  332  508  558  647  682  798  838  976
 1020 1046]",0.049952503823377,91.15438742242775,1.8277959300835664
1834,16,44,40,[   0  124  193  332  558  682  838  976 1046],0.049952503823377,91.15438742242775,1.8277959300835664
1835,16,44,60,[   0  124  193  332  558  682  838  976 1046],0.049952503823377,91.15438742242775,1.8277959300835664
1836,16,45,0,"[   0   51   55  141  142  193  252  253  332  556  577  616  647  682
  798  838  976 1020 1021 1046]",0.04099022042457628,89.90778949796508,1.964260426060683
1837,16,45,20,"[   0   24   55  124  193  263  310  332  556  577  616  647  682  798
  838  976 1020 1046]",0.04099022042457628,89.90778949796508,1.964260426060683
1838,16,45,40,[   0  124  193  332  556  682  838  976 1046],0.04099022042457628,89.90778949796508,1.964260426060683
1839,16,45,60,[   0  124  193  332  556  682  838  976 1046],0.04099022042457628,89.90778949796508,1.964260426060683
1840,16,46,0,"[   0   51   55  141  142  193  252  253  332  508  556  647  682  798
  838  976 1020 1021 1046]",0.04449374545292833,90.36816586862349,1.9493215824102172
1841,16,46,20,"[   0   24   55  124  193  263  310  332  508  556  577  647  682  798
  838  976 1020 1046]",0.04449374545292833,90.36816586862349,1.9493215824102172
1842,16,46,40,[   0  124  193  332  556  682  838  976 1046],0.04449374545292833,90.36816586862349,1.9493215824102172
1843,16,46,60,[   0  124  193  332  556  682  838  976 1046],0.04449374545292833,90.36816586862349,1.9493215824102172
1844,16,47,0,"[   0   51   55  141  142  193  252  253  332  508  556  647  682  798
  838  976 1020 1021 1046]",0.04497897949030588,90.5604329709411,1.939333612165223
1845,16,47,20,"[   0   24   55  124  193  263  310  332  508  556  577  647  682  798
  838  976 1020 1046]",0.04497897949030588,90.5604329709411,1.939333612165223
1846,16,47,40,[   0  124  193  332  556  682  838  976 1046],0.04497897949030588,90.5604329709411,1.939333612165223
1847,16,47,60,[   0  124  193  332  556  682  838  976 1046],0.04497897949030588,90.5604329709411,1.939333612165223
1848,16,48,0,"[   0   51   55  141  142  193  252  253  332  446  447  558  647  682
  798  838  976 1020 1021 1046]",0.04736447790665888,91.63717614121762,1.8156849961474544
1849,16,48,20,"[   0   55  124  193  263  310  332  508  558  647  682  798  838  976
 1020 1046]",0.04736447790665888,91.63717614121762,1.8156849961474544
1850,16,48,40,[   0  124  193  332  558  682  838  976 1046],0.04736447790665888,91.63717614121762,1.8156849961474544
1851,16,48,60,[   0  124  193  332  558  682  838  976 1046],0.04736447790665888,91.63717614121762,1.8156849961474544
1852,16,49,0,"[   0   51   55  141  142  193  252  253  332  446  447  558  647  682
  798  838  976 1020 1021 1046]",0.04791714717730879,91.86842185176401,1.813616521131364
1853,16,49,20,"[   0   55  124  193  263  310  332  508  558  647  682  798  838  976
 1020 1046]",0.04791714717730879,91.86842185176401,1.813616521131364
1854,16,49,40,[   0  124  193  332  558  682  838  976 1046],0.04791714717730879,91.86842185176401,1.813616521131364
1855,16,49,60,[   0  124  193  332  558  682  838  976 1046],0.04791714717730879,91.86842185176401,1.813616521131364
1856,16,50,0,"[   0   55  141  142  193  252  253  332  446  447  558  647  682  798
  910  976 1046]",0.0851320271930786,93.89919990999269,1.7132730576107813
1857,16,50,20,[   0   55  124  193  263  332  508  558  647  682  798  910  976 1046],0.0851320271930786,93.89919990999269,1.7132730576107813
1858,16,50,40,[   0  124  193  263  332  508  558  682  798  910  976 1046],0.0851320271930786,93.89919990999269,1.7132730576107813
1859,16,50,60,[   0  124  193  332  558  682  798  976 1046],0.0851320271930786,93.89919990999269,1.7132730576107813
1860,17,20,0,"[   0   51   55  141  142  147  210  252  253  319  446  447  486  556
  659  682  856  976 1020 1021 1046]",0.03868461415627995,84.56550348245908,1.9554875151399969
1861,17,20,20,"[   0   55  124  147  210  265  298  319  486  556  659  682  856  976
 1046]",0.03868461415627995,84.56550348245908,1.9554875151399969
1862,17,20,40,[   0  124  210  265  486  556  682  856  976 1046],0.03868461415627995,84.56550348245908,1.9554875151399969
1863,17,20,60,[   0  210  556  682  856  976 1046],0.03868461415627995,84.56550348245908,1.9554875151399969
1864,17,21,0,"[   0   51   55  141  142  147  210  252  253  335  446  447  486  556
  659  682  856  976 1020 1021 1046]",0.06900899134299332,87.27680893501325,1.539889955136552
1865,17,21,20,"[   0   55  124  147  210  253  298  335  486  556  659  682  856  976
 1020 1046]",0.06900899134299332,87.27680893501325,1.539889955136552
1866,17,21,40,[   0  210  556  682  856  976 1046],0.06900899134299332,87.27680893501325,1.539889955136552
1867,17,21,60,[   0  210  556  682  856  976 1046],0.06900899134299332,87.27680893501325,1.539889955136552
1868,17,22,0,"[   0   51   55  141  142  147  210  252  253  298  335  446  447  486
  556  659  682  683  838  976 1020 1021 1046]",0.12538103008492874,87.0860405264414,1.5703870376022249
1869,17,22,20,[   0   55  124  147  210  273  335  486  556  659  682  838  976 1046],0.12538103008492874,87.0860405264414,1.5703870376022249
1870,17,22,40,[   0  124  210  273  486  556  682  838  976 1046],0.12538103008492874,87.0860405264414,1.5703870376022249
1871,17,22,60,[   0  124  210  273  486  556  682  838  976 1046],0.12538103008492874,87.0860405264414,1.5703870376022249
1872,17,23,0,"[   0   51   55  141  142  210  252  253  332  446  447  486  556  659
  682  683  855  976 1046]",0.04772988378730765,89.45835603330576,2.510663072493567
1873,17,23,20,[   0   55  124  210  268  332  486  556  659  682  855  976 1046],0.04772988378730765,89.45835603330576,2.510663072493567
1874,17,23,40,[   0  124  210  268  486  556  682  855  976 1046],0.04772988378730765,89.45835603330576,2.510663072493567
1875,17,23,60,[   0  210  556  682  855  976 1046],0.04772988378730765,89.45835603330576,2.510663072493567
1876,17,24,0,"[   0   51   55  141  142  210  252  253  332  446  447  556  659  682
  855  976 1020 1021 1046]",0.037452038637068696,87.22255337053114,2.0067607052347016
1877,17,24,20,[   0  124  210  267  332  556  659  682  855  976 1046],0.037452038637068696,87.22255337053114,2.0067607052347016
1878,17,24,40,[   0  210  556  682  855  976 1046],0.037452038637068696,87.22255337053114,2.0067607052347016
1879,17,24,60,[   0  210  556  682  855  976 1046],0.037452038637068696,87.22255337053114,2.0067607052347016
1880,17,25,0,"[   0   51   55  141  142  210  252  253  332  508  558  647  682  842
  976 1020 1021 1046]",0.025088875481201315,83.44233348523636,2.2423929143665955
1881,17,25,20,[   0   55  124  210  265  332  508  558  647  682  842  976 1046],0.025088875481201315,83.44233348523636,2.2423929143665955
1882,17,25,40,[   0  210  558  682  842  976 1046],0.025088875481201315,83.44233348523636,2.2423929143665955
1883,17,25,60,[   0  210  558  682  842  976 1046],0.025088875481201315,83.44233348523636,2.2423929143665955
1884,17,26,0,"[   0   51   55  141  142  210  252  253  298  335  446  447  486  556
  659  682  795  838  976 1020 1021 1046]",0.05858585071891704,90.28256257091975,2.044384262346938
1885,17,26,20,"[   0   24   55  124  210  265  298  335  486  556  659  682  795  838
  976 1020 1046]",0.05858585071891704,90.28256257091975,2.044384262346938
1886,17,26,40,[   0  124  210  265  335  486  556  682  795  838  976 1046],0.05858585071891704,90.28256257091975,2.044384262346938
1887,17,26,60,[   0  210  556  682  838  976 1046],0.05858585071891704,90.28256257091975,2.044384262346938
1888,17,27,0,"[   0   51   55  141  142  210  252  253  298  349  446  447  486  556
  659  682  795  838 1020 1021 1046]",0.06306494303238015,90.33970845611512,2.012926776830934
1889,17,27,20,"[   0   55  124  210  265  298  349  486  556  659  682  795  838 1020
 1046]",0.06306494303238015,90.33970845611512,2.012926776830934
1890,17,27,40,[   0   55  124  210  265  349  486  556  682  795  838 1046],0.06306494303238015,90.33970845611512,2.012926776830934
1891,17,27,60,[   0  210  556  682  795 1046],0.06306494303238015,90.33970845611512,2.012926776830934
1892,17,28,0,"[   0   51   55  141  142  210  252  253  332  446  447  486  556  659
  682  684  842  976 1046]",0.07319684344613159,91.07707257635867,1.7195630825144048
1893,17,28,20,[   0   55  124  210  265  332  486  556  659  682  842  976 1046],0.07319684344613159,91.07707257635867,1.7195630825144048
1894,17,28,40,[   0  124  210  265  486  556  682  842  976 1046],0.07319684344613159,91.07707257635867,1.7195630825144048
1895,17,28,60,[   0  210  556  682  842  976 1046],0.07319684344613159,91.07707257635867,1.7195630825144048
1896,17,29,0,"[   0   51   55  141  142  210  252  253  332  446  447  486  556  659
  682  683  795  838  976 1020 1021 1046]",0.08064925164777834,91.19701546464178,1.603419527900545
1897,17,29,20,"[   0   55  124  210  265  332  486  556  659  682  795  838  976 1020
 1046]",0.08064925164777834,91.19701546464178,1.603419527900545
1898,17,29,40,[   0  124  210  265  332  486  556  682  795  838  976 1046],0.08064925164777834,91.19701546464178,1.603419527900545
1899,17,29,60,[   0  210  556  682  838  976 1046],0.08064925164777834,91.19701546464178,1.603419527900545
1900,17,30,0,"[   0   51   55  141  142  210  252  253  335  446  447  485  554  659
  682  683  783  838  976 1020 1021 1046]",0.05851798681509437,90.18195304831791,2.2012235313442443
1901,17,30,20,"[   0   55  124  210  265  335  485  554  659  682  783  838  976 1020
 1046]",0.05851798681509437,90.18195304831791,2.2012235313442443
1902,17,30,40,[   0  124  210  265  335  485  554  682  783  838  976 1046],0.05851798681509437,90.18195304831791,2.2012235313442443
1903,17,30,60,[   0  210  554  682  838  976 1046],0.05851798681509437,90.18195304831791,2.2012235313442443
1904,17,31,0,"[   0   51   55  141  142  193  252  253  298  332  446  447  485  556
  659  682  795  838  976 1020 1021 1046]",0.06290740673265977,92.80725146877359,2.072867585328782
1905,17,31,20,"[   0   55  124  193  229  262  298  332  485  556  659  682  795  838
  976 1020 1046]",0.06290740673265977,92.80725146877359,2.072867585328782
1906,17,31,40,[   0  124  193  262  332  485  556  682  795  838  976 1046],0.06290740673265977,92.80725146877359,2.072867585328782
1907,17,31,60,[   0  124  193  332  556  682  838  976 1046],0.06290740673265977,92.80725146877359,2.072867585328782
1908,17,32,0,"[   0   51   55  141  142  193  252  253  298  332  446  447  485  556
  659  682  795  838 1020 1021 1046]",0.05766639773016256,93.80592226408758,2.0738771609301505
1909,17,32,20,"[   0   55  124  193  265  298  332  485  556  659  682  795  838 1020
 1046]",0.05766639773016256,93.80592226408758,2.0738771609301505
1910,17,32,40,[   0   55  124  193  265  332  485  556  682  795  838 1046],0.05766639773016256,93.80592226408758,2.0738771609301505
1911,17,32,60,[   0  124  193  265  332  485  556  682  795 1046],0.05766639773016256,93.80592226408758,2.0738771609301505
1912,17,33,0,"[   0    2   51   55  141  142  193  252  253  298  335  446  447  485
  556  659  682  795  838  976 1020 1021 1046]",0.06314646459768225,92.81111285441317,1.9636278832081426
1913,17,33,20,"[   0   55  124  193  239  265  298  335  485  556  659  682  795  838
  976 1020 1046]",0.06314646459768225,92.81111285441317,1.9636278832081426
1914,17,33,40,[   0  124  193  265  335  485  556  682  795  838  976 1046],0.06314646459768225,92.81111285441317,1.9636278832081426
1915,17,33,60,[   0  124  193  335  556  682  838  976 1046],0.06314646459768225,92.81111285441317,1.9636278832081426
1916,17,34,0,"[   0   51   55  141  142  210  252  253  335  446  447  558  647  682
  795  838 1020 1021 1046]",0.05938063152703705,92.28274586071099,1.8145521175229695
1917,17,34,20,"[   0   55  124  210  253  298  335  512  558  647  682  795  838 1020
 1046]",0.05938063152703705,92.28274586071099,1.8145521175229695
1918,17,34,40,[   0   55  124  210  253  335  512  558  682  795  838 1046],0.05938063152703705,92.28274586071099,1.8145521175229695
1919,17,34,60,[   0  210  558  682  795 1046],0.05938063152703705,92.28274586071099,1.8145521175229695
1920,17,35,0,"[   0   51   55  141  142  210  252  253  332  446  447  556  647  682
  798  838  976 1020 1021 1046]",0.03511857617815294,91.00108328212853,1.9061125980962217
1921,17,35,20,"[   0   55  124  210  282  332  512  556  647  682  798  838  976 1020
 1046]",0.03511857617815294,91.00108328212853,1.9061125980962217
1922,17,35,40,[   0  210  556  682  838  976 1046],0.03511857617815294,91.00108328212853,1.9061125980962217
1923,17,35,60,[   0  210  556  682  838  976 1046],0.03511857617815294,91.00108328212853,1.9061125980962217
1924,17,36,0,"[   0   51   55  141  142  193  252  253  332  446  447  556  577  616
  647  682  798  838  976 1020 1021 1046]",0.03606724508188053,91.18380186485751,1.9486407872838531
1925,17,36,20,"[   0   55  124  193  239  282  332  446  556  577  616  647  682  798
  838  976 1020 1046]",0.03606724508188053,91.18380186485751,1.9486407872838531
1926,17,36,40,[   0  124  193  332  556  682  838  976 1046],0.03606724508188053,91.18380186485751,1.9486407872838531
1927,17,36,60,[   0  124  193  282  556  682  838  976 1046],0.03606724508188053,91.18380186485751,1.9486407872838531
1928,17,37,0,"[   0   51   55  141  142  193  252  253  335  446  447  556  659  682
  795  838 1020 1021 1046]",0.06334304332885857,92.49155516893043,1.9943897060441766
1929,17,37,20,[   0   55  124  193  268  335  556  659  682  795  838 1020 1046],0.06334304332885857,92.49155516893043,1.9943897060441766
1930,17,37,40,[   0  124  193  335  556  682  795 1046],0.06334304332885857,92.49155516893043,1.9943897060441766
1931,17,37,60,[   0  124  193  335  556  682  795 1046],0.06334304332885857,92.49155516893043,1.9943897060441766
1932,17,38,0,"[   0   51   55  141  142  193  252  253  343  446  447  558  647  682
  795  838  976 1020 1021 1046]",0.056012971913029196,92.30821623518881,1.853902109444581
1933,17,38,20,"[   0   55  124  193  253  343  364  508  558  647  682  795  838  976
 1020 1046]",0.056012971913029196,92.30821623518881,1.853902109444581
1934,17,38,40,[   0   55  124  193  253  343  508  558  682  795  838  976 1046],0.056012971913029196,92.30821623518881,1.853902109444581
1935,17,38,60,[   0  124  193  343  558  682  838  976 1046],0.056012971913029196,92.30821623518881,1.853902109444581
1936,17,39,0,"[   0   51   55  141  142  205  252  253  332  446  447  556  659  682
  798  838  976 1020 1021 1046]",0.04753715833328805,91.047909203566,1.8506192181055487
1937,17,39,20,[   0   55  124  205  268  332  556  659  682  798  838  976 1046],0.04753715833328805,91.047909203566,1.8506192181055487
1938,17,39,40,[   0  124  205  332  556  682  838  976 1046],0.04753715833328805,91.047909203566,1.8506192181055487
1939,17,39,60,[   0  124  205  332  556  682  838  976 1046],0.04753715833328805,91.047909203566,1.8506192181055487
1940,17,40,0,"[   0   51   55  141  142  193  252  253  335  446  447  558  647  682
  789  838 1020 1021 1046]",0.0637914290795219,91.45285852732931,1.9776607559372716
1941,17,40,20,"[   0   24   55  124  193  270  335  508  558  647  682  789  838 1020
 1046]",0.0637914290795219,91.45285852732931,1.9776607559372716
1942,17,40,40,[   0   55  124  193  270  335  508  558  682  789  838 1046],0.0637914290795219,91.45285852732931,1.9776607559372716
1943,17,40,60,[   0  124  193  335  558  682  789 1046],0.0637914290795219,91.45285852732931,1.9776607559372716
1944,17,41,0,"[   0   51   55  141  142  193  252  253  335  446  447  558  647  682
  789  838 1020 1021 1046]",0.06405278414708675,91.69746323973237,2.0005459373291523
1945,17,41,20,"[   0   24   55  124  193  270  335  508  558  647  682  789  838 1020
 1046]",0.06405278414708675,91.69746323973237,2.0005459373291523
1946,17,41,40,[   0   55  124  193  270  335  508  558  682  789  838 1046],0.06405278414708675,91.69746323973237,2.0005459373291523
1947,17,41,60,[   0  124  193  335  558  682  789 1046],0.06405278414708675,91.69746323973237,2.0005459373291523
1948,17,42,0,"[   0   55  141  142  193  252  253  335  446  447  558  647  682  684
  788  849  976 1020 1021 1046]",0.04936960573771767,91.85722673597012,1.9835330064298897
1949,17,42,20,"[   0   55  124  193  270  335  508  558  647  682  788  849  976 1020
 1046]",0.04936960573771767,91.85722673597012,1.9835330064298897
1950,17,42,40,[   0  124  193  270  335  508  558  682  788  849  976 1046],0.04936960573771767,91.85722673597012,1.9835330064298897
1951,17,42,60,[   0  124  193  335  558  682  788  849  976 1046],0.04936960573771767,91.85722673597012,1.9835330064298897
1952,17,43,0,"[   0   55  141  142  193  252  253  335  508  558  647  682  684  798
  849  976 1020 1021 1046]",0.050738506662280844,92.47430374546435,2.167993704114615
1953,17,43,20,"[   0   55  124  193  239  263  285  335  508  558  647  682  798  849
  976 1020 1046]",0.050738506662280844,92.47430374546435,2.167993704114615
1954,17,43,40,[   0  124  193  263  335  508  558  682  798  849  976 1046],0.050738506662280844,92.47430374546435,2.167993704114615
1955,17,43,60,[   0  124  193  335  558  682  849  976 1046],0.050738506662280844,92.47430374546435,2.167993704114615
1956,17,44,0,"[   0   51   55  141  142  193  252  253  332  446  447  558  647  682
  684  798  849  976 1020 1021 1046]",0.044666128747587665,90.20619537893639,1.885453371436734
1957,17,44,20,"[   0   55  124  193  263  310  332  508  558  647  682  798  849  976
 1020 1046]",0.044666128747587665,90.20619537893639,1.885453371436734
1958,17,44,40,[   0  124  193  263  332  508  558  682  798  849  976 1046],0.044666128747587665,90.20619537893639,1.885453371436734
1959,17,44,60,[   0  124  193  332  558  682  849  976 1046],0.044666128747587665,90.20619537893639,1.885453371436734
1960,17,45,0,"[   0   51   55  141  142  193  252  253  332  556  577  616  647  682
  683  798  849  976 1020 1021 1046]",0.045769632574539545,89.75273973261169,2.038164579215484
1961,17,45,20,"[   0   24   55  124  193  263  310  332  556  577  616  647  682  798
  849  976 1020 1046]",0.045769632574539545,89.75273973261169,2.038164579215484
1962,17,45,40,[   0  124  193  332  556  682  798  849  976 1046],0.045769632574539545,89.75273973261169,2.038164579215484
1963,17,45,60,[   0  124  193  332  556  682  849  976 1046],0.045769632574539545,89.75273973261169,2.038164579215484
1964,17,46,0,"[   0   51   55  141  142  193  252  253  332  446  447  556  647  682
  798  838  976 1020 1021 1046]",0.04589772784105695,89.99546178008735,1.845571510654247
1965,17,46,20,"[   0   24   55  124  193  263  310  332  508  556  577  647  682  798
  838  976 1020 1046]",0.04589772784105695,89.99546178008735,1.845571510654247
1966,17,46,40,[   0  124  193  332  556  682  838  976 1046],0.04589772784105695,89.99546178008735,1.845571510654247
1967,17,46,60,[   0  124  193  332  556  682  838  976 1046],0.04589772784105695,89.99546178008735,1.845571510654247
1968,17,47,0,"[   0   51   55  141  142  193  252  253  332  446  447  556  647  682
  798  838  976 1020 1021 1046]",0.046386520217084226,90.1887327374959,1.8363659864936694
1969,17,47,20,"[   0   24   55  124  193  263  310  332  508  556  577  647  682  798
  838  976 1020 1046]",0.046386520217084226,90.1887327374959,1.8363659864936694
1970,17,47,40,[   0  124  193  332  556  682  838  976 1046],0.046386520217084226,90.1887327374959,1.8363659864936694
1971,17,47,60,[   0  124  193  332  556  682  838  976 1046],0.046386520217084226,90.1887327374959,1.8363659864936694
1972,17,48,0,"[   0   51   55  141  142  193  252  253  332  446  447  558  647  682
  798  838  976 1020 1021 1046]",0.050412407747837513,90.66313230455768,1.8985398694491886
1973,17,48,20,"[   0   55  124  193  263  310  332  508  558  647  682  798  838  976
 1020 1046]",0.050412407747837513,90.66313230455768,1.8985398694491886
1974,17,48,40,[   0  124  193  332  558  682  838  976 1046],0.050412407747837513,90.66313230455768,1.8985398694491886
1975,17,48,60,[   0  124  193  332  558  682  838  976 1046],0.050412407747837513,90.66313230455768,1.8985398694491886
1976,17,49,0,"[   0   51   55  141  142  193  252  253  332  446  447  558  647  682
  798  838  976 1020 1021 1046]",0.05093767284460899,90.89390446133586,1.8961564108636073
1977,17,49,20,"[   0   55  124  193  263  310  332  508  558  647  682  798  838  976
 1020 1046]",0.05093767284460899,90.89390446133586,1.8961564108636073
1978,17,49,40,[   0  124  193  332  558  682  838  976 1046],0.05093767284460899,90.89390446133586,1.8961564108636073
1979,17,49,60,[   0  124  193  332  558  682  838  976 1046],0.05093767284460899,90.89390446133586,1.8961564108636073
1980,17,50,0,"[   0   55  141  142  193  252  253  332  446  447  558  647  682  798
  910  976 1046]",0.08776358039939411,92.72480707885876,1.6381500842772354
1981,17,50,20,"[   0   55  124  193  239  263  298  332  508  558  647  682  798  910
  976 1046]",0.08776358039939411,92.72480707885876,1.6381500842772354
1982,17,50,40,[   0  124  193  263  332  508  558  682  798  910  976 1046],0.08776358039939411,92.72480707885876,1.6381500842772354
1983,17,50,60,[   0  124  193  332  558  682  798  976 1046],0.08776358039939411,92.72480707885876,1.6381500842772354
1984,18,20,0,"[   0   51   55  141  142  147  210  252  253  298  319  446  447  486
  556  659  682  788  856  976 1020 1021 1046]",0.04139413944190672,83.20126322377504,1.9822651756674778
1985,18,20,20,"[   0   55  124  147  210  265  298  319  486  556  659  682  788  856
  976 1020 1046]",0.04139413944190672,83.20126322377504,1.9822651756674778
1986,18,20,40,[   0  124  210  265  319  486  556  682  788  856  976 1046],0.04139413944190672,83.20126322377504,1.9822651756674778
1987,18,20,60,[   0  124  210  486  556  682  788  856  976 1046],0.04139413944190672,83.20126322377504,1.9822651756674778
1988,18,21,0,"[   0   51   55  141  142  147  210  252  253  298  335  446  447  486
  556  659  682  783  856  976 1020 1021 1046]",0.07518350110340771,85.73110125433381,1.6414102456395538
1989,18,21,20,"[   0   55  124  147  210  253  298  335  486  556  659  682  783  856
  976 1020 1046]",0.07518350110340771,85.73110125433381,1.6414102456395538
1990,18,21,40,[   0  124  210  335  486  556  682  783  856  976 1046],0.07518350110340771,85.73110125433381,1.6414102456395538
1991,18,21,60,[   0  124  210  335  486  556  682  783  856  976 1046],0.07518350110340771,85.73110125433381,1.6414102456395538
1992,18,22,0,"[   0   51   55  141  142  147  210  252  253  335  446  447  486  556
  659  682  683  856  976 1020 1021 1046]",0.06271691683152207,86.15051849669155,1.5794424052500584
1993,18,22,20,[   0   55  124  147  210  273  335  486  556  659  682  838  976 1046],0.06271691683152207,86.15051849669155,1.5794424052500584
1994,18,22,40,[   0  124  210  273  486  556  682  838  976 1046],0.06271691683152207,86.15051849669155,1.5794424052500584
1995,18,22,60,[   0  124  210  273  486  556  682  838  976 1046],0.06271691683152207,86.15051849669155,1.5794424052500584
1996,18,23,0,"[   0   51   55  141  142  210  252  253  332  446  447  486  556  659
  682  683  855  976 1020 1021 1046]",0.04898679580432052,88.7236194286209,2.3965396804681394
1997,18,23,20,[   0   55  124  210  268  332  486  556  659  682  855  976 1046],0.04898679580432052,88.7236194286209,2.3965396804681394
1998,18,23,40,[   0  124  210  268  486  556  682  855  976 1046],0.04898679580432052,88.7236194286209,2.3965396804681394
1999,18,23,60,[   0  210  556  682  855  976 1046],0.04898679580432052,88.7236194286209,2.3965396804681394
2000,18,24,0,"[   0   51   55  141  142  210  252  253  332  446  447  556  659  682
  855  976 1020 1021 1046]",0.039776704461828266,86.32520412106096,1.9251489971352633
2001,18,24,20,[   0  124  210  267  332  556  659  682  855  976 1046],0.039776704461828266,86.32520412106096,1.9251489971352633
2002,18,24,40,[   0  210  556  682  855  976 1046],0.039776704461828266,86.32520412106096,1.9251489971352633
2003,18,24,60,[   0  210  556  682  855  976 1046],0.039776704461828266,86.32520412106096,1.9251489971352633
2004,18,25,0,"[   0   51   55  141  142  210  252  253  332  446  447  558  647  682
  842  976 1020 1021 1046]",0.026566196563846237,82.8009411600039,2.141241068637633
2005,18,25,20,[   0   55  124  210  265  332  508  558  647  682  842  976 1046],0.026566196563846237,82.8009411600039,2.141241068637633
2006,18,25,40,[   0  210  558  682  842  976 1046],0.026566196563846237,82.8009411600039,2.141241068637633
2007,18,25,60,[   0  210  558  682  842  976 1046],0.026566196563846237,82.8009411600039,2.141241068637633
2008,18,26,0,"[   0   24   51   55  141  142  210  252  253  298  335  446  447  486
  556  659  682  683  780  795  838  976 1020 1021 1046]",0.06333226025948936,89.48554892528958,2.2595878258029662
2009,18,26,20,"[   0   24   55  124  210  265  298  335  486  556  659  682  795  838
  976 1020 1046]",0.06333226025948936,89.48554892528958,2.2595878258029662
2010,18,26,40,[   0  124  210  265  335  486  556  682  795  838  976 1046],0.06333226025948936,89.48554892528958,2.2595878258029662
2011,18,26,60,[   0  210  556  682  838  976 1046],0.06333226025948936,89.48554892528958,2.2595878258029662
2012,18,27,0,"[   0   51   55  141  142  210  252  253  298  349  446  447  486  556
  659  682  795  838 1020 1021 1046]",0.05129757204721041,89.09020400750745,2.0288814520505927
2013,18,27,20,"[   0   55  124  154  210  265  298  349  486  556  659  682  795  838
 1020 1046]",0.05129757204721041,89.09020400750745,2.0288814520505927
2014,18,27,40,[   0   55  124  210  265  349  486  556  682  795  838 1046],0.05129757204721041,89.09020400750745,2.0288814520505927
2015,18,27,60,[   0  210  556  682  795 1046],0.05129757204721041,89.09020400750745,2.0288814520505927
2016,18,28,0,"[   0   51   55  141  142  210  252  253  332  446  447  486  556  659
  682  684  842  976 1046]",0.07531696758441393,90.3773340017532,1.6409952252106392
2017,18,28,20,[   0   55  124  210  265  332  486  556  659  682  842  976 1046],0.07531696758441393,90.3773340017532,1.6409952252106392
2018,18,28,40,[   0  124  210  265  486  556  682  842  976 1046],0.07531696758441393,90.3773340017532,1.6409952252106392
2019,18,28,60,[   0  210  556  682  842  976 1046],0.07531696758441393,90.3773340017532,1.6409952252106392
2020,18,29,0,"[   0   51   55  141  142  210  252  253  298  332  446  447  486  556
  659  682  683  795  838  976 1020 1021 1046]",0.0835759817864501,90.47683820363332,1.5404056851846306
2021,18,29,20,"[   0   55  124  210  265  298  332  486  556  659  682  795  838  976
 1020 1046]",0.0835759817864501,90.47683820363332,1.5404056851846306
2022,18,29,40,[   0  124  210  265  332  486  556  682  795  838  976 1046],0.0835759817864501,90.47683820363332,1.5404056851846306
2023,18,29,60,[   0  210  556  682  838  976 1046],0.0835759817864501,90.47683820363332,1.5404056851846306
2024,18,30,0,"[   0   51   55  141  142  210  252  253  335  446  447  485  558  647
  682  683  783  838  976 1020 1021 1046]",0.0593274960416086,89.90893147443704,2.131541568390505
2025,18,30,20,[   0   55  124  210  265  335  485  558  647  682  783  838  976 1046],0.0593274960416086,89.90893147443704,2.131541568390505
2026,18,30,40,[   0  124  210  265  335  485  558  682  783  838  976 1046],0.0593274960416086,89.90893147443704,2.131541568390505
2027,18,30,60,[   0  210  558  682  838  976 1046],0.0593274960416086,89.90893147443704,2.131541568390505
2028,18,31,0,"[   0   51   55  141  142  193  252  253  298  332  446  447  485  556
  659  682  683  783  838  976 1020 1021 1046]",0.0623176469271606,91.39137104046397,2.058239527176747
2029,18,31,20,"[   0   55  124  193  229  262  298  332  485  556  659  682  783  838
  976 1020 1046]",0.0623176469271606,91.39137104046397,2.058239527176747
2030,18,31,40,[   0  124  193  262  332  485  556  682  783  838  976 1046],0.0623176469271606,91.39137104046397,2.058239527176747
2031,18,31,60,[   0  124  193  332  556  682  838  976 1046],0.0623176469271606,91.39137104046397,2.058239527176747
2032,18,32,0,"[   0   51   55  141  142  193  252  253  298  332  446  447  485  556
  659  682  683  783  838 1020 1021 1046]",0.05671398973567532,92.62260363118531,2.0656995090660377
2033,18,32,20,"[   0   55  124  193  265  298  332  485  556  659  682  783  838 1020
 1046]",0.05671398973567532,92.62260363118531,2.0656995090660377
2034,18,32,40,[   0   55  124  193  265  332  485  556  682  783  838 1046],0.05671398973567532,92.62260363118531,2.0656995090660377
2035,18,32,60,[   0  124  193  265  332  485  556  682  783 1046],0.05671398973567532,92.62260363118531,2.0656995090660377
2036,18,33,0,"[   0    2   51   55  141  142  193  252  253  298  335  446  447  485
  556  659  682  683  783  838  976 1020 1021 1046]",0.06227105322189349,91.63095764045313,1.9657803895238695
2037,18,33,20,"[   0   55  124  193  239  265  298  335  485  556  659  682  783  838
  976 1020 1046]",0.06227105322189349,91.63095764045313,1.9657803895238695
2038,18,33,40,[   0  124  193  265  335  485  556  682  783  838  976 1046],0.06227105322189349,91.63095764045313,1.9657803895238695
2039,18,33,60,[   0  124  193  335  556  682  838  976 1046],0.06227105322189349,91.63095764045313,1.9657803895238695
2040,18,34,0,"[   0   51   55  141  142  210  252  253  335  446  447  558  647  682
  683  783  838 1020 1021 1046]",0.056048534795715164,91.10442162517855,1.8340459229207948
2041,18,34,20,"[   0   55  124  210  253  298  335  512  558  647  682  783  838 1020
 1046]",0.056048534795715164,91.10442162517855,1.8340459229207948
2042,18,34,40,[   0   55  124  210  253  335  512  558  682  783  838 1046],0.056048534795715164,91.10442162517855,1.8340459229207948
2043,18,34,60,[   0  124  210  335  558  682  783 1046],0.056048534795715164,91.10442162517855,1.8340459229207948
2044,18,35,0,"[   0    2   51   55  141  142  210  252  253  298  332  446  447  556
  576  647  682  798  838  976 1020 1021 1046]",0.037466678438879415,90.16826520807203,1.8305351362623503
2045,18,35,20,"[   0   55  124  210  253  298  332  512  556  647  682  798  838  976
 1020 1046]",0.037466678438879415,90.16826520807203,1.8305351362623503
2046,18,35,40,[   0  210  556  682  838  976 1046],0.037466678438879415,90.16826520807203,1.8305351362623503
2047,18,35,60,[   0  210  556  682  838  976 1046],0.037466678438879415,90.16826520807203,1.8305351362623503
2048,18,36,0,"[   0    2   51   55  141  142  193  252  253  298  332  446  447  556
  577  616  647  682  798  838  976 1020 1021 1046]",0.038199092354403115,90.28185827951536,1.8675673108894435
2049,18,36,20,"[   0   55  124  193  239  282  332  446  556  577  616  647  682  798
  838  976 1020 1046]",0.038199092354403115,90.28185827951536,1.8675673108894435
2050,18,36,40,[   0  124  193  332  556  682  838  976 1046],0.038199092354403115,90.28185827951536,1.8675673108894435
2051,18,36,60,[   0  124  193  282  556  682  838  976 1046],0.038199092354403115,90.28185827951536,1.8675673108894435
2052,18,37,0,"[   0   51   55  141  142  193  252  253  335  446  447  556  659  682
  683  783  838 1020 1021 1046]",0.06368902720494554,91.31249483447442,1.9947912184494119
2053,18,37,20,[   0   55  124  193  268  335  556  659  682  783  838 1020 1046],0.06368902720494554,91.31249483447442,1.9947912184494119
2054,18,37,40,[   0  124  193  335  556  682  783  838 1046],0.06368902720494554,91.31249483447442,1.9947912184494119
2055,18,37,60,[   0  124  193  335  556  682  783 1046],0.06368902720494554,91.31249483447442,1.9947912184494119
2056,18,38,0,"[   0   51   55  141  142  193  252  253  343  446  447  558  647  682
  795  838  976 1020 1021 1046]",0.05813396071525381,91.40611070653085,1.7743495282954482
2057,18,38,20,"[   0   55  124  193  253  298  343  364  508  558  647  682  795  838
  976 1020 1046]",0.05813396071525381,91.40611070653085,1.7743495282954482
2058,18,38,40,[   0   55  124  193  298  343  508  558  682  795  838  976 1046],0.05813396071525381,91.40611070653085,1.7743495282954482
2059,18,38,60,[   0  124  193  298  558  682  838  976 1046],0.05813396071525381,91.40611070653085,1.7743495282954482
2060,18,39,0,"[   0   51   55  141  142  205  252  253  332  446  447  556  659  682
  798  838  976 1020 1021 1046]",0.04945109858076501,89.92410212465053,1.7944504297473105
2061,18,39,20,[   0   55  124  205  268  332  556  659  682  798  838  976 1046],0.04945109858076501,89.92410212465053,1.7944504297473105
2062,18,39,40,[   0  124  205  332  556  682  838  976 1046],0.04945109858076501,89.92410212465053,1.7944504297473105
2063,18,39,60,[   0  124  205  332  556  682  838  976 1046],0.04945109858076501,89.92410212465053,1.7944504297473105
2064,18,40,0,"[   0   51   55  141  142  193  252  253  335  446  447  558  647  682
  789  838 1020 1021 1046]",0.06586520228487987,90.52556039486845,1.8950015204625308
2065,18,40,20,"[   0   24   55  124  193  270  298  335  508  558  647  682  789  838
 1020 1046]",0.06586520228487987,90.52556039486845,1.8950015204625308
2066,18,40,40,[   0   55  124  193  270  335  508  558  682  789  838 1046],0.06586520228487987,90.52556039486845,1.8950015204625308
2067,18,40,60,[   0  124  193  335  558  682  789 1046],0.06586520228487987,90.52556039486845,1.8950015204625308
2068,18,41,0,"[   0   51   55  141  142  193  252  253  335  446  447  558  647  682
  789  838 1020 1021 1046]",0.06615395616355209,90.82484796832335,1.9175239236897288
2069,18,41,20,"[   0   24   55  124  193  270  298  335  508  558  647  682  789  838
 1020 1046]",0.06615395616355209,90.82484796832335,1.9175239236897288
2070,18,41,40,[   0   55  124  193  270  335  508  558  682  789  838 1046],0.06615395616355209,90.82484796832335,1.9175239236897288
2071,18,41,60,[   0  124  193  335  558  682  789 1046],0.06615395616355209,90.82484796832335,1.9175239236897288
2072,18,42,0,"[   0   55  141  142  193  252  253  335  446  447  558  647  682  684
  788  849  976 1020 1021 1046]",0.05364153202234761,91.17157797344954,1.9960286541938426
2073,18,42,20,"[   0   55  124  193  270  335  508  558  647  682  788  849  976 1020
 1046]",0.05364153202234761,91.17157797344954,1.9960286541938426
2074,18,42,40,[   0  124  193  270  335  508  558  682  788  849  976 1046],0.05364153202234761,91.17157797344954,1.9960286541938426
2075,18,42,60,[   0  124  193  335  558  682  788  849  976 1046],0.05364153202234761,91.17157797344954,1.9960286541938426
2076,18,43,0,"[   0   55  141  142  193  252  253  335  446  447  558  647  682  684
  798  849  976 1020 1021 1046]",0.05213368195063854,91.919832375432,2.064625244129391
2077,18,43,20,"[   0   55  124  193  239  263  285  335  508  558  647  682  798  849
  976 1020 1046]",0.05213368195063854,91.919832375432,2.064625244129391
2078,18,43,40,[   0  124  193  263  335  508  558  682  798  849  976 1046],0.05213368195063854,91.919832375432,2.064625244129391
2079,18,43,60,[   0  124  193  335  558  682  849  976 1046],0.05213368195063854,91.919832375432,2.064625244129391
2080,18,44,0,"[   0   51   55  141  142  193  252  253  332  446  447  558  647  682
  684  798  849  976 1020 1021 1046]",0.04480392662425029,89.5402516429923,1.9932897269103347
2081,18,44,20,"[   0   55  124  193  263  310  332  508  558  647  682  798  849  976
 1020 1046]",0.04480392662425029,89.5402516429923,1.9932897269103347
2082,18,44,40,[   0  124  193  263  332  508  558  682  798  849  976 1046],0.04480392662425029,89.5402516429923,1.9932897269103347
2083,18,44,60,[   0  124  193  332  558  682  849  976 1046],0.04480392662425029,89.5402516429923,1.9932897269103347
2084,18,45,0,"[   0   51   55  141  142  193  252  253  332  446  447  556  577  616
  647  682  683  798  849  976 1020 1021 1046]",0.0476182904411177,89.64024550559456,1.9407607458877603
2085,18,45,20,"[   0   24   55  124  193  263  310  332  556  577  616  647  682  798
  849  976 1020 1046]",0.0476182904411177,89.64024550559456,1.9407607458877603
2086,18,45,40,[   0  124  193  332  556  682  798  849  976 1046],0.0476182904411177,89.64024550559456,1.9407607458877603
2087,18,45,60,[   0  124  193  332  556  682  849  976 1046],0.0476182904411177,89.64024550559456,1.9407607458877603
2088,18,46,0,"[   0   51   55  141  142  193  252  253  332  446  447  556  647  682
  684  798  849  976 1020 1021 1046]",0.046720688550464656,89.4522418315642,1.9722876671038192
2089,18,46,20,"[   0   24   55  124  193  263  310  332  508  556  577  647  682  798
  849  976 1020 1046]",0.046720688550464656,89.4522418315642,1.9722876671038192
2090,18,46,40,[   0  124  193  332  556  682  798  849  976 1046],0.046720688550464656,89.4522418315642,1.9722876671038192
2091,18,46,60,[   0  124  193  332  556  682  849  976 1046],0.046720688550464656,89.4522418315642,1.9722876671038192
2092,18,47,0,"[   0   51   55  141  142  193  252  253  332  446  447  556  647  682
  684  798  849  976 1020 1021 1046]",0.047062109043445544,89.59537469887535,1.958820284749184
2093,18,47,20,"[   0   24   55  124  193  263  310  332  508  556  577  647  682  798
  849  976 1020 1046]",0.047062109043445544,89.59537469887535,1.958820284749184
2094,18,47,40,[   0  124  193  332  556  682  798  849  976 1046],0.047062109043445544,89.59537469887535,1.958820284749184
2095,18,47,60,[   0  124  193  332  556  682  849  976 1046],0.047062109043445544,89.59537469887535,1.958820284749184
2096,18,48,0,"[   0   51   55  141  142  193  252  253  319  446  447  558  647  682
  798  838  976 1020 1021 1046]",0.052120409211607426,89.95061130992204,1.7705077483743166
2097,18,48,20,"[   0   55  124  193  263  298  335  508  558  647  682  798  838  976
 1020 1046]",0.052120409211607426,89.95061130992204,1.7705077483743166
2098,18,48,40,[   0  124  193  335  558  682  838  976 1046],0.052120409211607426,89.95061130992204,1.7705077483743166
2099,18,48,60,[   0  124  193  335  558  682  838  976 1046],0.052120409211607426,89.95061130992204,1.7705077483743166
2100,18,49,0,"[   0   51   55  141  142  193  252  253  319  446  447  558  647  682
  798  838  976 1020 1021 1046]",0.05264597740415211,90.18184267561028,1.7683482190780813
2101,18,49,20,"[   0   55  124  193  263  298  335  508  558  647  682  798  838  976
 1020 1046]",0.05264597740415211,90.18184267561028,1.7683482190780813
2102,18,49,40,[   0  124  193  335  558  682  838  976 1046],0.05264597740415211,90.18184267561028,1.7683482190780813
2103,18,49,60,[   0  124  193  335  558  682  838  976 1046],0.05264597740415211,90.18184267561028,1.7683482190780813
2104,18,50,0,"[   0   55  141  142  193  252  253  332  446  447  558  647  682  798
  910  976 1020 1021 1046]",0.08852288531714368,91.8815626037175,1.5528933698839644
2105,18,50,20,"[   0   55  124  193  239  263  298  332  508  558  647  682  798  910
  976 1020 1046]",0.08852288531714368,91.8815626037175,1.5528933698839644
2106,18,50,40,[   0  124  193  263  332  508  558  682  798  910  976 1046],0.08852288531714368,91.8815626037175,1.5528933698839644
2107,18,50,60,[   0  124  193  332  558  682  798  976 1046],0.08852288531714368,91.8815626037175,1.5528933698839644
2108,19,20,0,"[   0   51   55  141  142  147  210  252  253  298  333  446  447  486
  556  659  682  788  856  976 1020 1021 1046]",0.03374429681430426,82.1580594670586,2.3327413255925045
2109,19,20,20,"[   0   55  124  147  210  262  298  333  486  556  659  682  788  856
  976 1020 1046]",0.03374429681430426,82.1580594670586,2.3327413255925045
2110,19,20,40,[   0  124  210  262  333  486  556  682  788  856  976 1046],0.03374429681430426,82.1580594670586,2.3327413255925045
2111,19,20,60,[   0  124  210  333  486  556  682  788  856  976 1046],0.03374429681430426,82.1580594670586,2.3327413255925045
2112,19,21,0,"[   0   51   55  141  142  147  210  252  253  298  335  446  447  486
  556  659  682  783  856  976 1020 1021 1046]",0.07726243734200891,84.30300037609712,1.6068300579775325
2113,19,21,20,"[   0   55  124  147  210  253  298  335  411  486  556  659  682  783
  856  976 1020 1046]",0.07726243734200891,84.30300037609712,1.6068300579775325
2114,19,21,40,[   0  124  210  335  486  556  682  783  856  976 1046],0.07726243734200891,84.30300037609712,1.6068300579775325
2115,19,21,60,[   0  124  210  335  486  556  682  783  856  976 1046],0.07726243734200891,84.30300037609712,1.6068300579775325
2116,19,22,0,"[   0   51   55  141  142  147  210  252  253  335  446  447  486  556
  659  682  683  856  976 1020 1021 1046]",0.04637939554993782,84.70787514791165,1.7535530382902875
2117,19,22,20,[   0   55  124  147  210  273  335  486  556  659  682  838  976 1046],0.04637939554993782,84.70787514791165,1.7535530382902875
2118,19,22,40,[   0  124  210  273  486  556  682  838  976 1046],0.04637939554993782,84.70787514791165,1.7535530382902875
2119,19,22,60,[   0  124  210  273  486  556  682  838  976 1046],0.04637939554993782,84.70787514791165,1.7535530382902875
2120,19,23,0,"[   0   51   55  141  142  210  252  253  332  446  447  486  556  659
  682  683  855  976 1020 1021 1046]",0.04330365869265891,88.19409029520975,2.380615154074127
2121,19,23,20,[   0   55  124  210  268  332  486  556  659  682  855  976 1046],0.04330365869265891,88.19409029520975,2.380615154074127
2122,19,23,40,[   0  124  210  268  486  556  682  855  976 1046],0.04330365869265891,88.19409029520975,2.380615154074127
2123,19,23,60,[   0  210  556  682  855  976 1046],0.04330365869265891,88.19409029520975,2.380615154074127
2124,19,24,0,"[   0   51   55  141  142  210  252  253  332  446  447  556  659  682
  683  855  976 1020 1021 1046]",0.04174973458851144,85.67951838680438,1.9138332298850802
2125,19,24,20,[   0  124  210  267  332  556  659  682  855  976 1046],0.04174973458851144,85.67951838680438,1.9138332298850802
2126,19,24,40,[   0  210  556  682  855  976 1046],0.04174973458851144,85.67951838680438,1.9138332298850802
2127,19,24,60,[   0  210  556  682  855  976 1046],0.04174973458851144,85.67951838680438,1.9138332298850802
2128,19,25,0,"[   0   51   55  141  142  210  252  253  332  446  447  558  647  682
  683  794  842  976 1020 1021 1046]",0.0281848778083013,82.20479135362059,2.1439195863086975
2129,19,25,20,"[   0   55  124  210  265  332  508  558  647  682  794  842  931  976
 1020 1046]",0.0281848778083013,82.20479135362059,2.1439195863086975
2130,19,25,40,[   0  124  210  265  332  508  558  682  794  842  976 1046],0.0281848778083013,82.20479135362059,2.1439195863086975
2131,19,25,60,[   0  210  558  682  842  976 1046],0.0281848778083013,82.20479135362059,2.1439195863086975
2132,19,26,0,"[   0   24   51   55  141  142  210  252  253  298  335  446  447  486
  556  659  682  683  780  795  838  976 1020 1021 1046]",0.05051697484168961,88.08978855627295,1.994220410167199
2133,19,26,20,"[   0   24   55  124  210  265  298  335  486  556  659  682  795  838
  976 1020 1046]",0.05051697484168961,88.08978855627295,1.994220410167199
2134,19,26,40,[   0  124  210  265  335  486  556  682  795  838  976 1046],0.05051697484168961,88.08978855627295,1.994220410167199
2135,19,26,60,[   0  210  556  682  838  976 1046],0.05051697484168961,88.08978855627295,1.994220410167199
2136,19,27,0,"[   0   51   55  141  142  210  252  253  298  349  446  447  486  556
  659  682  683  783  838 1020 1021 1046]",0.04900672992634662,87.72177747495775,2.240923494992181
2137,19,27,20,"[   0   55  124  154  210  265  298  349  486  556  659  682  783  838
 1020 1046]",0.04900672992634662,87.72177747495775,2.240923494992181
2138,19,27,40,[   0   55  124  210  265  349  486  556  682  783  838 1046],0.04900672992634662,87.72177747495775,2.240923494992181
2139,19,27,60,[   0  124  210  349  486  556  682  783 1046],0.04900672992634662,87.72177747495775,2.240923494992181
2140,19,28,0,"[   0   51   55  141  142  210  252  253  332  446  447  486  556  659
  682  684  842  976 1020 1021 1046]",0.07615242307580787,90.0297603770515,1.5797532614430505
2141,19,28,20,[   0   55  124  210  265  332  486  556  659  682  842  976 1046],0.07615242307580787,90.0297603770515,1.5797532614430505
2142,19,28,40,[   0  124  210  265  486  556  682  842  976 1046],0.07615242307580787,90.0297603770515,1.5797532614430505
2143,19,28,60,[   0  210  556  682  842  976 1046],0.07615242307580787,90.0297603770515,1.5797532614430505
2144,19,29,0,"[   0   51   55  141  142  210  252  253  298  335  446  447  486  556
  659  682  683  795  838  976 1020 1021 1046]",0.07066826231711941,89.99448889052798,1.6272798057382074
2145,19,29,20,"[   0   55  124  210  265  298  335  486  556  659  682  795  838  976
 1020 1046]",0.07066826231711941,89.99448889052798,1.6272798057382074
2146,19,29,40,[   0  124  210  265  335  486  556  682  795  838  976 1046],0.07066826231711941,89.99448889052798,1.6272798057382074
2147,19,29,60,[   0  210  556  682  838  976 1046],0.07066826231711941,89.99448889052798,1.6272798057382074
2148,19,30,0,"[   0   51   55  141  142  210  252  253  298  335  446  447  485  558
  647  682  683  783  838  976 1020 1021 1046]",0.06219520024777239,89.53111368735111,2.040708042934096
2149,19,30,20,"[   0   55  124  210  265  298  335  485  558  647  682  783  838  976
 1020 1046]",0.06219520024777239,89.53111368735111,2.040708042934096
2150,19,30,40,[   0  124  210  265  335  485  558  682  783  838  976 1046],0.06219520024777239,89.53111368735111,2.040708042934096
2151,19,30,60,[   0  210  558  682  838  976 1046],0.06219520024777239,89.53111368735111,2.040708042934096
2152,19,31,0,"[   0   51   55  141  142  193  252  253  298  332  446  447  485  556
  659  682  683  783  838  976 1020 1021 1046]",0.046741988666814595,90.15867827305897,2.050896119108689
2153,19,31,20,"[   0   55  124  193  229  262  298  332  485  556  659  682  783  838
  976 1020 1046]",0.046741988666814595,90.15867827305897,2.050896119108689
2154,19,31,40,[   0  124  193  262  332  485  556  682  783  838  976 1046],0.046741988666814595,90.15867827305897,2.050896119108689
2155,19,31,60,[   0  124  193  332  556  682  838  976 1046],0.046741988666814595,90.15867827305897,2.050896119108689
2156,19,32,0,"[   0   51   55  141  142  193  252  253  298  332  446  447  485  556
  659  682  683  783  838  976 1020 1021 1046]",0.0560609402813346,91.24937038218499,2.2561637767879588
2157,19,32,20,"[   0   55  124  193  265  298  332  485  556  659  682  783  838  976
 1020 1046]",0.0560609402813346,91.24937038218499,2.2561637767879588
2158,19,32,40,[   0  124  193  265  332  485  556  682  783  838  976 1046],0.0560609402813346,91.24937038218499,2.2561637767879588
2159,19,32,60,[   0  124  193  265  485  556  682  838  976 1046],0.0560609402813346,91.24937038218499,2.2561637767879588
2160,19,33,0,"[   0    2   51   55  141  142  210  252  253  298  335  446  447  485
  556  659  682  683  783  838  976 1020 1021 1046]",0.0594891065979291,90.46794863607532,1.9870744235217337
2161,19,33,20,"[   0   55  124  210  265  298  335  485  556  659  682  783  838  976
 1020 1046]",0.0594891065979291,90.46794863607532,1.9870744235217337
2162,19,33,40,[   0  124  210  265  335  485  556  682  783  838  976 1046],0.0594891065979291,90.46794863607532,1.9870744235217337
2163,19,33,60,[   0  210  556  682  838  976 1046],0.0594891065979291,90.46794863607532,1.9870744235217337
2164,19,34,0,"[   0   51   55  141  142  210  252  253  332  446  447  558  647  682
  683  783  838 1020 1021 1046]",0.05985450832950247,89.84231255920972,1.8695838401421419
2165,19,34,20,"[   0   55  124  210  253  298  335  512  558  647  682  783  838 1020
 1046]",0.05985450832950247,89.84231255920972,1.8695838401421419
2166,19,34,40,[   0   55  124  210  253  335  512  558  682  783  838 1046],0.05985450832950247,89.84231255920972,1.8695838401421419
2167,19,34,60,[   0  124  210  335  558  682  783 1046],0.05985450832950247,89.84231255920972,1.8695838401421419
2168,19,35,0,"[   0    2   51   55  141  142  210  252  253  298  332  446  447  556
  576  647  682  683  783  838  976 1020 1021 1046]",0.03638795520571064,89.3596400634063,1.8317809210249403
2169,19,35,20,"[   0   55  124  210  253  298  332  512  556  647  682  783  838  976
 1020 1046]",0.03638795520571064,89.3596400634063,1.8317809210249403
2170,19,35,40,[   0  124  210  332  556  682  783  838  976 1046],0.03638795520571064,89.3596400634063,1.8317809210249403
2171,19,35,60,[   0  210  556  682  838  976 1046],0.03638795520571064,89.3596400634063,1.8317809210249403
2172,19,36,0,"[   0    2   51   55  141  142  193  252  253  298  332  446  447  556
  577  616  647  682  683  783  838  976 1020 1021 1046]",0.037015812104064884,89.47337824184959,1.866988014807437
2173,19,36,20,"[   0   55  124  193  282  332  556  577  616  647  682  783  838  976
 1020 1046]",0.037015812104064884,89.47337824184959,1.866988014807437
2174,19,36,40,[   0  124  193  332  556  682  783  838  976 1046],0.037015812104064884,89.47337824184959,1.866988014807437
2175,19,36,60,[   0  124  193  282  556  682  838  976 1046],0.037015812104064884,89.47337824184959,1.866988014807437
2176,19,37,0,"[   0   51   55  141  142  193  252  253  335  446  447  556  659  682
  683  783  838 1020 1021 1046]",0.04988216031092752,89.797031473852,1.8939281677829094
2177,19,37,20,[   0   55  124  193  268  335  556  659  682  783  838 1020 1046],0.04988216031092752,89.797031473852,1.8939281677829094
2178,19,37,40,[   0  124  193  335  556  682  783  838 1046],0.04988216031092752,89.797031473852,1.8939281677829094
2179,19,37,60,[   0  124  193  335  556  682  783 1046],0.04988216031092752,89.797031473852,1.8939281677829094
2180,19,38,0,"[   0   51   55  141  142  193  252  253  343  446  447  558  647  682
  683  783  838  976 1020 1021 1046]",0.05468427211123611,90.59934567002456,1.800164537761517
2181,19,38,20,"[   0   55  124  193  253  298  343  364  508  558  647  682  783  838
  976 1020 1046]",0.05468427211123611,90.59934567002456,1.800164537761517
2182,19,38,40,[   0  124  193  298  508  558  682  783  838  976 1046],0.05468427211123611,90.59934567002456,1.800164537761517
2183,19,38,60,[   0  124  193  298  558  682  838  976 1046],0.05468427211123611,90.59934567002456,1.800164537761517
2184,19,39,0,"[   0   51   55  141  142  205  252  253  298  332  446  447  556  659
  682  683  783  838  976 1020 1021 1046]",0.04894731665634759,89.11518257672843,1.7993573950516064
2185,19,39,20,[   0   55  124  205  268  332  556  659  682  783  838  976 1046],0.04894731665634759,89.11518257672843,1.7993573950516064
2186,19,39,40,[   0  124  205  332  556  682  783  838  976 1046],0.04894731665634759,89.11518257672843,1.7993573950516064
2187,19,39,60,[   0  124  205  332  556  682  838  976 1046],0.04894731665634759,89.11518257672843,1.7993573950516064
2188,19,40,0,"[   0   51   55  141  142  193  252  253  335  446  447  558  647  682
  789  856  976 1020 1021 1046]",0.06761978180092577,89.769742049995,1.575493870625668
2189,19,40,20,"[   0   24   55  124  193  270  298  335  508  558  647  682  789  856
  976 1020 1046]",0.06761978180092577,89.769742049995,1.575493870625668
2190,19,40,40,[   0  124  193  270  335  508  558  682  789  856  976 1046],0.06761978180092577,89.769742049995,1.575493870625668
2191,19,40,60,[   0  124  193  335  558  682  789  856  976 1046],0.06761978180092577,89.769742049995,1.575493870625668
2192,19,41,0,"[   0   51   55  141  142  193  252  253  335  446  447  558  647  682
  789  856  976 1020 1021 1046]",0.06770140053112478,89.98231603138875,1.5810752657798164
2193,19,41,20,"[   0   24   55  124  193  270  298  335  508  558  647  682  789  856
  976 1020 1046]",0.06770140053112478,89.98231603138875,1.5810752657798164
2194,19,41,40,[   0  124  193  270  335  508  558  682  789  856  976 1046],0.06770140053112478,89.98231603138875,1.5810752657798164
2195,19,41,60,[   0  124  193  335  558  682  789  856  976 1046],0.06770140053112478,89.98231603138875,1.5810752657798164
2196,19,42,0,"[   0   55  141  142  193  252  253  335  446  447  558  647  682  684
  788  849  976 1020 1021 1046]",0.055957083383432867,90.44327137102384,1.918608318618144
2197,19,42,20,"[   0   55  124  193  270  298  335  508  558  647  682  788  849  976
 1020 1046]",0.055957083383432867,90.44327137102384,1.918608318618144
2198,19,42,40,[   0  124  193  335  558  682  788  849  976 1046],0.055957083383432867,90.44327137102384,1.918608318618144
2199,19,42,60,[   0  124  193  335  558  682  788  849  976 1046],0.055957083383432867,90.44327137102384,1.918608318618144
2200,19,43,0,"[   0   55  141  142  193  252  253  298  335  446  447  558  647  682
  684  798  849  976 1020 1021 1046]",0.054652222342971755,91.29611204080076,1.9883670733305545
2201,19,43,20,"[   0   55  124  193  239  263  298  335  508  558  647  682  798  849
  976 1020 1046]",0.054652222342971755,91.29611204080076,1.9883670733305545
2202,19,43,40,[   0  124  193  263  335  508  558  682  798  849  976 1046],0.054652222342971755,91.29611204080076,1.9883670733305545
2203,19,43,60,[   0  124  193  335  558  682  849  976 1046],0.054652222342971755,91.29611204080076,1.9883670733305545
2204,19,44,0,"[   0   51   55  141  142  193  252  253  310  319  446  447  558  647
  682  684  798  849  976 1020 1021 1046]",0.04682017334777283,89.21027829901809,1.9027338488778789
2205,19,44,20,"[   0   55  124  193  263  298  335  508  558  647  682  798  849  976
 1020 1046]",0.04682017334777283,89.21027829901809,1.9027338488778789
2206,19,44,40,[   0  124  193  263  335  508  558  682  798  849  976 1046],0.04682017334777283,89.21027829901809,1.9027338488778789
2207,19,44,60,[   0  124  193  335  558  682  849  976 1046],0.04682017334777283,89.21027829901809,1.9027338488778789
2208,19,45,0,"[   0   24   51   55  141  142  193  252  253  263  310  319  446  447
  556  577  616  647  682  683  798  849  976 1020 1021 1046]",0.04964256588594492,89.3110340315775,1.8552822655285002
2209,19,45,20,"[   0   24   55  124  193  263  310  332  556  577  616  647  682  798
  849  976 1020 1046]",0.04964256588594492,89.3110340315775,1.8552822655285002
2210,19,45,40,[   0  124  193  332  556  682  798  849  976 1046],0.04964256588594492,89.3110340315775,1.8552822655285002
2211,19,45,60,[   0  124  193  332  556  682  849  976 1046],0.04964256588594492,89.3110340315775,1.8552822655285002
2212,19,46,0,"[   0   24   51   55  141  142  193  252  253  263  310  319  446  447
  556  577  647  682  684  798  849  976 1020 1021 1046]",0.04875837418531466,89.1216016376159,1.8833760987629125
2213,19,46,20,"[   0   24   55  124  193  263  310  332  508  556  577  647  682  798
  849  976 1020 1046]",0.04875837418531466,89.1216016376159,1.8833760987629125
2214,19,46,40,[   0  124  193  332  556  682  798  849  976 1046],0.04875837418531466,89.1216016376159,1.8833760987629125
2215,19,46,60,[   0  124  193  332  556  682  849  976 1046],0.04875837418531466,89.1216016376159,1.8833760987629125
2216,19,47,0,"[   0   24   51   55  141  142  193  252  253  263  310  319  446  447
  556  577  647  682  684  798  849  976 1020 1021 1046]",0.04909959669916805,89.2658207918469,1.8706175260058897
2217,19,47,20,"[   0   24   55  124  193  263  310  332  508  556  577  647  682  798
  849  976 1020 1046]",0.04909959669916805,89.2658207918469,1.8706175260058897
2218,19,47,40,[   0  124  193  332  556  682  798  849  976 1046],0.04909959669916805,89.2658207918469,1.8706175260058897
2219,19,47,60,[   0  124  193  332  556  682  849  976 1046],0.04909959669916805,89.2658207918469,1.8706175260058897
2220,19,48,0,"[   0   51   55  141  142  193  252  253  319  446  447  558  647  682
  798  838  976 1020 1021 1046]",0.04663961498188912,89.17536076137046,1.8482902778822357
2221,19,48,20,"[   0   55  124  193  263  298  335  508  558  647  682  798  838  976
 1020 1046]",0.04663961498188912,89.17536076137046,1.8482902778822357
2222,19,48,40,[   0  124  193  335  558  682  838  976 1046],0.04663961498188912,89.17536076137046,1.8482902778822357
2223,19,48,60,[   0  124  193  335  558  682  838  976 1046],0.04663961498188912,89.17536076137046,1.8482902778822357
2224,19,49,0,"[   0   51   55  141  142  193  252  253  319  446  447  558  647  682
  798  838  976 1020 1021 1046]",0.04712658299769252,89.40697942715705,1.8477255025881159
2225,19,49,20,"[   0   55  124  193  263  298  335  508  558  647  682  798  838  976
 1020 1046]",0.04712658299769252,89.40697942715705,1.8477255025881159
2226,19,49,40,[   0  124  193  335  558  682  838  976 1046],0.04712658299769252,89.40697942715705,1.8477255025881159
2227,19,49,60,[   0  124  193  335  558  682  838  976 1046],0.04712658299769252,89.40697942715705,1.8477255025881159
2228,19,50,0,"[   0   55  141  142  193  252  253  332  446  447  558  647  682  798
  910  976 1020 1021 1046]",0.08928191273866971,91.2885299477183,1.5273975736401655
2229,19,50,20,"[   0   55  124  193  239  263  298  332  508  558  647  682  798  910
  976 1020 1046]",0.08928191273866971,91.2885299477183,1.5273975736401655
2230,19,50,40,[   0  124  193  263  332  508  558  682  798  910  976 1046],0.08928191273866971,91.2885299477183,1.5273975736401655
2231,19,50,60,[   0  124  193  332  558  682  798  976 1046],0.08928191273866971,91.2885299477183,1.5273975736401655
2232,20,20,0,"[   0   51   55  141  142  147  210  252  253  298  333  446  447  486
  556  659  682  788  856  976 1020 1021 1046]",0.035641573565682906,81.1386925027461,2.268376589588939
2233,20,20,20,"[   0   55  124  147  210  262  298  333  411  486  556  659  682  788
  856  976 1020 1046]",0.035641573565682906,81.1386925027461,2.268376589588939
2234,20,20,40,[   0  124  210  262  333  486  556  682  788  856  976 1046],0.035641573565682906,81.1386925027461,2.268376589588939
2235,20,20,60,[   0  124  210  333  486  556  682  788  856  976 1046],0.035641573565682906,81.1386925027461,2.268376589588939
2236,20,21,0,"[   0   51   55  141  142  147  210  252  253  298  335  446  447  486
  556  659  682  783  856  976 1020 1021 1046]",0.05319181929498249,81.94001631419661,1.7944772118646164
2237,20,21,20,"[   0   55  124  147  210  253  298  335  411  486  556  659  682  783
  856  976 1020 1046]",0.05319181929498249,81.94001631419661,1.7944772118646164
2238,20,21,40,[   0  124  210  335  486  556  682  783  856  976 1046],0.05319181929498249,81.94001631419661,1.7944772118646164
2239,20,21,60,[   0  124  210  335  486  556  682  783  856  976 1046],0.05319181929498249,81.94001631419661,1.7944772118646164
2240,20,22,0,"[   0   51   55  141  142  147  210  252  253  298  335  422  423  446
  447  486  556  659  682  683  856  976 1020 1021 1046]",0.04750415899013687,83.46465178560874,1.6819677163549442
2241,20,22,20,[   0   55  124  147  210  273  335  486  556  659  682  838  976 1046],0.04750415899013687,83.46465178560874,1.6819677163549442
2242,20,22,40,[   0  124  210  273  486  556  682  838  976 1046],0.04750415899013687,83.46465178560874,1.6819677163549442
2243,20,22,60,[   0  124  210  273  486  556  682  838  976 1046],0.04750415899013687,83.46465178560874,1.6819677163549442
2244,20,23,0,"[   0   51   55  141  142  210  252  253  332  446  447  486  556  659
  682  683  855  976 1020 1021 1046]",0.04555623873777853,87.97810600227712,2.285560282889432
2245,20,23,20,[   0   55  124  210  268  332  486  556  659  682  855  976 1046],0.04555623873777853,87.97810600227712,2.285560282889432
2246,20,23,40,[   0  124  210  268  486  556  682  855  976 1046],0.04555623873777853,87.97810600227712,2.285560282889432
2247,20,23,60,[   0  210  556  682  855  976 1046],0.04555623873777853,87.97810600227712,2.285560282889432
2248,20,24,0,"[   0   51   55  141  142  210  252  253  332  446  447  556  659  682
  683  855  976 1020 1021 1046]",0.0335505236040759,85.04530442047619,2.242593602865896
2249,20,24,20,[   0  124  210  267  332  556  659  682  855  976 1046],0.0335505236040759,85.04530442047619,2.242593602865896
2250,20,24,40,[   0  210  556  682  855  976 1046],0.0335505236040759,85.04530442047619,2.242593602865896
2251,20,24,60,[   0  210  556  682  855  976 1046],0.0335505236040759,85.04530442047619,2.242593602865896
2252,20,25,0,"[   0   51   55  141  142  210  252  253  298  332  446  447  558  647
  682  683  794  842  976 1020 1021 1046]",0.029949845202275564,81.63761580325328,2.0500169661133087
2253,20,25,20,"[   0   55  124  210  265  298  332  508  558  647  682  794  842  931
  976 1020 1046]",0.029949845202275564,81.63761580325328,2.0500169661133087
2254,20,25,40,[   0  124  210  265  332  508  558  682  794  842  976 1046],0.029949845202275564,81.63761580325328,2.0500169661133087
2255,20,25,60,[   0  210  558  682  842  976 1046],0.029949845202275564,81.63761580325328,2.0500169661133087
2256,20,26,0,"[   0   24   51   55  141  142  210  252  253  298  335  446  447  486
  556  659  682  683  780  795  838  976 1020 1021 1046]",0.03999272081044201,86.92267065232545,2.0057530655416413
2257,20,26,20,"[   0   24   55  124  210  265  298  335  486  556  659  682  795  838
  976 1020 1046]",0.03999272081044201,86.92267065232545,2.0057530655416413
2258,20,26,40,[   0  124  210  265  335  486  556  682  795  838  976 1046],0.03999272081044201,86.92267065232545,2.0057530655416413
2259,20,26,60,[   0  210  556  682  838  976 1046],0.03999272081044201,86.92267065232545,2.0057530655416413
2260,20,27,0,"[   0   51   55  141  142  210  252  253  298  349  446  447  486  556
  659  682  683  783  856  975 1020 1021 1046]",0.04484504638420971,86.40719126685579,1.960427626275316
2261,20,27,20,"[   0   55  124  154  210  265  298  349  486  556  659  682  783  856
  975 1020 1046]",0.04484504638420971,86.40719126685579,1.960427626275316
2262,20,27,40,[   0  124  210  265  349  486  556  682  783  856  975 1046],0.04484504638420971,86.40719126685579,1.960427626275316
2263,20,27,60,[   0  124  210  349  486  556  682  783  856  975 1046],0.04484504638420971,86.40719126685579,1.960427626275316
2264,20,28,0,"[   0   51   55  141  142  210  252  253  298  332  422  423  446  447
  486  556  659  682  684  842  976 1020 1021 1046]",0.07736406908200626,88.77881567875212,1.5137322765908505
2265,20,28,20,[   0   55  124  210  265  332  486  556  659  682  842  976 1046],0.07736406908200626,88.77881567875212,1.5137322765908505
2266,20,28,40,[   0  124  210  265  486  556  682  842  976 1046],0.07736406908200626,88.77881567875212,1.5137322765908505
2267,20,28,60,[   0  210  556  682  842  976 1046],0.07736406908200626,88.77881567875212,1.5137322765908505
2268,20,29,0,"[   0   51   55  141  142  210  252  253  298  335  446  447  486  556
  659  682  683  795  838  976 1020 1021 1046]",0.06356745951883369,89.34056563065901,1.6587172849410794
2269,20,29,20,"[   0   55  124  154  210  265  298  335  486  556  659  682  795  838
  976 1020 1046]",0.06356745951883369,89.34056563065901,1.6587172849410794
2270,20,29,40,[   0  124  210  265  335  486  556  682  795  838  976 1046],0.06356745951883369,89.34056563065901,1.6587172849410794
2271,20,29,60,[   0  210  556  682  838  976 1046],0.06356745951883369,89.34056563065901,1.6587172849410794
2272,20,30,0,"[   0   51   55  141  142  210  252  253  298  335  446  447  485  558
  647  682  683  783  838  976 1020 1021 1046]",0.05418875312966082,88.89782276129097,2.0528166724731536
2273,20,30,20,"[   0   55  124  210  265  298  335  485  558  647  682  783  838  976
 1020 1046]",0.05418875312966082,88.89782276129097,2.0528166724731536
2274,20,30,40,[   0  124  210  265  335  485  558  682  783  838  976 1046],0.05418875312966082,88.89782276129097,2.0528166724731536
2275,20,30,60,[   0  210  558  682  838  976 1046],0.05418875312966082,88.89782276129097,2.0528166724731536
2276,20,31,0,"[   0   51   55  141  142  193  252  253  298  332  446  447  485  556
  659  682  683  783  838  976 1020 1021 1046]",0.049732885729963705,89.09908890078762,2.273249709219413
2277,20,31,20,"[   0   55  124  193  229  262  298  332  485  556  659  682  783  838
  976 1020 1046]",0.049732885729963705,89.09908890078762,2.273249709219413
2278,20,31,40,[   0  124  193  262  332  485  556  682  783  838  976 1046],0.049732885729963705,89.09908890078762,2.273249709219413
2279,20,31,60,[   0  124  193  332  556  682  838  976 1046],0.049732885729963705,89.09908890078762,2.273249709219413
2280,20,32,0,"[   0   51   55  141  142  193  252  253  298  332  422  423  446  447
  485  556  659  682  683  783  838  976 1020 1021 1046]",0.05682266809022478,89.524751293745,2.1672305888252135
2281,20,32,20,"[   0   55  124  193  265  298  332  485  556  659  682  783  838  976
 1020 1046]",0.05682266809022478,89.524751293745,2.1672305888252135
2282,20,32,40,[   0  124  193  265  332  485  556  682  783  838  976 1046],0.05682266809022478,89.524751293745,2.1672305888252135
2283,20,32,60,[   0  124  193  265  485  556  682  838  976 1046],0.05682266809022478,89.524751293745,2.1672305888252135
2284,20,33,0,"[   0    2   51   55  141  142  210  252  253  298  335  446  447  485
  556  659  682  683  783  838  976 1020 1021 1046]",0.05871318252888213,89.40542066423313,2.0141844236679365
2285,20,33,20,"[   0   55  124  210  265  298  335  485  556  659  682  783  838  976
 1020 1046]",0.05871318252888213,89.40542066423313,2.0141844236679365
2286,20,33,40,[   0  124  210  265  335  485  556  682  783  838  976 1046],0.05871318252888213,89.40542066423313,2.0141844236679365
2287,20,33,60,[   0  210  556  682  838  976 1046],0.05871318252888213,89.40542066423313,2.0141844236679365
2288,20,34,0,"[   0    2   51   55  141  142  210  252  253  298  332  422  423  446
  447  558  647  682  683  783  838 1020 1021 1046]",0.05838614484105144,88.58111086769891,1.8235084435642732
2289,20,34,20,"[   0   55  124  210  253  298  335  512  558  647  682  783  838 1020
 1046]",0.05838614484105144,88.58111086769891,1.8235084435642732
2290,20,34,40,[   0   55  124  210  253  335  512  558  682  783  838 1046],0.05838614484105144,88.58111086769891,1.8235084435642732
2291,20,34,60,[   0  124  210  335  558  682  783 1046],0.05838614484105144,88.58111086769891,1.8235084435642732
2292,20,35,0,"[   0    2   51   55  141  142  210  252  253  298  332  446  447  556
  576  647  682  683  783  838  976 1020 1021 1046]",0.03962470576410411,88.37085257651631,1.983697507332223
2293,20,35,20,"[   0   55  124  210  253  298  332  512  556  647  682  783  838  976
 1020 1046]",0.03962470576410411,88.37085257651631,1.983697507332223
2294,20,35,40,[   0  124  210  332  556  682  783  838  976 1046],0.03962470576410411,88.37085257651631,1.983697507332223
2295,20,35,60,[   0  210  556  682  838  976 1046],0.03962470576410411,88.37085257651631,1.983697507332223
2296,20,36,0,"[   0    2   51   55  141  142  193  252  253  298  332  446  447  556
  577  616  647  682  683  783  838  976 1020 1021 1046]",0.03888950839699809,88.46451357658424,1.9972457369038565
2297,20,36,20,"[   0   55  124  193  282  332  556  577  616  647  682  783  838  976
 1020 1046]",0.03888950839699809,88.46451357658424,1.9972457369038565
2298,20,36,40,[   0  124  193  332  556  682  783  838  976 1046],0.03888950839699809,88.46451357658424,1.9972457369038565
2299,20,36,60,[   0  124  193  282  556  682  838  976 1046],0.03888950839699809,88.46451357658424,1.9972457369038565
2300,20,37,0,"[   0   51   55  141  142  193  252  253  335  446  447  556  659  682
  683  783  838 1020 1021 1046]",0.05139657860649403,88.60306638520892,1.8398360677674812
2301,20,37,20,[   0   55  124  193  268  335  556  659  682  783  838 1020 1046],0.05139657860649403,88.60306638520892,1.8398360677674812
2302,20,37,40,[   0  124  193  335  556  682  783  838 1046],0.05139657860649403,88.60306638520892,1.8398360677674812
2303,20,37,60,[   0  124  193  335  556  682  783 1046],0.05139657860649403,88.60306638520892,1.8398360677674812
2304,20,38,0,"[   0   51   55  141  142  193  252  253  343  446  447  558  647  682
  683  783  838  976 1020 1021 1046]",0.0572156028204443,89.89623760339774,1.9144850547433543
2305,20,38,20,"[   0   55  124  193  268  298  343  364  508  558  647  682  783  838
  976 1020 1046]",0.0572156028204443,89.89623760339774,1.9144850547433543
2306,20,38,40,[   0   55  124  193  268  343  508  558  682  783  838  976 1046],0.0572156028204443,89.89623760339774,1.9144850547433543
2307,20,38,60,[   0  124  193  343  558  682  838  976 1046],0.0572156028204443,89.89623760339774,1.9144850547433543
2308,20,39,0,"[   0   51   55  141  142  205  252  253  298  332  446  447  556  659
  682  683  783  838  976 1020 1021 1046]",0.04708813865346696,88.4142054769894,1.9070672487407623
2309,20,39,20,[   0   55  124  205  268  332  556  659  682  783  838  976 1046],0.04708813865346696,88.4142054769894,1.9070672487407623
2310,20,39,40,[   0  124  205  332  556  682  783  838  976 1046],0.04708813865346696,88.4142054769894,1.9070672487407623
2311,20,39,60,[   0  124  205  332  556  682  838  976 1046],0.04708813865346696,88.4142054769894,1.9070672487407623
2312,20,40,0,"[   0   51   55  141  142  193  252  253  332  446  447  558  647  682
  789  856  976 1020 1021 1046]",0.06716605843547734,88.92624315364444,1.5907035968279526
2313,20,40,20,"[   0   24   55  124  193  270  298  335  508  558  647  682  789  856
  976 1020 1046]",0.06716605843547734,88.92624315364444,1.5907035968279526
2314,20,40,40,[   0  124  193  270  335  508  558  682  789  856  976 1046],0.06716605843547734,88.92624315364444,1.5907035968279526
2315,20,40,60,[   0  124  193  335  558  682  789  856  976 1046],0.06716605843547734,88.92624315364444,1.5907035968279526
2316,20,41,0,"[   0   51   55  141  142  193  252  253  335  446  447  558  647  682
  789  856  976 1020 1021 1046]",0.04841818451111662,88.83206069285062,1.6190802251096834
2317,20,41,20,"[   0   24   55  124  193  270  298  335  508  558  647  682  789  856
  976 1020 1046]",0.04841818451111662,88.83206069285062,1.6190802251096834
2318,20,41,40,[   0  124  193  270  335  508  558  682  789  856  976 1046],0.04841818451111662,88.83206069285062,1.6190802251096834
2319,20,41,60,[   0  124  193  335  558  682  789  856  976 1046],0.04841818451111662,88.83206069285062,1.6190802251096834
2320,20,42,0,"[   0   55  141  142  193  252  253  335  446  447  558  647  682  684
  788  849  976 1020 1021 1046]",0.059000731495812496,89.46513108079206,1.8883964520439271
2321,20,42,20,"[   0   55  124  193  270  298  335  508  558  647  682  788  849  976
 1020 1046]",0.059000731495812496,89.46513108079206,1.8883964520439271
2322,20,42,40,[   0  124  193  270  335  508  558  682  788  849  976 1046],0.059000731495812496,89.46513108079206,1.8883964520439271
2323,20,42,60,[   0  124  193  335  558  682  788  849  976 1046],0.059000731495812496,89.46513108079206,1.8883964520439271
2324,20,43,0,"[   0   55  141  142  193  252  253  298  335  446  447  558  647  682
  684  798  849  976 1020 1021 1046]",0.05760713278144678,90.8950163671037,1.9376245058944594
2325,20,43,20,"[   0   55  124  193  239  263  298  335  364  508  558  647  682  798
  849  976 1020 1046]",0.05760713278144678,90.8950163671037,1.9376245058944594
2326,20,43,40,[   0  124  193  263  335  508  558  682  798  849  976 1046],0.05760713278144678,90.8950163671037,1.9376245058944594
2327,20,43,60,[   0  124  193  335  558  682  849  976 1046],0.05760713278144678,90.8950163671037,1.9376245058944594
2328,20,44,0,"[   0   51   55  141  142  193  252  253  310  319  446  447  558  647
  682  684  798  849  976 1020 1021 1046]",0.049906410393006,88.87275948487076,1.8551199251761588
2329,20,44,20,"[   0   55  124  193  263  298  335  508  558  647  682  798  849  976
 1020 1046]",0.049906410393006,88.87275948487076,1.8551199251761588
2330,20,44,40,[   0  124  193  263  335  508  558  682  798  849  976 1046],0.049906410393006,88.87275948487076,1.8551199251761588
2331,20,44,60,[   0  124  193  335  558  682  849  976 1046],0.049906410393006,88.87275948487076,1.8551199251761588
2332,20,45,0,"[   0   24   51   55  141  142  193  252  253  263  310  319  446  447
  556  577  616  647  682  683  798  849  976 1020 1021 1046]",0.055333609067412345,89.29449261245337,1.8368942966195352
2333,20,45,20,"[   0   24   55  124  193  263  310  332  556  577  616  647  682  798
  849  976 1020 1046]",0.055333609067412345,89.29449261245337,1.8368942966195352
2334,20,45,40,[   0  124  193  332  556  682  798  849  976 1046],0.055333609067412345,89.29449261245337,1.8368942966195352
2335,20,45,60,[   0  124  193  332  556  682  849  976 1046],0.055333609067412345,89.29449261245337,1.8368942966195352
2336,20,46,0,"[   0   24   51   55  141  142  193  252  253  263  310  319  446  447
  556  577  647  682  684  798  849  976 1020 1021 1046]",0.051524111329315815,88.3405992700507,1.8530918414343993
2337,20,46,20,"[   0   24   55  124  193  263  310  332  508  556  577  647  682  798
  849  976 1020 1046]",0.051524111329315815,88.3405992700507,1.8530918414343993
2338,20,46,40,[   0  124  193  332  556  682  798  849  976 1046],0.051524111329315815,88.3405992700507,1.8530918414343993
2339,20,46,60,[   0  124  193  332  556  682  849  976 1046],0.051524111329315815,88.3405992700507,1.8530918414343993
2340,20,47,0,"[   0   24   51   55  141  142  193  252  253  263  310  319  446  447
  556  577  647  682  684  798  849  976 1020 1021 1046]",0.051876282791854286,88.48508935379616,1.8410663957759374
2341,20,47,20,"[   0   24   55  124  193  263  310  332  508  556  577  647  682  798
  849  976 1020 1046]",0.051876282791854286,88.48508935379616,1.8410663957759374
2342,20,47,40,[   0  124  193  332  556  682  798  849  976 1046],0.051876282791854286,88.48508935379616,1.8410663957759374
2343,20,47,60,[   0  124  193  332  556  682  849  976 1046],0.051876282791854286,88.48508935379616,1.8410663957759374
2344,20,48,0,"[   0   51   55  141  142  193  252  253  310  319  446  447  558  647
  682  684  773  838  976 1020 1021 1046]",0.043915389801833085,88.19044786475624,1.857643327690603
2345,20,48,20,"[   0   55  124  193  263  298  335  508  558  647  682  773  838  976
 1020 1046]",0.043915389801833085,88.19044786475624,1.857643327690603
2346,20,48,40,[   0  124  193  263  335  508  558  682  773  838  976 1046],0.043915389801833085,88.19044786475624,1.857643327690603
2347,20,48,60,[   0  124  193  335  558  682  773  838  976 1046],0.043915389801833085,88.19044786475624,1.857643327690603
2348,20,49,0,"[   0   51   55  141  142  193  252  253  310  319  446  447  558  647
  682  684  773  838  976 1020 1021 1046]",0.04439731487336108,88.42184555390062,1.8571067911611885
2349,20,49,20,"[   0   55  124  193  263  298  335  508  558  647  682  773  838  976
 1020 1046]",0.04439731487336108,88.42184555390062,1.8571067911611885
2350,20,49,40,[   0  124  193  263  335  508  558  682  773  838  976 1046],0.04439731487336108,88.42184555390062,1.8571067911611885
2351,20,49,60,[   0  124  193  335  558  682  773  838  976 1046],0.04439731487336108,88.42184555390062,1.8571067911611885
2352,20,50,0,"[   0   55  141  142  193  252  253  298  332  446  447  558  647  682
  684  798  838  976 1020 1021 1046]",0.08690176489086837,90.49948423820636,1.5424675084488921
2353,20,50,20,"[   0   55  124  193  239  263  298  332  508  558  647  682  798  838
  976 1020 1046]",0.08690176489086837,90.49948423820636,1.5424675084488921
2354,20,50,40,[   0  124  193  263  332  508  558  682  798  910  976 1046],0.08690176489086837,90.49948423820636,1.5424675084488921
2355,20,50,60,[   0  124  193  332  558  682  798  976 1046],0.08690176489086837,90.49948423820636,1.5424675084488921
