[0,607,1022,1132,1239,1385,1427]
[0,58,285,607,1022,1132,1239,1385,1427]
[0,55,607,1022,1132,1239,1427]
[0,56,402,607,1022,1132,1239,1341,1386,1427]
[0,607,1386,1427]
[0,285,607,1239,1427]
[0,55,607,1022,1132,1239,1341,1386,1427]
[0,1022,1132,1239,1341,1386,1427]
[0,607,1022,1132,1239,1341,1427]
[0,377,607,1022,1427]
[0,1022,1132,1239,1341,1427]
[0,56,1022,1132,1239,1427]
[0,1022,1427]
[0,58,1022,1132,1239,1341,1386,1427]
[0,55,285,607,1022,1132,1239,1341,1427]
[0,1341,1427]
[0,607,1022,1427]
[0,55,285,607,1022,1132,1239,1427]
[0,607,1132,1427]
[0,377,607,1239,1427]
[0,55,1022,1132,1239,1386,1427]
[0,55,1022,1132,1239,1341,1386,1427]
[0,58,607,1022,1132,1239,1427]
[0,58,607,1022,1132,1239,1341,1427]
[0,377,1427]
[0,377,607,1022,1239,1427]
[0,56,607,1022,1132,1239,1341,1386,1427]
[0,58,607,1022,1132,1239,1341,1386,1427]
[0,377,607,1427]
[0,55,1022,1132,1239,1427]
[0,1085,1427]
[0,1239,1341,1427]
[0,1239,1427]
[0,58,285,607,1022,1132,1239,1427]
[0,56,1022,1132,1239,1341,1427]
[0,55,1022,1132,1239,1341,1427]
[0,55,285,607,1022,1132,1239,1341,1386,1427]
[0,56,607,1022,1132,1239,1427]
[0,55,377,607,1022,1132,1239,1341,1386,1427]
[0,1022,1239,1386,1427]
[0,55,285,607,1022,1132,1239,1386,1427]
[0,607,1239,1427]
[0,402,607,1022,1132,1239,1427]
[0,285,607,1022,1132,1239,1341,1427]
[0,607,1427]
[0,607,1132,1386,1427]
[0,59,607,1085,1341,1427]
[0,58,285,607,1022,1132,1239,1341,1427]
[0,402,607,1022,1427]
[0,58,285,607,1022,1132,1239,1341,1386,1427]
[0,285,607,1427]
[0,607,1022,1239,1427]
[0,56,1022,1132,1239,1341,1386,1427]
[0,1022,1132,1239,1427]
[0,1085,1341,1427]
[0,402,1427]
[0,285,1427]
[0,55,607,1022,1132,1239,1341,1427]
[0,1239,1386,1427]
[0,55,377,607,1022,1132,1239,1341,1427]
[0,402,607,1239,1427]
[0,285,607,1022,1132,1239,1427]
[0,1022,1239,1427]
[0,1132,1427]
[0,1022,1239,1341,1427]
[0,607,1085,1341,1427]
[0,59,607,1022,1132,1239,1427]
[0,402,607,1022,1132,1239,1341,1427]
[0,1239,1341,1386,1427]
[0,402,607,1022,1239,1427]
[0,377,607,1022,1132,1239,1427]
[0,377,607,1022,1132,1239,1341,1427]
[0,56,607,1022,1132,1239,1341,1427]
[0,1022,1239,1341,1386,1427]
[0,56,402,607,1022,1132,1239,1341,1427]
[0,402,607,1427]
[0,56,402,607,1022,1132,1239,1427]
[0,285,607,1022,1427]
[0,607,1085,1427]
[0,55,607,1022,1132,1239,1386,1427]
[0,58,1022,1132,1239,1427]
[0,285,607,1022,1239,1427]
[0,607,1022,1132,1239,1427]
[0,59,607,1022,1132,1239,1385,1427]
[0,58,1022,1132,1239,1341,1427]
[0,1022,1132,1239,1386,1427]
[0,55,377,607,1022,1132,1239,1427]
