[0,52,197,669,825,873,1180]
[0,52,197,669,825,873,1028,1180]
[0,197,669,825,1028,1180]
[0,52,242,669,825,1180]
[0,242,669,825,1180]
[0,242,669,1180]
[0,52,210,669,1180]
[0,52,210,669,825,873,1028,1180]
[0,197,669,1180]
[0,52,197,669,825,1028,1180]
[0,52,210,669,825,873,1180]
[0,52,242,669,825,873,1180]
[0,52,242,669,825,1028,1180]
[0,52,210,669,825,873,976,1028,1180]
[0,210,669,825,976,1028,1180]
[0,197,825,1180]
[0,669,1180]
[0,52,210,669,825,1028,1180]
[0,210,669,1180]
[0,825,1180]
[0,52,210,669,825,976,1028,1180]
[0,52,210,669,825,1180]
[0,242,669,825,1028,1180]
[0,52,242,669,1180]
[0,197,669,825,1180]
[0,52,197,669,825,1180]
[0,210,669,825,1028,1180]
[0,52,197,669,825,873,987,1028,1180]
[0,210,669,825,1180]
[0,52,197,669,1180]
