[0,50,439,855,1006,1257,1390,1834,1875]
[0,439,1006,1509,1875]
[0,904,1875]
[0,439,1006,1257,1509,1834,1875]
[0,152,439,1006,1257,1509,1875]
[0,439,904,1257,1834,1875]
[0,439,1390,1875]
[0,439,855,1257,1875]
[0,439,855,1875]
[0,439,855,1039,1875]
[0,50,439,855,1039,1257,1535,1834,1875]
[0,439,1834,1875]
[0,439,1039,1834,1875]
[0,439,1006,1257,1875]
[0,439,855,1257,1834,1875]
[0,1390,1875]
[0,50,439,1006,1257,1509,1834,1875]
[0,439,1875]
[0,855,1875]
[0,50,152,439,855,1039,1257,1535,1875]
[0,439,1257,1875]
[0,50,152,439,855,1006,1257,1509,1834,1875]
[0,439,1006,1875]
[0,439,1006,1257,1390,1834,1875]
[0,439,1039,1257,1390,1875]
[0,439,855,1006,1257,1509,1875]
[0,439,855,1039,1257,1535,1875]
[0,1039,1875]
[0,439,855,1006,1257,1390,1875]
[0,50,439,855,1006,1257,1390,1875]
[0,439,855,1006,1257,1875]
[0,1257,1875]
[0,439,1039,1257,1834,1875]
[0,439,904,1875]
[0,439,1738,1875]
[0,439,1364,1875]
[0,439,1039,1535,1875]
[0,439,1257,1834,1875]
[0,439,855,1006,1257,1509,1834,1875]
[0,439,904,1257,1390,1834,1875]
[0,439,855,1257,1390,1875]
[0,50,152,439,855,1039,1257,1535,1834,1875]
[0,1364,1875]
[0,152,439,855,1006,1257,1509,1875]
[0,439,1039,1257,1390,1834,1875]
[0,439,1006,1257,1834,1875]
[0,439,1006,1834,1875]
[0,439,855,1039,1257,1875]
[0,439,904,1834,1875]
[0,439,855,1006,1257,1390,1834,1875]
[0,1738,1875]
[0,439,855,1039,1257,1390,1834,1875]
[0,439,1039,1257,1875]
[0,50,152,439,855,1006,1257,1509,1875]
[0,50,152,439,1006,1257,1509,1875]
[0,439,855,1257,1390,1834,1875]
[0,50,439,1006,1257,1509,1875]
[0,439,904,1257,1875]
[0,50,439,855,1006,1257,1509,1834,1875]
[0,439,1039,1257,1535,1834,1875]
[0,1834,1875]
[0,439,855,1039,1257,1390,1875]
[0,439,1039,1875]
[0,50,439,855,1006,1257,1509,1875]
[0,50,152,439,1006,1257,1509,1834,1875]
[0,50,439,855,1039,1257,1535,1875]
[0,439,1039,1257,1535,1875]
[0,439,855,1039,1257,1535,1834,1875]
[0,439,1006,1257,1390,1875]
[0,1006,1875]
[0,439,855,1390,1875]
[0,439,904,1257,1390,1875]
[0,152,439,855,1039,1257,1535,1875]
[0,439,1006,1257,1509,1875]
[0,439,855,1834,1875]
