[0,419,653,922]
[0,178,342,423,653,829,922]
[0,419,922]
[0,178,419,922]
[0,46,178,423,564,829,922]
[0,178,342,423,564,922]
[0,178,419,603,922]
[0,423,922]
[0,46,178,342,423,653,829,922]
[0,46,178,342,423,564,922]
[0,178,423,829,922]
[0,178,423,653,922]
[0,178,423,653,829,922]
[0,46,178,342,423,502,564,830,922]
[0,178,423,922]
[0,178,342,423,502,564,829,922]
[0,178,342,423,564,830,922]
[0,178,922]
[0,178,419,653,922]
[0,46,178,829,922]
[0,46,178,342,423,564,830,922]
[0,178,423,564,830,922]
[0,178,342,423,829,922]
[0,423,653,922]
[0,178,419,603,829,922]
[0,46,178,423,829,922]
[0,46,178,342,423,502,564,829,922]
[0,178,342,423,564,829,922]
[0,419,603,922]
[0,178,423,564,922]
[0,46,178,342,423,829,922]
[0,178,829,922]
[0,178,342,423,502,564,830,922]
[0,46,178,342,423,564,829,922]
[0,46,178,423,564,922]
[0,178,423,564,829,922]
[0,46,178,922]
