[0,395,1540,1830,2554]
[0,1334,1540,2429,2554]
[0,395,1330,1761,2020,2429,2554]
[0,1834,2554]
[0,395,1334,2335,2554]
[0,395,1334,1540,2335,2429,2554]
[0,1330,1761,2429,2554]
[0,395,1334,1540,2429,2554]
[0,42,395,1330,2280,2554]
[0,304,2335,2554]
[0,395,1334,1540,2048,2554]
[0,1334,1540,1830,2554]
[0,395,1330,1540,1761,2020,2429,2554]
[0,1334,2335,2429,2554]
[0,749,1330,1761,2554]
[0,395,1330,2280,2554]
[0,1334,2429,2554]
[0,1143,2429,2554]
[0,2020,2554]
[0,395,1334,2048,2554]
[0,395,1330,1540,1761,2020,2554]
[0,1143,1334,1540,2429,2554]
[0,749,1330,1761,2280,2554]
[0,395,1761,2020,2554]
[0,395,1330,1540,1761,2020,2280,2429,2554]
[0,1761,2429,2554]
[0,395,1330,2554]
[0,42,395,2280,2554]
[0,395,1143,1330,1540,1761,2020,2429,2554]
[0,395,1334,1540,1830,2335,2554]
[0,1540,1830,2554]
[0,1330,1540,2280,2554]
[0,1143,1330,1761,2020,2554]
[0,1761,2020,2429,2554]
[0,395,1761,2429,2554]
[0,42,2429,2554]
[0,1143,1330,1540,1761,2020,2429,2554]
[0,1830,2554]
[0,395,2554]
[0,42,395,1334,1540,2048,2335,2429,2554]
[0,1330,1761,2020,2429,2554]
[0,395,1143,1330,1761,2020,2554]
[0,1334,1540,2335,2429,2554]
[0,1143,1334,2554]
[0,42,395,1143,1334,1540,2048,2335,2429,2554]
[0,395,1143,1334,1540,2048,2429,2554]
[0,395,1334,1540,1830,2554]
[0,42,395,1330,1540,1761,2020,2280,2429,2554]
[0,395,1330,1761,2280,2554]
[0,42,395,1334,1540,2554]
[0,42,749,1334,2335,2554]
[0,395,1143,1334,1540,2554]
[0,42,2554]
[0,42,1334,2554]
[0,395,1143,1330,1540,1761,2020,2280,2429,2554]
[0,395,1330,1761,2020,2554]
[0,42,1330,1761,2280,2554]
[0,1330,1540,1761,2020,2554]
[0,42,395,1330,1540,1761,2020,2280,2554]
[0,395,1334,1540,2554]
[0,2335,2554]
[0,42,395,1330,1761,2020,2554]
[0,395,1334,2554]
[0,395,1334,2429,2554]
[0,2429,2554]
[0,42,395,1334,2554]
[0,42,395,1334,1540,2335,2429,2554]
[0,2048,2554]
[0,749,1330,2554]
[0,1143,1334,2335,2429,2554]
[0,42,395,1761,2020,2554]
[0,749,1334,2554]
[0,1143,1330,1761,2429,2554]
[0,395,2335,2429,2554]
[0,1143,1330,2554]
[0,749,1334,2335,2554]
[0,1143,1330,2429,2554]
[0,42,749,1334,2554]
[0,1334,2554]
[0,395,2280,2554]
[0,1761,2554]
[0,42,395,1330,1540,1761,2020,2554]
[0,1143,1330,1540,1761,2020,2554]
[0,304,2554]
[0,395,1143,1334,1540,2048,2335,2429,2554]
[0,42,1143,1334,1540,2335,2429,2554]
[0,1334,1540,2048,2429,2554]
[0,2280,2554]
[0,395,2020,2554]
[0,395,1334,1540,2048,2429,2554]
[0,1143,1334,1540,2048,2335,2429,2554]
[0,42,395,1143,1330,1540,1761,2020,2280,2429,2554]
[0,1143,1330,1761,2020,2429,2554]
[0,395,1330,2020,2554]
[0,42,749,1330,1761,2280,2554]
[0,1330,2020,2554]
[0,395,1143,1334,1540,2335,2429,2554]
[0,42,395,1334,1540,1830,2554]
[0,395,2048,2554]
[0,1540,2554]
[0,1143,1330,1761,2554]
[0,42,395,1330,1761,2020,2429,2554]
[0,395,1330,1761,2429,2554]
[0,42,395,1330,1761,2429,2554]
[0,304,1834,2554]
[0,395,1143,1330,1761,2020,2429,2554]
[0,1330,1761,2020,2554]
[0,395,1334,1540,2048,2335,2429,2554]
[0,1330,2554]
[0,395,1334,2335,2429,2554]
[0,42,395,1330,1540,1761,2020,2429,2554]
[0,395,1540,1830,2335,2554]
[0,42,395,1761,2429,2554]
[0,1334,2335,2554]
[0,395,1330,1540,1761,2020,2280,2554]
[0,395,1330,1761,2554]
[0,42,395,1334,2335,2429,2554]
[0,2335,2429,2554]
[0,1330,1761,2554]
[0,1761,2280,2554]
[0,42,395,2335,2429,2554]
[0,1143,1334,1540,2335,2429,2554]
[0,42,1761,2280,2554]
[0,1334,1540,2048,2554]
[0,395,1143,1330,1540,1761,2020,2280,2554]
[0,1540,2280,2554]
[0,42,395,1143,1334,1540,2335,2429,2554]
[0,395,1330,1540,2280,2554]
[0,42,395,1334,1540,1830,2335,2554]
[0,1334,1540,2554]
[0,42,2280,2554]
[0,1143,1334,1540,2048,2429,2554]
[0,395,2429,2554]
[0,42,395,1330,1540,2280,2554]
[0,42,2335,2554]
[0,395,1143,1330,1540,1761,2020,2554]
[0,42,2335,2429,2554]
[0,42,395,1334,1540,2048,2554]
[0,42,1761,2020,2554]
[0,42,395,1330,1761,2280,2554]
[0,1334,1540,2048,2335,2429,2554]
[0,1334,2048,2554]
[0,395,1830,2554]
[0,1761,2020,2554]
[0,1143,1334,1540,2048,2554]
[0,395,1330,1761,2020,2280,2554]
[0,395,1143,1334,1540,2429,2554]
[0,1540,2429,2554]
[0,395,1143,1334,1540,2048,2554]
[0,1540,2048,2554]
[0,42,395,1143,1330,1761,2020,2429,2554]
[0,1330,1761,2280,2554]
[0,42,395,1334,2335,2554]
[0,1143,1334,1540,2554]
[0,42,395,1143,1330,1540,1761,2020,2429,2554]
[0,1143,1334,2429,2554]
[0,1143,2554]
[0,42,395,2554]
[0,395,1761,2554]
[0,42,395,2429,2554]
