[0,385,504,703,1063,1222,1427]
[0,385,703,1022,1427]
[0,216,703,929,1222,1427]
[0,385,504,1063,1222,1427]
[0,223,511,703,929,1063,1222,1427]
[0,224,504,703,1063,1222,1427]
[0,223,703,929,1427]
[0,703,929,1427]
[0,703,1063,1222,1427]
[0,703,1022,1222,1427]
[0,1022,1222,1427]
[0,223,509,703,929,1063,1222,1427]
[0,224,385,504,703,929,1063,1222,1427]
[0,1063,1222,1427]
[0,385,703,1022,1222,1427]
[0,223,511,703,929,1222,1427]
[0,223,509,703,929,1222,1427]
[0,703,1063,1427]
[0,1022,1427]
[0,216,703,1022,1427]
[0,224,703,929,1222,1427]
[0,504,703,1063,1427]
[0,223,703,929,1222,1427]
[0,223,385,509,703,929,1063,1222,1427]
[0,1222,1427]
[0,385,1222,1427]
[0,504,703,1063,1222,1427]
[0,224,703,1063,1427]
[0,929,1427]
[0,224,385,504,703,1063,1222,1427]
[0,216,703,929,1427]
[0,224,703,1063,1222,1427]
[0,224,504,703,1063,1427]
[0,224,703,929,1427]
[0,224,504,703,929,1063,1222,1427]
[0,216,511,703,929,1222,1427]
[0,385,1063,1222,1427]
[0,1063,1427]
[0,385,1063,1427]
[0,385,511,703,1022,1222,1427]
[0,224,1063,1222,1427]
[0,216,703,1022,1222,1427]
[0,224,504,703,929,1222,1427]
[0,385,1427]
[0,703,1022,1427]
[0,703,929,1222,1427]
[0,216,511,703,929,1063,1222,1427]
[0,216,511,703,1022,1222,1427]
[0,224,1063,1427]
