[0,291,529,1320,1958,2151,2824]
[0,1320,2151,2824]
[0,529,1320,1967,2421,2549,2629,2824]
[0,1320,1958,2573,2824]
[0,287,1320,1967,2824]
[0,529,1320,1967,2421,2549,2824]
[0,287,1320,1958,2573,2824]
[0,287,1320,1958,2824]
[0,287,529,1967,2824]
[0,291,1320,2151,2824]
[0,1967,2824]
[0,627,2824]
[0,287,529,1958,2824]
[0,291,1320,2151,2549,2824]
[0,1320,2824]
[0,1958,2824]
[0,1320,2151,2549,2824]
[0,1320,2340,2824]
[0,291,529,1320,1958,2824]
[0,291,529,1320,1958,2573,2824]
[0,1320,1967,2549,2824]
[0,1320,1967,2151,2549,2824]
[0,529,1320,1967,2824]
[0,265,529,1320,1967,2151,2549,2824]
[0,287,529,1320,1967,2824]
[0,627,2340,2824]
[0,287,529,1320,1958,2824]
[0,1320,1967,2421,2549,2824]
[0,287,529,1320,1958,2151,2824]
[0,291,529,1320,1958,2151,2549,2629,2824]
[0,291,529,1320,2151,2549,2824]
[0,1320,1967,2421,2549,2629,2824]
[0,2151,2824]
[0,265,529,1320,1967,2421,2549,2629,2824]
[0,265,529,1320,1967,2421,2549,2824]
[0,291,1320,1958,2824]
[0,265,529,1320,1967,2549,2824]
[0,529,1967,2824]
[0,291,529,1320,1958,2151,2549,2824]
[0,1320,1967,2824]
[0,287,529,1320,1958,2573,2824]
[0,1320,1958,2824]
[0,529,1320,1967,2151,2549,2824]
[0,2340,2824]
[0,265,529,1320,1967,2151,2421,2549,2629,2824]
[0,529,1320,1967,2549,2824]
[0,287,529,1320,1958,2151,2573,2824]
[0,291,1320,1958,2573,2824]
[0,291,529,1320,1958,2151,2573,2824]
[0,265,529,1320,1967,2151,2421,2549,2824]
[0,529,1958,2824]
[0,291,529,1958,2824]
