[0,94,265,444,1207,1629,1911]
[0,80,265,981,1596,1911]
[0,535,1629,1911]
[0,80,265,981,1629,1911]
[0,94,265,444,535,980,1058,1629,1911]
[0,94,265,1629,1911]
[0,265,1207,1612,1911]
[0,981,1596,1911]
[0,981,1629,1911]
[0,1055,1596,1911]
[0,535,1911]
[0,444,535,1058,1629,1911]
[0,247,421,535,1207,1612,1911]
[0,392,981,1596,1911]
[0,421,535,1058,1612,1911]
[0,444,1629,1911]
[0,444,1207,1453,1629,1911]
[0,421,1058,1612,1911]
[0,421,1207,1911]
[0,265,444,980,1207,1629,1911]
[0,80,265,1629,1911]
[0,94,265,444,535,1058,1453,1629,1911]
[0,981,1911]
[0,94,265,444,535,863,980,1207,1453,1629,1911]
[0,1058,1911]
[0,94,265,444,1058,1453,1629,1911]
[0,94,265,444,1058,1629,1911]
[0,493,1629,1911]
[0,94,265,444,535,1058,1629,1911]
[0,80,247,421,535,980,1058,1612,1911]
[0,535,980,1629,1911]
[0,94,265,444,863,980,1207,1453,1629,1911]
[0,247,1058,1612,1911]
[0,94,265,444,1207,1453,1629,1911]
[0,265,444,863,980,1207,1453,1629,1911]
[0,94,535,1629,1911]
[0,265,444,980,1207,1453,1629,1911]
[0,444,1058,1629,1911]
[0,94,444,1058,1629,1911]
[0,80,247,421,535,1207,1453,1612,1911]
[0,247,421,535,1207,1453,1612,1911]
[0,265,444,863,1207,1453,1629,1911]
[0,94,265,444,863,1207,1453,1629,1911]
[0,94,265,1058,1629,1911]
[0,80,247,1911]
[0,444,863,1207,1911]
[0,94,444,980,1058,1629,1911]
[0,94,493,1055,1596,1911]
[0,80,247,421,535,1058,1612,1911]
[0,444,863,1207,1629,1911]
[0,265,1207,1453,1629,1911]
[0,444,980,1207,1629,1911]
[0,265,980,1629,1911]
[0,94,265,444,535,863,1207,1453,1629,1911]
[0,421,1911]
[0,265,444,1058,1629,1911]
[0,247,421,1207,1453,1612,1911]
[0,94,444,535,1058,1629,1911]
[0,247,1911]
[0,80,247,421,1058,1612,1911]
[0,392,1911]
[0,265,1612,1911]
[0,80,247,421,1207,1612,1911]
[0,392,981,1911]
[0,247,421,1207,1612,1911]
[0,535,980,1911]
[0,247,1612,1911]
[0,247,421,535,1058,1612,1911]
[0,1596,1911]
[0,1629,1911]
[0,80,247,980,1058,1612,1911]
[0,1058,1612,1911]
[0,1207,1612,1911]
[0,493,1911]
[0,406,1453,1911]
[0,493,1055,1911]
[0,94,265,1207,1453,1629,1911]
[0,94,265,980,1629,1911]
[0,94,535,980,1629,1911]
[0,265,1596,1911]
[0,265,1629,1911]
[0,421,1612,1911]
[0,94,265,444,980,1058,1629,1911]
[0,265,1058,1629,1911]
[0,493,1055,1596,1911]
[0,444,980,1058,1629,1911]
[0,421,1207,1612,1911]
[0,421,535,1207,1612,1911]
[0,1058,1629,1911]
[0,444,1911]
[0,94,265,444,535,1207,1453,1629,1911]
[0,247,1207,1612,1911]
[0,94,265,1207,1629,1911]
[0,265,444,1058,1453,1629,1911]
[0,80,247,1612,1911]
[0,265,1207,1629,1911]
[0,94,265,1911]
[0,980,1629,1911]
[0,265,444,1207,1629,1911]
[0,80,247,1058,1612,1911]
[0,94,493,1629,1911]
[0,444,1207,1629,1911]
[0,80,247,1207,1612,1911]
[0,80,265,1207,1612,1911]
[0,444,1058,1911]
[0,444,1058,1453,1629,1911]
[0,94,265,444,535,1207,1629,1911]
[0,1207,1629,1911]
[0,94,265,444,535,980,1058,1453,1629,1911]
[0,392,1596,1911]
[0,94,444,1629,1911]
[0,1207,1911]
[0,1612,1911]
[0,406,1911]
[0,80,247,421,980,1058,1612,1911]
[0,1055,1911]
[0,265,1911]
[0,80,265,1911]
[0,265,444,1207,1453,1629,1911]
[0,493,981,1629,1911]
[0,94,265,444,980,1207,1453,1629,1911]
[0,493,981,1911]
[0,94,444,1207,1629,1911]
[0,247,421,1058,1612,1911]
[0,444,1207,1911]
[0,94,493,981,1629,1911]
[0,980,1911]
[0,1453,1911]
[0,265,981,1596,1911]
[0,265,981,1629,1911]
[0,80,247,421,535,1207,1612,1911]
[0,265,444,863,1207,1629,1911]
[0,421,1058,1911]
