[0,675,1005,1168,1264]
[0,209,675,1005,1264]
[0,729,1005,1264]
[0,206,694,1005,1184,1264]
[0,161,209,675,1005,1168,1264]
[0,654,1005,1264]
[0,161,209,675,1005,1088,1168,1264]
[0,654,1005,1168,1264]
[0,161,209,654,1005,1168,1264]
[0,161,209,654,1005,1088,1168,1264]
[0,206,694,1005,1168,1264]
[0,209,654,1005,1088,1168,1264]
[0,675,1264]
[0,206,675,1005,1088,1168,1264]
[0,209,675,1005,1168,1264]
[0,1005,1264]
[0,206,675,1005,1264]
[0,675,1005,1264]
[0,1005,1168,1264]
[0,209,729,1005,1088,1168,1264]
[0,694,1005,1264]
[0,209,694,1005,1168,1264]
[0,209,675,1005,1088,1168,1264]
[0,206,675,1005,1184,1264]
[0,694,1005,1184,1264]
[0,209,654,1005,1264]
[0,675,1005,1184,1264]
[0,729,1005,1168,1264]
[0,209,694,1005,1264]
[0,206,694,1005,1264]
[0,209,729,1005,1264]
[0,209,654,1005,1168,1264]
[0,209,729,1005,1168,1264]
[0,694,1264]
[0,206,675,1005,1168,1264]
[0,729,1264]
[0,694,1005,1168,1264]
[0,654,1264]
