[0,272,455,626,992,1240,1562]
[0,374,626,727,1459,1562]
[0,337,727,1240,1459,1562]
[0,992,1459,1562]
[0,272,374,1459,1562]
[0,47,272,374,626,727,1459,1562]
[0,455,626,992,1240,1459,1562]
[0,374,626,992,1459,1562]
[0,47,337,1459,1562]
[0,455,626,992,1562]
[0,705,1562]
[0,626,727,992,1240,1459,1562]
[0,626,992,1240,1459,1562]
[0,272,727,1240,1562]
[0,272,362,455,626,727,992,1240,1459,1562]
[0,337,992,1240,1459,1562]
[0,272,455,626,1562]
[0,272,727,1240,1459,1562]
[0,992,1240,1459,1562]
[0,727,1562]
[0,47,455,626,727,1562]
[0,47,455,626,727,992,1240,1459,1562]
[0,272,455,626,727,992,1240,1459,1562]
[0,272,455,626,1240,1562]
[0,47,455,626,727,1240,1459,1562]
[0,337,1562]
[0,374,626,727,1562]
[0,626,992,1459,1562]
[0,455,626,992,1240,1562]
[0,374,626,992,1240,1459,1562]
[0,374,626,1562]
[0,1336,1562]
[0,272,727,1562]
[0,47,455,626,727,1459,1562]
[0,272,705,1562]
[0,47,272,362,455,626,727,992,1240,1459,1562]
[0,455,626,1240,1562]
[0,1457,1562]
[0,47,272,374,626,727,992,1240,1459,1562]
[0,47,626,727,992,1240,1459,1562]
[0,272,374,626,992,1240,1459,1562]
[0,626,727,1459,1562]
[0,272,374,727,1240,1459,1562]
[0,47,374,626,727,1459,1562]
[0,272,992,1240,1562]
[0,337,992,1240,1562]
[0,47,626,727,1240,1459,1562]
[0,47,272,374,626,727,1240,1459,1562]
[0,272,374,626,727,992,1240,1459,1562]
[0,47,272,455,626,727,992,1240,1459,1562]
[0,272,727,1459,1562]
[0,272,727,1457,1562]
[0,374,727,1562]
[0,272,374,626,727,1240,1459,1562]
[0,727,1240,1562]
[0,337,727,1240,1562]
[0,992,1562]
[0,337,626,992,1240,1459,1562]
[0,337,1459,1562]
[0,374,626,1459,1562]
[0,272,455,992,1562]
[0,455,626,992,1459,1562]
[0,47,374,626,727,1562]
[0,272,455,626,992,1240,1459,1562]
[0,337,626,727,1459,1562]
[0,47,337,626,727,1240,1459,1562]
[0,455,626,1459,1562]
[0,337,992,1562]
[0,727,1457,1562]
[0,47,992,1240,1459,1562]
[0,47,337,626,727,1459,1562]
[0,272,374,626,992,1459,1562]
[0,272,455,1562]
[0,47,992,1459,1562]
[0,47,337,626,727,992,1240,1459,1562]
[0,455,1459,1562]
[0,455,626,727,992,1240,1459,1562]
[0,47,1459,1562]
[0,272,992,1562]
[0,727,1459,1562]
[0,455,626,727,1459,1562]
[0,337,727,1459,1562]
[0,272,455,1240,1562]
[0,47,337,992,1240,1459,1562]
[0,47,626,727,1562]
[0,272,455,626,1240,1459,1562]
[0,455,626,727,1240,1459,1562]
[0,374,626,992,1240,1562]
[0,272,374,727,1459,1562]
[0,337,727,1562]
[0,47,272,374,455,626,727,992,1240,1459,1562]
[0,272,374,626,727,1459,1562]
[0,626,992,1562]
[0,272,374,626,1459,1562]
[0,337,626,992,1562]
[0,1459,1562]
[0,374,1562]
[0,992,1240,1562]
[0,455,626,1562]
[0,337,626,727,992,1240,1459,1562]
[0,272,705,1459,1562]
[0,272,455,992,1240,1562]
[0,272,455,626,1459,1562]
[0,272,455,626,727,1240,1459,1562]
[0,455,626,727,1562]
[0,374,626,992,1562]
[0,455,626,1240,1459,1562]
[0,455,1562]
[0,455,1240,1562]
[0,705,1459,1562]
[0,272,455,626,727,1459,1562]
[0,626,727,1240,1459,1562]
[0,337,626,992,1240,1562]
[0,455,727,1562]
[0,272,374,455,626,727,992,1240,1459,1562]
[0,626,992,1240,1562]
[0,47,626,727,1459,1562]
[0,727,1240,1459,1562]
[0,272,455,626,992,1562]
[0,337,626,727,1240,1459,1562]
[0,374,1459,1562]
[0,626,727,1562]
