[0,393,586,1648,2120]
[0,266,393,586,1243,1648,2120]
[0,266,586,1143,1455,1648,2120]
[0,266,393,1648,2120]
[0,393,641,1455,1648,2120]
[0,480,711,1243,1648,2120]
[0,266,586,2120]
[0,266,586,1455,1648,2120]
[0,393,641,1648,2120]
[0,266,393,641,1455,1648,2120]
[0,266,480,2120]
[0,266,586,1143,1455,1648,1980,2120]
[0,586,2120]
[0,266,480,1143,1243,1648,2120]
[0,266,480,586,711,1143,1243,1648,2120]
[0,358,641,1455,1648,2120]
[0,266,393,586,711,1143,1455,1648,2120]
[0,586,1648,2120]
[0,393,1648,2120]
[0,266,393,586,711,1143,1243,1648,2120]
[0,266,586,1270,1648,2120]
[0,266,586,1243,1648,2120]
[0,266,393,586,711,1455,1648,2120]
[0,393,1455,1648,2120]
[0,266,480,1143,1270,1648,2120]
[0,266,480,586,711,1243,1648,2120]
[0,393,1143,2120]
[0,266,393,586,1648,2120]
[0,266,586,1455,1648,1980,2120]
[0,1648,2120]
[0,266,480,586,1243,1648,2120]
[0,266,393,1143,1270,1648,2120]
[0,266,480,1243,1648,2120]
[0,393,586,2120]
[0,358,2120]
[0,393,1143,1270,1648,2120]
[0,266,393,586,1143,1455,1648,1980,2120]
[0,393,586,1455,1648,2120]
[0,586,1143,2120]
[0,266,393,1143,1243,1648,2120]
[0,393,1243,1648,2120]
[0,480,1243,1648,2120]
[0,266,480,711,1243,1648,2120]
[0,266,393,586,1143,1243,1648,2120]
[0,266,393,586,1143,1270,1648,2120]
[0,358,641,1648,2120]
[0,393,2120]
[0,480,1648,2120]
[0,266,393,586,1455,1648,2120]
[0,1143,2120]
[0,393,586,1980,2120]
[0,266,586,1648,2120]
[0,358,1629,2120]
[0,266,480,1270,1648,2120]
[0,358,641,1192,1629,2120]
[0,358,1192,1629,2120]
[0,358,1648,2120]
[0,480,2120]
[0,266,393,1243,1648,2120]
[0,266,393,641,1455,1648,1980,2120]
[0,266,393,1455,1648,2120]
[0,1629,2120]
[0,586,1243,1648,2120]
[0,480,1143,1243,1648,2120]
[0,1192,1629,2120]
[0,393,1143,1243,2120]
[0,266,586,1143,1648,2120]
[0,480,1270,1648,2120]
[0,393,1143,1243,1648,2120]
[0,358,641,1629,2120]
[0,266,393,586,711,1243,1648,2120]
[0,266,393,586,711,1143,1455,1648,1980,2120]
[0,586,1143,1648,2120]
[0,266,586,1143,1270,1648,2120]
[0,266,480,1648,2120]
[0,358,641,2120]
[0,393,1270,1648,2120]
[0,266,393,586,1455,1648,1980,2120]
[0,266,393,586,1143,1455,1648,2120]
[0,586,1270,1648,2120]
[0,393,641,1455,1648,1980,2120]
[0,1243,1648,2120]
[0,266,480,711,1143,1243,1648,2120]
