[0,192,405,567,1141,1466,2028,2086]
[0,405,1275,1466,2028,2086]
[0,405,576,993,1141,1275,1429,1580,2086]
[0,405,576,1275,1466,2028,2086]
[0,576,1275,1429,2086]
[0,44,1275,1429,2086]
[0,192,405,576,993,1141,1275,1429,2086]
[0,567,1141,1466,2028,2086]
[0,405,1466,2028,2086]
[0,405,576,993,1275,1429,2086]
[0,192,405,567,1141,1466,2086]
[0,405,1141,1466,2028,2086]
[0,405,1429,2086]
[0,44,192,405,567,993,1141,1275,1466,2028,2086]
[0,1105,1410,2086]
[0,44,405,576,993,1141,1275,1429,1580,2028,2086]
[0,405,576,1429,2086]
[0,567,1466,2086]
[0,405,993,1275,1466,2028,2086]
[0,1304,2086]
[0,405,567,993,1141,1275,1466,2028,2086]
[0,576,1429,2086]
[0,405,1466,2086]
[0,192,1429,2086]
[0,44,405,567,1141,1466,2028,2086]
[0,44,405,567,1275,1466,2028,2086]
[0,192,405,576,1275,1429,2086]
[0,1275,1429,2086]
[0,192,405,576,993,1275,1429,2086]
[0,993,1429,2086]
[0,44,1304,2028,2086]
[0,44,1304,2086]
[0,192,576,993,1429,2086]
[0,576,1275,1466,2028,2086]
[0,44,192,405,576,993,1141,1275,1429,2028,2086]
[0,44,1275,1466,2028,2086]
[0,44,192,405,576,993,1141,1275,1429,1580,2028,2086]
[0,125,1304,2086]
[0,405,576,1141,1275,1429,2086]
[0,405,576,993,1141,1275,1429,2086]
[0,1141,1466,2028,2086]
[0,44,1410,2028,2086]
[0,125,1304,2028,2086]
[0,44,405,1141,1466,2028,2086]
[0,405,1275,1466,2086]
[0,405,576,1275,1429,2086]
[0,1466,2086]
[0,993,1275,1466,2086]
[0,44,405,576,1275,1466,2028,2086]
[0,405,576,1275,1429,1580,2086]
[0,405,576,993,1429,2086]
[0,1275,1429,2028,2086]
[0,192,405,576,993,1429,2086]
[0,44,405,576,993,1141,1275,1429,2028,2086]
[0,405,567,1141,1466,2086]
[0,405,1275,1429,2028,2086]
[0,192,405,567,993,1141,1275,1466,2086]
[0,405,576,1275,1466,2086]
[0,192,576,1429,2086]
[0,192,405,576,993,1141,1275,1429,2028,2086]
[0,44,1105,1410,2028,2086]
[0,405,1141,1466,2086]
[0,567,1141,1466,2086]
[0,405,576,1275,1429,1580,2028,2086]
[0,44,405,567,993,1141,1275,1466,2028,2086]
[0,405,576,993,1141,1275,1429,1580,2028,2086]
[0,44,192,405,567,993,1141,1466,2028,2086]
[0,192,405,576,1429,2086]
[0,192,405,567,993,1141,1466,2086]
[0,1105,1410,2028,2086]
[0,44,405,1275,1466,2028,2086]
[0,1410,2086]
[0,44,405,993,1275,1466,2028,2086]
[0,576,993,1429,2086]
[0,1466,2028,2086]
[0,44,1466,2028,2086]
[0,405,576,1275,1429,2028,2086]
[0,44,405,576,1141,1275,1429,2028,2086]
[0,192,405,576,1275,1429,2028,2086]
[0,405,576,993,1275,1429,1580,2086]
[0,44,1141,1466,2028,2086]
[0,44,1275,1466,2086]
[0,44,192,405,567,1141,1466,2028,2086]
[0,44,405,1275,1429,2028,2086]
[0,192,405,567,993,1141,1275,1466,2028,2086]
[0,192,405,576,993,1141,1275,1429,1580,2028,2086]
[0,192,405,576,993,1141,1275,1429,1580,2086]
[0,44,192,405,576,1275,1429,2028,2086]
[0,44,1275,1429,2028,2086]
[0,405,576,1141,1275,1429,2028,2086]
[0,576,1275,1466,2086]
[0,192,405,576,993,1275,1429,1580,2086]
[0,405,1275,1429,2086]
[0,405,576,993,1141,1275,1429,2028,2086]
[0,1429,2086]
[0,576,1466,2086]
[0,405,567,993,1141,1275,1466,2086]
[0,567,1275,1466,2086]
[0,405,993,1275,1466,2086]
[0,44,405,576,1275,1429,2028,2086]
[0,44,1466,2086]
[0,44,405,576,1275,1429,1580,2028,2086]
[0,192,567,1141,1466,2086]
[0,44,192,405,576,1141,1275,1429,2028,2086]
[0,405,567,993,1141,1466,2086]
[0,405,567,1141,1466,2028,2086]
[0,44,2086]
[0,1141,1466,2086]
[0,1275,1466,2086]
[0,192,405,576,1141,1275,1429,2086]
[0,993,1466,2086]
[0,405,993,1429,2086]
[0,405,567,993,1141,1466,2028,2086]
[0,44,405,1466,2028,2086]
[0,44,405,567,993,1141,1466,2028,2086]
[0,1410,2028,2086]
[0,405,567,1275,1466,2086]
[0,405,993,1466,2086]
[0,576,1275,1429,2028,2086]
[0,405,567,1275,1466,2028,2086]
[0,192,405,576,1141,1275,1429,2028,2086]
[0,993,1275,1466,2028,2086]
[0,44,1410,2086]
[0,1304,2028,2086]
[0,567,1275,1466,2028,2086]
[0,192,405,567,993,1141,1466,2028,2086]
[0,1275,1466,2028,2086]
