[0,83,1239,1810]
[0,399,1020,1810]
[0,399,649,1586,1810]
[0,399,649,880,1070,1199,1586,1810]
[0,399,880,1313,1586,1810]
[0,317,1239,1810]
[0,81,399,880,972,1810]
[0,399,880,1020,1351,1586,1810]
[0,81,399,649,880,972,1313,1586,1810]
[0,317,1810]
[0,1239,1810]
[0,399,649,1020,1810]
[0,1351,1810]
[0,81,399,649,1586,1810]
[0,399,1070,1810]
[0,399,880,1351,1586,1810]
[0,399,880,1020,1351,1810]
[0,81,399,649,880,1586,1810]
[0,399,649,880,1020,1199,1586,1810]
[0,399,880,1020,1199,1810]
[0,81,399,649,880,972,1586,1810]
[0,81,399,880,1185,1810]
[0,399,649,1020,1351,1586,1810]
[0,399,649,972,1586,1810]
[0,880,1351,1810]
[0,880,1239,1810]
[0,399,880,1070,1586,1810]
[0,83,1810]
[0,1313,1810]
[0,399,649,1070,1810]
[0,972,1810]
[0,399,649,1020,1351,1810]
[0,399,649,1020,1199,1586,1810]
[0,399,880,972,1070,1199,1586,1810]
[0,399,880,1810]
[0,317,880,1239,1810]
[0,399,649,1020,1199,1810]
[0,399,880,972,1313,1586,1810]
[0,399,649,972,1313,1810]
[0,399,880,1351,1810]
[0,399,649,880,972,1070,1199,1586,1810]
[0,399,880,1020,1199,1586,1810]
[0,880,1313,1810]
[0,399,649,1020,1586,1810]
[0,880,972,1810]
[0,399,972,1810]
[0,81,399,649,880,972,1070,1313,1586,1810]
[0,399,880,972,1810]
[0,399,649,880,1020,1351,1586,1810]
[0,399,1810]
[0,399,649,880,972,1586,1810]
[0,83,399,649,880,972,1070,1199,1586,1810]
[0,81,399,1810]
[0,399,880,1199,1586,1810]
[0,399,880,1586,1810]
[0,399,649,880,1586,1810]
[0,399,649,972,1313,1586,1810]
[0,399,1020,1351,1810]
[0,399,880,1185,1810]
[0,399,880,1070,1313,1586,1810]
[0,399,880,1020,1810]
[0,399,649,1070,1313,1586,1810]
[0,399,649,880,1020,1810]
[0,81,399,880,972,1586,1810]
[0,1070,1810]
[0,399,649,880,972,1070,1313,1586,1810]
[0,399,649,972,1810]
[0,399,649,880,1020,1586,1810]
[0,81,399,880,1586,1810]
[0,83,1586,1810]
[0,399,880,1070,1199,1810]
[0,880,1810]
[0,399,880,1070,1810]
[0,399,880,1070,1199,1586,1810]
[0,399,649,880,1070,1810]
[0,399,880,972,1586,1810]
[0,399,649,880,972,1313,1586,1810]
[0,83,399,649,972,1586,1810]
[0,1586,1810]
[0,399,649,1810]
[0,399,972,1313,1810]
[0,399,649,1070,1586,1810]
[0,399,649,880,1070,1313,1586,1810]
[0,399,649,1070,1313,1810]
[0,399,880,972,1199,1586,1810]
[0,399,880,1199,1810]
[0,1020,1810]
[0,880,1020,1810]
[0,399,880,1313,1810]
[0,399,1313,1810]
[0,81,399,880,1810]
[0,399,649,880,1070,1586,1810]
[0,81,399,880,972,1313,1586,1810]
[0,399,649,880,1810]
