[0,274,551,1606,1750,2134]
[0,304,551,1606,1747,2134]
[0,274,1750,2134]
[0,304,442,551,856,1606,1747,2134]
[0,108,304,422,551,856,944,1606,1750,2134]
[0,108,304,442,551,1606,1747,2134]
[0,108,551,2134]
[0,108,274,442,551,856,944,1606,1747,2134]
[0,304,496,1606,1750,2134]
[0,274,551,856,1606,2134]
[0,274,1747,2134]
[0,108,304,551,1606,1750,2134]
[0,108,304,2134]
[0,108,304,422,551,1606,1750,2134]
[0,108,274,422,551,856,1606,1750,2134]
[0,274,2134]
[0,108,304,442,551,856,1606,1747,2134]
[0,108,304,496,1606,1750,2134]
[0,304,496,2134]
[0,442,551,1606,1747,2134]
[0,551,1606,1750,2134]
[0,274,442,551,856,1606,1747,2134]
[0,274,551,1606,1747,2134]
[0,108,274,1606,1747,2134]
[0,304,551,856,1606,1747,2134]
[0,274,551,1606,2134]
[0,108,304,1606,1750,2134]
[0,496,2134]
[0,422,551,856,1606,1750,2134]
[0,108,274,551,1606,1750,2134]
[0,108,304,551,1606,1747,2134]
[0,108,274,1750,2134]
[0,551,856,1606,1750,2134]
[0,304,2134]
[0,108,304,442,551,856,944,1606,1747,2134]
[0,304,551,1606,1750,2134]
[0,108,304,551,1606,2134]
[0,274,422,551,856,1606,1750,2134]
[0,253,496,2134]
[0,108,304,1750,2134]
[0,108,551,1606,1747,2134]
[0,317,2134]
[0,551,1606,2134]
[0,108,274,2134]
[0,304,551,856,1606,2134]
[0,304,442,551,1606,1747,2134]
[0,274,1606,1750,2134]
[0,304,422,551,1606,1750,2134]
[0,108,274,551,1606,1747,2134]
[0,274,551,856,1606,1747,2134]
[0,1747,2134]
[0,108,274,1747,2134]
[0,422,2134]
[0,1606,2134]
[0,108,274,442,551,1606,1747,2134]
[0,304,551,1606,2134]
[0,274,422,551,1606,1750,2134]
[0,108,274,1606,1750,2134]
[0,108,304,422,551,856,1606,1750,2134]
[0,304,551,2134]
[0,108,551,1606,1750,2134]
[0,108,274,442,551,856,1606,1747,2134]
[0,274,1606,1747,2134]
[0,551,856,1606,2134]
[0,496,1606,2134]
[0,551,2134]
[0,108,274,422,551,1606,1750,2134]
[0,108,551,1606,2134]
[0,108,304,551,2134]
[0,422,551,1606,1750,2134]
[0,551,1606,1747,2134]
[0,108,274,422,551,856,944,1606,1750,2134]
[0,304,1750,2134]
[0,496,1606,1750,2134]
[0,304,1606,1750,2134]
[0,274,551,856,1606,1750,2134]
[0,108,304,496,2134]
[0,304,422,551,856,1606,1750,2134]
[0,304,496,1606,2134]
[0,274,442,551,1606,1747,2134]
[0,1750,2134]
