[0,130,298,479,719,831,934,1046]
[0,130,479,719,859,1046]
[0,130,298,480,719,865,1046]
[0,130,298,479,719,859,1046]
[0,66,298,480,719,831,1046]
[0,66,480,719,831,1046]
[0,480,719,865,1046]
[0,66,298,719,1046]
[0,479,1046]
[0,298,479,719,1046]
[0,479,719,831,1046]
[0,66,298,480,719,934,1046]
[0,66,480,719,934,1046]
[0,298,719,1046]
[0,130,298,480,719,774,865,1000,1046]
[0,430,1046]
[0,298,719,934,1046]
[0,66,298,479,719,831,1046]
[0,66,479,719,831,1046]
[0,298,480,719,831,1046]
[0,298,1046]
[0,298,480,719,1046]
[0,480,719,1046]
[0,479,719,859,1046]
[0,480,719,831,1046]
[0,130,298,480,719,865,1000,1046]
[0,66,430,719,934,1046]
[0,430,719,1046]
[0,480,1046]
[0,130,298,479,719,774,859,1046]
[0,66,298,1046]
[0,66,298,934,1046]
[0,298,934,1046]
[0,130,479,719,1046]
[0,66,298,480,719,865,1046]
[0,66,480,719,865,1046]
[0,480,719,934,1046]
[0,479,719,1046]
[0,298,480,719,934,1046]
[0,130,298,479,719,831,1046]
[0,130,298,479,719,831,1000,1046]
[0,298,479,719,831,1046]
[0,66,1046]
[0,130,298,479,719,831,934,1000,1046]
[0,130,298,479,719,1046]
[0,130,479,719,831,1046]
[0,442,1046]
[0,130,298,480,719,865,975,1046]
[0,66,298,719,934,1046]
[0,430,719,934,1046]
[0,298,480,719,865,1046]
[0,66,442,1046]
[0,719,1046]
[0,130,298,480,719,774,865,1046]
[0,298,479,719,859,1046]
[0,130,480,719,865,1046]
