[0,218,1662,2020]
[0,49,247,356,723,1214,1662,2020]
[0,723,1662,2020]
[0,49,247,723,967,1021,1662,1963,2020]
[0,49,283,2020]
[0,218,847,1662,2020]
[0,673,1662,2020]
[0,247,637,1662,2020]
[0,49,247,637,795,1662,2020]
[0,723,1578,2020]
[0,49,247,1662,2020]
[0,247,723,1662,2020]
[0,247,650,1662,2020]
[0,247,356,723,967,1214,1662,2020]
[0,49,247,723,967,1021,1662,2020]
[0,49,247,1578,2020]
[0,247,2020]
[0,247,723,1578,2020]
[0,247,723,1021,1662,2020]
[0,1021,1662,2020]
[0,49,967,2020]
[0,247,356,723,1214,1662,2020]
[0,673,1578,2020]
[0,1662,2020]
[0,247,723,967,1021,1662,2020]
[0,49,247,637,967,1214,1662,2020]
[0,49,247,637,967,1214,1662,1963,2020]
[0,247,967,1021,1662,2020]
[0,247,356,723,1662,2020]
[0,247,356,723,1214,1578,2020]
[0,1578,2020]
[0,247,637,795,1662,2020]
[0,247,356,723,1578,2020]
[0,1021,2020]
[0,247,356,723,967,1214,1662,1963,2020]
[0,49,247,2020]
[0,49,247,1021,1662,2020]
[0,723,1214,2020]
[0,247,1662,2020]
[0,49,247,356,723,967,1214,1578,1963,2020]
[0,247,637,795,1214,1662,2020]
[0,247,723,1021,1662,1963,2020]
[0,247,1214,1578,2020]
[0,49,247,847,1662,2020]
[0,673,2020]
[0,247,723,1662,1963,2020]
[0,247,356,723,1214,1578,1963,2020]
[0,967,1662,2020]
[0,283,2020]
[0,49,247,637,1662,2020]
[0,637,967,1214,1662,2020]
[0,637,1214,2020]
[0,247,1021,1662,2020]
[0,723,2020]
[0,49,847,1662,2020]
[0,967,2020]
[0,650,2020]
[0,49,2020]
[0,847,1662,2020]
[0,247,637,1214,1662,2020]
[0,637,1214,1662,2020]
[0,49,247,673,1214,1662,2020]
[0,49,247,637,795,1214,1662,2020]
[0,49,247,637,1214,1662,2020]
[0,49,967,1662,2020]
[0,723,1214,1662,2020]
[0,650,1662,2020]
[0,49,247,356,723,967,1214,1662,2020]
[0,49,247,673,803,1214,1662,2020]
[0,49,247,356,723,1214,1578,2020]
[0,723,1214,1578,2020]
[0,723,1021,1662,2020]
[0,247,637,967,1214,1662,1963,2020]
[0,49,283,1662,2020]
[0,247,673,1662,2020]
[0,194,2020]
[0,247,673,1578,2020]
[0,49,247,673,1214,1578,2020]
[0,49,247,650,1662,2020]
[0,49,247,723,1662,2020]
[0,49,247,673,1662,2020]
[0,247,356,723,967,1214,1578,2020]
[0,49,247,356,723,1662,2020]
[0,49,247,723,1578,2020]
[0,49,247,673,1578,2020]
[0,218,2020]
[0,49,247,673,803,1214,1578,2020]
[0,847,2020]
[0,247,723,967,1214,1662,2020]
[0,637,1662,2020]
[0,1214,1578,2020]
[0,247,673,803,1214,1662,2020]
[0,49,247,967,1021,1662,2020]
[0,49,247,356,723,1214,1578,1963,2020]
[0,247,673,803,1214,1578,2020]
[0,247,356,723,967,1214,1578,1963,2020]
[0,247,637,967,1214,1662,2020]
[0,673,1214,1662,2020]
[0,49,247,356,723,1578,2020]
[0,673,1214,1578,2020]
[0,673,1214,2020]
[0,283,1662,2020]
[0,247,723,1214,1662,2020]
[0,247,723,967,1214,1578,2020]
[0,1214,2020]
[0,247,673,1214,1662,2020]
[0,247,1578,2020]
[0,49,247,356,723,967,1214,1662,1963,2020]
[0,247,673,1214,1578,2020]
[0,247,723,967,1021,1662,1963,2020]
[0,49,847,2020]
[0,637,2020]
[0,247,723,1214,1578,2020]
[0,247,847,1662,2020]
