[0,702,1202,1584,1911]
[0,443,1202,1584,1911]
[0,308,485,702,1202,1584,1759,1911]
[0,235,308,485,702,1202,1584,1911]
[0,702,1911]
[0,485,702,1202,1584,1911]
[0,418,1202,1584,1911]
[0,418,1911]
[0,308,1911]
[0,235,702,1202,1584,1911]
[0,235,308,702,1202,1584,1911]
[0,61,235,308,443,702,1202,1584,1911]
[0,508,1202,1584,1911]
[0,508,1911]
[0,508,1202,1911]
[0,61,235,308,485,702,1202,1584,1759,1911]
[0,308,485,702,1202,1584,1911]
[0,418,1202,1911]
[0,308,418,702,1202,1584,1911]
[0,443,1202,1911]
[0,702,1202,1911]
[0,308,443,702,1202,1584,1911]
[0,308,1202,1911]
[0,508,1584,1911]
[0,1202,1584,1911]
[0,61,235,308,418,702,1202,1584,1911]
[0,235,308,418,702,1202,1584,1911]
[0,443,702,1202,1584,1911]
[0,61,235,308,485,702,1202,1584,1911]
[0,235,308,443,1202,1584,1911]
[0,418,1584,1911]
[0,308,443,1202,1584,1911]
[0,61,485,702,1202,1584,1911]
[0,235,308,485,702,1202,1584,1759,1911]
[0,235,308,443,702,1202,1584,1911]
[0,702,1584,1911]
[0,443,1911]
[0,418,702,1202,1584,1911]
[0,1202,1911]
[0,443,1584,1911]
[0,308,418,1202,1584,1911]
