0.000000000000000000e+00
6.000000000000000000e+01
6.800000000000000000e+01
7.800000000000000000e+01
8.000000000000000000e+01
9.200000000000000000e+01
9.400000000000000000e+01
1.000000000000000000e+02
1.040000000000000000e+02
1.060000000000000000e+02
1.080000000000000000e+02
1.100000000000000000e+02
1.140000000000000000e+02
1.160000000000000000e+02
1.162000000000000000e+03
1.166000000000000000e+03
1.168000000000000000e+03
1.170000000000000000e+03
1.184000000000000000e+03
1.188000000000000000e+03
1.194000000000000000e+03
1.222000000000000000e+03
1.288000000000000000e+03
1.292000000000000000e+03
1.326000000000000000e+03
1.328000000000000000e+03
1.362000000000000000e+03
1.364000000000000000e+03
1.368000000000000000e+03
1.398000000000000000e+03
1.400000000000000000e+03
1.408000000000000000e+03
1.410000000000000000e+03
1.416000000000000000e+03
1.522000000000000000e+03
1.524000000000000000e+03
1.530000000000000000e+03
1.532000000000000000e+03
1.542000000000000000e+03
1.544000000000000000e+03
1.554000000000000000e+03
1.556000000000000000e+03
1.558000000000000000e+03
1.560000000000000000e+03
1.564000000000000000e+03
1.572000000000000000e+03
1.574000000000000000e+03
1.580000000000000000e+03
1.584000000000000000e+03
1.616000000000000000e+03
1.678000000000000000e+03
1.680000000000000000e+03
1.686000000000000000e+03
1.688000000000000000e+03
1.692000000000000000e+03
1.706000000000000000e+03
1.710000000000000000e+03
1.722000000000000000e+03
1.724000000000000000e+03
1.746000000000000000e+03
1.748000000000000000e+03
1.750000000000000000e+03
1.752000000000000000e+03
1.774000000000000000e+03
1.776000000000000000e+03
1.790000000000000000e+03
1.798000000000000000e+03
1.852000000000000000e+03
1.854000000000000000e+03
1.860000000000000000e+03
1.862000000000000000e+03
1.864000000000000000e+03
1.888000000000000000e+03
1.892000000000000000e+03
1.914000000000000000e+03
1.918000000000000000e+03
1.922000000000000000e+03
1.924000000000000000e+03
1.926000000000000000e+03
1.930000000000000000e+03
1.936000000000000000e+03
1.942000000000000000e+03
1.944000000000000000e+03
1.946000000000000000e+03
1.954000000000000000e+03
1.982000000000000000e+03
2.004000000000000000e+03
2.022000000000000000e+03
2.028000000000000000e+03
2.034000000000000000e+03
2.038000000000000000e+03
2.040000000000000000e+03
2.042000000000000000e+03
2.068000000000000000e+03
2.070000000000000000e+03
2.072000000000000000e+03
2.136000000000000000e+03
2.140000000000000000e+03
2.144000000000000000e+03
2.148000000000000000e+03
2.150000000000000000e+03
2.154000000000000000e+03
2.156000000000000000e+03
2.160000000000000000e+03
2.162000000000000000e+03
2.166000000000000000e+03
2.168000000000000000e+03
2.172000000000000000e+03
2.184000000000000000e+03
2.214000000000000000e+03
2.222000000000000000e+03
2.224000000000000000e+03
2.226000000000000000e+03
2.240000000000000000e+03
2.246000000000000000e+03
2.298000000000000000e+03
2.300000000000000000e+03
2.332000000000000000e+03
2.334000000000000000e+03
2.338000000000000000e+03
2.376000000000000000e+03
2.380000000000000000e+03
2.382000000000000000e+03
2.386000000000000000e+03
2.516000000000000000e+03
2.536000000000000000e+03
2.554000000000000000e+03
2.594000000000000000e+03
2.608000000000000000e+03
2.610000000000000000e+03
2.612000000000000000e+03
2.630000000000000000e+03
2.668000000000000000e+03
2.670000000000000000e+03
2.706000000000000000e+03
2.712000000000000000e+03
2.766000000000000000e+03
2.770000000000000000e+03
2.772000000000000000e+03
2.790000000000000000e+03
2.792000000000000000e+03
2.796000000000000000e+03
2.842000000000000000e+03
2.844000000000000000e+03
2.850000000000000000e+03
2.852000000000000000e+03
2.856000000000000000e+03
2.860000000000000000e+03
2.864000000000000000e+03
2.866000000000000000e+03
2.884000000000000000e+03
2.906000000000000000e+03
2.910000000000000000e+03
2.922000000000000000e+03
2.928000000000000000e+03
2.936000000000000000e+03
2.940000000000000000e+03
2.958000000000000000e+03
2.966000000000000000e+03
2.970000000000000000e+03
2.976000000000000000e+03
2.980000000000000000e+03
2.984000000000000000e+03
3.094000000000000000e+03
3.096000000000000000e+03
3.130000000000000000e+03
3.132000000000000000e+03
3.154000000000000000e+03
3.158000000000000000e+03
3.188000000000000000e+03
3.192000000000000000e+03
3.208000000000000000e+03
3.210000000000000000e+03
3.212000000000000000e+03
3.216000000000000000e+03
3.238000000000000000e+03
3.240000000000000000e+03
3.250000000000000000e+03
3.252000000000000000e+03
3.312000000000000000e+03
