[0,303,582,833,1327]
[0,85,303,681,833,1327]
[0,550,833,1327]
[0,303,582,681,833,957,1327]
[0,303,681,833,1327]
[0,349,582,786,1019,1327]
[0,85,303,504,550,833,1327]
[0,575,833,1327]
[0,681,833,1327]
[0,349,575,833,1327]
[0,303,833,1327]
[0,303,550,957,1327]
[0,349,575,681,833,1327]
[0,349,575,833,957,1327]
[0,349,582,681,833,1327]
[0,349,575,681,833,957,1327]
[0,582,833,1327]
[0,349,681,833,1327]
[0,85,349,582,786,1019,1327]
[0,85,303,582,681,833,957,1327]
[0,504,550,833,1327]
[0,85,303,582,681,833,1327]
[0,349,582,833,1327]
[0,349,833,1327]
[0,85,349,575,681,833,957,1327]
[0,85,349,582,833,1327]
[0,85,303,550,957,1327]
[0,786,1327]
[0,1019,1327]
[0,550,1327]
[0,303,582,681,833,1327]
[0,303,583,957,1327]
[0,303,550,833,1327]
[0,349,582,786,1327]
[0,85,349,575,681,833,1327]
[0,303,681,833,957,1327]
[0,303,504,550,833,1327]
[0,349,786,1327]
[0,85,303,550,833,1327]
[0,349,1019,1327]
[0,957,1327]
[0,550,957,1327]
[0,85,349,582,681,833,1327]
[0,50,303,681,833,1327]
[0,303,681,957,1327]
[0,303,957,1327]
[0,349,582,1019,1327]
[0,85,349,582,786,1327]
[0,85,349,575,833,1327]
[0,349,1327]
[0,833,1327]
[0,85,349,681,833,1327]
