[0,104,450,907,1343]
[0,104,1343]
[0,153,907,1343]
[0,104,450,907,1088,1343]
[0,450,907,1343]
[0,907,1343]
[0,104,907,1343]
[0,104,153,450,907,1088,1343]
[0,104,153,450,907,1343]
[0,104,450,514,907,1088,1180,1343]
[0,104,450,514,907,1343]
[0,104,153,450,514,907,1088,1180,1343]
[0,450,907,1113,1343]
[0,104,153,450,907,953,1088,1180,1343]
[0,104,153,450,907,953,1343]
[0,104,450,907,1088,1180,1343]
[0,104,450,514,907,1113,1180,1343]
[0,104,153,450,514,907,1113,1180,1343]
[0,104,153,450,907,1088,1180,1343]
[0,450,907,1088,1343]
[0,104,450,907,1113,1180,1343]
[0,104,153,450,907,1113,1180,1343]
[0,104,450,907,953,1343]
[0,104,153,450,907,953,1113,1180,1343]
[0,153,1343]
[0,104,153,450,514,907,953,1088,1180,1343]
[0,104,450,514,907,953,1343]
[0,104,153,450,514,907,953,1343]
[0,104,153,450,514,907,1343]
[0,450,1343]
[0,104,450,907,1113,1343]
[0,104,153,450,514,907,953,1113,1180,1343]
[0,104,153,450,907,1113,1343]
