[0,272,939,1465]
[0,418,741,1465]
[0,272,560,785,939,1314,1465]
[0,272,560,939,1086,1465]
[0,170,418,741,1465]
[0,927,1465]
[0,418,741,927,1186,1465]
[0,272,418,560,939,1215,1465]
[0,418,939,1465]
[0,272,939,1086,1465]
[0,132,272,939,1215,1314,1465]
[0,214,418,560,741,927,1215,1465]
[0,170,418,741,927,1186,1325,1465]
[0,418,560,1465]
[0,214,418,741,1186,1465]
[0,272,560,1465]
[0,132,272,939,1086,1465]
[0,235,418,560,927,1215,1465]
[0,132,272,418,560,785,939,1086,1215,1314,1465]
[0,272,418,560,939,1215,1314,1465]
[0,429,1465]
[0,170,429,785,1465]
[0,272,560,939,1215,1465]
[0,272,560,939,1465]
[0,429,1102,1465]
[0,272,939,1215,1465]
[0,272,939,1314,1465]
[0,418,927,1465]
[0,560,927,1215,1465]
[0,132,272,939,1215,1465]
[0,741,939,1465]
[0,214,418,560,741,927,1102,1215,1465]
[0,741,1465]
[0,1102,1465]
[0,785,1465]
[0,170,785,1465]
[0,939,1465]
[0,418,560,927,1215,1465]
[0,132,272,939,1086,1314,1465]
[0,170,418,741,939,1465]
[0,214,418,741,927,1102,1215,1465]
[0,418,741,939,1465]
[0,214,418,741,927,1186,1325,1465]
[0,214,927,1215,1465]
[0,132,235,418,560,741,927,1215,1465]
[0,132,235,418,560,927,1215,1465]
[0,418,741,927,1215,1465]
[0,132,272,939,1086,1215,1314,1465]
[0,214,418,741,927,1215,1465]
[0,235,418,560,741,927,1102,1215,1465]
[0,132,272,418,560,939,1086,1314,1465]
[0,272,785,1465]
[0,214,418,741,1215,1465]
[0,170,429,785,1239,1465]
[0,214,418,741,927,1186,1465]
[0,272,560,939,1215,1314,1465]
[0,214,927,1465]
[0,170,1465]
[0,235,927,1215,1465]
[0,429,785,1239,1465]
[0,132,272,418,560,785,939,1086,1314,1465]
[0,560,927,1465]
[0,272,418,560,785,939,1086,1314,1465]
[0,272,560,785,939,1465]
[0,418,939,1215,1465]
[0,132,272,418,560,939,1086,1465]
[0,214,418,741,1465]
[0,235,418,741,927,1215,1465]
[0,214,418,560,927,1215,1465]
[0,235,927,1465]
[0,418,560,927,1465]
[0,170,418,741,1186,1465]
[0,272,939,1215,1314,1465]
[0,418,741,1215,1465]
[0,170,741,1465]
[0,429,785,1465]
[0,272,560,939,1314,1465]
[0,214,560,927,1215,1465]
[0,418,741,1186,1465]
[0,927,1215,1465]
[0,272,560,939,1086,1314,1465]
[0,272,418,560,939,1086,1314,1465]
[0,560,939,1465]
[0,272,418,560,939,1086,1465]
[0,418,741,927,1186,1325,1465]
[0,132,272,418,560,939,1086,1215,1314,1465]
[0,939,1215,1465]
[0,132,235,418,560,741,927,1102,1215,1465]
[0,132,272,418,560,939,1215,1465]
[0,235,560,927,1215,1465]
[0,560,1465]
[0,418,927,1215,1465]
[0,132,272,418,560,939,1215,1314,1465]
[0,272,560,785,939,1086,1314,1465]
[0,235,418,560,741,927,1215,1465]
[0,170,418,741,927,1186,1465]
[0,272,939,1086,1314,1465]
