[0,598,1180]
[0,335,446,598,855,1100,1180]
[0,494,935,1180]
[0,598,855,1180]
[0,446,1180]
[0,494,1100,1180]
[0,335,598,1180]
[0,446,598,1100,1180]
[0,335,446,494,598,855,947,1100,1180]
[0,335,446,494,598,855,1100,1180]
[0,335,446,598,855,947,1100,1180]
[0,446,494,855,1100,1180]
[0,446,598,855,947,1100,1180]
[0,335,446,598,1180]
[0,446,598,855,947,1180]
[0,855,1180]
[0,335,446,494,598,1100,1180]
[0,855,1100,1180]
[0,494,1180]
[0,335,598,855,947,1180]
[0,335,494,1180]
[0,446,598,1180]
[0,446,598,855,1180]
[0,446,855,947,1180]
[0,335,598,855,947,1100,1180]
[0,446,494,1100,1180]
[0,740,1100,1180]
[0,598,855,1100,1180]
[0,335,494,598,855,1180]
[0,335,494,740,1180]
[0,335,598,1100,1180]
[0,335,494,598,855,1100,1180]
[0,740,1180]
[0,855,947,1100,1180]
[0,335,740,1180]
[0,335,446,598,855,947,1180]
[0,446,855,1180]
[0,446,494,1180]
[0,335,446,598,1100,1180]
[0,446,598,855,1100,1180]
[0,446,494,598,855,947,1100,1180]
[0,446,855,947,1100,1180]
[0,598,1100,1180]
[0,335,598,855,1100,1180]
[0,855,947,1180]
[0,1100,1180]
[0,335,494,740,1100,1180]
[0,446,855,1100,1180]
[0,335,446,598,855,1180]
[0,335,598,855,1180]
[0,446,494,855,947,1100,1180]
[0,446,494,598,1100,1180]
[0,935,1180]
[0,335,494,1100,1180]
