[0,1154,1472,1971,2554]
[0,1154,1695,2554]
[0,110,956,1971,2554]
[0,956,1154,1320,1529,1695,2134,2554]
[0,956,1320,1971,2554]
[0,956,1320,1695,2134,2554]
[0,1154,1930,2468,2554]
[0,2468,2554]
[0,1154,2554]
[0,1154,1320,1529,1695,2134,2554]
[0,1001,1969,2554]
[0,110,956,1154,1320,1695,2134,2495,2554]
[0,1695,2554]
[0,1154,1695,2134,2554]
[0,1154,1930,2554]
[0,956,1695,2554]
[0,110,1154,1472,1971,2554]
[0,110,1154,1320,1590,1695,2134,2495,2554]
[0,110,956,1198,1590,1971,2554]
[0,1930,2468,2554]
[0,956,1154,1320,1971,2554]
[0,1154,1529,1695,2134,2554]
[0,110,956,1154,1320,1971,2554]
[0,110,956,1154,1320,1695,2134,2554]
[0,110,1154,1320,2134,2495,2554]
[0,1154,1529,2134,2554]
[0,110,1154,1320,1590,1695,2134,2554]
[0,1001,2554]
[0,956,1154,1320,1695,2134,2554]
[0,138,1154,1930,2554]
[0,110,1154,1971,2554]
[0,1154,1320,2554]
[0,956,1154,1320,1529,1695,1969,2134,2554]
[0,1154,1320,2134,2554]
[0,1154,1320,1971,2554]
[0,1154,2134,2554]
[0,110,956,1590,1971,2554]
[0,956,1198,1590,1971,2554]
[0,956,1695,2134,2554]
[0,1930,2554]
[0,956,2134,2554]
[0,1154,1320,1590,1695,2134,2554]
[0,956,1971,2554]
[0,1969,2554]
[0,110,956,1154,1320,1529,1695,2134,2495,2554]
[0,1154,1971,2554]
[0,1154,1320,1695,2134,2554]
[0,1320,2554]
[0,110,956,1154,1320,1529,1695,2134,2554]
[0,110,1154,1590,1971,2554]
[0,110,1154,1320,1695,2134,2554]
[0,138,1154,1472,1971,2554]
[0,138,1154,1971,2554]
[0,1154,1590,1971,2554]
[0,1971,2554]
[0,2134,2554]
[0,110,956,1154,1320,1529,1695,1969,2134,2495,2554]
[0,110,1154,1320,2134,2554]
[0,138,1154,1930,2468,2554]
[0,110,1154,1320,1695,2134,2495,2554]
[0,956,1320,1529,1695,2134,2554]
[0,110,1154,1320,1971,2554]
[0,956,1320,2134,2554]
[0,956,2554]
[0,956,1590,1971,2554]
[0,110,956,1154,1320,1529,1695,1969,2134,2554]
