[0,74,206,260,479,646,922]
[0,260,479,922]
[0,173,280,479,646,816,922]
[0,74,173,280,479,646,922]
[0,74,206,260,427,479,529,646,816,922]
[0,74,206,260,427,479,646,922]
[0,206,479,922]
[0,479,529,646,922]
[0,260,479,646,816,922]
[0,479,646,816,922]
[0,206,260,427,479,646,922]
[0,74,206,479,646,816,922]
[0,280,479,778,922]
[0,74,479,646,922]
[0,280,479,646,922]
[0,74,206,260,479,529,646,922]
[0,173,280,479,529,646,816,922]
[0,280,479,922]
[0,74,206,260,427,479,646,816,922]
[0,260,479,646,922]
[0,74,173,260,479,529,646,816,922]
[0,74,173,280,479,529,646,816,922]
[0,479,529,646,816,922]
[0,74,260,479,529,646,816,922]
[0,74,479,529,646,816,922]
[0,479,778,922]
[0,173,280,479,646,922]
[0,479,646,922]
[0,74,479,646,816,922]
[0,74,206,260,479,529,646,816,922]
[0,479,922]
[0,74,260,479,646,816,922]
[0,173,280,479,778,922]
[0,206,479,646,922]
[0,173,280,479,529,646,922]
[0,206,479,646,816,922]
[0,74,173,260,479,646,816,922]
[0,74,173,280,479,529,646,922]
[0,74,206,479,646,922]
[0,74,206,260,479,646,816,922]
[0,173,260,479,646,816,922]
[0,206,260,479,646,922]
[0,74,206,260,427,479,529,646,922]
[0,529,922]
[0,74,173,280,479,646,816,922]
