[0,396,1515,1875]
[0,93,396,614,827,1324,1515,1875]
[0,390,614,827,1436,1822,1875]
[0,396,1506,1875]
[0,320,614,1436,1822,1875]
[0,243,320,614,827,1324,1506,1875]
[0,320,614,827,1324,1506,1875]
[0,243,396,614,827,1506,1822,1875]
[0,396,614,1515,1875]
[0,390,614,1436,1822,1875]
[0,320,614,1436,1875]
[0,396,614,1506,1875]
[0,396,614,1506,1822,1875]
[0,243,396,614,827,1324,1506,1822,1875]
[0,396,614,827,1515,1875]
[0,614,1436,1875]
[0,396,614,827,1506,1875]
[0,320,614,1506,1875]
[0,243,320,614,827,1506,1875]
[0,320,614,1506,1822,1875]
[0,390,614,827,1324,1506,1822,1875]
[0,243,320,614,827,1506,1822,1875]
[0,614,1875]
[0,390,1436,1875]
[0,614,1506,1875]
[0,1436,1875]
[0,320,1875]
[0,390,1506,1875]
[0,390,1875]
[0,396,614,1515,1822,1875]
[0,93,396,614,827,1324,1515,1822,1875]
[0,243,396,614,1506,1875]
[0,243,396,614,1506,1822,1875]
[0,320,614,1875]
[0,243,396,614,827,1506,1875]
[0,243,320,614,1506,1875]
[0,396,614,827,1324,1506,1822,1875]
[0,390,614,1506,1822,1875]
[0,390,614,827,1506,1822,1875]
[0,390,614,1436,1875]
[0,243,396,614,827,1324,1506,1875]
[0,390,614,827,1436,1875]
[0,243,320,614,1506,1822,1875]
[0,390,614,1506,1875]
[0,396,614,827,1506,1822,1875]
[0,390,614,827,1324,1506,1875]
[0,320,1822,1875]
[0,396,1506,1822,1875]
[0,396,614,827,1324,1515,1875]
[0,320,614,1822,1875]
[0,390,1822,1875]
[0,243,320,614,827,1324,1506,1822,1875]
[0,396,614,827,1324,1506,1875]
[0,320,614,827,1506,1875]
[0,390,1436,1822,1875]
[0,396,614,827,1324,1515,1822,1875]
[0,390,614,827,1506,1875]
[0,396,1875]
[0,396,614,827,1515,1822,1875]
