[0,81,339,681,870,1369,1465]
[0,870,1465]
[0,81,266,339,523,681,870,1228,1369,1465]
[0,339,870,1369,1465]
[0,681,870,1465]
[0,339,870,1228,1465]
[0,339,870,1206,1465]
[0,339,1369,1465]
[0,870,1369,1465]
[0,266,1369,1465]
[0,339,1206,1465]
[0,81,681,1228,1465]
[0,339,1228,1465]
[0,1369,1465]
[0,681,870,1228,1369,1465]
[0,681,870,1206,1369,1465]
[0,339,1465]
[0,81,1369,1465]
[0,1206,1465]
[0,1228,1465]
[0,339,681,870,1206,1369,1465]
[0,681,1369,1465]
[0,266,1465]
[0,81,1228,1465]
[0,681,1206,1465]
[0,681,1228,1465]
[0,81,681,870,1228,1369,1465]
[0,81,681,870,1206,1369,1465]
[0,681,870,1369,1465]
[0,339,681,870,1369,1465]
[0,81,339,1369,1465]
[0,339,523,681,870,1228,1465]
[0,339,523,681,870,1206,1465]
[0,339,681,870,1228,1465]
[0,339,681,870,1465]
[0,681,870,1206,1465]
[0,681,870,1228,1465]
[0,339,870,1228,1369,1465]
[0,339,523,681,870,1228,1369,1465]
[0,81,339,681,870,1228,1369,1465]
[0,81,681,870,1369,1465]
[0,339,870,1206,1369,1465]
[0,81,339,681,870,1206,1369,1465]
[0,339,681,870,1206,1465]
[0,81,681,870,1228,1465]
[0,81,339,523,681,870,1228,1369,1465]
[0,339,870,1465]
[0,339,1228,1369,1465]
[0,81,339,523,681,870,1206,1369,1465]
[0,339,1206,1369,1465]
[0,681,1465]
[0,81,870,1369,1465]
[0,339,523,681,870,1206,1369,1465]
[0,339,681,870,1228,1369,1465]
