[0,400,476,1477,1550,2053]
[0,400,476,1550,1847,2053]
[0,400,1477,1550,2053]
[0,400,476,1477,1550,1847,2053]
[0,400,1550,1847,2053]
[0,400,477,1477,1550,1847,2053]
[0,400,477,1550,1847,2053]
[0,1546,2053]
[0,1550,2053]
[0,400,477,1477,1550,1847,1994,2053]
[0,400,476,1550,2053]
[0,400,477,1477,1550,2053]
[0,400,1550,2053]
[0,400,1477,1550,1847,2053]
[0,400,477,1477,1550,1994,2053]
[0,400,1477,1550,1847,1994,2053]
[0,400,476,1477,1550,1994,2053]
[0,400,476,1477,1550,1847,1994,2053]
[0,400,1550,1994,2053]
[0,400,1477,1550,1994,2053]
[0,400,477,1550,2053]
