0.000000000000000000e+00
6.000000000000000000e+01
7.400000000000000000e+01
7.600000000000000000e+01
7.800000000000000000e+01
8.000000000000000000e+01
1.000000000000000000e+02
1.040000000000000000e+02
1.160000000000000000e+02
1.180000000000000000e+02
1.220000000000000000e+02
1.260000000000000000e+02
2.020000000000000000e+02
2.040000000000000000e+02
2.060000000000000000e+02
2.080000000000000000e+02
2.120000000000000000e+02
2.180000000000000000e+02
2.260000000000000000e+02
2.300000000000000000e+02
2.340000000000000000e+02
2.400000000000000000e+02
2.440000000000000000e+02
2.500000000000000000e+02
2.520000000000000000e+02
2.580000000000000000e+02
2.680000000000000000e+02
2.700000000000000000e+02
2.760000000000000000e+02
2.780000000000000000e+02
2.960000000000000000e+02
3.520000000000000000e+02
3.600000000000000000e+02
3.640000000000000000e+02
3.920000000000000000e+02
3.960000000000000000e+02
4.260000000000000000e+02
4.280000000000000000e+02
4.320000000000000000e+02
4.360000000000000000e+02
4.380000000000000000e+02
4.400000000000000000e+02
4.420000000000000000e+02
4.480000000000000000e+02
4.560000000000000000e+02
4.620000000000000000e+02
4.660000000000000000e+02
4.680000000000000000e+02
4.720000000000000000e+02
4.740000000000000000e+02
4.760000000000000000e+02
4.840000000000000000e+02
4.860000000000000000e+02
4.960000000000000000e+02
5.280000000000000000e+02
5.340000000000000000e+02
5.580000000000000000e+02
5.600000000000000000e+02
5.720000000000000000e+02
5.760000000000000000e+02
5.780000000000000000e+02
5.800000000000000000e+02
5.840000000000000000e+02
5.860000000000000000e+02
5.900000000000000000e+02
5.940000000000000000e+02
6.180000000000000000e+02
6.280000000000000000e+02
6.320000000000000000e+02
6.360000000000000000e+02
6.400000000000000000e+02
6.420000000000000000e+02
6.460000000000000000e+02
6.480000000000000000e+02
6.580000000000000000e+02
6.600000000000000000e+02
6.680000000000000000e+02
6.740000000000000000e+02
6.900000000000000000e+02
6.940000000000000000e+02
7.020000000000000000e+02
7.060000000000000000e+02
7.200000000000000000e+02
7.600000000000000000e+02
7.640000000000000000e+02
7.880000000000000000e+02
7.900000000000000000e+02
8.120000000000000000e+02
8.180000000000000000e+02
8.280000000000000000e+02
8.300000000000000000e+02
8.320000000000000000e+02
8.560000000000000000e+02
8.600000000000000000e+02
9.280000000000000000e+02
9.300000000000000000e+02
9.360000000000000000e+02
9.400000000000000000e+02
9.480000000000000000e+02
9.520000000000000000e+02
9.540000000000000000e+02
9.560000000000000000e+02
9.620000000000000000e+02
9.720000000000000000e+02
9.740000000000000000e+02
9.900000000000000000e+02
1.034000000000000000e+03
1.036000000000000000e+03
1.074000000000000000e+03
1.078000000000000000e+03
1.088000000000000000e+03
1.090000000000000000e+03
1.094000000000000000e+03
1.124000000000000000e+03
1.128000000000000000e+03
1.134000000000000000e+03
1.138000000000000000e+03
1.156000000000000000e+03
1.158000000000000000e+03
1.166000000000000000e+03
1.332000000000000000e+03
1.346000000000000000e+03
1.352000000000000000e+03
1.362000000000000000e+03
1.364000000000000000e+03
1.368000000000000000e+03
1.380000000000000000e+03
1.382000000000000000e+03
1.388000000000000000e+03
1.390000000000000000e+03
1.394000000000000000e+03
1.412000000000000000e+03
1.414000000000000000e+03
1.416000000000000000e+03
1.418000000000000000e+03
1.450000000000000000e+03
1.452000000000000000e+03
1.454000000000000000e+03
1.486000000000000000e+03
1.528000000000000000e+03
1.532000000000000000e+03
1.636000000000000000e+03
1.640000000000000000e+03
1.644000000000000000e+03
1.650000000000000000e+03
1.656000000000000000e+03
1.668000000000000000e+03
1.684000000000000000e+03
1.784000000000000000e+03
1.790000000000000000e+03
1.794000000000000000e+03
1.818000000000000000e+03
1.822000000000000000e+03
1.854000000000000000e+03
1.858000000000000000e+03
1.880000000000000000e+03
1.884000000000000000e+03
1.886000000000000000e+03
1.892000000000000000e+03
1.894000000000000000e+03
1.896000000000000000e+03
1.898000000000000000e+03
1.904000000000000000e+03
1.908000000000000000e+03
1.912000000000000000e+03
1.924000000000000000e+03
1.928000000000000000e+03
1.930000000000000000e+03
1.936000000000000000e+03
1.940000000000000000e+03
1.952000000000000000e+03
1.954000000000000000e+03
1.958000000000000000e+03
1.964000000000000000e+03
1.972000000000000000e+03
1.976000000000000000e+03
2.036000000000000000e+03
