[0,503,734,1046]
[0,503,615,1046]
[0,122,209,476,615,1046]
[0,503,1046]
[0,122,209,476,615,903,1046]
[0,209,503,615,1046]
[0,209,476,615,903,1046]
[0,209,615,903,1046]
[0,476,615,1046]
[0,209,476,615,1046]
[0,734,1046]
[0,209,827,1046]
[0,615,1046]
[0,122,209,503,615,734,1046]
[0,122,209,827,1046]
[0,476,1046]
[0,122,209,615,1046]
[0,122,209,476,827,1046]
[0,209,503,827,1046]
[0,209,615,1046]
[0,209,503,615,734,1046]
[0,476,827,1046]
[0,209,1046]
[0,122,209,252,503,615,734,1046]
[0,122,209,256,476,615,1046]
[0,503,827,1046]
[0,122,209,503,615,1046]
[0,122,209,1046]
[0,209,476,615,734,1046]
[0,209,476,827,1046]
[0,122,209,252,476,615,1046]
[0,122,209,252,503,615,1046]
[0,122,209,256,476,615,734,1046]
[0,122,209,252,476,615,734,1046]
[0,827,1046]
[0,122,209,476,615,734,1046]
[0,209,503,734,1046]
