[0,83,150,486,597,744,1082,1187,1249]
[0,83,150,486,744,1082,1249]
[0,744,1026,1249]
[0,83,224,486,597,744,1026,1249]
[0,83,150,486,744,1249]
[0,83,486,597,744,1249]
[0,83,486,597,744,1082,1187,1249]
[0,83,150,486,744,1187,1249]
[0,744,1249]
[0,83,224,486,744,1026,1249]
[0,224,486,744,1026,1249]
[0,83,224,486,532,744,1187,1249]
[0,486,744,1026,1249]
[0,83,486,597,744,1026,1249]
[0,83,187,744,1249]
[0,83,150,486,744,1082,1187,1249]
[0,83,224,486,532,744,1026,1249]
[0,224,744,1249]
[0,83,224,486,532,744,1026,1187,1249]
[0,187,744,1249]
[0,83,187,486,744,1249]
[0,486,744,1249]
[0,486,597,744,1082,1249]
[0,486,792,1249]
[0,83,597,1249]
[0,83,224,486,744,1249]
[0,83,224,486,744,1082,1187,1249]
[0,187,486,744,1026,1249]
[0,83,224,486,744,1082,1249]
[0,224,486,744,1082,1249]
[0,486,744,1082,1249]
[0,224,486,744,1249]
[0,224,486,597,744,1026,1249]
[0,597,1249]
[0,486,597,744,1026,1249]
[0,83,486,597,744,1082,1249]
[0,83,187,486,597,744,1026,1187,1249]
[0,83,224,486,744,1187,1249]
[0,83,224,486,597,744,1026,1187,1249]
[0,83,224,486,532,744,1082,1187,1249]
[0,83,150,486,597,744,1249]
[0,486,597,744,1249]
[0,83,187,486,597,744,1249]
[0,224,486,597,744,1249]
[0,83,224,486,597,744,1249]
[0,83,150,744,1249]
[0,792,1249]
[0,83,486,597,744,1026,1187,1249]
[0,83,744,1026,1187,1249]
[0,83,224,744,1249]
[0,83,486,744,1249]
[0,83,486,744,1026,1187,1249]
[0,187,486,597,744,1026,1249]
[0,224,486,597,744,1082,1249]
[0,83,486,744,1082,1249]
[0,83,224,486,597,744,1082,1249]
[0,187,486,744,1249]
[0,83,187,486,597,744,1026,1249]
[0,83,224,486,532,744,1249]
[0,83,224,486,597,744,1082,1187,1249]
[0,83,744,1082,1249]
[0,83,150,486,597,744,1082,1249]
[0,83,744,1082,1187,1249]
[0,744,1082,1249]
[0,187,486,597,744,1249]
[0,83,224,486,744,1026,1187,1249]
[0,83,486,744,1026,1249]
[0,83,486,744,1082,1187,1249]
[0,83,744,1249]
[0,83,744,1187,1249]
[0,83,744,1026,1249]
