[0,528,967,1030,1583,1642]
[0,129,229,528,967,1642]
[0,129,528,967,1219,1642]
[0,129,257,528,818,1583,1642]
[0,1583,1642]
[0,528,921,1030,1583,1642]
[0,129,257,306,528,818,1583,1642]
[0,1072,1642]
[0,129,257,528,967,1072,1219,1583,1642]
[0,257,306,528,818,1583,1642]
[0,528,1072,1642]
[0,306,528,818,1642]
[0,129,257,528,818,1072,1219,1381,1642]
[0,129,528,1642]
[0,528,818,1072,1219,1381,1642]
[0,129,528,818,1072,1219,1583,1642]
[0,129,229,528,818,967,1030,1219,1381,1642]
[0,306,1642]
[0,528,818,967,1219,1381,1642]
[0,129,229,528,818,967,1030,1219,1642]
[0,528,818,1219,1381,1642]
[0,528,1642]
[0,129,257,528,818,1072,1219,1583,1642]
[0,129,229,528,818,967,1219,1381,1642]
[0,528,818,967,1030,1583,1642]
[0,528,818,1219,1583,1642]
[0,129,257,306,528,818,1072,1219,1583,1642]
[0,129,257,528,967,1219,1642]
[0,129,229,528,818,967,1030,1219,1583,1642]
[0,528,818,1030,1642]
[0,528,818,967,1030,1642]
[0,129,528,818,1583,1642]
[0,528,818,967,1219,1642]
[0,306,1583,1642]
[0,129,229,528,818,1642]
[0,129,229,528,967,1030,1642]
[0,528,818,1642]
[0,528,1072,1219,1583,1642]
[0,129,528,818,1030,1642]
[0,129,528,818,1642]
[0,528,921,1030,1642]
[0,528,967,1219,1583,1642]
[0,129,528,818,1072,1219,1642]
[0,528,967,1219,1642]
[0,528,818,1072,1219,1642]
[0,129,229,528,818,1219,1642]
[0,129,528,818,967,1219,1381,1642]
[0,129,229,528,818,967,1030,1642]
[0,129,257,528,818,1642]
[0,129,528,967,1642]
[0,528,1583,1642]
[0,129,257,306,528,818,1219,1583,1642]
[0,528,1072,1219,1642]
[0,129,257,528,967,1219,1583,1642]
[0,129,229,528,818,967,1219,1642]
[0,129,528,818,1072,1219,1381,1642]
[0,129,257,306,528,818,1072,1219,1381,1583,1642]
[0,528,1027,1583,1642]
[0,129,528,818,967,1219,1642]
[0,129,528,818,1219,1583,1642]
[0,528,818,1583,1642]
[0,129,257,528,818,1072,1219,1642]
[0,129,257,528,818,1219,1642]
[0,129,528,967,1219,1583,1642]
[0,528,921,1583,1642]
[0,528,1219,1642]
[0,129,229,528,818,967,1030,1219,1381,1583,1642]
[0,528,1027,1219,1583,1642]
[0,306,528,818,1583,1642]
[0,528,967,1583,1642]
[0,129,229,528,1642]
[0,129,229,528,967,1030,1583,1642]
[0,528,818,1072,1219,1583,1642]
[0,129,257,528,967,1072,1219,1642]
[0,528,1027,1219,1642]
[0,528,967,1030,1642]
[0,528,818,1072,1219,1381,1583,1642]
[0,528,818,1219,1642]
[0,528,1027,1642]
[0,129,229,528,818,1030,1642]
[0,129,528,818,1072,1219,1381,1583,1642]
[0,528,1072,1583,1642]
[0,129,257,528,818,1072,1219,1381,1583,1642]
[0,129,528,967,1030,1642]
[0,129,528,818,1219,1642]
[0,129,528,967,1030,1583,1642]
[0,528,967,1642]
[0,528,921,1642]
[0,129,257,528,818,1219,1583,1642]
[0,129,229,528,818,967,1030,1583,1642]
