[0,408,1041,1433,1555,1768,2120]
[0,140,408,1041,1175,1433,1768,2120]
[0,789,1433,2120]
[0,140,408,886,1433,1555,1782,2120]
[0,408,789,896,1433,1768,2120]
[0,408,1433,1555,1782,2120]
[0,886,2120]
[0,789,2120]
[0,408,1041,2120]
[0,408,1446,2120]
[0,850,1819,2120]
[0,408,1285,2120]
[0,334,1433,1819,2120]
[0,140,408,789,1041,1175,1433,1555,1768,2120]
[0,408,850,2120]
[0,140,408,1041,1433,1555,1782,2120]
[0,886,1433,2120]
[0,408,1041,1768,2120]
[0,408,1433,1782,2120]
[0,408,1433,1555,2120]
[0,408,789,850,1433,1555,1768,2120]
[0,408,1446,1782,2120]
[0,896,2120]
[0,1433,1555,2120]
[0,408,886,2120]
[0,140,408,1358,1433,1768,2120]
[0,140,408,1433,1782,2120]
[0,140,408,789,896,1433,1768,2120]
[0,408,1285,1782,2120]
[0,140,408,1041,1175,1433,1555,1768,2120]
[0,1433,2120]
[0,408,886,1555,2120]
[0,408,1555,2120]
[0,140,408,789,850,1041,1175,1433,1555,1768,2120]
[0,1041,2120]
[0,886,1555,2120]
[0,724,2120]
[0,334,1041,1555,2120]
[0,1285,2120]
[0,408,789,1041,1433,1768,2120]
[0,408,850,1433,1555,1768,2120]
[0,140,408,1433,1555,1782,2120]
[0,408,1768,2120]
[0,334,1433,2120]
[0,408,1041,1175,1433,1768,2120]
[0,724,1433,2120]
[0,408,1433,2120]
[0,140,408,1433,1768,2120]
[0,140,408,896,1433,1768,2120]
[0,140,408,1041,1433,1768,2120]
[0,408,886,1433,1555,1782,2120]
[0,1041,1555,2120]
[0,408,850,1175,1433,1555,1768,2120]
[0,408,886,1433,2120]
[0,140,408,789,896,1358,1433,1768,2120]
[0,408,789,850,1175,1433,1555,1768,2120]
[0,1555,2120]
[0,408,1041,1433,1768,2120]
[0,140,408,789,1041,1433,1768,2120]
[0,334,850,1819,2120]
[0,408,2120]
[0,408,789,850,1768,2120]
[0,408,1782,2120]
[0,408,1041,1175,1433,1555,1768,2120]
[0,334,850,1433,1819,2120]
[0,896,1768,2120]
[0,140,408,789,886,1433,1555,1782,2120]
[0,408,886,1433,1782,2120]
[0,408,1433,1555,1768,2120]
[0,850,2120]
[0,408,886,1433,1555,2120]
[0,408,789,850,1041,1175,1433,1555,1768,2120]
[0,140,408,1285,1782,2120]
[0,408,1446,1819,2120]
[0,850,1433,2120]
[0,408,789,850,1433,1768,2120]
[0,408,850,1433,1768,2120]
[0,334,850,1433,2120]
[0,334,1819,2120]
[0,1446,2120]
[0,408,1433,1768,2120]
[0,408,789,886,1433,1555,1782,2120]
[0,408,1819,2120]
[0,140,408,1041,1433,1782,2120]
[0,408,850,1768,2120]
[0,140,408,789,1041,1175,1433,1768,2120]
[0,408,850,1175,1433,1768,2120]
[0,408,789,896,1768,2120]
[0,140,408,1446,1782,2120]
[0,408,1041,1433,2120]
[0,140,408,886,1433,1782,2120]
[0,408,789,1041,1175,1433,1555,1768,2120]
[0,408,789,1041,1175,1433,1768,2120]
[0,408,896,1768,2120]
[0,408,1041,1433,1782,2120]
[0,408,789,896,1358,1433,1768,2120]
[0,334,2120]
[0,408,789,886,1433,1555,2120]
[0,334,850,2120]
[0,140,408,1446,1819,2120]
[0,408,896,1433,1768,2120]
[0,408,896,2120]
