[0,193,336,427,566,690,892,1234,1379,1465]
[0,193,427,566,690,892,1234,1379,1465]
[0,427,566,690,892,1234,1379,1465]
[0,427,566,690,892,1124,1234,1465]
[0,240,336,690,892,1234,1465]
[0,76,240,690,892,1234,1465]
[0,240,336,427,566,690,892,1234,1465]
[0,427,566,690,892,1234,1465]
[0,240,427,566,690,892,1124,1234,1465]
[0,76,193,336,427,566,690,892,1234,1379,1465]
[0,76,193,427,690,892,1234,1465]
[0,193,427,566,690,892,1124,1234,1465]
[0,76,193,336,427,690,892,1124,1234,1465]
[0,240,427,690,892,1234,1465]
[0,76,240,336,427,566,690,892,1234,1379,1465]
[0,240,690,1234,1465]
[0,1234,1465]
[0,427,690,892,1234,1465]
[0,240,690,892,1234,1465]
[0,193,336,427,690,892,1124,1234,1465]
[0,193,336,427,566,690,892,1124,1234,1379,1465]
[0,76,193,427,566,690,892,1234,1379,1465]
[0,690,1465]
[0,193,336,427,690,892,1234,1465]
[0,240,336,427,566,690,892,1124,1234,1465]
[0,240,690,1465]
[0,240,336,427,566,690,892,1234,1379,1465]
[0,76,240,336,427,566,690,892,1124,1234,1379,1465]
[0,240,336,427,566,690,892,1124,1234,1379,1465]
[0,76,193,336,427,690,892,1234,1465]
[0,690,1234,1465]
[0,76,193,690,892,1234,1465]
[0,76,240,336,427,566,690,892,1234,1465]
[0,76,240,336,427,690,892,1234,1465]
[0,193,690,892,1234,1465]
[0,240,1465]
[0,76,193,336,427,566,690,892,1234,1465]
[0,76,193,427,566,690,892,1234,1465]
[0,427,1465]
[0,76,240,336,690,892,1234,1465]
[0,193,427,690,892,1124,1234,1465]
[0,76,193,336,427,566,690,892,1124,1234,1379,1465]
[0,193,427,566,690,892,1234,1465]
[0,427,690,1465]
[0,690,892,1234,1465]
[0,240,336,427,690,892,1234,1465]
[0,193,690,892,1124,1234,1465]
[0,427,690,1234,1465]
[0,240,336,690,892,1124,1234,1465]
[0,240,690,892,1124,1234,1465]
[0,76,240,336,427,566,690,892,1124,1234,1465]
[0,193,427,690,892,1234,1465]
[0,336,427,690,892,1234,1465]
[0,240,336,427,690,892,1124,1234,1465]
[0,193,336,427,566,690,892,1234,1465]
[0,240,427,566,690,892,1234,1465]
[0,427,690,892,1124,1234,1465]
[0,76,240,336,427,690,892,1124,1234,1465]
[0,76,193,336,427,566,690,892,1124,1234,1465]
[0,193,336,427,566,690,892,1124,1234,1465]
[0,76,427,690,892,1234,1465]
