[0,151,316,452,607,755,922]
[0,151,316,420,502,615,755,832,922]
[0,316,502,615,922]
[0,478,922]
[0,151,478,607,922]
[0,151,316,420,615,755,832,922]
[0,151,316,366,502,615,755,832,922]
[0,151,615,922]
[0,151,316,420,502,615,922]
[0,151,316,366,502,602,922]
[0,316,366,502,612,922]
[0,316,502,755,922]
[0,151,366,502,615,922]
[0,151,316,481,612,755,832,922]
[0,151,316,366,481,612,755,922]
[0,420,615,922]
[0,151,316,366,452,502,607,755,832,922]
[0,151,478,922]
[0,502,602,922]
[0,151,316,366,452,607,755,922]
[0,151,316,420,615,922]
[0,151,502,602,922]
[0,151,366,502,602,755,922]
[0,151,366,502,602,755,832,922]
[0,151,316,481,922]
[0,151,481,755,922]
[0,607,922]
[0,151,420,615,755,922]
[0,366,602,922]
[0,502,615,922]
[0,151,366,602,922]
[0,316,922]
[0,151,316,481,612,755,922]
[0,481,612,922]
[0,151,366,615,755,922]
[0,151,316,481,755,922]
[0,151,316,366,502,615,755,922]
[0,316,615,922]
[0,151,316,615,922]
[0,151,316,452,502,607,755,832,922]
[0,316,420,615,922]
[0,366,615,922]
[0,151,366,502,612,922]
[0,151,502,615,755,832,922]
[0,151,922]
[0,151,316,366,452,607,755,832,922]
[0,602,922]
[0,366,602,755,922]
[0,151,366,502,615,755,832,922]
[0,366,612,922]
[0,366,922]
[0,151,366,612,922]
[0,316,522,922]
[0,151,316,502,755,922]
[0,151,366,502,615,755,922]
[0,151,366,602,755,922]
[0,316,366,502,615,922]
[0,151,316,366,502,602,755,922]
[0,316,502,602,922]
[0,316,366,502,602,922]
[0,151,316,420,502,615,755,922]
[0,502,612,922]
[0,316,366,615,922]
[0,316,481,612,922]
[0,151,366,922]
[0,316,366,481,612,922]
[0,502,755,922]
[0,151,316,366,481,612,755,832,922]
[0,316,502,922]
[0,151,481,612,755,922]
[0,612,922]
[0,452,607,922]
[0,151,452,607,922]
[0,151,420,615,922]
[0,151,366,502,602,922]
[0,151,316,366,502,615,922]
[0,316,502,612,922]
[0,502,922]
[0,151,316,366,481,612,922]
[0,151,316,452,607,922]
[0,478,612,922]
[0,151,502,922]
[0,151,316,420,615,755,922]
[0,151,502,615,922]
[0,151,502,615,755,922]
[0,151,316,366,420,502,615,755,832,922]
[0,151,502,602,755,832,922]
[0,151,452,607,755,922]
[0,151,481,612,922]
[0,316,481,922]
[0,151,366,615,922]
[0,481,755,922]
[0,478,607,922]
[0,151,316,481,612,922]
[0,151,481,612,755,832,922]
[0,151,316,366,502,612,922]
[0,151,316,366,502,602,755,832,922]
[0,151,502,602,755,922]
[0,316,366,922]
[0,151,316,452,607,755,832,922]
[0,151,478,612,922]
[0,481,922]
[0,615,922]
[0,151,502,612,922]
[0,151,316,366,452,607,922]
[0,316,481,755,922]
[0,151,502,755,922]
[0,151,481,922]
[0,151,452,607,755,832,922]
