[0,386,1071,1197]
[0,147,410,1126,1197]
[0,386,1126,1197]
[0,147,357,575,988,1071,1126,1197]
[0,386,743,859,1004,1121,1197]
[0,386,743,1197]
[0,147,357,988,1197]
[0,357,988,1197]
[0,147,386,988,1071,1126,1197]
[0,147,386,1121,1197]
[0,147,410,988,1126,1197]
[0,386,1004,1121,1197]
[0,386,743,859,1121,1197]
[0,147,410,988,1071,1126,1197]
[0,147,386,1197]
[0,386,743,859,1004,1197]
[0,386,1121,1197]
[0,147,410,1197]
[0,386,859,1197]
[0,147,357,1126,1197]
[0,357,1126,1197]
[0,147,357,988,1071,1126,1197]
[0,147,357,410,988,1071,1126,1197]
[0,147,357,410,575,988,1071,1126,1197]
[0,386,743,859,1071,1121,1197]
[0,386,859,1121,1197]
[0,410,988,1197]
[0,147,357,1197]
[0,147,357,988,1126,1197]
[0,147,357,575,1197]
[0,357,1071,1197]
[0,386,1004,1197]
[0,386,859,1004,1197]
[0,147,386,988,1197]
[0,357,575,988,1197]
[0,147,386,988,1126,1197]
[0,410,1126,1197]
[0,147,410,988,1197]
[0,386,1197]
[0,357,575,1197]
[0,386,988,1197]
[0,147,357,575,988,1126,1197]
[0,386,743,859,1197]
[0,147,357,575,988,1197]
[0,147,386,1071,1197]
[0,147,386,1126,1197]
[0,386,743,859,1004,1071,1121,1197]
[0,386,1004,1071,1121,1197]
[0,410,1197]
[0,357,1197]
