[0,546,1081,2189]
[0,546,638,972,1099,1497,1830,2189]
[0,546,1099,1497,2189]
[0,113,283,546,624,1081,1497,1830,2189]
[0,546,1497,2189]
[0,546,1099,2189]
[0,586,1497,1830,2189]
[0,546,1099,1361,1830,2189]
[0,546,1081,1511,2189]
[0,114,546,972,1099,1497,1830,2189]
[0,1153,2189]
[0,1497,1830,2189]
[0,546,1153,2189]
[0,546,624,1497,2189]
[0,114,586,1081,1497,1830,2189]
[0,114,1497,1830,2189]
[0,114,546,1099,1497,1830,2189]
[0,1081,1511,2189]
[0,546,638,1497,1830,2189]
[0,113,546,624,1081,1497,1830,2189]
[0,283,546,1081,1497,1830,2189]
[0,113,586,1081,1497,1830,2189]
[0,113,546,638,972,1099,1497,1830,2189]
[0,586,1081,1511,2189]
[0,114,546,1099,2189]
[0,114,586,1081,1511,2189]
[0,546,1497,1830,2189]
[0,546,1081,1497,2189]
[0,546,638,1497,2189]
[0,1511,2189]
[0,1081,1497,1830,2189]
[0,586,1081,1497,1830,2189]
[0,586,1081,2189]
[0,586,1497,2189]
[0,114,546,1099,1361,1830,2189]
[0,1081,1497,2189]
[0,546,624,1081,1497,1830,2189]
[0,546,1099,1497,1830,2189]
[0,546,624,2189]
[0,1099,2189]
[0,546,972,1099,1497,1830,2189]
[0,113,283,546,1081,1497,1830,2189]
[0,114,1081,2189]
[0,546,638,1099,1497,1830,2189]
[0,1081,2189]
[0,1497,2189]
[0,113,1081,1497,1830,2189]
[0,114,546,1099,1830,2189]
[0,546,1099,1830,2189]
[0,113,546,972,1099,1497,1830,2189]
[0,546,2189]
[0,114,546,638,972,1099,1497,1830,2189]
[0,113,1497,1830,2189]
[0,546,624,1497,1830,2189]
[0,586,1081,1497,2189]
[0,114,1497,2189]
[0,546,1081,1497,1830,2189]
[0,113,546,1081,1497,1830,2189]
[0,114,1081,1497,1830,2189]
[0,114,1081,1511,2189]
