[0,239,433,931,1197]
[0,239,433,713,931,1197]
[0,239,419,713,759,1106,1197]
[0,91,239,444,759,1106,1197]
[0,91,303,759,1106,1197]
[0,239,419,485,713,759,931,1106,1197]
[0,759,1197]
[0,303,759,1106,1197]
[0,239,433,931,1106,1197]
[0,239,444,713,759,931,1106,1197]
[0,91,444,1197]
[0,239,419,713,931,1106,1197]
[0,239,444,713,759,1106,1197]
[0,91,239,444,713,759,931,1106,1197]
[0,239,419,931,1197]
[0,91,239,433,485,713,759,931,1106,1197]
[0,303,1197]
[0,239,419,759,1197]
[0,303,759,1197]
[0,239,419,759,1106,1197]
[0,444,759,1197]
[0,239,444,931,1106,1197]
[0,101,419,759,1197]
[0,239,433,713,931,1106,1197]
[0,1106,1197]
[0,239,433,485,713,759,931,1106,1197]
[0,239,444,759,1197]
[0,419,759,1197]
[0,91,239,419,713,931,1106,1197]
[0,433,931,1197]
[0,239,419,1197]
[0,239,419,931,1106,1197]
[0,91,1197]
[0,101,419,1197]
[0,91,303,419,1106,1197]
[0,239,444,759,1106,1197]
[0,91,239,433,485,713,931,1106,1197]
[0,239,419,1106,1197]
[0,91,239,419,485,713,759,931,1106,1197]
[0,303,444,1106,1197]
[0,303,419,1106,1197]
[0,239,419,485,713,931,1197]
[0,239,444,1106,1197]
[0,419,713,931,1197]
[0,239,419,485,713,931,1106,1197]
[0,239,444,713,931,1197]
[0,91,239,444,1106,1197]
[0,239,433,485,713,931,1197]
[0,91,239,419,713,759,931,1106,1197]
[0,91,239,444,713,759,1106,1197]
[0,91,444,1106,1197]
[0,91,759,1197]
[0,433,713,931,1197]
[0,91,239,444,713,931,1106,1197]
[0,444,931,1197]
[0,239,433,485,713,931,1106,1197]
[0,433,1197]
[0,239,444,1197]
[0,444,1197]
[0,444,713,931,1197]
[0,239,444,931,1197]
[0,239,433,1197]
[0,239,444,713,931,1106,1197]
[0,303,444,1197]
[0,91,303,1197]
[0,239,419,713,759,931,1106,1197]
[0,419,931,1197]
[0,759,1106,1197]
[0,91,239,433,713,931,1106,1197]
[0,91,303,1106,1197]
[0,303,1106,1197]
[0,444,1106,1197]
[0,101,419,1106,1197]
[0,91,303,444,1106,1197]
[0,91,239,419,485,713,931,1106,1197]
[0,419,1197]
[0,239,419,485,931,1197]
[0,239,419,713,931,1197]
[0,303,419,1197]
