[0,895,1342,2038,2371,2759]
[0,232,1116,1388,2038,2371,2759]
[0,895,2038,2371,2759]
[0,232,1116,1342,2038,2371,2759]
[0,895,1342,2371,2759]
[0,232,2038,2759]
[0,232,1123,2038,2371,2759]
[0,895,1229,2371,2759]
[0,2038,2759]
[0,1116,2759]
[0,232,895,1123,1342,2038,2371,2501,2759]
[0,232,895,2759]
[0,1116,2038,2371,2759]
[0,1123,2314,2759]
[0,1342,2371,2759]
[0,895,1342,2759]
[0,998,2314,2759]
[0,232,895,1123,1342,2038,2371,2759]
[0,1342,2759]
[0,232,1123,2314,2759]
[0,1123,2371,2759]
[0,1116,1388,2038,2371,2759]
[0,1229,2038,2371,2759]
[0,895,2759]
[0,232,895,2038,2371,2759]
[0,232,895,1116,1342,2038,2371,2759]
[0,232,1229,2038,2371,2759]
[0,232,1116,2038,2371,2759]
[0,998,2759]
[0,232,2759]
[0,232,895,1116,1388,2038,2371,2759]
[0,1116,2371,2759]
[0,232,895,1116,1342,2038,2371,2501,2759]
[0,232,895,1229,2038,2371,2759]
[0,895,2371,2759]
[0,1229,2759]
[0,232,895,1116,1388,2038,2371,2501,2759]
[0,895,1229,2038,2371,2759]
[0,1229,2371,2759]
[0,1123,2038,2371,2759]
[0,232,895,1342,2038,2371,2759]
[0,1123,2759]
