[0,99,448,782,1046]
[0,196,574,955,1046]
[0,99,196,448,642,1046]
[0,99,574,955,1046]
[0,99,196,448,555,642,850,955,1046]
[0,448,1046]
[0,99,870,955,1046]
[0,99,370,1046]
[0,99,370,448,555,673,955,1046]
[0,99,555,673,870,955,1046]
[0,99,448,555,642,782,870,955,1046]
[0,448,555,673,1046]
[0,782,1046]
[0,99,370,955,1046]
[0,99,370,448,555,673,1046]
[0,370,1046]
[0,99,448,782,870,1046]
[0,370,673,1046]
[0,99,448,555,642,782,870,1046]
[0,99,555,642,782,870,955,1046]
[0,555,642,1046]
[0,574,850,1046]
[0,99,555,642,850,955,1046]
[0,99,448,642,850,955,1046]
[0,99,370,673,1046]
[0,99,370,448,555,673,870,955,1046]
[0,99,448,555,782,870,1046]
[0,99,448,642,1046]
[0,99,448,1046]
[0,448,555,673,782,1046]
[0,99,196,448,782,870,1046]
[0,574,1046]
[0,448,555,782,1046]
[0,555,782,1046]
[0,99,574,850,1046]
[0,99,448,555,673,955,1046]
[0,99,196,448,555,782,870,1046]
[0,99,574,850,955,1046]
[0,99,555,782,870,955,1046]
[0,448,642,1046]
[0,99,370,448,555,673,782,870,955,1046]
[0,99,555,1046]
[0,99,555,673,782,870,1046]
[0,99,448,555,673,782,870,955,1046]
[0,555,673,782,1046]
[0,448,642,850,1046]
[0,99,555,642,1046]
[0,99,370,870,955,1046]
[0,99,555,673,782,870,955,1046]
[0,99,555,850,955,1046]
[0,448,782,1046]
[0,99,955,1046]
[0,99,555,673,782,1046]
[0,99,196,448,555,642,782,870,1046]
[0,99,196,448,642,850,955,1046]
[0,555,673,1046]
[0,99,448,555,782,1046]
[0,99,448,555,642,850,955,1046]
[0,99,555,782,1046]
[0,448,850,1046]
[0,99,574,1046]
[0,196,574,1046]
[0,99,196,448,555,642,782,870,955,1046]
[0,555,1046]
[0,99,196,448,555,782,1046]
[0,99,196,448,782,1046]
[0,99,555,782,870,1046]
[0,99,448,555,673,782,870,1046]
[0,99,448,555,673,782,1046]
[0,99,555,673,955,1046]
[0,99,196,448,642,850,1046]
[0,99,555,642,782,1046]
[0,99,555,850,1046]
[0,196,1046]
[0,99,370,673,870,955,1046]
[0,99,448,642,850,1046]
[0,99,1046]
[0,99,555,642,782,870,1046]
[0,99,448,555,673,870,955,1046]
[0,99,448,555,673,1046]
[0,555,850,1046]
[0,99,555,642,955,1046]
[0,99,555,955,1046]
[0,99,555,673,1046]
[0,99,370,673,955,1046]
[0,673,1046]
[0,99,448,642,955,1046]
