[0,857,1642]
[0,882,1422,1642]
[0,571,882,1422,1561,1642]
[0,857,1261,1422,1642]
[0,882,1413,1642]
[0,571,857,1261,1422,1642]
[0,571,857,1642]
[0,882,1120,1261,1413,1642]
[0,571,847,1422,1642]
[0,571,813,1422,1642]
[0,857,1120,1261,1422,1561,1642]
[0,857,1422,1561,1642]
[0,571,882,1422,1642]
[0,813,1261,1422,1642]
[0,882,1413,1561,1642]
[0,571,882,1120,1261,1422,1642]
[0,571,813,1642]
[0,847,1261,1422,1642]
[0,753,1642]
[0,857,1422,1642]
[0,571,882,1413,1642]
[0,571,857,1120,1261,1422,1561,1642]
[0,847,1642]
[0,882,1261,1413,1561,1642]
[0,571,882,1120,1261,1413,1642]
[0,882,1120,1261,1413,1561,1642]
[0,571,882,970,1120,1261,1413,1561,1642]
[0,882,1422,1561,1642]
[0,882,1261,1422,1642]
[0,571,882,970,1120,1261,1413,1642]
[0,882,1261,1413,1642]
[0,882,1642]
[0,571,813,1261,1422,1642]
[0,571,847,1261,1422,1561,1642]
[0,847,1261,1422,1561,1642]
[0,571,882,1261,1413,1561,1642]
[0,571,882,1120,1261,1422,1561,1642]
[0,571,857,1422,1642]
[0,857,1261,1422,1561,1642]
[0,882,1120,1261,1422,1561,1642]
[0,571,847,1261,1422,1642]
[0,571,882,1120,1261,1413,1561,1642]
[0,857,1120,1261,1422,1642]
[0,571,847,1642]
[0,571,882,1261,1422,1561,1642]
[0,813,1261,1422,1561,1642]
[0,571,813,1261,1422,1561,1642]
[0,813,1642]
[0,571,857,1120,1261,1422,1642]
[0,571,882,1261,1422,1642]
[0,882,1120,1261,1422,1642]
[0,571,882,1642]
[0,571,882,1261,1413,1642]
[0,847,1422,1642]
[0,813,1422,1642]
