[0,205,1121,1396,1813,2272,2555,2933,3353]
[0,978,1815,3353]
[0,1121,1396,2933,3153,3353]
[0,625,1121,1396,1813,2634,2933,3153,3353]
[0,1121,3353]
[0,1121,2272,3353]
[0,205,625,968,1121,1396,1813,2272,2555,2933,3271,3353]
[0,625,1121,2555,2933,3353]
[0,978,3153,3353]
[0,1121,1396,2933,3353]
[0,1121,1813,2555,2933,3353]
[0,625,1121,3353]
[0,625,1121,1813,3353]
[0,1121,2933,3271,3353]
[0,1121,2634,2933,3353]
[0,2933,3271,3353]
[0,205,1121,1396,1813,2555,2933,3353]
[0,625,978,1121,1396,1813,2634,2933,3153,3353]
[0,625,1121,1396,1813,2933,3153,3353]
[0,1163,2933,3353]
[0,625,1121,1396,1813,2555,2933,3353]
[0,1121,2555,2933,3353]
[0,1121,1813,2634,2933,3353]
[0,1121,1396,2933,3271,3353]
[0,1121,1813,2933,3353]
[0,625,1121,1396,1813,2634,2933,3353]
[0,205,1121,1396,2933,3271,3353]
[0,1121,1396,1813,2933,3153,3353]
[0,978,2272,3153,3353]
[0,625,1121,1396,1813,2933,3353]
[0,1062,1396,1813,2933,3271,3353]
[0,625,968,1121,1396,1813,2272,2555,2933,3353]
[0,1121,1396,1813,2634,2933,3153,3353]
[0,1121,3153,3353]
[0,205,1121,1396,1813,2933,3353]
[0,205,1121,1396,1813,2933,3271,3353]
[0,1062,2933,3271,3353]
[0,2933,3353]
[0,625,1121,1813,2634,2933,3353]
[0,1062,1813,3353]
[0,205,625,1121,1396,1813,2272,2555,2933,3353]
[0,1163,3353]
[0,205,1121,1396,2933,3353]
[0,625,1121,2272,3153,3353]
[0,1121,1813,2272,2555,2933,3353]
[0,1121,1396,1813,2634,2933,3353]
[0,1121,2272,2555,2933,3353]
[0,625,968,1121,1396,1813,2555,2933,3353]
[0,978,3353]
[0,1062,2933,3353]
[0,2272,3353]
[0,625,1121,2933,3353]
[0,1062,1396,2933,3271,3353]
[0,625,1121,2272,2555,2933,3353]
[0,3271,3353]
[0,1062,1396,1813,2933,3353]
[0,1121,1396,1813,2555,2933,3271,3353]
[0,978,2272,3353]
[0,1121,2272,3153,3353]
[0,625,1121,1396,1813,2555,2933,3271,3353]
[0,625,1121,1813,2555,2933,3353]
[0,625,968,1121,1396,1813,2555,2933,3271,3353]
[0,625,1121,1396,1813,2272,2555,2933,3353]
[0,625,1121,2634,2933,3353]
[0,1121,1813,3353]
[0,1121,1396,1813,2555,2933,3353]
[0,625,968,1121,1396,1813,2272,2555,2933,3271,3353]
[0,1121,1396,1813,2933,3353]
[0,625,1121,2272,3353]
[0,1121,2933,3153,3353]
[0,205,625,968,1121,1396,1813,2272,2555,2933,3353]
[0,625,1121,1813,2272,2555,2933,3353]
[0,1121,2933,3353]
[0,2933,3153,3353]
[0,1062,1396,2933,3353]
[0,1121,1396,1813,2272,2555,2933,3353]
[0,1121,1396,1813,2933,3271,3353]
[0,625,1121,2933,3153,3353]
[0,1062,3353]
[0,625,1121,1813,2933,3353]
[0,1062,1813,2933,3353]
