[0,105,257,783,894,1144,1319,1651]
[0,254,783,894,1288,1651]
[0,783,1319,1651]
[0,105,257,783,1319,1651]
[0,102,257,1319,1651]
[0,102,254,783,894,1319,1651]
[0,105,257,1319,1651]
[0,102,161,254,783,894,1144,1319,1651]
[0,1319,1651]
[0,102,254,783,894,1288,1651]
[0,102,257,783,894,1144,1319,1651]
[0,894,1651]
[0,1288,1651]
[0,894,1321,1651]
[0,894,1288,1651]
[0,254,783,894,1319,1651]
[0,783,1288,1651]
[0,783,1321,1651]
[0,102,257,1321,1651]
[0,257,783,1319,1651]
[0,1321,1651]
[0,257,894,1144,1321,1651]
[0,102,161,254,783,894,1144,1288,1651]
[0,102,257,783,894,1319,1651]
[0,102,257,783,894,1144,1321,1651]
[0,257,783,1321,1651]
[0,254,1144,1319,1651]
[0,102,161,257,783,894,1144,1319,1651]
[0,254,1144,1288,1651]
[0,257,894,1144,1319,1651]
[0,102,161,257,783,894,1144,1321,1651]
[0,102,257,783,1319,1651]
[0,783,1651]
[0,257,1651]
[0,102,257,783,894,1321,1651]
[0,254,894,1144,1319,1651]
[0,257,894,1319,1651]
[0,257,1144,1321,1651]
[0,254,894,1144,1288,1651]
[0,105,257,783,894,1319,1651]
[0,102,254,783,894,1144,1319,1651]
[0,102,254,783,894,1144,1288,1651]
[0,102,257,783,1321,1651]
[0,257,1144,1319,1651]
[0,257,783,894,1319,1651]
[0,102,254,783,1288,1651]
[0,254,894,1319,1651]
[0,254,894,1288,1651]
[0,102,161,254,783,894,1288,1651]
[0,257,894,1321,1651]
[0,102,254,783,1319,1651]
[0,254,783,894,1144,1319,1651]
[0,257,1319,1651]
[0,254,783,894,1144,1288,1651]
[0,257,783,894,1144,1319,1651]
[0,257,783,894,1321,1651]
[0,257,1321,1651]
[0,254,1319,1651]
[0,254,1288,1651]
[0,254,783,1319,1651]
[0,254,1651]
[0,254,783,1288,1651]
[0,894,1319,1651]
[0,102,254,1319,1651]
[0,257,783,894,1144,1321,1651]
[0,102,254,1288,1651]
