[0,67,573,1183,2211]
[0,67,393,573,768,919,1183,1859,2000,2211]
[0,67,573,919,1183,2211]
[0,573,919,1346,2000,2211]
[0,573,919,1183,1859,2000,2211]
[0,573,919,1183,2000,2211]
[0,67,393,573,919,1183,1979,2211]
[0,573,919,1346,1676,2000,2211]
[0,573,1346,2211]
[0,573,919,1346,1676,2211]
[0,209,573,919,1346,2000,2211]
[0,209,573,768,919,1346,1676,2000,2211]
[0,209,573,1346,2000,2211]
[0,1346,2211]
[0,573,1183,2000,2211]
[0,209,573,768,919,1346,1676,1859,2000,2211]
[0,209,573,1346,1676,2000,2211]
[0,1183,2211]
[0,209,573,919,1202,2211]
[0,573,1346,1676,2000,2211]
[0,209,573,1346,2211]
[0,393,573,919,1183,1859,2000,2211]
[0,209,573,919,1183,2000,2211]
[0,573,1183,2211]
[0,67,393,573,919,1183,1859,2000,2211]
[0,209,573,1183,2211]
[0,393,573,919,1183,2000,2211]
[0,393,573,768,919,1183,1859,2000,2211]
[0,573,1183,1859,2000,2211]
[0,209,573,1346,1859,2000,2211]
[0,524,983,2211]
[0,573,2211]
[0,573,1346,2000,2211]
[0,1202,2211]
[0,209,573,919,1346,1676,2000,2211]
[0,67,573,919,1183,1859,2000,2211]
[0,209,573,1202,2211]
[0,524,2211]
[0,573,1202,2211]
[0,573,919,1346,2211]
[0,573,919,1183,2211]
[0,393,573,919,1183,2211]
[0,573,919,1183,1979,2211]
[0,239,573,990,2211]
[0,209,573,2211]
[0,393,573,768,919,1183,2000,2211]
[0,573,1346,1676,2211]
[0,209,573,768,919,1346,2000,2211]
[0,67,573,1183,1859,2000,2211]
[0,209,573,919,1183,2211]
[0,67,393,573,919,1183,2211]
[0,573,990,2211]
[0,393,573,919,1183,1979,2211]
[0,209,573,1346,1676,1859,2000,2211]
[0,209,573,919,1346,1676,1859,2000,2211]
[0,573,919,1202,2211]
