[0,61,309,1046]
[0,485,598,979,1046]
[0,679,1046]
[0,61,485,685,869,979,1046]
[0,61,292,485,685,869,979,1046]
[0,544,679,844,979,1046]
[0,61,485,685,1046]
[0,292,485,685,869,979,1046]
[0,61,485,1046]
[0,485,598,1046]
[0,61,309,485,598,844,979,1046]
[0,61,544,679,1046]
[0,292,485,685,869,1046]
[0,292,544,685,844,1046]
[0,61,309,544,679,844,979,1046]
[0,61,292,590,979,1046]
[0,309,598,1046]
[0,61,485,685,869,1046]
[0,309,679,844,1046]
[0,61,292,544,685,844,899,979,1046]
[0,309,544,679,844,1046]
[0,61,292,544,598,685,869,1046]
[0,61,292,544,685,1046]
[0,485,598,844,1046]
[0,485,685,869,1046]
[0,61,309,485,679,844,979,1046]
[0,61,544,598,679,844,979,1046]
[0,61,282,485,598,854,979,1046]
[0,309,485,598,979,1046]
[0,61,544,685,1046]
[0,309,485,679,844,1046]
[0,61,292,544,685,844,979,1046]
[0,273,485,685,1046]
[0,598,854,1046]
[0,61,979,1046]
[0,61,544,598,685,1046]
[0,292,590,1046]
[0,84,1046]
[0,61,273,685,1046]
[0,273,1046]
[0,61,544,679,844,1046]
[0,679,844,1046]
[0,292,685,869,1046]
[0,61,485,598,1046]
[0,61,292,544,685,869,979,1046]
[0,61,282,485,598,979,1046]
[0,282,598,854,1046]
[0,61,544,685,844,979,1046]
[0,61,309,598,1046]
[0,309,485,679,1046]
[0,309,485,679,844,979,1046]
[0,485,679,844,979,1046]
[0,61,485,598,844,979,1046]
[0,544,679,844,1046]
[0,61,544,679,844,979,1046]
[0,292,544,685,869,1046]
[0,273,685,1046]
[0,598,844,1046]
[0,598,1046]
[0,61,292,544,598,685,1046]
[0,292,1046]
[0,61,273,485,685,1046]
[0,61,309,485,598,979,1046]
[0,685,844,1046]
[0,292,485,685,1046]
[0,61,485,598,854,979,1046]
[0,292,685,1046]
[0,61,485,598,979,1046]
[0,282,485,598,1046]
[0,292,590,979,1046]
[0,292,544,685,869,979,1046]
[0,273,485,685,869,1046]
[0,61,273,485,685,869,1046]
[0,61,292,544,598,685,844,979,1046]
[0,544,679,1046]
[0,84,979,1046]
[0,309,1046]
[0,292,544,685,1046]
[0,309,679,1046]
[0,61,273,1046]
[0,309,544,679,844,979,1046]
[0,309,598,979,1046]
[0,485,1046]
[0,273,485,685,869,979,1046]
[0,485,679,1046]
[0,282,485,598,854,1046]
[0,485,598,854,979,1046]
[0,685,1046]
[0,485,598,844,979,1046]
[0,61,309,544,598,679,844,979,1046]
[0,544,685,869,1046]
[0,61,292,544,598,685,869,979,1046]
[0,544,685,1046]
[0,485,679,844,1046]
[0,282,485,598,979,1046]
[0,61,544,685,844,1046]
[0,485,685,869,979,1046]
[0,282,485,598,854,979,1046]
[0,61,309,598,979,1046]
[0,61,544,598,685,844,979,1046]
[0,282,598,1046]
[0,485,685,1046]
[0,544,685,869,979,1046]
[0,309,485,598,844,1046]
[0,309,485,598,1046]
[0,61,309,485,598,1046]
[0,590,1046]
[0,61,485,679,844,1046]
[0,309,485,598,844,979,1046]
[0,61,282,485,598,1046]
[0,61,292,1046]
[0,979,1046]
[0,309,598,844,1046]
[0,61,292,544,598,685,844,899,979,1046]
[0,685,869,1046]
[0,544,685,844,1046]
[0,61,273,485,685,869,979,1046]
[0,61,485,679,844,979,1046]
[0,485,598,854,1046]
[0,61,292,544,685,869,1046]
[0,61,292,590,1046]
[0,61,485,679,1046]
[0,544,685,844,979,1046]
[0,292,685,844,1046]
[0,292,544,685,844,979,1046]
[0,61,1046]
