[0,500,967,1056,1197]
[0,277,967,1048,1197]
[0,500,1048,1197]
[0,81,500,967,1048,1197]
[0,92,500,967,1056,1197]
[0,81,277,359,500,890,967,1056,1152,1197]
[0,277,1048,1152,1197]
[0,81,453,500,890,967,1048,1197]
[0,442,1197]
[0,81,500,890,967,1152,1197]
[0,277,890,967,1048,1197]
[0,92,500,1197]
[0,92,500,890,1152,1197]
[0,81,277,967,1048,1197]
[0,92,500,890,967,1056,1197]
[0,277,967,1048,1152,1197]
[0,277,500,1048,1197]
[0,81,967,1048,1197]
[0,500,890,967,1197]
[0,81,277,359,500,1197]
[0,476,890,1197]
[0,277,359,500,890,1197]
[0,277,500,1197]
[0,81,277,359,500,890,1197]
[0,81,277,359,500,890,967,1056,1197]
[0,81,277,453,500,890,967,1048,1197]
[0,92,476,890,1197]
[0,81,277,359,500,890,967,1048,1152,1197]
[0,277,359,500,890,967,1197]
[0,500,1197]
[0,1056,1152,1197]
[0,81,277,359,500,1048,1197]
[0,277,500,967,1048,1197]
[0,81,1048,1197]
[0,81,967,1056,1197]
[0,81,1197]
[0,81,277,359,453,500,890,967,1048,1197]
[0,277,1056,1152,1197]
[0,81,277,359,500,890,967,1048,1197]
[0,81,277,500,967,1048,1197]
[0,277,890,1197]
[0,81,277,359,967,1056,1197]
[0,81,500,890,967,1048,1197]
[0,500,890,1152,1197]
[0,92,967,1197]
[0,277,359,500,890,967,1048,1152,1197]
[0,92,500,890,967,1056,1152,1197]
[0,967,1056,1197]
[0,81,967,1048,1152,1197]
[0,277,359,500,1048,1197]
[0,81,890,967,1048,1197]
[0,277,500,890,967,1048,1197]
[0,92,890,1197]
[0,277,890,967,1056,1152,1197]
[0,277,500,890,967,1197]
[0,81,277,500,890,967,1048,1197]
[0,81,500,1197]
[0,277,500,890,967,1056,1152,1197]
[0,92,453,500,890,967,1056,1197]
[0,277,890,967,1197]
[0,277,1056,1197]
[0,277,359,500,890,967,1056,1197]
[0,81,500,890,1197]
[0,277,500,890,967,1056,1197]
[0,92,453,500,890,967,1056,1152,1197]
[0,1056,1197]
[0,277,1197]
[0,277,359,500,967,1056,1197]
[0,277,359,967,1056,1197]
[0,81,500,890,967,1197]
[0,92,1197]
[0,81,890,967,1048,1152,1197]
[0,967,1048,1197]
[0,500,890,967,1056,1197]
[0,92,476,890,1152,1197]
[0,277,1152,1197]
[0,81,1048,1152,1197]
[0,92,1152,1197]
[0,277,967,1197]
[0,500,1152,1197]
[0,500,890,1197]
[0,277,890,967,1056,1197]
[0,890,1197]
[0,500,890,967,1056,1152,1197]
[0,92,476,1197]
[0,277,1048,1197]
[0,81,890,1197]
[0,277,359,500,890,967,1048,1197]
[0,92,500,890,1197]
[0,81,277,359,500,967,1056,1197]
[0,277,359,500,890,967,1056,1152,1197]
[0,500,967,1056,1152,1197]
[0,277,359,500,1197]
[0,81,500,1152,1197]
[0,81,277,359,453,500,890,967,1048,1152,1197]
[0,277,967,1056,1152,1197]
[0,277,500,890,967,1048,1152,1197]
[0,500,1056,1152,1197]
[0,277,500,890,1197]
[0,92,890,1152,1197]
[0,277,500,967,1056,1197]
[0,277,890,967,1048,1152,1197]
[0,500,1056,1197]
[0,81,453,500,890,967,1048,1152,1197]
[0,81,500,890,967,1048,1152,1197]
[0,81,500,890,1152,1197]
[0,92,500,1056,1197]
[0,81,277,359,500,890,967,1197]
[0,277,967,1056,1197]
[0,500,967,1048,1197]
[0,81,277,359,500,967,1048,1197]
[0,81,890,967,1197]
[0,1152,1197]
[0,92,967,1056,1197]
[0,81,890,1152,1197]
[0,967,1197]
[0,81,1152,1197]
[0,81,277,967,1056,1197]
[0,81,277,453,500,890,967,1048,1152,1197]
[0,81,967,1197]
[0,476,1197]
[0,277,500,1056,1197]
[0,1048,1197]
[0,277,359,500,967,1048,1197]
[0,277,359,1197]
