[0,343,1427]
[0,105,343,466,556,675,783,853,984,1098,1330,1427]
[0,466,1427]
[0,105,1097,1427]
[0,87,329,466,589,675,853,995,1098,1330,1427]
[0,105,1330,1427]
[0,341,675,1427]
[0,675,1427]
[0,105,343,675,853,984,1098,1330,1427]
[0,105,343,466,675,853,984,1098,1427]
[0,343,675,853,984,1098,1427]
[0,329,466,589,995,1098,1427]
[0,466,675,853,995,1098,1427]
[0,329,466,1098,1427]
[0,329,675,1427]
[0,341,675,1330,1427]
[0,329,466,995,1098,1427]
[0,105,675,853,1330,1427]
[0,683,1098,1427]
[0,105,675,1098,1427]
[0,466,675,853,1427]
[0,87,329,466,589,675,783,853,995,1098,1330,1427]
[0,466,589,675,995,1098,1427]
[0,329,675,853,995,1098,1330,1427]
[0,105,343,466,556,675,853,984,1098,1427]
[0,683,1427]
[0,329,675,853,995,1427]
[0,341,675,828,1097,1330,1427]
[0,329,466,589,1098,1427]
[0,105,675,1098,1330,1427]
[0,343,466,675,853,1427]
[0,675,853,1330,1427]
[0,105,675,853,1098,1330,1427]
[0,87,329,675,853,995,1098,1330,1427]
[0,343,466,675,853,984,1098,1427]
[0,343,667,1097,1330,1427]
[0,466,675,853,995,1427]
[0,105,343,466,675,853,1330,1427]
[0,341,675,995,1098,1330,1427]
[0,105,343,466,675,853,1427]
[0,105,1098,1427]
[0,828,1427]
[0,105,466,675,1098,1330,1427]
[0,329,466,675,853,995,1427]
[0,589,675,1427]
[0,667,1427]
[0,329,675,853,995,1098,1427]
[0,105,343,466,675,853,984,1098,1330,1427]
[0,853,984,1098,1427]
[0,780,1097,1427]
[0,341,675,1098,1427]
[0,675,828,1427]
[0,105,675,853,1098,1427]
[0,466,589,995,1098,1427]
[0,329,1098,1427]
[0,105,343,675,853,1330,1427]
[0,667,1097,1427]
[0,466,589,675,853,995,1098,1427]
[0,87,343,667,1097,1330,1427]
[0,466,675,1098,1427]
[0,589,675,1098,1427]
[0,329,995,1098,1427]
[0,589,675,853,995,1098,1427]
[0,105,343,675,853,1427]
[0,343,675,853,984,1427]
[0,341,1098,1427]
[0,675,853,1098,1427]
[0,341,675,1097,1427]
[0,87,343,667,1097,1427]
[0,329,466,675,853,995,1098,1330,1427]
[0,853,995,1098,1427]
[0,329,466,675,853,995,1098,1427]
[0,87,329,466,589,675,853,995,1098,1427]
[0,105,1427]
[0,589,1427]
[0,105,780,1097,1427]
[0,675,853,1427]
[0,105,780,1097,1330,1427]
[0,675,853,995,1098,1427]
[0,466,853,1427]
[0,87,341,675,828,1330,1427]
[0,853,1427]
[0,87,329,466,589,675,995,1098,1427]
[0,87,329,675,853,995,1098,1427]
[0,1097,1427]
[0,329,1427]
[0,341,675,995,1098,1427]
[0,1330,1427]
[0,675,995,1098,1427]
[0,87,341,675,995,1098,1427]
[0,341,675,828,1427]
[0,105,1098,1330,1427]
[0,589,1098,1427]
[0,343,675,853,1427]
[0,87,341,675,995,1098,1330,1427]
[0,675,1097,1427]
[0,675,1330,1427]
[0,87,341,675,828,1097,1330,1427]
[0,329,466,589,675,853,995,1098,1427]
[0,87,329,466,675,853,995,1098,1330,1427]
[0,105,343,466,556,675,853,984,1098,1330,1427]
[0,87,329,466,589,995,1098,1330,1427]
[0,675,853,984,1098,1427]
[0,329,466,589,675,995,1098,1427]
[0,589,675,995,1098,1427]
[0,329,466,589,995,1098,1330,1427]
[0,105,683,1098,1427]
[0,675,853,984,1427]
[0,105,675,853,1427]
[0,341,675,828,1097,1427]
[0,675,853,995,1427]
[0,105,466,675,1098,1427]
[0,984,1098,1427]
[0,341,675,828,1330,1427]
[0,105,343,675,853,984,1098,1427]
[0,466,589,1098,1427]
[0,589,995,1098,1427]
[0,343,675,1427]
[0,87,329,466,589,995,1098,1427]
[0,995,1098,1427]
[0,105,1097,1330,1427]
[0,87,329,466,589,675,995,1098,1330,1427]
[0,1098,1427]
[0,341,1427]
[0,87,329,466,675,853,995,1098,1427]
[0,341,995,1098,1427]
[0,329,675,853,1427]
[0,675,1098,1427]
[0,343,466,675,853,984,1427]
[0,853,984,1427]
[0,853,995,1427]
[0,466,1098,1427]
[0,343,667,1097,1427]
