[0,1292,2759]
[0,1173,1600,2307,2759]
[0,207,2759]
[0,207,1173,1292,1715,2307,2759]
[0,1173,1715,2307,2759]
[0,207,1173,1292,1715,2201,2307,2759]
[0,207,1256,1600,2189,2307,2759]
[0,207,1173,1715,2201,2307,2759]
[0,1173,2043,2307,2759]
[0,1173,2759]
[0,207,1173,1292,2043,2201,2307,2759]
[0,1256,2069,2307,2759]
[0,207,1173,1715,2307,2759]
[0,843,1256,2307,2759]
[0,207,1173,1292,2307,2759]
[0,207,1256,2069,2307,2759]
[0,207,1173,1600,2307,2759]
[0,207,1173,2307,2759]
[0,207,1256,2189,2307,2759]
[0,207,843,1256,2069,2307,2759]
[0,207,1173,1292,2201,2307,2759]
[0,207,843,1256,1600,2307,2759]
[0,207,1292,2201,2307,2759]
[0,1256,2189,2307,2759]
[0,207,843,1256,1600,2069,2307,2759]
[0,207,1173,2069,2307,2759]
[0,1173,2069,2307,2759]
[0,207,1292,2307,2759]
[0,1173,2201,2307,2759]
[0,1256,2759]
[0,1173,1715,2759]
[0,1173,2307,2759]
[0,1117,2269,2759]
[0,1117,2759]
[0,843,1256,2069,2307,2759]
[0,207,843,1256,1600,2189,2307,2759]
[0,207,1173,2043,2307,2759]
[0,207,1256,2307,2759]
[0,207,1173,1292,2069,2307,2759]
[0,207,1173,2201,2307,2759]
[0,843,1256,1600,2307,2759]
[0,843,1256,1600,2069,2307,2759]
[0,207,1173,1600,2201,2307,2759]
[0,1256,2307,2759]
[0,1256,1600,2307,2759]
[0,1292,2201,2307,2759]
[0,1292,2307,2759]
[0,207,1173,1292,2043,2307,2759]
[0,207,1256,1600,2307,2759]
