[0,328,627,1466,1875]
[0,328,627,860,1498,1875]
[0,49,328,377,627,860,1466,1875]
[0,49,328,377,627,860,1499,1875]
[0,328,474,627,860,1356,1499,1875]
[0,328,474,627,860,1356,1466,1875]
[0,973,1498,1875]
[0,328,377,627,860,1356,1466,1875]
[0,328,377,627,860,1356,1499,1875]
[0,328,474,627,1498,1875]
[0,328,627,973,1498,1875]
[0,328,474,627,860,1466,1875]
[0,49,328,377,627,860,1356,1499,1875]
[0,377,627,860,1356,1499,1875]
[0,49,328,377,627,860,1356,1466,1875]
[0,377,627,860,1356,1466,1875]
[0,328,1498,1875]
[0,328,377,627,860,1499,1875]
[0,1498,1875]
[0,49,328,474,627,973,1498,1875]
[0,328,377,627,860,1466,1875]
[0,377,627,1466,1875]
[0,377,627,1499,1875]
[0,328,474,973,1498,1875]
[0,377,474,627,860,1356,1466,1875]
[0,377,474,627,860,1356,1499,1875]
[0,328,474,627,973,1498,1875]
[0,328,377,474,627,860,1356,1466,1875]
[0,328,377,474,627,860,1356,1499,1875]
[0,49,328,474,627,860,1498,1875]
[0,328,627,1498,1875]
[0,328,474,1498,1875]
[0,328,474,627,860,1498,1875]
[0,973,1875]
[0,328,973,1498,1875]
[0,377,627,860,1466,1875]
[0,377,1497,1875]
[0,377,1466,1875]
[0,377,1499,1875]
[0,328,474,627,1466,1875]
[0,328,474,627,1499,1875]
[0,49,328,474,627,860,1356,1499,1875]
[0,377,627,860,1499,1875]
[0,328,627,860,1466,1875]
[0,328,627,860,1499,1875]
[0,1497,1875]
[0,328,1466,1875]
[0,377,1875]
[0,49,328,474,627,860,1356,1466,1875]
[0,328,1875]
[0,328,474,1499,1875]
[0,49,328,377,474,627,860,1356,1466,1875]
[0,49,328,474,627,860,1466,1875]
[0,49,328,474,627,860,1499,1875]
[0,328,1499,1875]
[0,328,627,1499,1875]
[0,1466,1875]
[0,1499,1875]
[0,49,328,377,474,627,860,1356,1499,1875]
[0,377,1498,1875]
[0,328,474,1466,1875]
[0,328,474,627,860,1499,1875]
