7.334143830682313125e-02
1.868844360921197503e-02
1.562183586214289585e-02
1.060922233933571726e-02
8.087517326518684282e-03
7.930870742160733497e-03
7.559057764813433174e-03
7.196684761382199542e-03
6.952540935364998238e-03
6.752491831496744076e-03
6.489320955275994403e-03
6.217565713915722096e-03
6.031589577730904310e-03
5.851383160042561600e-03
5.635260327301598593e-03
5.501259807519622014e-03
5.242615743273346465e-03
5.174052782640999049e-03
5.120869853976989065e-03
5.065304510704547736e-03
4.936497093830042454e-03
4.862895837793665063e-03
4.772561760211814323e-03
4.709384531552561134e-03
4.593212667451366908e-03
4.469355795005821100e-03
4.395397254961236691e-03
4.339535650825330527e-03
4.282287403227089811e-03
4.259722414432333577e-03
4.206107503379103753e-03
4.163653190077695569e-03
4.144184530536751225e-03
4.026679722213363788e-03
3.964354483314367489e-03
3.947156836447401201e-03
3.912555253920794833e-03
3.887474710344787036e-03
3.873227045501385565e-03
3.833219079220827503e-03
3.759830326136844991e-03
3.753294798612468591e-03
3.678589567737609433e-03
3.653394902837263630e-03
3.633341796455373442e-03
3.594387882563723595e-03
3.560781197659553497e-03
3.516641787634253863e-03
3.489135623410467759e-03
3.473358510007237138e-03
3.447712304765742936e-03
3.429171421097289372e-03
3.390430620897030237e-03
3.335125823144817481e-03
3.326386234134854486e-03
3.309347646664440555e-03
3.288385077837504677e-03
3.228103948404036257e-03
3.186361182975448562e-03
3.171260253978973234e-03
3.161792322179852316e-03
3.113482089027271981e-03
3.076029990478342663e-03
3.062514367113807357e-03
3.020493599357777781e-03
3.012046037906516028e-03
2.990032697580675622e-03
2.984035383603539458e-03
2.960586915343016521e-03
2.924546910710764270e-03
2.905453616661685372e-03
2.866026862687874946e-03
2.860248272325332120e-03
2.814994384841223909e-03
2.792974246451435799e-03
2.783937237724995288e-03
2.755625931148798086e-03
2.728212988781829676e-03
2.720476694846887377e-03
2.697062253263337456e-03
2.683618361498218106e-03
2.659793934520226100e-03
2.648147373427516341e-03
2.623434222682410281e-03
2.620039424573860232e-03
2.598805017845714962e-03
2.576397667777661528e-03
2.562927039698465002e-03
2.540159333466983360e-03
2.527495441495594252e-03
2.498254979663729579e-03
2.481980524464148276e-03
2.469705874902810780e-03
2.450665129090631288e-03
2.430873182924171965e-03
2.425396235897274173e-03
2.405503977224192867e-03
2.398641691935588655e-03
2.378185517826556482e-03
2.368558608417905675e-03
2.350672949213348812e-03
2.334296416851680371e-03
2.321172836209470843e-03
2.302347451452249442e-03
2.285758193752556247e-03
2.281813237700559480e-03
2.276413927645975360e-03
2.270281695145019967e-03
2.252232099226675333e-03
2.227662551403989787e-03
2.220593342937387995e-03
2.196845503292602260e-03
2.183894740754004169e-03
2.175535260427338257e-03
2.158445558757335261e-03
2.143910280784764536e-03
2.135108195407438639e-03
2.117867321767712575e-03
2.101184866045728052e-03
2.091818068757319779e-03
2.079281652435416121e-03
2.057979398675845520e-03
2.046878587932572224e-03
2.028080015055165261e-03
2.020952758785341755e-03
2.011078762673478969e-03
2.001388449442543724e-03
1.996488327710107136e-03
1.976611846455596233e-03
1.966820602536080258e-03
1.964092717366468926e-03
1.953416666266137233e-03
1.945195083774749548e-03
1.928407319766178418e-03
1.918165837400486731e-03
1.907786478929879770e-03
1.893239142087069877e-03
1.883109375303931811e-03
1.873910393534960160e-03
1.858075977884818090e-03
1.849157126751962369e-03
1.834423384379471351e-03
1.830005607029574610e-03
1.816619063971213746e-03
1.808368875957405437e-03
1.800866242101563982e-03
1.796676973916191272e-03
1.782303298072750132e-03
1.771619144652311281e-03
1.757764206806468853e-03
1.756132408280689080e-03
1.741083892327114366e-03
1.729803724590531049e-03
1.713881887023596933e-03
1.702483708856235723e-03
1.692549409131032011e-03
1.684498522319978269e-03
1.682246610819808667e-03
1.669196719672142370e-03
1.662211468500090963e-03
1.646190637202046619e-03
1.641868359563871619e-03
1.633401126279787445e-03
1.626814196343825611e-03
1.615509199153854865e-03
1.611562656440348454e-03
1.598155111469983175e-03
1.583732403599420616e-03
1.579324115112658994e-03
1.566576660494537398e-03
1.561039745242894482e-03
1.548644355754421210e-03
1.540322911100849065e-03
1.521771737889778464e-03
1.516368745234933152e-03
1.514707781880876136e-03
1.509631700819043633e-03
1.499672653201880460e-03
1.496566442659216095e-03
1.481152796333050619e-03
1.465272831618645794e-03
1.459075450465157579e-03
1.452399379662266303e-03
1.440086680317610984e-03
1.435638450715962097e-03
1.430171252054742142e-03
1.416065945583548299e-03
1.414622569586773508e-03
1.400732559087162002e-03
1.397669229362312384e-03
1.380795276599656356e-03
1.376793031796846260e-03
1.360605967926949503e-03
1.356074551902064062e-03
1.348951110659967010e-03
1.339024124254908302e-03
1.323280641773462527e-03
1.320322267230748890e-03
1.311850347309300932e-03
1.284883109995143755e-03
