[0,108,585,838,1086,1197]
[0,108,317,520,838,1197]
[0,240,1197]
[0,108,1197]
[0,108,236,415,585,630,838,1086,1197]
[0,603,1197]
[0,214,1197]
[0,603,838,1197]
[0,415,585,838,1086,1197]
[0,214,585,914,1197]
[0,108,236,585,630,838,1086,1197]
[0,236,585,838,1086,1197]
[0,317,838,1197]
[0,236,585,838,1197]
[0,108,317,603,838,1197]
[0,317,603,838,1197]
[0,240,603,838,1197]
[0,108,603,838,1197]
[0,585,1197]
[0,838,1197]
[0,236,415,585,838,1086,1197]
[0,108,236,585,838,1197]
[0,236,603,838,1197]
[0,585,838,1197]
[0,108,236,603,838,1147,1197]
[0,585,838,1086,1197]
[0,214,585,838,1197]
[0,240,838,1197]
[0,236,415,585,838,1197]
[0,108,520,838,1197]
[0,317,585,838,1197]
[0,108,317,585,838,1197]
[0,108,236,585,630,838,1197]
[0,108,240,603,838,1197]
[0,236,838,1197]
[0,214,914,1197]
[0,108,236,415,585,838,1086,1197]
[0,108,585,838,1197]
[0,520,1197]
[0,520,838,1197]
[0,585,914,1197]
[0,108,236,585,838,1086,1197]
[0,108,317,603,838,1147,1197]
[0,108,236,603,838,1197]
[0,108,838,1197]
[0,914,1197]
[0,317,520,838,1197]
[0,415,585,838,1197]
