[0,625,1285,1427]
[0,625,913,1427]
[0,625,913,1285,1427]
[0,715,1427]
[0,303,474,625,715,913,1285,1427]
[0,474,715,913,1132,1427]
[0,715,1132,1427]
[0,64,303,718,928,1285,1427]
[0,537,625,718,888,1007,1285,1427]
[0,303,537,625,718,888,1007,1132,1427]
[0,64,303,537,625,718,888,1007,1285,1427]
[0,303,715,1427]
[0,303,718,888,1285,1427]
[0,662,888,1427]
[0,303,718,888,1007,1132,1285,1427]
[0,303,537,662,888,1285,1427]
[0,718,888,1132,1427]
[0,64,303,553,718,939,1285,1427]
[0,303,474,625,715,913,980,1285,1427]
[0,64,303,553,718,928,1285,1382,1427]
[0,474,715,1132,1427]
[0,64,537,625,718,888,1285,1427]
[0,303,662,888,1285,1427]
[0,474,625,913,1285,1427]
[0,64,718,939,1427]
[0,718,888,1007,1285,1427]
[0,64,303,537,625,718,888,1285,1382,1427]
[0,303,553,718,939,1427]
[0,64,303,474,715,913,1285,1427]
[0,697,939,1285,1427]
[0,64,303,537,662,888,1285,1382,1427]
[0,303,537,625,718,888,1007,1285,1427]
[0,303,718,888,1132,1285,1427]
[0,303,625,718,888,1285,1427]
[0,303,718,939,1427]
[0,537,662,888,1007,1285,1427]
[0,64,625,1285,1427]
[0,303,718,928,1427]
[0,718,939,1427]
[0,718,1427]
[0,718,939,1285,1427]
[0,537,625,718,888,1007,1132,1427]
[0,64,662,888,1427]
[0,303,474,715,913,1132,1427]
[0,718,928,1427]
[0,718,888,1427]
[0,303,537,625,718,888,1285,1427]
[0,303,625,913,1427]
[0,64,303,474,625,715,913,980,1285,1427]
[0,64,303,537,625,718,888,1007,1285,1382,1427]
[0,553,718,928,1427]
[0,64,303,537,625,718,888,1007,1132,1285,1427]
[0,64,537,625,718,888,1007,1132,1427]
[0,662,1427]
[0,303,718,1132,1427]
[0,718,888,1007,1132,1427]
[0,715,913,1132,1427]
[0,759,1285,1427]
[0,64,625,718,888,1007,1132,1427]
[0,303,474,625,715,913,1132,1285,1427]
[0,718,928,1285,1427]
[0,64,625,1427]
[0,537,662,888,1285,1427]
[0,303,474,625,913,1285,1427]
[0,64,718,888,1007,1132,1427]
[0,303,625,1427]
[0,303,474,715,913,1285,1427]
[0,697,1427]
[0,303,715,913,1285,1427]
[0,64,625,913,1285,1427]
[0,64,715,913,1285,1427]
[0,64,303,537,625,718,888,1007,1132,1285,1382,1427]
[0,64,303,474,625,913,1285,1427]
[0,303,718,928,1285,1427]
[0,64,625,718,888,1285,1427]
[0,64,474,625,913,1285,1427]
[0,474,715,1427]
[0,303,662,1427]
[0,64,537,662,888,1285,1427]
[0,64,303,553,718,928,1285,1427]
[0,625,718,888,1285,1427]
[0,303,474,715,913,1132,1285,1427]
[0,64,718,928,1427]
[0,64,718,888,1285,1427]
[0,303,537,625,718,888,1007,1132,1285,1427]
[0,303,625,718,888,1007,1132,1285,1427]
[0,64,662,888,1285,1427]
[0,718,888,1132,1285,1427]
[0,625,718,888,1007,1132,1427]
[0,303,625,718,888,1007,1285,1427]
[0,303,718,888,1007,1285,1427]
[0,64,303,537,662,888,1285,1427]
[0,64,303,474,625,715,913,1285,1427]
[0,715,913,1427]
[0,64,715,913,1427]
[0,303,553,718,928,1285,1427]
[0,303,553,718,939,1285,1427]
[0,64,303,718,939,1285,1427]
[0,718,888,1285,1427]
[0,303,715,913,1427]
[0,64,625,913,1427]
[0,64,718,888,1427]
[0,474,715,913,1285,1427]
[0,303,474,625,715,913,980,1132,1285,1427]
[0,715,913,1285,1427]
[0,303,553,718,928,1427]
[0,537,625,718,888,1285,1427]
[0,537,625,718,888,1007,1132,1285,1427]
[0,64,718,1427]
[0,64,303,537,662,888,1007,1285,1427]
[0,64,303,537,625,718,888,1007,1132,1427]
[0,303,537,662,888,1007,1285,1427]
[0,303,662,888,1427]
[0,303,718,1427]
[0,662,888,1285,1427]
[0,303,718,888,1132,1427]
[0,303,718,939,1285,1427]
[0,303,718,888,1427]
[0,64,718,888,1132,1427]
[0,64,303,537,625,718,888,1285,1427]
[0,474,625,913,1427]
[0,303,474,715,913,1427]
[0,64,718,939,1285,1427]
[0,718,888,1007,1132,1285,1427]
[0,474,715,913,1427]
[0,64,303,474,625,715,913,980,1132,1285,1427]
[0,625,718,888,1007,1285,1427]
[0,553,718,939,1285,1427]
[0,718,1132,1427]
[0,303,625,718,888,1007,1132,1427]
[0,64,303,715,913,1285,1427]
[0,64,718,928,1285,1427]
[0,625,1427]
[0,303,718,888,1007,1132,1427]
[0,759,1427]
[0,303,474,625,913,1427]
[0,625,718,888,1007,1132,1285,1427]
[0,553,718,928,1285,1427]
[0,553,718,939,1427]
[0,64,303,537,662,888,1007,1285,1382,1427]
[0,697,939,1427]
