[0,117,465,621,922]
[0,117,419,621,922]
[0,218,465,621,922]
[0,267,922]
[0,267,621,922]
[0,117,267,404,621,922]
[0,621,922]
[0,267,665,922]
[0,267,404,621,922]
[0,267,404,665,922]
[0,267,612,922]
[0,612,922]
[0,117,234,392,478,621,730,922]
[0,478,621,922]
[0,478,665,922]
[0,117,478,621,922]
[0,117,478,665,922]
[0,218,478,642,922]
[0,117,267,404,478,546,621,922]
[0,117,267,404,478,546,665,922]
[0,117,234,392,478,546,621,730,922]
[0,665,922]
[0,117,267,419,621,922]
[0,218,642,922]
[0,117,267,404,478,546,621,665,922]
[0,117,267,419,621,730,922]
[0,117,267,404,665,922]
[0,117,267,419,478,546,621,922]
[0,117,267,419,478,546,621,730,922]
[0,117,267,404,621,730,922]
[0,117,267,404,478,621,922]
[0,267,419,621,922]
[0,117,234,478,546,621,922]
[0,234,621,922]
[0,117,267,478,546,665,922]
[0,234,478,621,922]
[0,419,621,922]
[0,117,218,267,404,478,546,665,922]
[0,117,218,267,404,478,546,621,665,922]
[0,117,267,478,665,922]
[0,117,234,419,621,922]
[0,117,267,404,478,546,621,730,922]
[0,117,404,621,922]
[0,117,404,665,922]
[0,642,922]
[0,465,621,922]
[0,404,922]
[0,117,234,392,478,546,621,922]
[0,267,478,665,922]
[0,218,621,922]
[0,117,234,478,621,922]
[0,117,234,392,478,621,922]
[0,117,267,404,546,665,922]
[0,404,665,922]
[0,117,234,478,621,730,922]
[0,117,621,922]
[0,117,478,546,621,922]
[0,267,404,546,665,922]
[0,117,478,546,665,922]
[0,267,478,621,922]
[0,404,621,922]
[0,117,267,404,478,621,730,922]
[0,117,267,419,546,621,922]
[0,234,419,621,922]
[0,117,665,922]
[0,117,267,419,546,621,730,922]
