[0,390,598,801,950,1356,1703,1906,2211]
[0,390,598,719,1356,1906,2069,2211]
[0,598,2211]
[0,391,598,719,1356,1906,2211]
[0,658,1356,2211]
[0,578,2211]
[0,390,598,1356,1703,1906,2069,2211]
[0,390,598,801,1356,1906,2211]
[0,390,598,719,1356,1703,1906,2069,2211]
[0,390,598,719,1356,2211]
[0,391,598,719,1356,2211]
[0,391,598,801,950,1356,1906,2211]
[0,391,658,898,1356,1906,2211]
[0,390,598,801,1356,1703,1906,2211]
[0,391,598,1356,2211]
[0,390,598,1356,1703,1906,2211]
[0,391,598,801,1356,1906,2211]
[0,51,391,658,898,1356,1906,2211]
[0,598,1356,2211]
[0,390,598,1356,2211]
[0,390,598,801,1356,1703,1906,2069,2211]
[0,598,801,1906,2211]
[0,598,801,1356,2211]
[0,391,658,898,1356,2211]
[0,391,658,1356,2211]
[0,391,658,1356,1906,2211]
[0,578,1356,2211]
[0,390,598,719,1356,1906,2211]
[0,51,391,598,718,801,950,1356,1906,2211]
[0,390,598,1906,2211]
[0,391,598,718,801,950,1356,1906,2211]
[0,598,801,2211]
[0,1356,2211]
[0,598,1356,1906,2211]
[0,51,391,598,801,950,1356,1906,2211]
[0,598,1906,2211]
[0,51,390,598,719,1356,1703,1906,2069,2211]
[0,51,391,598,719,1356,1906,2211]
[0,390,598,801,1906,2069,2211]
[0,658,1356,1906,2211]
[0,598,719,1356,2211]
[0,391,598,801,1356,2211]
[0,390,598,801,950,1356,1703,1906,2069,2211]
[0,51,390,598,801,1356,1703,1906,2069,2211]
[0,658,2211]
[0,390,598,801,1356,1906,2069,2211]
[0,51,390,598,801,950,1356,1703,1906,2069,2211]
[0,390,598,1356,1906,2069,2211]
[0,391,598,1356,1906,2211]
[0,390,598,1356,1906,2211]
[0,390,598,801,1356,2211]
[0,390,598,801,1906,2211]
