[0,647,973,1178,1359,1941,2043,2524,2641,2824]
[0,647,1178,1941,2043,2315,2524,2641,2824]
[0,647,1178,2150,2641,2824]
[0,647,1178,1975,2824]
[0,1178,2229,2824]
[0,647,1178,1359,1695,2043,2150,2524,2641,2824]
[0,647,1178,2150,2524,2641,2824]
[0,647,973,1178,1359,2043,2524,2824]
[0,734,1178,1367,2229,2524,2824]
[0,647,1178,2043,2641,2824]
[0,734,1178,2229,2524,2641,2824]
[0,1178,2150,2524,2824]
[0,647,1178,1359,1695,2150,2524,2641,2824]
[0,647,973,1178,1941,2043,2315,2524,2641,2824]
[0,647,1178,1359,2150,2524,2641,2824]
[0,647,1178,1359,1695,2150,2524,2824]
[0,1178,2150,2524,2641,2824]
[0,647,1178,2038,2524,2824]
[0,647,1178,2150,2524,2824]
[0,647,1178,2043,2524,2824]
[0,647,1178,1359,1695,2043,2524,2824]
[0,734,1178,1367,2229,2524,2641,2824]
[0,1178,1993,2824]
[0,1178,2043,2524,2641,2824]
[0,647,1178,1359,2150,2824]
[0,647,1178,1367,2229,2641,2824]
[0,1178,2038,2524,2824]
[0,647,1178,2038,2824]
[0,647,1178,2038,2524,2641,2824]
[0,647,973,1178,1941,2043,2524,2641,2824]
[0,647,1178,2038,2315,2524,2641,2824]
[0,647,1178,2043,2315,2524,2824]
[0,647,1178,2150,2824]
[0,647,1178,1695,2150,2824]
[0,647,1178,1367,2229,2824]
[0,647,1178,2038,2315,2524,2824]
[0,1178,2229,2524,2641,2824]
[0,647,1178,2043,2315,2524,2641,2824]
[0,647,973,1178,1367,1941,2043,2315,2524,2641,2824]
[0,647,973,1178,1367,2043,2315,2524,2641,2824]
[0,647,1178,1941,2043,2524,2641,2824]
[0,1178,1975,2824]
[0,734,1178,2229,2524,2824]
[0,647,1178,1359,2150,2641,2824]
[0,647,1178,1695,2043,2824]
[0,1178,2229,2524,2824]
[0,1178,2043,2824]
[0,647,1178,1359,2043,2641,2824]
[0,647,1178,2229,2824]
[0,647,973,1178,2043,2524,2641,2824]
[0,1178,2824]
[0,647,1178,2043,2524,2641,2824]
[0,647,1178,1359,2043,2524,2824]
[0,734,1178,2229,2824]
[0,647,1178,1359,2150,2524,2824]
[0,647,1178,1993,2824]
[0,647,1178,1359,2043,2150,2641,2824]
[0,647,973,1178,2043,2524,2824]
[0,647,973,1178,2043,2824]
[0,1178,2043,2524,2824]
[0,647,1178,1695,2043,2524,2824]
[0,647,1178,1695,2150,2524,2824]
[0,1178,1941,2043,2524,2641,2824]
[0,647,1178,1359,1695,2043,2524,2641,2824]
[0,647,1178,1359,2043,2524,2641,2824]
[0,1178,2038,2824]
[0,647,973,1178,2043,2315,2524,2641,2824]
[0,1178,2150,2824]
[0,1178,2038,2524,2641,2824]
[0,647,973,1178,2043,2315,2524,2824]
[0,647,1178,2043,2824]
[0,647,973,1178,1367,2043,2315,2524,2824]
[0,647,973,1178,1359,2043,2524,2641,2824]
