[0,217,670,874,1125,1642]
[0,217,670,874,1125,1577,1642]
[0,217,1567,1642]
[0,166,334,670,874,1125,1429,1577,1642]
[0,334,670,874,1125,1642]
[0,166,334,874,1642]
[0,166,334,670,723,874,1125,1577,1642]
[0,217,334,874,1577,1642]
[0,1125,1642]
[0,217,334,670,874,1125,1577,1642]
[0,166,334,670,874,1125,1642]
[0,334,1577,1642]
[0,166,334,874,1125,1642]
[0,217,334,670,723,874,1125,1577,1642]
[0,217,334,1642]
[0,217,334,874,1125,1577,1642]
[0,166,334,670,874,1125,1429,1642]
[0,217,670,874,1567,1642]
[0,217,670,723,874,1125,1577,1642]
[0,874,1642]
[0,293,1642]
[0,217,334,874,1125,1642]
[0,217,1577,1642]
[0,217,874,1577,1642]
[0,166,334,874,1567,1642]
[0,166,334,874,1125,1567,1642]
[0,334,874,1125,1642]
[0,166,334,670,874,1125,1567,1642]
[0,217,334,874,1642]
[0,293,723,1453,1642]
[0,217,670,874,1125,1567,1642]
[0,217,670,874,1577,1642]
[0,334,874,1567,1642]
[0,670,1453,1642]
[0,217,334,670,874,1125,1642]
[0,334,1642]
[0,334,874,1642]
[0,334,670,874,1125,1429,1642]
[0,217,670,874,1642]
[0,293,723,1642]
[0,217,1642]
[0,217,670,723,874,1577,1642]
[0,217,874,1125,1642]
[0,874,1125,1642]
[0,166,334,670,874,1642]
[0,334,1567,1642]
[0,166,334,670,723,874,1577,1642]
[0,334,874,1125,1577,1642]
[0,217,874,1567,1642]
[0,670,1125,1642]
[0,166,334,874,1125,1577,1642]
[0,166,334,670,874,1125,1577,1642]
[0,166,334,670,874,1577,1642]
[0,334,874,1577,1642]
[0,723,1642]
[0,670,1642]
[0,217,874,1642]
[0,166,334,874,1577,1642]
[0,334,670,874,1642]
[0,334,874,1125,1429,1642]
