[0,631,1282,1497,2812]
[0,310,2812]
[0,186,634,1282,2812]
[0,1002,1282,1497,2812]
[0,186,631,1282,1497,2812]
[0,893,2812]
[0,893,1282,1497,2536,2812]
[0,186,559,2361,2536,2812]
[0,559,1002,1282,1497,1809,2812]
[0,631,1282,1809,2361,2812]
[0,186,2812]
[0,186,559,2812]
[0,1002,1282,1497,1809,2812]
[0,186,559,893,1282,1497,2361,2812]
[0,1282,2536,2812]
[0,186,1282,1497,2361,2536,2812]
[0,559,893,1282,2812]
[0,634,1282,1809,2812]
[0,634,1282,2812]
[0,631,1282,1809,2812]
[0,186,631,1282,1497,2361,2536,2812]
[0,186,559,634,1282,1497,2812]
[0,1002,1282,1809,2812]
[0,186,1282,1497,1809,2361,2812]
[0,893,2361,2812]
[0,893,1282,2536,2812]
[0,1282,2812]
[0,893,1282,1497,2812]
[0,559,631,1497,2812]
[0,186,559,634,1002,1282,1497,1809,2769,2812]
[0,1282,1497,1809,2812]
[0,186,631,1282,1497,1809,2361,2812]
[0,186,559,631,1282,1497,1809,2361,2812]
[0,559,893,1282,1497,2536,2812]
[0,631,1282,2361,2812]
[0,186,559,631,1282,1497,2812]
[0,186,559,631,1282,1497,2361,2536,2812]
[0,1282,1497,1809,2361,2812]
[0,186,559,634,1282,1497,1809,2769,2812]
[0,634,1282,1497,1809,2812]
[0,186,559,631,1282,1497,2361,2769,2812]
[0,186,631,1282,2812]
[0,893,1282,2812]
[0,1282,1809,2361,2812]
[0,186,893,1282,1497,2769,2812]
[0,186,559,893,1282,1497,2536,2812]
[0,2536,2812]
[0,631,1282,1497,1809,2812]
[0,186,559,631,1282,1497,2361,2536,2769,2812]
[0,310,1409,2812]
[0,559,2536,2812]
[0,186,559,1002,1282,1497,2812]
[0,893,1282,2361,2812]
[0,186,559,631,1282,1497,2361,2812]
[0,186,559,893,1282,1497,2361,2536,2812]
[0,186,559,634,1002,1282,1497,2769,2812]
[0,634,1282,1497,2812]
[0,186,559,631,1282,1497,1809,2769,2812]
[0,186,559,631,1282,1497,1809,2361,2769,2812]
[0,631,1497,2812]
[0,631,1282,1497,2361,2812]
[0,186,1002,1282,1497,2730,2812]
[0,186,1002,1282,1497,2812]
[0,631,1282,2536,2812]
[0,186,559,631,1282,1497,1809,2361,2536,2769,2812]
[0,186,559,893,1282,1497,2361,2536,2769,2812]
[0,1282,1497,2536,2812]
[0,186,631,1282,1497,2536,2812]
[0,186,1282,1497,2812]
[0,559,893,1282,2536,2812]
[0,559,893,1282,1497,2812]
[0,186,559,634,1282,1497,2769,2812]
[0,186,559,2536,2812]
[0,559,1282,1809,2812]
[0,186,559,631,1282,2812]
[0,186,559,893,1282,1497,2361,2769,2812]
[0,186,559,1002,1282,1497,1809,2812]
[0,1282,1497,2812]
[0,186,893,1282,1497,2812]
[0,186,1282,1497,1809,2812]
[0,186,631,1282,1497,1809,2812]
[0,186,559,893,1282,1497,2812]
[0,186,559,634,1282,1497,1809,2812]
[0,186,559,631,1282,1497,2536,2812]
[0,559,1002,1282,2812]
[0,559,631,2812]
[0,186,1002,1282,1497,2769,2812]
[0,186,634,1282,1497,1809,2812]
[0,631,1282,1497,2536,2812]
[0,631,1282,1497,1809,2361,2812]
[0,631,1282,2812]
[0,1282,1809,2812]
[0,186,1409,2730,2812]
[0,186,631,1282,1497,2361,2812]
[0,186,1002,1282,1497,1809,2812]
[0,559,893,1282,2361,2812]
[0,186,559,631,1282,1497,2769,2812]
[0,559,1282,2812]
[0,1409,2812]
[0,1497,2812]
[0,186,1282,1497,1809,2361,2536,2812]
[0,559,1002,1282,1497,2812]
[0,186,559,631,1282,1497,1809,2361,2536,2812]
[0,1002,1282,2812]
[0,1282,2361,2812]
[0,186,559,893,1282,1497,2769,2812]
[0,186,559,631,1282,1497,1809,2812]
[0,186,634,1282,1497,2812]
[0,186,1282,2812]
[0,559,2812]
[0,186,631,1282,1497,1809,2361,2536,2812]
[0,186,559,634,1002,1282,1497,2812]
[0,559,1002,1282,1809,2812]
[0,186,559,634,1282,2812]
[0,186,1282,1497,2730,2812]
[0,186,1409,2812]
[0,186,559,634,1002,1282,1497,1809,2812]
[0,186,1282,1497,2536,2812]
[0,559,893,1282,1497,2361,2812]
[0,186,1282,1497,2769,2812]
