[0,81,291,368,604,793,969]
[0,81,969]
[0,368,548,793,969]
[0,81,291,373,604,793,916,969]
[0,724,793,969]
[0,81,291,368,435,604,793,916,969]
[0,142,368,548,633,793,969]
[0,292,368,476,548,793,969]
[0,81,368,875,969]
[0,58,142,291,368,548,633,724,793,969]
[0,58,144,292,368,476,548,793,916,969]
[0,144,292,793,969]
[0,548,793,969]
[0,142,368,604,793,969]
[0,368,548,969]
[0,142,291,368,435,604,793,969]
[0,58,142,291,368,435,709,793,969]
[0,604,793,969]
[0,81,291,368,435,604,793,969]
[0,144,292,368,969]
[0,144,292,368,548,793,916,969]
[0,373,969]
[0,144,969]
[0,142,709,793,969]
[0,373,793,969]
[0,142,291,368,435,709,793,916,969]
[0,58,144,292,368,476,548,724,793,969]
[0,142,368,969]
[0,142,291,368,969]
[0,291,969]
[0,144,793,969]
[0,368,875,969]
[0,368,969]
[0,58,368,793,969]
[0,142,291,368,548,793,969]
[0,81,368,604,793,969]
[0,81,368,969]
[0,81,604,793,969]
[0,144,368,969]
[0,291,373,604,793,969]
[0,142,291,368,604,793,916,969]
[0,142,291,368,709,793,969]
[0,58,144,292,368,476,548,793,969]
[0,368,604,969]
[0,58,292,368,548,793,916,969]
[0,548,969]
[0,58,292,368,476,548,793,916,969]
[0,58,144,292,368,476,548,724,793,916,969]
[0,142,368,793,969]
[0,373,604,793,969]
[0,142,291,368,548,633,724,793,969]
[0,58,142,291,368,604,793,916,969]
[0,58,142,291,368,435,604,793,916,969]
[0,142,604,793,969]
[0,58,724,793,969]
[0,144,292,368,476,548,793,969]
[0,368,793,969]
[0,81,368,873,969]
[0,292,793,969]
[0,292,969]
[0,58,793,969]
[0,142,548,793,969]
[0,81,373,604,793,916,969]
[0,58,144,292,368,548,793,969]
[0,142,291,368,604,793,969]
[0,142,291,793,969]
[0,142,969]
[0,604,969]
[0,144,292,368,548,793,969]
[0,373,604,969]
[0,81,291,373,604,793,969]
[0,144,368,548,793,969]
[0,58,142,291,368,435,709,793,916,969]
[0,58,969]
[0,58,292,368,548,793,969]
[0,142,291,368,793,969]
[0,142,793,969]
[0,292,368,548,793,969]
[0,291,793,969]
[0,142,291,368,435,709,793,969]
[0,58,144,292,368,548,793,916,969]
[0,142,368,548,793,969]
[0,81,373,604,793,969]
[0,368,873,969]
[0,142,291,368,548,724,793,969]
[0,793,969]
[0,58,292,368,476,548,793,969]
[0,142,291,368,548,633,793,969]
[0,81,793,969]
[0,58,142,291,368,435,604,793,969]
[0,142,368,709,793,969]
[0,58,368,724,793,969]
[0,144,292,368,793,969]
[0,142,291,368,548,633,724,793,916,969]
[0,58,368,548,793,969]
[0,368,604,793,969]
[0,58,142,291,368,548,633,724,793,916,969]
[0,144,548,793,969]
[0,368,724,793,969]
[0,142,291,368,709,793,916,969]
[0,81,291,368,604,793,916,969]
[0,58,142,291,368,604,793,969]
[0,144,292,368,476,548,724,793,969]
