[0,385,1046,2067,3316,4100,4285]
[0,385,1046,2067,2244,2856,3306,4285]
[0,385,1046,2073,2856,3341,4100,4285]
[0,385,1046,2067,2244,2856,3306,3835,4131,4285]
[0,385,1046,2067,3280,4285]
[0,385,1046,2067,2856,3306,3835,4285]
[0,2067,4131,4285]
[0,1046,2067,2856,3280,3835,4285]
[0,385,1046,2067,2856,3280,4131,4285]
[0,385,1046,2067,3306,4285]
[0,385,1046,2067,3341,3835,4285]
[0,385,1046,2067,2244,2856,3341,3835,4131,4285]
[0,1046,2073,3341,4131,4285]
[0,1046,2067,2856,3280,4285]
[0,385,1046,2073,3341,4285]
[0,385,1046,2073,3341,4131,4285]
[0,385,1046,2067,3306,3835,4285]
[0,385,1046,2067,2244,2856,3306,3835,4285]
[0,1046,2067,3306,4131,4285]
[0,385,1046,2067,3341,3835,4131,4285]
[0,1046,2073,3341,4285]
[0,385,1046,2073,2856,3341,3835,4285]
[0,1046,2067,3316,4100,4285]
[0,1046,2073,3341,4100,4285]
[0,1046,2067,2856,3306,4285]
[0,385,1046,2073,3341,4100,4285]
[0,1046,2073,2856,3341,3835,4285]
[0,385,1046,2067,3280,3835,4131,4285]
[0,609,2067,3316,4285]
[0,1046,2067,4131,4285]
[0,385,1046,2067,3341,4131,4285]
[0,1046,2067,3341,4100,4285]
[0,2067,4285]
[0,385,1046,2067,2244,2856,3280,4285]
[0,385,1046,2067,2244,2856,3341,3835,4285]
[0,385,1046,2067,3306,3835,4131,4285]
[0,1046,2067,3316,4285]
[0,385,1046,2067,3341,4100,4285]
[0,385,1046,2067,3306,4131,4285]
[0,1046,2067,2856,3341,3835,4285]
[0,385,1046,2073,2856,3341,4285]
[0,1046,2067,3341,3835,4285]
[0,1046,2067,2856,3306,3835,4285]
[0,2073,4285]
[0,2073,3341,4285]
[0,385,1046,2067,2856,3306,4285]
[0,385,1046,2067,2244,2856,3341,4285]
[0,385,1046,2067,2856,3341,3835,4285]
[0,385,1046,2067,2856,3341,3835,4131,4285]
[0,385,1046,2067,3341,4285]
[0,385,1046,2067,2856,3341,4285]
[0,385,1046,2073,2856,3341,3835,4131,4285]
[0,1046,2067,3280,4285]
[0,385,1046,2067,3280,3835,4285]
[0,2015,3430,4285]
[0,1046,2067,3280,4131,4285]
[0,1046,2067,3306,4285]
[0,609,2073,3450,4285]
[0,2067,3316,4285]
[0,2015,4285]
[0,1046,2067,3341,4131,4285]
[0,2073,3450,4285]
[0,1046,2067,3341,4285]
[0,385,1046,2067,2244,2856,3280,3835,4285]
[0,1046,2073,2856,3341,4285]
[0,385,1046,2067,2856,3280,3835,4285]
[0,385,1046,2067,3316,4285]
[0,1046,2067,4285]
[0,1046,2067,3280,3835,4285]
[0,385,1046,2067,2856,3341,4100,4285]
[0,1046,2067,2856,3341,4285]
[0,385,1046,2067,2856,3280,3835,4131,4285]
[0,2067,3280,4285]
[0,385,1046,2067,3280,4131,4285]
[0,385,1046,2067,2856,3306,3835,4131,4285]
[0,385,1046,2073,3341,3835,4131,4285]
[0,1046,2073,3341,3835,4285]
[0,385,1046,2073,3341,3835,4285]
[0,2067,3341,4285]
[0,2067,3306,4285]
[0,385,1046,2067,2244,2856,3280,3835,4131,4285]
[0,1046,2067,3306,3835,4285]
[0,1046,2073,4285]
[0,385,1046,2067,2856,3280,4285]
