[0,106,1087,1486,3191,3353]
[0,1087,2394,3353]
[0,1087,1763,2126,3353]
[0,890,3191,3353]
[0,549,1087,1477,1763,2394,3191,3353]
[0,890,3353]
[0,1087,1477,1763,2126,3353]
[0,890,3129,3353]
[0,1087,1477,1763,2126,3191,3353]
[0,549,745,1087,1477,1763,2126,3353]
[0,106,1087,1477,1763,2126,3191,3353]
[0,1087,1477,1763,3353]
[0,1087,1477,1763,3191,3353]
[0,549,1087,1763,2126,3353]
[0,549,1087,1477,1763,2126,3191,3353]
[0,1087,1477,1763,2394,3353]
[0,549,1087,1477,3191,3353]
[0,106,1087,1477,1763,2394,3191,3353]
[0,890,2750,3353]
[0,1087,1763,2394,3353]
[0,1087,1477,3191,3353]
[0,549,745,1087,1477,1763,2394,3353]
[0,798,3129,3353]
[0,534,1087,3353]
[0,549,1087,1477,1763,2126,3353]
[0,1087,1477,1763,2394,3191,3353]
[0,549,1087,1763,2394,3353]
[0,549,1087,1477,3353]
[0,549,1087,1477,1763,2394,3353]
[0,1087,3353]
[0,549,1087,2126,3353]
[0,534,1087,1486,3353]
[0,549,745,1087,1477,1763,2126,3191,3353]
[0,1087,1486,3353]
[0,549,745,1087,1477,3191,3353]
[0,1087,1477,3353]
[0,549,1087,3353]
[0,1087,1486,3191,3353]
[0,549,745,1087,1477,3353]
[0,534,1087,1486,3191,3353]
[0,549,745,1087,1477,1763,2394,3191,3353]
[0,549,1087,2394,3353]
[0,798,3353]
[0,1087,2126,3353]
[0,1087,3191,3353]
