[0,653,863,1034,1427]
[0,653,1034,1427]
[0,1091,1427]
[0,658,1090,1427]
[0,658,863,1427]
[0,653,1427]
[0,653,1032,1427]
[0,266,653,861,1032,1224,1427]
[0,653,1091,1427]
[0,277,653,863,1090,1427]
[0,266,658,863,1090,1427]
[0,266,653,863,1090,1427]
[0,277,653,863,1090,1224,1427]
[0,266,658,1091,1427]
[0,266,653,861,1091,1224,1427]
[0,266,653,1032,1224,1427]
[0,658,1091,1427]
[0,277,653,863,1034,1224,1427]
[0,266,653,740,863,1090,1224,1427]
[0,266,653,1090,1427]
[0,653,863,1090,1427]
[0,266,653,736,861,1032,1224,1427]
[0,266,653,861,1032,1427]
[0,658,863,1090,1427]
[0,277,653,740,863,1034,1091,1224,1427]
[0,1068,1427]
[0,1090,1427]
[0,277,653,1034,1427]
[0,861,1091,1427]
[0,861,1427]
[0,266,653,736,861,1091,1224,1427]
[0,863,1427]
[0,277,653,740,863,1090,1224,1427]
[0,266,653,736,861,1032,1091,1224,1427]
[0,266,653,861,1091,1427]
[0,266,658,863,1090,1224,1427]
[0,653,1068,1427]
[0,653,1090,1427]
[0,266,653,1032,1427]
[0,277,653,740,863,1034,1224,1427]
[0,653,861,1427]
[0,653,861,1032,1427]
[0,266,653,1091,1427]
[0,277,653,863,1034,1427]
[0,653,863,1427]
[0,266,658,863,1091,1427]
[0,658,1427]
[0,266,653,863,1090,1224,1427]
[0,653,861,1091,1427]
[0,266,658,1090,1427]
[0,1034,1427]
[0,266,653,736,861,1032,1427]
[0,277,653,1090,1427]
[0,658,863,1091,1427]
[0,277,653,740,863,1034,1427]
[0,1032,1427]
[0,277,653,1034,1224,1427]
