[0,187,302,909,1103,1807,2055,2275,2812]
[0,2055,2812]
[0,2275,2812]
[0,1103,2275,2812]
[0,302,909,2055,2812]
[0,302,909,1103,1807,2055,2275,2692,2812]
[0,302,909,2275,2812]
[0,909,2055,2812]
[0,909,2275,2812]
[0,187,302,909,1103,1807,2055,2275,2692,2812]
[0,302,909,2081,2757,2812]
[0,2757,2812]
[0,2068,2812]
[0,302,909,1103,2055,2757,2812]
[0,302,2055,2275,2812]
[0,302,909,1103,2055,2812]
[0,302,909,1103,2275,2812]
[0,302,909,1103,2055,2275,2812]
[0,297,2275,2812]
[0,302,1103,2275,2812]
[0,2081,2812]
[0,302,909,2081,2812]
[0,302,909,1103,2081,2812]
[0,909,2081,2812]
[0,302,2068,2757,2812]
[0,302,1807,2055,2275,2812]
[0,302,909,2055,2275,2812]
[0,302,1103,1807,2275,2812]
[0,269,2812]
[0,302,909,2055,2757,2812]
[0,1103,1807,2275,2812]
[0,302,2055,2757,2812]
[0,302,909,1103,2081,2757,2812]
[0,302,909,1103,1807,2055,2275,2812]
[0,1807,2275,2812]
[0,302,1103,1807,2055,2275,2812]
[0,302,2081,2757,2812]
[0,302,2812]
[0,1103,2812]
[0,302,2275,2711,2757,2812]
[0,269,2068,2757,2812]
[0,302,2275,2757,2812]
[0,302,2055,2812]
[0,302,2275,2812]
[0,302,1807,2275,2812]
[0,909,2812]
[0,187,302,909,1103,2055,2275,2812]
[0,297,2812]
[0,269,2757,2812]
[0,302,2081,2812]
[0,269,2275,2812]
[0,187,302,909,1103,2275,2812]
[0,269,2068,2812]
[0,302,2757,2812]
[0,302,2068,2812]
