[0,47,339,641,784,2037,2086]
[0,249,354,641,784,2086]
[0,785,2086]
[0,76,262,339,784,2037,2086]
[0,262,339,2037,2086]
[0,47,249,354,784,2037,2086]
[0,249,354,731,785,2086]
[0,47,249,354,731,785,2037,2086]
[0,47,249,354,641,784,2037,2086]
[0,249,339,731,2086]
[0,249,339,731,785,2086]
[0,249,354,731,785,2037,2086]
[0,2037,2086]
[0,76,262,339,2086]
[0,354,784,2086]
[0,76,262,339,2037,2086]
[0,262,339,731,2086]
[0,249,354,2086]
[0,249,354,784,2086]
[0,47,354,2037,2086]
[0,339,784,2086]
[0,262,339,784,2086]
[0,354,641,784,2037,2086]
[0,262,339,641,784,2086]
[0,731,2086]
[0,262,339,731,784,2086]
[0,249,339,785,2086]
[0,339,785,2037,2086]
[0,47,731,784,2037,2086]
[0,47,249,339,731,785,2037,2086]
[0,339,731,785,2037,2086]
[0,249,354,641,784,2037,2086]
[0,76,262,339,641,784,2037,2086]
[0,76,262,339,731,784,2037,2086]
[0,76,339,641,784,2086]
[0,354,2086]
[0,339,784,2037,2086]
[0,76,262,339,731,784,2086]
[0,354,731,785,2086]
[0,355,2037,2086]
[0,339,785,2086]
[0,249,354,784,2037,2086]
[0,354,2037,2086]
[0,76,262,339,641,784,2086]
[0,47,249,339,2037,2086]
[0,249,354,785,2086]
[0,249,354,2037,2086]
[0,249,354,785,2037,2086]
[0,249,339,2086]
[0,339,2037,2086]
[0,339,731,784,2037,2086]
[0,339,731,784,2086]
[0,249,339,785,2037,2086]
[0,784,2037,2086]
[0,339,641,2086]
[0,262,339,731,784,2037,2086]
[0,262,339,641,2086]
[0,47,262,339,731,784,2037,2086]
[0,76,339,641,784,2037,2086]
[0,354,641,2086]
[0,354,731,2086]
[0,249,339,731,785,2037,2086]
[0,354,641,784,2086]
[0,249,354,641,2086]
[0,354,731,785,2037,2086]
[0,339,731,2086]
[0,354,784,2037,2086]
[0,76,262,339,641,2086]
[0,76,262,339,731,2086]
[0,731,784,2037,2086]
[0,47,249,354,2037,2086]
[0,354,785,2037,2086]
[0,784,2086]
[0,731,784,2086]
[0,355,2086]
[0,47,339,731,784,2037,2086]
[0,76,262,339,784,2086]
[0,249,354,731,2086]
[0,339,641,784,2037,2086]
[0,354,785,2086]
[0,339,731,785,2086]
[0,249,339,2037,2086]
[0,47,249,354,785,2037,2086]
[0,47,784,2037,2086]
[0,339,641,784,2086]
[0,339,2086]
[0,47,2037,2086]
[0,262,339,2086]
[0,47,339,2037,2086]
[0,47,339,784,2037,2086]
[0,47,249,339,785,2037,2086]
