[0,415,1055,1264]
[0,114,415,966,1055,1264]
[0,328,1264]
[0,114,415,1055,1264]
[0,114,875,1055,1264]
[0,114,1167,1264]
[0,114,415,963,1055,1264]
[0,114,415,587,966,1055,1177,1264]
[0,114,554,1055,1177,1264]
[0,114,1055,1177,1264]
[0,114,415,966,1055,1177,1264]
[0,114,328,415,875,1055,1177,1264]
[0,114,554,1055,1264]
[0,114,415,1055,1177,1264]
[0,114,415,992,1177,1264]
[0,114,1177,1264]
[0,114,415,875,1055,1264]
[0,114,992,1264]
[0,114,970,1264]
[0,970,1264]
[0,114,1264]
[0,992,1264]
[0,114,992,1177,1264]
[0,554,1264]
[0,114,415,587,1055,1264]
[0,114,875,1055,1177,1264]
[0,415,1264]
[0,415,992,1264]
[0,114,415,587,966,1055,1264]
[0,875,1055,1264]
[0,114,970,1177,1264]
[0,554,1055,1264]
[0,114,966,1055,1264]
[0,114,415,992,1264]
[0,114,415,1177,1264]
[0,114,966,1055,1177,1264]
[0,114,415,1264]
[0,114,328,415,963,1055,1177,1264]
[0,114,328,415,587,966,1055,1177,1264]
[0,114,328,415,992,1177,1264]
[0,114,1055,1264]
[0,114,328,415,1055,1177,1264]
[0,1055,1264]
[0,114,963,1055,1177,1264]
[0,415,875,1055,1264]
[0,114,415,963,1055,1177,1264]
[0,114,415,875,1055,1177,1264]
[0,114,963,1055,1264]
[0,114,328,415,966,1055,1177,1264]
[0,415,587,1055,1264]
[0,328,1059,1264]
