[0,224,562,1096,1585,2053]
[0,224,562,897,1585,2053]
[0,73,224,562,897,1096,1418,1585,1885,2053]
[0,1577,2053]
[0,224,562,1096,1418,1585,1885,2053]
[0,224,562,897,1096,1585,2053]
[0,562,1577,2053]
[0,224,562,897,1096,1418,1585,1685,1885,2053]
[0,562,897,1585,2053]
[0,1418,2053]
[0,562,2053]
[0,562,897,1096,1418,1585,1885,2053]
[0,562,1096,1585,2053]
[0,224,562,1585,2053]
[0,73,562,1418,1585,1885,2053]
[0,73,1418,2053]
[0,562,1418,2053]
[0,73,562,1096,1418,1585,1885,2053]
[0,224,562,897,1585,1885,2053]
[0,1585,2053]
[0,73,562,1418,2053]
[0,73,562,1585,1885,2053]
[0,562,897,1096,1585,1885,2053]
[0,73,224,562,1418,1585,1885,2053]
[0,562,1096,1418,1585,1885,2053]
[0,73,224,562,897,1096,1418,1585,1685,1885,2053]
[0,224,562,897,1096,1585,1885,2053]
[0,562,1585,2053]
[0,562,1585,1885,2053]
[0,562,1096,2053]
[0,73,562,1585,2053]
[0,73,224,562,1096,1418,1585,1885,2053]
[0,1096,2053]
[0,73,562,897,1096,1418,1585,1885,2053]
[0,421,1577,2053]
[0,609,1585,2053]
[0,73,562,1418,1753,2053]
[0,562,897,1585,1885,2053]
[0,562,1418,1585,1885,2053]
[0,224,562,1096,1585,1885,2053]
[0,562,1096,1585,1885,2053]
[0,562,1418,1885,2053]
[0,562,1418,1753,2053]
[0,224,562,1418,1585,1885,2053]
[0,73,224,562,1585,1885,2053]
[0,73,562,1418,1885,2053]
[0,562,1577,1885,2053]
[0,224,562,1585,1885,2053]
[0,609,2053]
[0,73,562,1577,1885,2053]
[0,224,562,897,1096,1418,1585,1885,2053]
[0,562,897,1096,1585,2053]
