[0,309,1407,1876,2324,2812]
[0,620,1106,2721,2812]
[0,362,1225,2548,2812]
[0,309,722,1225,2812]
[0,59,309,1225,1876,2727,2812]
[0,309,550,797,1106,2721,2812]
[0,797,1106,2812]
[0,1407,2721,2812]
[0,59,2812]
[0,620,1106,1407,2812]
[0,309,1292,2615,2812]
[0,59,309,1407,1471,2727,2812]
[0,1379,1876,2812]
[0,797,1106,2721,2812]
[0,309,797,1407,2812]
[0,59,1407,2812]
[0,2548,2812]
[0,797,1379,2812]
[0,309,1106,2721,2812]
[0,1407,1876,2812]
[0,309,722,1292,2615,2812]
[0,1379,2812]
[0,59,550,797,1407,2721,2812]
[0,59,309,550,1225,1407,1471,2324,2727,2812]
[0,1106,2812]
[0,309,1225,1407,2324,2727,2812]
[0,59,1225,2727,2812]
[0,797,1407,2812]
[0,59,309,1225,1407,1876,2324,2727,2812]
[0,59,797,1106,2721,2812]
[0,309,550,1407,1876,2812]
[0,309,1225,1876,2812]
[0,722,1225,2812]
[0,309,1407,2324,2812]
[0,309,550,1407,2812]
[0,309,550,1225,2324,2727,2812]
[0,309,1407,1471,2324,2727,2812]
[0,309,2812]
[0,309,550,1225,1407,1876,2324,2727,2812]
[0,309,550,1225,1407,2324,2727,2812]
[0,309,550,1225,1407,2812]
[0,309,550,1225,1407,1876,2812]
[0,59,309,1225,2324,2727,2812]
[0,309,1407,1471,2727,2812]
[0,1225,1876,2812]
[0,309,620,1106,1407,2812]
[0,1407,2812]
[0,309,1225,2812]
[0,59,309,1225,1407,1876,2727,2812]
[0,309,722,1292,2812]
[0,643,1106,2812]
[0,59,309,550,797,1106,1379,1876,2721,2812]
[0,309,1225,2727,2812]
[0,643,1106,1407,2812]
[0,550,797,1106,2721,2812]
[0,309,550,797,1407,2721,2812]
[0,309,1407,2324,2727,2812]
[0,309,550,797,1106,1379,2812]
[0,59,309,550,797,1106,2721,2812]
[0,59,643,1106,1407,2721,2812]
[0,309,1225,1407,1876,2727,2812]
[0,797,1407,1876,2812]
[0,309,550,1225,1407,1471,2324,2727,2812]
[0,309,1225,2324,2812]
[0,797,1407,2721,2812]
[0,309,1225,1407,1876,2324,2812]
[0,59,643,1106,2812]
[0,59,797,1407,2721,2812]
[0,59,309,1225,1407,1471,2324,2727,2812]
[0,309,1407,2721,2812]
[0,722,1292,2812]
[0,309,1379,1876,2812]
[0,1225,2727,2812]
[0,59,309,550,797,1106,1379,2721,2812]
[0,797,1379,1876,2812]
[0,59,309,550,797,1407,1876,2721,2812]
[0,309,550,797,1106,1379,1876,2721,2812]
[0,309,2727,2812]
[0,620,1106,1407,2721,2812]
[0,309,1292,2812]
[0,309,797,1106,2721,2812]
[0,643,1106,1407,2721,2812]
[0,59,309,550,1225,1407,2324,2727,2812]
[0,59,309,1407,1471,2324,2727,2812]
[0,309,1225,1876,2727,2812]
[0,59,309,1225,2727,2812]
[0,59,643,1106,2721,2812]
[0,309,1225,1407,1471,2324,2727,2812]
[0,1225,2812]
[0,550,797,1407,2721,2812]
[0,59,550,797,1106,2721,2812]
[0,309,1407,2727,2812]
[0,309,1225,1876,2324,2812]
[0,59,309,550,797,1407,2721,2812]
[0,309,620,1106,2812]
[0,309,1225,1407,1876,2812]
[0,1407,2727,2812]
[0,1407,1471,2727,2812]
[0,309,797,1379,1876,2812]
[0,309,550,797,1106,2812]
[0,309,550,1407,2721,2812]
[0,309,1225,2721,2812]
[0,309,797,1407,1876,2812]
[0,309,722,1225,2721,2812]
[0,309,550,797,1407,1876,2812]
[0,362,1225,2812]
[0,309,620,1106,1407,2721,2812]
[0,1407,2324,2812]
[0,309,1225,1407,2812]
[0,309,1379,2812]
[0,309,1106,2812]
[0,1225,1876,2324,2812]
[0,59,1106,2812]
[0,59,797,1106,2812]
[0,59,1407,2721,2812]
[0,309,797,1106,1379,1876,2812]
[0,1292,2812]
[0,550,797,1106,2812]
[0,59,1407,1471,2727,2812]
[0,309,550,797,1407,1876,2721,2812]
[0,309,1225,1407,1876,2324,2727,2812]
[0,59,1407,2727,2812]
[0,59,309,550,1225,2324,2727,2812]
[0,309,1407,1876,2812]
[0,309,550,797,1407,2812]
[0,309,797,1106,1379,2812]
[0,2727,2812]
[0,309,1407,2812]
[0,309,550,1407,1876,2324,2812]
[0,59,309,550,1225,1407,1876,2324,2727,2812]
[0,620,1106,2812]
[0,1407,1876,2324,2812]
[0,309,550,1225,2324,2812]
[0,59,1225,2812]
[0,309,1225,1407,2324,2812]
[0,550,797,1407,2812]
[0,309,550,1225,1407,1876,2324,2812]
[0,309,550,797,1106,1379,1876,2812]
[0,309,550,797,1106,1379,2721,2812]
[0,309,1225,2324,2727,2812]
[0,309,797,1106,2812]
[0,309,550,1225,1407,2324,2812]
[0,643,1106,2721,2812]
[0,309,550,1225,2812]
[0,1225,2324,2812]
