[0,587,1509,2020]
[0,214,1609,1934,2020]
[0,111,214,587,1609,1934,2020]
[0,587,1609,2020]
[0,111,160,217,587,1609,1934,2020]
[0,214,587,1609,2020]
[0,111,217,587,1609,1934,2020]
[0,217,1609,2020]
[0,217,587,1509,1934,2020]
[0,111,160,214,587,1609,1934,2020]
[0,217,1509,1934,2020]
[0,214,1609,2020]
[0,214,587,1609,1934,2020]
[0,214,2020]
[0,587,2020]
[0,217,2020]
[0,111,214,587,1609,2020]
[0,217,1509,2020]
[0,111,217,587,1609,2020]
[0,1509,2020]
[0,1609,2020]
[0,217,587,1609,2020]
[0,217,1934,2020]
[0,217,587,1509,2020]
[0,217,1609,1934,2020]
[0,214,1934,2020]
[0,217,587,1609,1934,2020]
