[0,963,1261,1651]
[0,1231,1651]
[0,136,296,650,1651]
[0,650,963,1261,1651]
[0,280,1651]
[0,244,650,960,1231,1651]
[0,296,650,960,1231,1651]
[0,650,1261,1651]
[0,130,280,650,1231,1651]
[0,296,650,1231,1651]
[0,244,650,963,1261,1651]
[0,130,1651]
[0,1261,1651]
[0,280,650,963,1231,1651]
[0,136,296,650,1231,1651]
[0,296,650,1651]
[0,280,650,1231,1651]
[0,650,960,1231,1651]
[0,296,650,888,1231,1447,1651]
[0,280,1143,1651]
[0,136,296,650,960,1231,1651]
[0,280,1231,1651]
[0,280,650,972,1231,1651]
[0,136,296,650,888,1231,1651]
[0,130,280,650,963,1231,1651]
[0,280,650,960,1231,1651]
[0,723,1231,1651]
[0,244,1231,1651]
[0,960,1231,1651]
[0,244,723,1231,1651]
[0,723,1651]
[0,130,280,650,972,1231,1651]
[0,130,280,1651]
[0,296,650,888,1231,1651]
[0,1143,1651]
[0,130,280,1231,1651]
[0,650,1651]
[0,130,280,650,960,1231,1651]
[0,650,1231,1651]
