[0,168,504,1642]
[0,168,237,504,666,713,870,1032,1585,1642]
[0,870,1642]
[0,168,504,1585,1642]
[0,168,1642]
[0,168,237,504,870,1032,1642]
[0,168,504,666,870,1002,1585,1642]
[0,1585,1642]
[0,168,237,504,666,870,1002,1585,1642]
[0,168,738,1585,1642]
[0,168,504,666,870,1032,1585,1642]
[0,168,237,504,870,1002,1585,1642]
[0,504,1642]
[0,504,870,1002,1642]
[0,168,504,666,713,870,1002,1585,1642]
[0,168,666,1642]
[0,168,504,870,1002,1642]
[0,168,504,666,870,1002,1642]
[0,168,504,870,1585,1642]
[0,168,237,504,666,870,1032,1585,1642]
[0,666,870,1585,1642]
[0,504,870,1032,1642]
[0,168,504,666,870,1585,1642]
[0,666,1642]
[0,168,870,1642]
[0,168,237,504,870,1002,1642]
[0,168,504,666,870,1642]
[0,168,237,504,666,870,1002,1642]
[0,738,1585,1642]
[0,168,504,870,1032,1642]
[0,168,504,666,870,1032,1642]
[0,666,870,1642]
[0,666,1585,1642]
[0,168,738,1642]
[0,514,1642]
[0,168,666,870,1642]
[0,168,666,1585,1642]
[0,168,504,870,1642]
[0,738,1642]
[0,168,666,870,1585,1642]
[0,504,870,1642]
[0,168,504,870,1002,1585,1642]
[0,168,504,666,713,870,1032,1585,1642]
[0,168,237,504,666,713,870,1002,1585,1642]
[0,168,237,504,666,870,1032,1642]
