[0,536,929,1456,1628,2058,2189]
[0,133,295,536,929,1456,1628,2189]
[0,536,929,1628,2189]
[0,133,536,929,1456,1628,2058,2189]
[0,536,929,1456,2189]
[0,536,1934,2189]
[0,536,1628,2189]
[0,536,1456,2189]
[0,320,927,2058,2189]
[0,536,929,1881,2189]
[0,536,1456,1934,2189]
[0,1628,2189]
[0,536,1456,1628,2189]
[0,133,536,929,2058,2189]
[0,536,929,1456,1628,2189]
[0,536,929,1456,1628,1934,2189]
[0,133,536,929,1456,1628,1934,2189]
[0,320,927,2189]
[0,133,295,536,929,1456,1628,2058,2131,2189]
[0,536,929,1456,1881,2189]
[0,295,536,929,1628,1934,2189]
[0,536,929,1456,1881,2058,2189]
[0,1456,2189]
[0,536,2189]
[0,536,929,1881,2058,2189]
[0,133,295,536,929,1456,1628,2058,2189]
[0,295,536,929,1456,1628,1934,2189]
[0,133,929,2189]
[0,536,929,1628,1934,2189]
[0,295,536,929,1628,2189]
[0,320,2189]
[0,133,2189]
[0,133,536,929,1456,1628,1934,2058,2189]
[0,133,536,929,1456,1628,1934,2058,2131,2189]
[0,133,2058,2189]
[0,536,929,2189]
[0,536,929,2058,2189]
[0,133,295,536,929,1456,1628,1934,2189]
[0,295,536,929,1456,1628,2189]
[0,133,536,929,1456,1628,2189]
[0,927,2189]
[0,1456,2058,2189]
[0,133,536,929,2189]
[0,133,536,929,1456,1628,2058,2131,2189]
[0,929,2189]
[0,536,1456,1628,1934,2189]
[0,2058,2189]
[0,133,929,2058,2189]
