[0,44,114,423,499,571,612,717,830,922]
[0,44,830,922]
[0,44,427,571,922]
[0,44,114,175,230,423,571,717,830,922]
[0,427,571,717,830,922]
[0,69,582,922]
[0,830,922]
[0,423,922]
[0,114,423,612,717,922]
[0,114,423,571,717,922]
[0,114,175,423,612,717,830,922]
[0,427,571,717,922]
[0,114,175,230,423,571,717,830,922]
[0,44,114,175,230,423,612,717,830,922]
[0,44,423,571,922]
[0,427,717,922]
[0,499,830,922]
[0,114,423,499,571,717,830,922]
[0,114,423,571,922]
[0,44,114,175,230,423,499,571,612,717,830,922]
[0,114,423,571,717,830,922]
[0,423,612,717,922]
[0,582,922]
[0,427,922]
[0,423,571,830,922]
[0,423,571,717,830,922]
[0,44,114,175,230,423,499,571,717,830,922]
[0,69,427,571,922]
[0,114,423,612,717,830,922]
[0,44,423,499,571,717,830,922]
[0,499,922]
[0,114,175,230,423,612,717,830,922]
[0,427,571,922]
[0,44,423,830,922]
[0,44,114,175,423,499,571,717,830,922]
[0,44,427,571,830,922]
[0,44,114,175,230,423,571,612,717,830,922]
[0,114,175,230,423,499,571,717,830,922]
[0,423,571,717,922]
[0,423,571,922]
[0,44,423,571,612,717,830,922]
[0,114,423,612,922]
[0,44,423,571,717,830,922]
[0,114,175,423,571,717,830,922]
[0,44,423,499,571,612,717,830,922]
[0,44,114,423,499,571,717,830,922]
[0,44,423,612,717,830,922]
[0,114,175,423,499,571,717,830,922]
[0,44,427,571,717,830,922]
[0,69,427,571,830,922]
[0,44,114,175,423,499,571,612,717,830,922]
[0,69,499,830,922]
[0,423,830,922]
[0,69,922]
[0,427,571,830,922]
[0,423,612,922]
[0,423,612,717,830,922]
[0,44,423,571,830,922]
[0,423,499,571,717,830,922]
