[0,64,189,246,376,542,639,690,759,878,944,997]
[0,246,997]
[0,639,690,997]
[0,64,376,542,690,878,997]
[0,246,376,542,690,878,997]
[0,64,189,246,376,542,639,690,759,878,997]
[0,246,376,542,690,878,944,997]
[0,246,376,542,639,690,759,878,944,997]
[0,64,639,690,759,878,997]
[0,64,246,376,542,690,759,878,997]
[0,690,878,997]
[0,244,639,997]
[0,64,189,246,376,542,690,759,878,997]
[0,189,246,542,759,878,997]
[0,246,376,542,759,997]
[0,64,690,997]
[0,246,542,759,878,997]
[0,639,997]
[0,376,542,759,997]
[0,64,189,246,376,542,759,878,997]
[0,64,542,690,997]
[0,64,639,690,997]
[0,64,376,542,639,690,759,878,997]
[0,246,376,542,759,878,997]
[0,64,542,690,759,878,997]
[0,246,376,542,690,997]
[0,64,246,376,542,639,690,759,878,944,997]
[0,246,690,878,997]
[0,759,997]
[0,246,690,997]
[0,246,542,690,997]
[0,64,639,690,878,997]
[0,64,542,690,878,997]
[0,542,690,997]
[0,376,542,690,878,997]
[0,376,542,690,997]
[0,246,376,542,690,759,878,997]
[0,64,542,639,690,759,878,997]
[0,64,690,878,997]
[0,246,759,878,997]
[0,542,690,759,878,997]
[0,690,997]
[0,376,690,997]
[0,64,246,376,542,759,878,997]
[0,246,542,690,878,997]
[0,64,376,542,690,759,878,997]
[0,64,639,759,878,997]
[0,246,759,997]
[0,246,542,759,997]
[0,376,542,690,759,878,997]
[0,64,246,376,542,690,878,997]
[0,189,246,759,878,997]
[0,189,246,376,542,759,878,997]
[0,376,542,759,878,997]
[0,542,759,997]
[0,639,759,997]
[0,246,376,542,690,759,878,944,997]
[0,542,690,878,997]
[0,759,878,997]
[0,64,759,878,997]
[0,64,246,376,542,690,878,944,997]
[0,639,759,878,997]
[0,244,997]
[0,542,759,878,997]
[0,64,189,246,376,542,690,759,878,944,997]
[0,376,997]
[0,64,246,376,542,690,759,878,944,997]
