[0,41,472,828,922,969]
[0,286,397,472,530,969]
[0,286,397,472,750,828,922,969]
[0,286,397,472,828,922,969]
[0,286,472,969]
[0,286,397,472,557,686,828,969]
[0,286,397,472,557,686,750,828,922,969]
[0,472,530,828,969]
[0,286,472,557,750,969]
[0,286,472,747,969]
[0,286,472,747,922,969]
[0,41,472,530,828,922,969]
[0,472,530,922,969]
[0,286,472,530,684,747,969]
[0,286,472,828,969]
[0,472,530,969]
[0,491,747,969]
[0,472,686,969]
[0,479,750,922,969]
[0,479,828,969]
[0,286,397,472,747,969]
[0,472,684,747,969]
[0,286,472,530,828,969]
[0,41,286,397,472,828,922,969]
[0,286,397,472,684,747,828,969]
[0,286,472,530,747,922,969]
[0,286,397,472,530,684,747,969]
[0,286,397,472,530,684,747,828,969]
[0,286,397,472,684,747,969]
[0,439,969]
[0,472,969]
[0,185,479,969]
[0,286,397,472,969]
[0,472,747,828,969]
[0,41,472,530,747,922,969]
[0,491,747,922,969]
[0,286,922,969]
[0,41,286,472,530,828,922,969]
[0,286,472,750,828,969]
[0,491,969]
[0,286,472,557,828,969]
[0,286,472,747,828,922,969]
[0,472,747,828,922,969]
[0,472,530,684,747,922,969]
[0,286,472,530,969]
[0,286,472,684,747,969]
[0,286,491,747,969]
[0,491,922,969]
[0,286,397,472,828,969]
[0,286,472,686,969]
[0,472,530,828,922,969]
[0,286,397,472,686,750,828,969]
[0,286,491,747,922,969]
[0,47,491,747,922,969]
[0,41,286,397,472,750,828,922,969]
[0,472,747,922,969]
[0,286,397,472,530,684,747,828,922,969]
[0,479,750,969]
[0,41,286,397,472,686,750,828,922,969]
[0,41,472,747,828,922,969]
[0,472,530,747,969]
[0,286,969]
[0,286,472,557,686,828,969]
[0,286,472,747,828,969]
[0,286,397,472,557,750,969]
[0,41,286,397,472,530,684,747,828,922,969]
[0,286,397,472,557,686,750,828,969]
[0,472,922,969]
[0,286,397,472,750,969]
[0,286,397,472,530,828,969]
[0,286,472,686,828,969]
[0,286,472,530,747,969]
[0,472,530,684,747,969]
[0,286,397,472,530,828,922,969]
[0,479,969]
[0,41,472,747,922,969]
[0,472,750,969]
[0,185,479,828,969]
[0,41,286,472,530,747,922,969]
[0,286,397,472,747,828,969]
[0,286,491,969]
[0,286,397,472,750,828,969]
[0,41,286,397,472,747,828,922,969]
[0,286,397,472,557,828,969]
[0,286,472,530,828,922,969]
[0,286,397,472,686,750,828,922,969]
[0,286,397,472,557,686,750,969]
[0,472,828,922,969]
[0,472,530,747,922,969]
[0,286,397,472,530,684,747,922,969]
[0,286,397,472,686,750,969]
[0,286,472,922,969]
[0,41,286,397,472,530,828,922,969]
[0,472,747,969]
[0,41,286,397,472,557,686,750,828,922,969]
[0,286,472,750,969]
[0,479,922,969]
[0,41,286,472,747,828,922,969]
[0,286,472,828,922,969]
[0,472,828,969]
[0,41,286,472,747,922,969]
[0,47,286,491,747,922,969]
[0,286,472,530,684,747,922,969]
[0,286,397,472,747,828,922,969]
