[0,623,2069,2759]
[0,570,2069,2483,2759]
[0,633,2000,2454,2562,2759]
[0,633,2454,2562,2759]
[0,164,623,2069,2454,2759]
[0,140,486,633,2000,2454,2562,2759]
[0,623,2454,2759]
[0,623,2759]
[0,140,486,633,2069,2454,2759]
[0,2454,2759]
[0,486,633,2069,2454,2759]
[0,140,486,633,2000,2454,2759]
[0,486,633,2000,2454,2759]
[0,164,623,2069,2454,2562,2759]
[0,2454,2562,2759]
[0,633,2069,2454,2759]
[0,633,2069,2759]
[0,140,633,2069,2454,2759]
[0,633,2069,2454,2562,2759]
[0,140,633,2069,2454,2562,2759]
[0,623,2000,2759]
[0,570,2069,2759]
[0,633,2454,2759]
[0,2000,2759]
[0,633,2759]
[0,140,486,633,2069,2454,2562,2759]
[0,633,2000,2454,2759]
[0,623,2069,2454,2562,2759]
[0,623,2454,2562,2759]
[0,623,2069,2483,2759]
[0,2000,2454,2562,2759]
[0,633,2000,2759]
[0,2000,2454,2759]
[0,623,2000,2468,2759]
[0,164,623,2069,2483,2759]
[0,140,633,2000,2454,2759]
[0,623,2069,2454,2759]
[0,2353,2759]
[0,140,633,2000,2454,2562,2759]
[0,623,2353,2759]
[0,2069,2759]
