[0,203,467,958,1751,2189]
[0,253,426,966,2189]
[0,253,2189]
[0,426,966,2189]
[0,426,828,1064,2189]
[0,253,895,1009,1289,1751,2189]
[0,966,2189]
[0,253,966,2189]
[0,639,1009,2189]
[0,203,426,1064,2189]
[0,203,426,639,828,1064,1282,1473,2189]
[0,203,426,1282,1473,2189]
[0,203,426,1064,1282,2070,2189]
[0,426,1064,1282,2189]
[0,1282,2189]
[0,1328,2189]
[0,1289,1751,2189]
[0,253,426,639,895,1009,1289,1751,2189]
[0,1009,2189]
[0,309,2189]
[0,309,906,2189]
[0,253,639,1009,1289,1751,2189]
[0,639,1009,1289,1751,2189]
[0,253,426,966,1751,2189]
[0,639,1009,1751,2189]
[0,958,2189]
[0,253,426,895,1009,1289,1751,2189]
[0,203,426,828,1064,2189]
[0,107,253,426,966,1751,2189]
[0,107,253,966,2189]
[0,107,253,895,1009,1289,1751,2189]
[0,309,1328,2189]
[0,253,1009,1751,2189]
[0,107,253,426,639,895,1009,1289,1751,2189]
[0,1009,1289,1751,2189]
[0,203,426,1064,1282,2189]
[0,253,966,1289,1751,2189]
[0,467,958,1751,2189]
[0,253,1009,1289,1751,2189]
[0,107,253,426,895,1009,1289,1751,2189]
[0,203,467,958,2189]
[0,203,426,1282,2070,2189]
[0,1282,2070,2189]
[0,203,426,1064,1282,1705,2189]
[0,906,2189]
[0,1289,2189]
[0,426,1064,1282,1705,2189]
[0,107,253,426,966,1289,1751,2189]
[0,203,426,1282,2189]
[0,253,426,966,1289,1751,2189]
[0,107,253,426,966,2189]
[0,1009,1751,2189]
[0,253,895,1009,2189]
[0,467,958,2189]
[0,203,426,828,1064,1282,1473,2189]
[0,1064,2189]
[0,253,1289,1751,2189]
[0,426,1282,2189]
[0,107,253,966,1289,1751,2189]
[0,253,426,639,1009,1289,1751,2189]
[0,426,1064,2189]
[0,253,966,1751,2189]
[0,966,1751,2189]
[0,253,1289,2189]
[0,203,426,1064,1282,1473,2189]
[0,253,1009,2189]
[0,426,828,1064,1282,2189]
[0,426,1282,1705,2189]
[0,203,426,828,1064,1282,2189]
[0,309,1282,2189]
[0,107,253,1289,1751,2189]
[0,966,1289,1751,2189]
[0,203,426,966,2189]
[0,203,426,1282,1705,2189]
[0,253,426,1009,1289,1751,2189]
[0,253,895,1009,1751,2189]
