[0,442,539,875,1256,1465]
[0,442,539,875,954,1256,1465]
[0,442,875,1158,1465]
[0,442,539,875,1465]
[0,862,1465]
[0,442,862,1465]
[0,72,442,875,1465]
[0,875,1465]
[0,442,539,875,1158,1465]
[0,442,875,1256,1465]
[0,442,539,875,954,1158,1465]
[0,442,865,1465]
[0,282,442,875,1465]
[0,72,442,539,875,954,1465]
[0,442,875,954,1465]
[0,442,875,1465]
[0,442,875,954,1158,1465]
[0,865,1465]
[0,72,442,539,875,954,1158,1465]
[0,72,442,539,875,954,1256,1465]
[0,78,442,865,1465]
[0,442,954,1465]
[0,954,1465]
[0,442,865,1268,1465]
[0,442,1465]
[0,78,442,865,1268,1465]
[0,442,539,875,954,1465]
[0,72,282,442,875,1465]
[0,72,442,539,875,1465]
