[0,320,531,1003,1071,1247,1350,1427]
[0,320,525,1247,1427]
[0,69,538,1278,1427]
[0,320,622,1071,1250,1350,1427]
[0,1278,1427]
[0,538,1278,1427]
[0,543,1427]
[0,622,976,1250,1350,1427]
[0,538,1071,1427]
[0,622,976,1250,1427]
[0,320,531,1248,1352,1427]
[0,320,538,1250,1350,1427]
[0,525,1427]
[0,538,1427]
[0,320,622,976,1071,1250,1350,1427]
[0,320,622,1250,1350,1427]
[0,320,538,1427]
[0,622,1250,1350,1427]
[0,349,1245,1427]
[0,320,543,1278,1427]
[0,320,622,1071,1250,1427]
[0,543,1247,1427]
[0,525,1247,1350,1427]
[0,531,1247,1427]
[0,320,538,622,1003,1071,1250,1350,1427]
[0,44,320,543,1278,1427]
[0,538,1250,1427]
[0,580,1245,1427]
[0,44,320,622,1250,1427]
[0,320,622,1427]
[0,320,538,1250,1427]
[0,44,320,525,1003,1071,1247,1350,1427]
[0,320,538,1071,1250,1427]
[0,69,538,1003,1278,1427]
[0,320,543,1247,1350,1427]
[0,320,538,622,976,1071,1250,1427]
[0,44,320,538,622,976,1071,1250,1350,1427]
[0,622,1250,1427]
[0,320,525,1003,1071,1247,1350,1427]
[0,44,320,531,1003,1071,1247,1350,1427]
[0,622,1071,1427]
[0,320,622,976,1250,1427]
[0,44,320,543,1068,1247,1350,1427]
[0,320,525,1071,1247,1350,1427]
[0,44,320,543,1247,1350,1427]
[0,525,1247,1427]
[0,538,1003,1278,1427]
[0,320,531,1248,1427]
[0,1247,1427]
[0,531,1248,1427]
[0,320,538,1071,1427]
[0,1245,1427]
[0,622,1427]
[0,320,622,1071,1427]
[0,44,320,622,976,1071,1250,1350,1427]
[0,349,1427]
[0,320,531,1427]
[0,320,531,1071,1247,1350,1427]
[0,320,538,622,1071,1250,1350,1427]
[0,538,1250,1350,1427]
[0,622,976,1427]
[0,622,1003,1071,1250,1350,1427]
[0,580,1427]
[0,320,531,1247,1350,1427]
[0,622,1071,1250,1427]
[0,320,622,976,1427]
[0,622,1071,1250,1350,1427]
[0,320,622,1003,1071,1250,1350,1427]
[0,320,525,1071,1247,1427]
[0,543,1278,1427]
[0,44,320,622,976,1071,1250,1427]
[0,320,538,622,1071,1250,1427]
[0,531,1427]
[0,320,531,1247,1427]
[0,44,320,622,1003,1071,1250,1350,1427]
[0,44,320,531,1248,1352,1427]
[0,44,320,538,622,1003,1071,1250,1350,1427]
[0,320,538,622,1250,1427]
[0,622,976,1071,1250,1427]
[0,320,622,1250,1427]
[0,320,531,1071,1247,1427]
[0,320,543,1247,1427]
[0,320,543,1427]
[0,531,1248,1352,1427]
[0,44,1250,1427]
[0,320,525,1427]
[0,1248,1427]
[0,320,543,1068,1247,1350,1427]
[0,320,622,976,1071,1250,1427]
[0,622,976,1071,1250,1350,1427]
[0,538,1003,1427]
[0,320,538,622,1250,1350,1427]
[0,531,1247,1350,1427]
[0,543,1247,1350,1427]
[0,320,525,1247,1350,1427]
[0,320,543,1068,1247,1427]
[0,1250,1427]
[0,320,538,622,976,1071,1250,1350,1427]
