[0,872,1193,2122,2554]
[0,292,872,1193,2122,2554]
[0,872,2188,2554]
[0,872,1193,2188,2554]
[0,292,1893,2554]
[0,870,2554]
[0,2122,2509,2554]
[0,872,2554]
[0,1825,2554]
[0,872,2122,2554]
[0,292,872,1193,1825,2122,2509,2554]
[0,2122,2554]
[0,2188,2554]
[0,1893,2554]
[0,1733,2188,2554]
[0,292,872,1193,1733,1825,2122,2554]
[0,286,872,1733,2188,2554]
[0,872,1193,2122,2509,2554]
[0,292,870,1199,1825,2114,2554]
[0,292,872,1193,1733,1825,2122,2509,2554]
[0,2114,2509,2554]
[0,292,872,1193,2122,2509,2554]
[0,281,872,1193,2122,2509,2554]
[0,872,1193,1825,2122,2554]
[0,292,872,1193,1825,2122,2554]
[0,292,2114,2554]
[0,870,1199,2114,2554]
[0,870,2114,2554]
[0,870,1199,2114,2509,2554]
[0,292,1733,2554]
[0,292,870,1199,2114,2509,2554]
[0,872,2122,2509,2554]
[0,292,870,1199,1733,1825,2114,2554]
[0,872,1733,2188,2554]
[0,872,1733,2554]
[0,281,872,1193,2188,2554]
[0,281,872,1193,2122,2554]
[0,286,2188,2554]
[0,286,1733,2188,2554]
[0,2114,2554]
[0,870,2114,2509,2554]
[0,1733,2554]
[0,292,870,1199,1733,1825,2114,2509,2554]
[0,292,870,1199,1825,2114,2509,2554]
[0,292,870,1199,2114,2554]
