[0,609,1066,1249]
[0,609,770,1066,1249]
[0,89,182,556,609,770,985,1249]
[0,609,1015,1249]
[0,89,182,556,609,770,985,1066,1203,1249]
[0,89,182,556,609,770,1066,1249]
[0,89,182,556,609,770,1249]
[0,182,770,1249]
[0,89,182,609,667,985,1066,1203,1249]
[0,89,182,609,667,1249]
[0,89,182,1015,1203,1249]
[0,89,182,985,1249]
[0,609,799,1249]
[0,93,609,1066,1249]
[0,89,182,1249]
[0,89,609,1249]
[0,89,1203,1249]
[0,93,1015,1249]
[0,89,182,609,667,1203,1249]
[0,89,182,609,667,985,1066,1249]
[0,89,182,609,667,985,1249]
[0,1203,1249]
[0,985,1249]
[0,89,609,985,1249]
[0,93,609,1015,1249]
[0,89,1249]
[0,89,182,609,1015,1203,1249]
[0,93,730,1015,1249]
[0,182,609,770,1066,1249]
[0,609,985,1249]
[0,89,182,985,1066,1203,1249]
[0,609,770,985,1249]
[0,89,182,609,985,1066,1203,1249]
[0,1066,1249]
[0,93,609,1015,1203,1249]
[0,89,182,556,609,667,985,1249]
[0,89,609,985,1066,1249]
[0,89,667,1249]
[0,89,182,609,985,1066,1249]
[0,182,609,985,1249]
[0,1015,1249]
[0,89,182,556,609,770,1203,1249]
[0,89,609,667,985,1066,1203,1249]
[0,89,182,556,609,667,1249]
[0,182,667,1249]
[0,667,1249]
[0,89,609,667,1249]
[0,89,182,609,1015,1249]
[0,89,609,667,1203,1249]
[0,770,1066,1249]
[0,89,182,556,609,667,985,1066,1203,1249]
[0,89,609,667,985,1249]
[0,89,182,556,609,985,1066,1249]
[0,799,1249]
[0,89,182,1203,1249]
[0,182,609,1015,1249]
[0,609,667,1249]
[0,93,609,1249]
[0,93,1203,1249]
[0,770,1249]
[0,89,609,770,1249]
[0,89,182,609,770,985,1249]
[0,730,1015,1249]
[0,89,182,609,770,1249]
[0,89,182,556,609,985,1066,1203,1249]
[0,182,1249]
[0,93,730,1015,1203,1249]
[0,609,1249]
[0,730,1249]
[0,89,182,556,609,985,1249]
[0,89,182,556,609,770,985,1066,1249]
[0,182,985,1249]
[0,89,182,985,1066,1249]
[0,609,770,1249]
[0,89,985,1249]
[0,89,182,609,770,1066,1249]
[0,93,1015,1203,1249]
[0,89,609,667,985,1066,1249]
[0,89,182,1015,1249]
[0,182,609,770,1249]
[0,89,609,1066,1249]
[0,182,609,770,985,1249]
[0,89,182,609,985,1249]
[0,93,609,799,1249]
[0,89,182,667,1249]
[0,89,182,556,609,667,985,1066,1249]
[0,182,770,1066,1249]
[0,89,182,556,609,770,1066,1203,1249]
[0,89,182,609,770,985,1066,1249]
[0,93,1249]
[0,182,1015,1249]
