[0,534,863,1539,2211]
[0,680,1539,2211]
[0,121,534,1610,2069,2211]
[0,121,534,680,1610,2069,2211]
[0,121,534,680,1610,1933,2069,2211]
[0,534,858,913,1539,2211]
[0,534,858,913,1539,2069,2211]
[0,121,680,1539,2211]
[0,534,2211]
[0,121,534,680,913,1539,1933,2069,2211]
[0,121,534,1539,1933,2069,2211]
[0,534,680,1539,2069,2211]
[0,121,534,680,913,1539,2069,2211]
[0,1610,2211]
[0,534,1610,2050,2211]
[0,121,534,680,863,913,1539,1933,2069,2211]
[0,534,1610,2211]
[0,121,680,2211]
[0,680,1539,2050,2211]
[0,121,680,1539,2050,2211]
[0,534,1539,2069,2211]
[0,534,863,1539,2069,2211]
[0,534,680,1610,1933,2069,2211]
[0,534,680,1610,2069,2211]
[0,534,680,1610,2211]
[0,121,534,858,1539,2069,2211]
[0,121,534,858,913,1539,2069,2211]
[0,121,534,1539,2050,2211]
[0,534,1539,1933,2069,2211]
[0,121,534,680,1539,1933,2069,2211]
[0,534,680,913,1539,1933,2069,2211]
[0,1539,2211]
[0,534,1610,2069,2211]
[0,121,534,680,858,913,1539,2069,2211]
[0,534,1539,2211]
[0,534,858,1539,2211]
[0,534,1539,2050,2211]
[0,121,534,1610,2050,2211]
[0,534,680,1539,1933,2069,2211]
[0,121,534,680,863,913,1539,2069,2211]
[0,534,680,1539,2211]
[0,121,534,1539,2069,2211]
[0,534,680,913,1539,2069,2211]
[0,534,680,913,1539,2211]
[0,534,863,913,1539,2069,2211]
[0,534,863,2211]
[0,680,2211]
[0,121,534,680,858,913,1539,1933,2069,2211]
[0,121,2211]
[0,121,534,680,1539,2069,2211]
[0,121,534,863,913,1539,2069,2211]
[0,121,534,863,1539,2069,2211]
[0,534,913,1539,2211]
[0,534,863,913,1539,2211]
[0,534,858,1539,2069,2211]
