[0,184,1027,1465]
[0,454,672,973,1185,1465]
[0,185,548,645,845,973,1132,1465]
[0,184,454,645,973,1132,1465]
[0,184,454,973,1185,1465]
[0,672,1465]
[0,184,973,1132,1465]
[0,57,185,433,533,645,879,973,1027,1465]
[0,533,1465]
[0,185,973,1132,1465]
[0,645,1465]
[0,185,879,1465]
[0,184,454,845,973,1132,1465]
[0,184,1185,1465]
[0,184,454,1132,1465]
[0,184,454,645,845,973,1132,1465]
[0,185,533,645,879,973,1027,1465]
[0,645,1185,1465]
[0,185,1465]
[0,645,879,1465]
[0,57,973,1190,1465]
[0,973,1465]
[0,184,454,1465]
[0,879,973,1027,1465]
[0,57,185,433,645,879,973,1465]
[0,185,533,1465]
[0,184,454,973,1465]
[0,845,973,1132,1465]
[0,672,973,1465]
[0,454,973,1185,1465]
[0,57,185,845,973,1132,1465]
[0,433,645,879,1465]
[0,57,185,454,845,973,1132,1465]
[0,185,454,973,1132,1465]
[0,645,973,1185,1465]
[0,1190,1465]
[0,645,845,973,1132,1465]
[0,184,1465]
[0,185,879,973,1465]
[0,184,645,973,1185,1465]
[0,57,185,533,645,879,973,1465]
[0,185,433,533,645,879,1465]
[0,879,973,1465]
[0,548,1132,1465]
[0,645,973,1132,1465]
[0,57,185,533,645,879,973,1027,1465]
[0,185,533,645,879,1465]
[0,185,433,879,973,1027,1465]
[0,185,433,645,1465]
[0,185,433,879,973,1465]
[0,185,454,845,973,1132,1465]
[0,433,973,1465]
[0,973,1132,1465]
[0,879,1465]
[0,1185,1465]
[0,185,433,645,879,973,1465]
[0,185,879,973,1027,1465]
[0,185,454,645,845,973,1132,1465]
[0,1132,1465]
[0,185,533,645,879,973,1465]
[0,185,454,645,973,1132,1465]
[0,185,548,973,1132,1465]
[0,185,454,645,1132,1465]
[0,433,645,879,973,1465]
[0,184,454,973,1132,1465]
[0,548,645,845,973,1132,1465]
[0,185,1132,1465]
[0,433,645,1190,1465]
[0,454,645,1132,1465]
[0,57,433,645,973,1190,1465]
[0,433,1190,1465]
[0,184,454,672,973,1185,1465]
[0,645,879,973,1465]
[0,185,533,879,973,1465]
[0,184,1132,1465]
[0,57,185,433,533,645,879,973,1465]
[0,433,645,973,1190,1465]
[0,185,433,645,879,1465]
[0,57,185,433,879,973,1027,1465]
[0,645,1132,1465]
[0,454,672,973,1465]
[0,185,548,1132,1465]
[0,57,185,454,645,845,973,1132,1465]
[0,548,1465]
[0,185,533,879,1465]
[0,57,1465]
[0,973,1190,1465]
[0,672,973,1185,1465]
[0,57,185,433,645,879,973,1027,1465]
[0,433,879,1465]
[0,533,879,1465]
[0,184,845,973,1132,1465]
[0,57,1190,1465]
[0,185,548,845,973,1132,1465]
[0,454,1132,1465]
[0,185,433,879,1465]
[0,533,973,1465]
[0,433,1465]
[0,57,185,433,879,973,1465]
[0,185,533,879,973,1027,1465]
[0,1027,1465]
[0,185,533,973,1465]
[0,433,973,1190,1465]
[0,185,533,645,1465]
[0,973,1185,1465]
[0,184,454,645,1132,1465]
[0,57,185,548,645,845,973,1132,1465]
[0,433,645,1465]
[0,454,973,1465]
[0,185,454,1132,1465]
[0,184,645,1185,1465]
[0,185,845,973,1132,1465]
[0,185,433,533,645,879,973,1465]
[0,185,433,1465]
[0,454,1465]
