[0,520,806,971,1471,1960,2120]
[0,294,596,806,971,1960,2120]
[0,520,806,1471,1907,2120]
[0,806,983,2120]
[0,107,294,596,806,971,2120]
[0,125,520,806,971,1249,1471,1960,2120]
[0,294,520,2120]
[0,125,1471,1960,2120]
[0,520,806,971,1249,1471,2120]
[0,520,1125,1471,2120]
[0,294,596,806,2120]
[0,294,596,806,971,1471,2120]
[0,294,558,806,1471,2120]
[0,1471,2120]
[0,294,558,806,971,2120]
[0,125,806,971,2120]
[0,1471,1960,2120]
[0,71,520,806,1471,1907,2120]
[0,71,806,963,1907,2120]
[0,294,558,1471,2120]
[0,125,806,971,1960,2120]
[0,558,1471,2120]
[0,71,520,806,963,1471,2120]
[0,596,806,2120]
[0,294,596,2120]
[0,71,520,806,963,2120]
[0,125,806,983,1960,2120]
[0,963,1907,2120]
[0,71,806,963,2120]
[0,963,1471,2120]
[0,596,2120]
[0,558,806,1471,2120]
[0,963,1125,1471,2120]
[0,520,806,971,1249,1471,1960,2120]
[0,294,520,963,2120]
[0,520,806,963,1125,1471,2120]
[0,294,963,1125,1471,2120]
[0,596,806,1471,2120]
[0,294,963,2120]
[0,294,558,2120]
[0,520,806,963,2120]
[0,125,806,983,2120]
[0,125,2120]
[0,179,963,2120]
[0,125,971,2120]
[0,294,558,806,971,1471,2120]
[0,558,806,971,2120]
[0,558,2120]
[0,963,2120]
[0,520,806,1471,2120]
[0,107,294,596,806,971,1960,2120]
[0,596,806,971,2120]
[0,1960,2120]
[0,806,963,2120]
[0,294,520,1471,2120]
[0,520,963,1125,1471,2120]
[0,294,596,1471,2120]
[0,520,971,2120]
[0,520,2120]
[0,179,2120]
[0,71,294,520,806,963,1471,2120]
[0,520,806,971,1960,2120]
[0,71,294,520,806,963,2120]
[0,107,294,596,806,971,1125,1471,2120]
[0,294,520,806,963,2120]
[0,520,806,971,2120]
[0,294,596,806,1471,2120]
[0,107,294,558,806,971,2120]
[0,806,963,1125,1471,2120]
[0,971,2120]
[0,107,294,558,806,971,1471,2120]
[0,125,983,2120]
[0,596,1471,2120]
[0,294,520,806,963,1125,1471,2120]
[0,294,520,806,963,1471,2120]
[0,125,1960,2120]
[0,294,558,806,2120]
[0,294,520,963,1125,1471,2120]
[0,806,983,1960,2120]
[0,520,963,2120]
[0,520,806,971,1471,2120]
[0,294,520,806,1471,2120]
[0,596,806,971,1125,1471,2120]
[0,806,971,1960,2120]
[0,71,520,806,963,1249,1471,2120]
[0,806,971,2120]
[0,294,596,806,971,2120]
[0,294,963,1471,2120]
[0,179,1471,1960,2120]
[0,294,596,806,971,1125,1471,2120]
[0,71,520,806,1471,2120]
[0,294,520,1125,1471,2120]
[0,520,1471,2120]
[0,806,963,1907,2120]
[0,558,806,2120]
[0,520,806,963,1249,1471,2120]
[0,125,520,806,971,1960,2120]
[0,596,806,971,1471,2120]
[0,125,520,806,971,1471,1960,2120]
[0,520,806,963,1471,2120]
[0,596,806,971,1125,2120]
[0,179,1960,2120]
[0,520,806,1249,1471,2120]
[0,71,294,520,806,963,1125,1471,2120]
[0,963,1125,2120]
[0,983,2120]
[0,179,1471,2120]
