[0,99,320,408,688,1044,1343]
[0,99,320,688,954,1343]
[0,289,1343]
[0,360,688,840,954,1343]
[0,99,320,688,1044,1343]
[0,99,320,408,688,840,1068,1343]
[0,99,320,688,840,1044,1343]
[0,99,360,1006,1343]
[0,320,840,1068,1343]
[0,360,688,1006,1343]
[0,99,360,688,840,1343]
[0,320,688,840,1343]
[0,320,840,1343]
[0,1006,1343]
[0,99,360,688,954,1343]
[0,320,688,1343]
[0,99,320,688,840,1068,1343]
[0,99,1343]
[0,99,360,1343]
[0,360,1006,1343]
[0,99,320,688,840,954,1343]
[0,99,320,408,460,688,840,954,1343]
[0,99,360,849,1343]
[0,99,320,408,688,840,1068,1281,1343]
[0,99,360,840,1343]
[0,99,320,408,460,688,840,1068,1281,1343]
[0,99,320,408,1044,1343]
[0,289,849,1343]
[0,320,688,840,954,1343]
[0,99,320,840,1343]
[0,849,1343]
[0,99,320,1343]
[0,840,1343]
[0,320,688,840,1044,1343]
[0,320,688,954,1343]
[0,688,1343]
[0,320,954,1343]
[0,320,1044,1343]
[0,360,688,840,1343]
[0,360,849,1343]
[0,320,1068,1343]
[0,99,360,954,1343]
[0,360,688,954,1343]
[0,360,840,1343]
[0,99,360,688,1006,1343]
[0,320,688,840,1068,1343]
[0,99,320,954,1343]
[0,360,1343]
[0,99,320,408,688,840,1343]
[0,99,1006,1343]
[0,99,320,688,840,1343]
[0,99,320,1044,1343]
[0,954,1343]
[0,320,688,1044,1343]
[0,320,1343]
[0,99,320,408,688,840,954,1343]
[0,99,320,408,688,840,1044,1343]
[0,99,360,688,840,954,1343]
[0,360,954,1343]
