[0,155,258,701,928,1090,1546,1651]
[0,155,215,258,701,928,1090,1651]
[0,58,166,258,701,928,1090,1651]
[0,84,155,215,258,701,928,1090,1651]
[0,258,739,928,1090,1651]
[0,1090,1651]
[0,166,258,701,928,1090,1651]
[0,258,1651]
[0,778,1090,1651]
[0,84,155,258,701,928,1090,1546,1651]
[0,58,155,258,739,1651]
[0,166,258,1651]
[0,258,739,1651]
[0,58,117,166,217,258,701,928,1090,1546,1651]
[0,155,258,739,928,1090,1651]
[0,84,155,258,778,928,1090,1651]
[0,155,258,778,928,1090,1651]
[0,58,155,217,258,701,928,1090,1546,1651]
[0,58,166,217,258,701,928,1090,1651]
[0,58,155,258,739,1090,1651]
[0,58,166,217,258,701,928,1090,1546,1651]
[0,58,155,258,701,928,1090,1651]
[0,166,258,701,1090,1651]
[0,58,155,258,701,1651]
[0,58,117,166,258,701,928,1090,1546,1651]
[0,125,258,778,1651]
[0,258,701,1651]
[0,258,778,1651]
[0,155,258,739,1651]
[0,125,258,1651]
[0,58,155,258,701,1090,1651]
[0,155,258,778,1651]
[0,258,778,928,1090,1651]
[0,258,739,1090,1651]
[0,739,1651]
[0,258,701,928,1090,1546,1651]
[0,58,166,258,701,1090,1651]
[0,58,155,258,739,928,1090,1651]
[0,173,989,1651]
[0,173,1651]
[0,173,1090,1651]
[0,84,155,258,701,928,1090,1651]
[0,155,258,701,1651]
[0,58,166,258,701,1651]
[0,739,1090,1651]
[0,58,166,258,701,928,1090,1546,1651]
[0,155,258,1651]
[0,701,1090,1651]
[0,258,701,1090,1651]
[0,155,258,1090,1651]
[0,155,258,739,1090,1651]
[0,155,258,778,1090,1651]
[0,58,155,258,701,928,1090,1546,1651]
[0,155,258,701,1090,1651]
[0,701,1651]
[0,258,1090,1651]
[0,84,155,215,258,701,928,1090,1546,1651]
[0,778,1651]
[0,166,258,701,1651]
[0,166,258,701,928,1090,1546,1651]
[0,258,778,1090,1651]
[0,989,1651]
[0,58,155,217,258,701,928,1090,1651]
[0,155,258,701,928,1090,1651]
[0,258,701,928,1090,1651]
[0,125,258,739,1651]
