[0,133,517,633,838,1046]
[0,517,633,838,1046]
[0,364,521,633,838,1046]
[0,201,633,1046]
[0,201,517,633,838,1046]
[0,310,838,1046]
[0,633,869,1046]
[0,133,201,420,517,633,838,1046]
[0,838,1046]
[0,364,633,838,1046]
[0,633,838,1046]
[0,364,1046]
[0,176,479,830,1046]
[0,133,201,364,521,633,838,1046]
[0,430,521,633,838,1046]
[0,479,830,1046]
[0,133,201,633,1046]
[0,310,633,1046]
[0,133,201,521,633,838,1046]
[0,201,1046]
[0,428,517,633,869,1046]
[0,133,869,1046]
[0,133,201,517,633,869,1046]
[0,133,310,633,838,1046]
[0,133,201,517,633,838,1046]
[0,830,1046]
[0,614,869,1046]
[0,201,420,517,633,838,1046]
[0,364,838,1046]
[0,133,310,633,869,1046]
[0,133,201,633,869,1046]
[0,133,521,633,838,1046]
[0,310,633,869,1046]
[0,420,517,633,838,1046]
[0,201,364,633,838,1046]
[0,678,1046]
[0,614,1046]
[0,274,678,1046]
[0,521,633,838,1046]
[0,201,521,633,838,1046]
[0,133,201,633,838,1046]
[0,201,633,869,1046]
[0,310,633,838,1046]
[0,133,201,428,517,633,869,1046]
[0,133,517,633,869,1046]
[0,517,633,869,1046]
[0,133,633,869,1046]
[0,201,428,517,633,869,1046]
[0,133,633,838,1046]
[0,201,430,521,633,838,1046]
[0,869,1046]
[0,133,201,1046]
[0,310,1046]
[0,201,517,633,869,1046]
[0,201,633,838,1046]
[0,201,364,521,633,838,1046]
[0,633,1046]
[0,479,1046]
[0,133,201,430,521,633,838,1046]
