[0,396,662,1047,1339,2211]
[0,495,1339,2211]
[0,1047,2211]
[0,495,1222,2211]
[0,395,662,1047,1225,1339,2211]
[0,396,1047,1339,2211]
[0,396,662,1047,1225,1339,2211]
[0,395,1339,2211]
[0,662,1929,2211]
[0,662,1047,1339,2211]
[0,662,1339,2211]
[0,395,662,1047,1339,1929,2121,2211]
[0,395,662,1047,1261,1339,2211]
[0,495,1047,1339,2211]
[0,395,662,1047,1225,1339,1929,2121,2211]
[0,396,662,1047,1339,2121,2211]
[0,395,662,1047,1339,2211]
[0,395,1047,1339,1929,2211]
[0,1339,2211]
[0,395,2211]
[0,395,662,1047,1339,2121,2211]
[0,396,662,1047,1225,1339,1929,2121,2211]
[0,1047,1339,2211]
[0,396,662,1047,1339,1929,2121,2211]
[0,395,1047,1339,2211]
[0,395,662,1047,1225,1339,1929,2211]
[0,396,662,1047,1225,1339,1929,2211]
[0,495,1261,2211]
[0,396,662,1047,1339,1929,2211]
[0,1222,2211]
[0,395,662,1047,1339,1929,2211]
[0,395,662,1047,1261,1339,1929,2047,2211]
[0,396,1339,2211]
[0,396,1047,1339,1929,2211]
[0,1261,2211]
[0,495,2211]
[0,396,2211]
[0,662,2211]
[0,395,662,1047,1339,1929,2047,2211]
