[0,207,559,1203,1379,1642]
[0,559,1379,1642]
[0,72,559,685,1200,1642]
[0,207,559,685,1203,1379,1642]
[0,559,1203,1379,1642]
[0,72,559,685,1200,1379,1642]
[0,207,559,1200,1379,1642]
[0,207,1642]
[0,72,559,685,1642]
[0,207,559,685,1200,1642]
[0,72,559,845,1642]
[0,559,685,1203,1642]
[0,207,559,685,1200,1379,1642]
[0,559,1200,1642]
[0,559,685,1642]
[0,559,1642]
[0,559,1200,1379,1642]
[0,207,559,1203,1642]
[0,207,559,1379,1642]
[0,559,685,1203,1379,1642]
[0,72,559,685,1203,1379,1642]
[0,559,685,1200,1642]
[0,72,1642]
[0,559,845,1642]
[0,559,685,1200,1379,1642]
[0,72,559,1642]
[0,207,559,685,1642]
[0,72,559,685,1203,1642]
[0,72,207,559,685,1200,1379,1642]
[0,207,559,685,1203,1642]
[0,559,1203,1642]
[0,207,559,1200,1642]
[0,207,559,1642]
[0,72,207,559,685,1203,1379,1642]
