[0,166,829,1165,1465]
[0,1229,1465]
[0,1165,1465]
[0,533,829,1465]
[0,166,533,829,954,1165,1251,1465]
[0,166,309,533,954,1165,1251,1465]
[0,166,1165,1465]
[0,1015,1465]
[0,533,829,1229,1465]
[0,533,1465]
[0,533,829,1251,1465]
[0,166,533,760,829,954,1165,1465]
[0,166,309,533,954,1165,1465]
[0,533,954,1165,1465]
[0,533,917,1465]
[0,166,309,533,829,1229,1465]
[0,533,1229,1465]
[0,166,309,533,829,954,1165,1251,1465]
[0,533,1165,1465]
[0,533,829,1165,1465]
[0,533,917,1251,1465]
[0,166,533,760,829,954,1165,1251,1465]
[0,167,1465]
[0,533,1251,1465]
[0,166,309,533,760,829,954,1165,1251,1465]
[0,167,1251,1465]
[0,166,533,954,1165,1465]
[0,829,1165,1465]
[0,829,1465]
[0,954,1165,1465]
[0,166,533,917,1251,1465]
[0,166,533,829,954,1165,1465]
[0,166,533,1251,1465]
[0,166,533,829,1229,1465]
[0,166,533,829,1251,1465]
[0,166,533,829,1165,1465]
[0,1251,1465]
[0,166,309,533,760,829,954,1165,1465]
[0,166,1465]
[0,166,1251,1465]
[0,166,533,954,1165,1251,1465]
[0,166,309,533,829,954,1165,1465]
[0,167,1015,1465]
