[0,623,928,969]
[0,298,359,623,969]
[0,60,623,969]
[0,359,623,969]
[0,60,358,623,969]
[0,60,403,969]
[0,60,358,403,969]
[0,60,359,623,969]
[0,358,969]
[0,60,693,969]
[0,60,358,693,969]
[0,623,864,969]
[0,623,811,969]
[0,60,298,359,554,623,811,928,969]
[0,60,298,358,403,623,811,928,969]
[0,298,358,623,969]
[0,928,969]
[0,358,623,969]
[0,358,403,969]
[0,60,358,623,928,969]
[0,60,298,358,403,623,928,969]
[0,60,298,358,623,928,969]
[0,298,358,969]
[0,60,358,623,864,969]
[0,60,358,403,623,928,969]
[0,358,693,969]
[0,60,358,623,811,969]
[0,60,623,928,969]
[0,358,403,623,969]
[0,60,623,864,969]
[0,358,623,864,969]
[0,60,298,359,623,811,928,969]
[0,60,623,811,969]
[0,358,623,811,969]
[0,298,359,623,864,969]
[0,60,298,359,623,969]
[0,298,358,623,811,969]
[0,60,298,358,403,623,811,969]
[0,358,403,623,928,969]
[0,60,358,403,623,969]
[0,60,359,623,928,969]
[0,60,298,358,403,623,969]
[0,298,969]
[0,60,358,403,623,811,969]
[0,298,359,623,811,969]
[0,60,298,358,623,811,969]
[0,60,969]
[0,358,403,623,811,969]
[0,60,298,358,969]
[0,359,623,864,969]
[0,403,969]
[0,359,554,623,811,969]
[0,60,298,358,623,969]
[0,60,298,358,403,969]
[0,60,298,359,623,928,969]
[0,60,298,358,623,811,928,969]
[0,60,359,623,864,969]
[0,60,298,969]
[0,60,359,623,811,969]
[0,60,298,359,554,623,811,969]
[0,60,298,359,623,864,969]
[0,623,969]
[0,298,359,554,623,811,969]
[0,60,298,359,623,811,969]
[0,359,623,811,969]
[0,358,403,928,969]
[0,693,969]
