[0,622,1097,1430,2020]
[0,262,622,1430,2020]
[0,622,937,1430,2020]
[0,622,1430,2020]
[0,262,622,1061,1349,1636,1783,2020]
[0,262,622,937,1430,2020]
[0,262,622,1097,1430,1783,2020]
[0,262,622,865,1061,1349,1636,1783,2020]
[0,1430,2020]
[0,236,622,1097,1430,1826,2020]
[0,622,2020]
[0,622,1061,1349,2020]
[0,262,622,865,1061,1349,1783,2020]
[0,262,622,1061,1430,2020]
[0,622,1097,1430,1783,2020]
[0,236,622,1097,2020]
[0,262,622,1097,1430,2020]
[0,262,622,1097,2020]
[0,262,622,1061,1349,1783,2020]
[0,622,1349,2020]
[0,622,1097,2020]
[0,262,622,1349,2020]
[0,236,622,1097,1430,1783,2020]
[0,622,1061,1430,2020]
[0,236,622,1097,1430,2020]
[0,1349,2020]
[0,1097,2020]
[0,262,622,1061,1349,2020]
