[0,400,1330,1810]
[0,153,910,1330,1520,1810]
[0,400,1330,1520,1810]
[0,910,1362,1810]
[0,153,415,910,1330,1505,1810]
[0,415,494,910,1330,1505,1810]
[0,400,910,1330,1810]
[0,415,910,1330,1810]
[0,341,1810]
[0,1505,1810]
[0,153,910,1330,1810]
[0,153,415,910,1362,1685,1810]
[0,341,1505,1810]
[0,415,1362,1810]
[0,1330,1505,1810]
[0,1330,1520,1810]
[0,341,910,1330,1810]
[0,1362,1810]
[0,153,400,506,910,1330,1520,1810]
[0,910,1330,1505,1810]
[0,153,415,910,1362,1810]
[0,400,1810]
[0,415,910,1330,1505,1810]
[0,415,1810]
[0,910,1330,1520,1810]
[0,153,835,910,1330,1520,1810]
[0,910,1330,1810]
[0,415,910,1362,1810]
[0,153,1810]
[0,153,400,910,1330,1520,1810]
[0,1520,1810]
[0,153,910,1330,1505,1810]
[0,415,910,1810]
[0,341,910,1330,1685,1810]
[0,910,1330,1685,1810]
[0,153,415,494,910,1330,1505,1810]
[0,910,1810]
[0,153,910,1810]
[0,400,910,1330,1520,1810]
[0,1330,1810]
[0,153,910,1362,1810]
[0,153,400,835,910,1330,1520,1810]
[0,341,910,1810]
[0,415,910,1330,1685,1810]
[0,153,400,506,835,910,1330,1520,1810]
[0,341,910,1505,1810]
[0,153,910,1362,1685,1810]
[0,153,910,1330,1685,1810]
