[0,449,981,1562]
[0,229,449,576,682,981,1078,1166,1305,1562]
[0,229,391,682,981,1562]
[0,54,148,229,391,682,981,1166,1305,1562]
[0,353,1562]
[0,186,449,1266,1562]
[0,449,576,1305,1562]
[0,54,229,449,682,981,1166,1305,1562]
[0,229,449,682,981,1166,1305,1562]
[0,54,449,682,981,1166,1305,1562]
[0,229,449,1562]
[0,449,1562]
[0,54,229,391,682,981,1166,1305,1562]
[0,54,449,682,981,1562]
[0,449,1166,1305,1562]
[0,449,981,1305,1562]
[0,148,229,391,682,981,1166,1305,1562]
[0,54,449,576,1305,1562]
[0,449,981,1166,1305,1562]
[0,229,449,1305,1562]
[0,229,391,682,981,1166,1305,1562]
[0,54,449,682,981,1305,1562]
[0,449,1266,1562]
[0,449,682,981,1305,1562]
[0,391,682,1562]
[0,54,229,449,576,682,981,1166,1305,1562]
[0,229,449,576,1305,1562]
[0,449,1305,1562]
[0,54,449,1562]
[0,449,682,1562]
[0,54,449,1305,1562]
[0,229,449,576,981,1166,1305,1562]
[0,229,391,1562]
[0,449,576,981,1166,1305,1562]
[0,54,449,576,1166,1305,1562]
[0,54,229,449,576,981,1166,1305,1562]
[0,229,449,682,981,1562]
[0,54,229,449,576,1305,1562]
[0,391,682,981,1562]
[0,449,682,981,1562]
[0,449,682,981,1166,1305,1562]
[0,229,449,981,1305,1562]
[0,54,148,229,449,682,981,1166,1305,1562]
[0,391,682,981,1266,1562]
[0,229,391,682,981,1305,1562]
[0,229,449,682,981,1305,1562]
[0,54,229,449,576,981,1305,1562]
[0,186,391,682,981,1266,1562]
[0,54,449,576,981,1166,1305,1562]
[0,229,391,682,1562]
[0,391,682,981,1305,1562]
[0,54,229,391,682,981,1562]
[0,229,449,576,682,981,1166,1305,1562]
[0,229,449,981,1166,1305,1562]
[0,54,229,449,576,682,981,1078,1166,1305,1562]
[0,148,229,449,682,981,1166,1305,1562]
[0,449,576,1166,1305,1562]
[0,1305,1562]
[0,229,449,1166,1305,1562]
[0,186,391,682,981,1562]
[0,391,981,1562]
[0,981,1562]
[0,391,1562]
[0,186,449,1562]
[0,229,449,576,1166,1305,1562]
[0,229,449,576,981,1305,1562]
