[0,245,335,515,691,901,1246,1465]
[0,245,335,691,901,1465]
[0,382,891,1465]
[0,382,891,1246,1465]
[0,191,691,891,1246,1465]
[0,382,515,691,891,1246,1465]
[0,190,382,515,691,901,1246,1465]
[0,190,382,691,901,1246,1465]
[0,382,691,901,1465]
[0,822,1246,1465]
[0,335,691,891,1246,1465]
[0,382,428,691,901,1246,1465]
[0,191,382,691,891,1246,1465]
[0,382,691,901,1246,1465]
[0,1246,1465]
[0,335,691,901,1465]
[0,691,891,1465]
[0,382,691,891,1246,1465]
[0,191,382,515,691,891,1246,1465]
[0,891,1246,1465]
[0,335,691,901,1246,1465]
[0,1219,1465]
[0,382,901,1246,1465]
[0,382,901,1465]
[0,335,891,1465]
[0,228,335,515,691,891,1246,1465]
[0,190,691,901,1246,1465]
[0,891,1465]
[0,691,901,1246,1465]
[0,228,382,515,691,901,1246,1465]
[0,245,382,515,691,901,1246,1465]
[0,335,901,1246,1465]
[0,245,382,691,901,1246,1465]
[0,335,891,1246,1465]
[0,313,822,1246,1465]
[0,245,335,691,901,1246,1465]
[0,515,691,901,1246,1465]
[0,901,1246,1465]
[0,691,891,1246,1465]
[0,335,515,691,891,1246,1465]
[0,245,382,428,691,901,1246,1465]
[0,335,515,691,901,1246,1465]
[0,691,901,1465]
[0,382,428,691,901,1465]
[0,228,382,691,901,1246,1465]
[0,822,1465]
[0,901,1465]
[0,515,691,891,1246,1465]
[0,335,901,1465]
[0,313,822,1465]
[0,382,515,691,901,1246,1465]
[0,228,335,515,691,901,1246,1465]
