[0,701,1498,2093,2824]
[0,1276,1612,2824]
[0,1276,1612,2177,2824]
[0,1276,1612,1968,2177,2343,2824]
[0,1276,1605,1968,2177,2824]
[0,712,1498,2093,2824]
[0,1276,1605,1968,2177,2343,2824]
[0,712,1498,2824]
[0,712,1276,1633,1968,2177,2570,2824]
[0,1276,1605,1968,2177,2343,2570,2824]
[0,712,1276,1633,1968,2570,2824]
[0,1276,1968,2824]
[0,1276,1633,1968,2177,2570,2824]
[0,1276,1633,2824]
[0,1276,1633,2570,2824]
[0,1491,2824]
[0,712,1276,1605,1968,2177,2570,2824]
[0,712,1276,1633,1968,2177,2343,2570,2824]
[0,712,1276,1605,2177,2824]
[0,1276,1605,2177,2824]
[0,1276,2093,2824]
[0,1276,1605,2093,2824]
[0,712,1276,1605,2177,2570,2824]
[0,1276,1633,1968,2177,2343,2824]
[0,1276,1612,1968,2177,2824]
[0,1276,1633,1968,2570,2824]
[0,1276,1612,1968,2177,2343,2570,2824]
[0,1633,2824]
[0,712,1276,1605,2570,2824]
[0,712,1276,2177,2824]
[0,712,1276,1633,1968,2824]
[0,1276,1612,1968,2177,2570,2824]
[0,712,1276,2093,2824]
[0,1276,1633,1968,2824]
[0,712,1276,1612,1968,2177,2570,2824]
[0,1276,1612,1968,2824]
[0,712,1276,1605,1968,2177,2824]
[0,1276,1612,1968,2570,2824]
[0,712,1276,1633,2824]
[0,1276,2824]
[0,1498,2824]
[0,712,1276,1612,1968,2570,2824]
[0,1276,1633,1968,2177,2343,2570,2824]
[0,1276,1605,2824]
[0,1276,1633,1968,2177,2824]
[0,1276,2177,2824]
[0,712,1276,1605,1968,2177,2343,2570,2824]
[0,712,1276,1633,2177,2570,2824]
[0,712,1276,1633,2570,2824]
[0,701,1605,2824]
[0,1276,1612,2570,2824]
[0,1276,1605,2177,2570,2824]
[0,712,1276,1612,2177,2824]
[0,712,1276,1612,1968,2177,2343,2570,2824]
[0,712,1276,1612,2824]
[0,1605,2824]
[0,712,1276,1605,2093,2824]
[0,712,1276,1612,1968,2824]
[0,712,1276,1968,2824]
[0,712,1276,1612,1968,2177,2824]
[0,712,1276,1605,2824]
[0,712,1633,2824]
[0,712,1276,2824]
[0,701,1498,2824]
[0,712,1276,1633,2177,2824]
[0,1276,1605,1968,2177,2570,2824]
[0,712,1276,1633,1968,2177,2824]
[0,1276,1605,2570,2824]
[0,1276,1633,2177,2824]
[0,712,1276,1612,2570,2824]
