[0,471,642,1497,1642]
[0,1200,1642]
[0,642,781,1642]
[0,642,1014,1642]
[0,240,507,863,1207,1587,1642]
[0,244,471,781,927,1587,1642]
[0,471,642,863,1587,1642]
[0,471,642,781,1014,1253,1587,1642]
[0,1200,1587,1642]
[0,781,1253,1642]
[0,471,642,781,1014,1485,1642]
[0,244,781,1642]
[0,471,1642]
[0,471,642,1014,1485,1642]
[0,471,1207,1642]
[0,471,642,781,1037,1642]
[0,471,642,1014,1253,1642]
[0,244,471,781,1587,1642]
[0,781,1587,1642]
[0,471,1037,1642]
[0,471,781,1253,1642]
[0,471,666,927,1207,1642]
[0,244,642,781,1587,1642]
[0,471,642,781,927,1014,1253,1642]
[0,642,863,1642]
[0,471,666,927,1642]
[0,471,642,781,1485,1642]
[0,1207,1642]
[0,507,863,1642]
[0,471,781,1642]
[0,471,642,781,1014,1253,1485,1587,1642]
[0,471,781,1587,1642]
[0,240,507,863,1642]
[0,471,642,1642]
[0,240,863,1587,1642]
[0,471,642,781,1014,1642]
[0,471,642,781,1037,1587,1642]
[0,863,1642]
[0,471,642,781,1014,1485,1587,1642]
[0,471,666,1642]
[0,471,642,863,1642]
[0,471,666,1207,1587,1642]
[0,471,642,781,927,1014,1642]
[0,240,507,863,1587,1642]
[0,1037,1642]
[0,244,471,781,1253,1642]
[0,244,471,781,927,1253,1587,1642]
[0,240,863,1642]
[0,471,642,781,1497,1642]
[0,1014,1253,1642]
[0,471,642,781,1642]
[0,471,666,927,1207,1587,1642]
[0,244,471,781,927,1642]
[0,471,642,1014,1642]
[0,471,642,781,927,1014,1253,1587,1642]
[0,642,1014,1253,1642]
[0,471,642,1485,1642]
[0,471,642,781,927,1014,1253,1485,1587,1642]
[0,507,863,1207,1642]
[0,863,1207,1642]
[0,471,642,781,1014,1253,1485,1642]
[0,781,1642]
[0,471,642,781,1587,1642]
[0,471,666,1207,1642]
[0,1014,1642]
[0,471,1200,1642]
[0,471,642,781,1485,1587,1642]
[0,471,927,1642]
[0,471,642,781,1014,1253,1642]
[0,244,642,781,1642]
[0,471,642,781,1497,1587,1642]
[0,471,642,781,927,1014,1253,1485,1642]
[0,244,471,781,1642]
[0,240,507,863,1207,1642]
[0,471,642,1014,1253,1485,1642]
[0,471,642,781,1014,1587,1642]
[0,471,927,1207,1642]
[0,471,1200,1587,1642]
[0,863,1587,1642]
[0,244,471,781,927,1253,1642]
[0,471,642,781,927,1014,1587,1642]
[0,471,642,1037,1642]
