[0,373,1875]
[0,141,209,254,417,673,1785,1875]
[0,209,254,417,1785,1875]
[0,141,209,417,673,1785,1875]
[0,141,209,373,417,673,1785,1875]
[0,209,417,1785,1875]
[0,209,417,1875]
[0,209,254,417,1875]
[0,209,254,373,417,673,1785,1875]
[0,209,254,417,673,1785,1875]
[0,141,209,254,373,417,673,1785,1875]
[0,209,384,1875]
[0,417,673,1875]
[0,209,373,417,1875]
[0,209,417,673,1875]
[0,209,373,417,1785,1875]
[0,209,373,1875]
[0,209,373,417,673,1785,1875]
[0,369,1875]
[0,209,417,673,1785,1875]
[0,384,1875]
[0,417,1875]
