[0,207,1197]
[0,145,207,486,837,1126,1197]
[0,145,207,486,569,837,1126,1197]
[0,207,304,486,569,837,1197]
[0,145,486,1197]
[0,207,304,837,1126,1197]
[0,145,486,1126,1197]
[0,207,486,1197]
[0,145,486,569,1197]
[0,486,837,1197]
[0,207,304,1126,1197]
[0,145,1197]
[0,145,486,569,837,1126,1197]
[0,486,1197]
[0,145,486,569,1126,1197]
[0,145,1126,1197]
[0,207,486,1126,1197]
[0,145,207,486,544,837,1126,1197]
[0,207,486,569,1197]
[0,145,207,304,486,569,837,1126,1197]
[0,207,1126,1197]
[0,145,486,837,1197]
[0,145,486,544,1126,1197]
[0,145,486,837,1126,1197]
[0,207,486,569,1126,1197]
[0,207,304,837,1197]
[0,1126,1197]
[0,207,304,486,837,1197]
[0,145,486,569,837,1197]
[0,145,207,304,837,1126,1197]
[0,207,486,837,1197]
[0,207,304,544,837,1197]
[0,207,544,837,1197]
[0,207,837,1197]
[0,145,207,304,486,544,837,1126,1197]
[0,207,304,1197]
[0,207,486,569,837,1197]
[0,207,486,569,837,1126,1197]
[0,145,837,1197]
[0,145,207,304,544,837,1126,1197]
[0,145,486,544,837,1126,1197]
[0,837,1197]
[0,207,304,486,569,837,1126,1197]
[0,207,304,544,837,1126,1197]
[0,145,207,486,1126,1197]
[0,544,837,1197]
