[0,154,400,609,922]
[0,154,400,922]
[0,154,400,609,868,922]
[0,154,354,400,519,588,816,868,922]
[0,154,400,519,588,868,922]
[0,154,400,588,922]
[0,154,400,514,588,868,922]
[0,400,922]
[0,609,922]
[0,588,922]
[0,154,400,609,816,868,922]
[0,154,400,816,922]
[0,154,400,519,588,816,868,922]
[0,154,354,400,514,588,816,868,922]
[0,154,400,514,609,922]
[0,154,400,514,588,922]
[0,154,400,588,868,922]
[0,400,609,922]
[0,400,588,922]
[0,154,400,514,609,816,868,922]
[0,154,400,588,816,868,922]
[0,154,922]
[0,154,400,514,588,816,868,922]
[0,154,400,519,588,922]
[0,816,922]
[0,154,400,514,609,868,922]
