[0,68,500,615,751,1230,1435,2211]
[0,70,454,615,670,751,1230,1435,1858,2211]
[0,66,500,615,670,751,1230,1435,1858,2211]
[0,70,615,670,1435,2211]
[0,500,615,670,1230,1435,2211]
[0,454,615,751,1435,2211]
[0,500,615,1230,2211]
[0,70,615,1435,2211]
[0,615,1435,2211]
[0,615,1391,2211]
[0,70,454,615,751,1230,1435,1858,2211]
[0,615,1230,2211]
[0,70,615,751,1435,2211]
[0,615,670,1435,2211]
[0,66,500,615,751,1230,1435,1858,2211]
[0,70,454,615,1230,1435,2211]
[0,1359,2211]
[0,68,500,615,1230,1435,2211]
[0,500,615,1230,1435,1858,2211]
[0,454,615,1230,1435,2211]
[0,615,2211]
[0,68,500,615,1230,1435,1858,2211]
[0,500,615,751,1435,2211]
[0,500,615,751,1230,1435,2211]
[0,454,615,1435,2211]
[0,615,751,1230,1435,1858,2211]
[0,454,615,751,1230,1435,1858,2211]
[0,68,500,615,670,751,1230,1435,2211]
[0,615,751,1230,1435,2211]
[0,500,2211]
[0,454,615,751,1230,1435,2211]
[0,615,1230,1435,1858,2211]
[0,615,751,1435,2211]
[0,70,615,670,1230,1435,2211]
[0,68,500,615,670,1230,1435,2211]
[0,454,615,1230,1435,1858,2211]
[0,70,615,1230,1435,2211]
[0,68,500,615,670,751,1230,1435,1858,2211]
[0,615,1359,2211]
[0,70,454,615,670,1230,1435,2211]
[0,500,615,1230,1435,2211]
[0,615,1230,1858,2211]
[0,66,500,615,670,751,1230,1435,2211]
[0,500,615,670,1435,2211]
[0,500,615,751,1230,1435,1858,2211]
[0,1435,2211]
[0,1391,2211]
[0,70,454,615,670,751,1230,1435,2211]
[0,66,500,615,670,1230,1435,2211]
[0,615,1230,1435,2211]
[0,70,615,751,1230,1435,2211]
[0,500,1435,2211]
[0,1230,2211]
[0,500,615,1435,2211]
[0,70,454,615,751,1230,1435,2211]
[0,66,500,615,1230,1435,2211]
[0,68,500,615,751,1230,1435,1858,2211]
[0,66,500,615,751,1230,1435,2211]
