[0,112,261,788,883,1096,1249]
[0,261,722,883,1096,1249]
[0,112,261,677,788,883,1096,1249]
[0,272,677,883,1249]
[0,1096,1249]
[0,722,1249]
[0,272,788,1096,1249]
[0,272,645,766,883,1096,1249]
[0,272,766,883,1096,1249]
[0,261,677,883,1249]
[0,261,677,883,1096,1249]
[0,112,272,645,788,883,1096,1249]
[0,261,788,883,1096,1249]
[0,272,883,1249]
[0,272,722,1249]
[0,788,883,1249]
[0,261,645,883,1096,1249]
[0,883,1096,1249]
[0,112,261,645,883,1096,1249]
[0,112,272,788,1249]
[0,272,722,883,1249]
[0,112,272,722,883,1096,1249]
[0,261,722,1249]
[0,261,1249]
[0,261,788,1249]
[0,261,677,883,1096,1152,1249]
[0,677,883,1249]
[0,261,1096,1249]
[0,112,261,677,883,1096,1152,1249]
[0,112,261,788,1096,1249]
[0,112,272,788,883,1096,1249]
[0,112,272,766,883,1096,1249]
[0,112,261,677,883,1096,1249]
[0,112,272,645,766,883,1096,1249]
[0,112,272,677,788,883,1096,1152,1249]
[0,112,261,677,788,883,1096,1152,1249]
[0,261,788,883,1096,1152,1249]
[0,112,272,645,766,883,1096,1152,1249]
[0,112,272,788,883,1096,1152,1249]
[0,272,766,883,1096,1152,1249]
[0,788,883,1096,1249]
[0,722,883,1096,1249]
[0,722,883,1249]
[0,788,883,1096,1152,1249]
[0,112,272,677,883,1096,1152,1249]
[0,112,261,645,788,883,1096,1152,1249]
[0,272,766,1096,1249]
[0,112,272,766,883,1096,1152,1249]
[0,112,272,677,883,1096,1249]
[0,645,883,1249]
[0,112,261,788,883,1096,1152,1249]
[0,261,883,1249]
[0,112,272,788,1096,1249]
[0,112,261,645,788,883,1096,1249]
[0,766,883,1249]
[0,766,883,1096,1249]
[0,272,722,883,1096,1249]
[0,112,261,788,1249]
[0,272,766,1249]
[0,272,788,1249]
[0,272,677,883,1096,1152,1249]
[0,272,677,883,1096,1249]
[0,788,1096,1249]
[0,272,788,883,1096,1152,1249]
[0,272,645,883,1096,1249]
[0,272,788,883,1096,1249]
[0,272,645,883,1249]
[0,112,272,645,788,883,1096,1152,1249]
[0,112,272,677,788,883,1096,1249]
[0,788,1249]
[0,112,272,645,883,1096,1249]
[0,883,1249]
[0,261,788,1096,1249]
[0,766,1249]
[0,261,722,883,1249]
[0,261,645,883,1249]
