[0,510,845,1207,1381,1642]
[0,581,844,1207,1642]
[0,534,844,1642]
[0,72,510,844,1207,1642]
[0,581,844,1642]
[0,510,870,1642]
[0,72,581,844,972,1207,1381,1541,1642]
[0,72,510,844,1207,1381,1642]
[0,510,845,1014,1207,1381,1642]
[0,581,844,972,1207,1381,1541,1642]
[0,72,510,845,1014,1642]
[0,510,845,1207,1642]
[0,584,845,1014,1207,1642]
[0,584,845,1014,1642]
[0,510,845,1014,1207,1642]
[0,510,845,1642]
[0,72,581,844,1207,1642]
[0,581,1642]
[0,584,845,1642]
[0,72,510,845,1014,1207,1381,1564,1642]
[0,584,845,1014,1207,1381,1642]
[0,72,510,844,972,1207,1642]
[0,72,510,844,972,1207,1381,1541,1642]
[0,510,844,1207,1381,1642]
[0,72,534,844,1207,1642]
[0,72,510,845,1014,1207,1642]
[0,510,1642]
[0,72,584,845,1014,1207,1642]
[0,510,844,972,1207,1642]
[0,1223,1642]
[0,534,1642]
[0,72,534,853,1642]
[0,584,845,1207,1642]
[0,72,581,844,1207,1381,1541,1642]
[0,624,1223,1642]
[0,584,845,1207,1381,1642]
[0,624,1642]
[0,581,844,1207,1381,1541,1642]
[0,72,510,844,1207,1381,1541,1642]
[0,581,844,1207,1381,1642]
[0,534,844,1207,1642]
[0,581,844,972,1207,1381,1642]
[0,844,1207,1642]
[0,510,870,1207,1642]
[0,510,845,1014,1207,1381,1564,1642]
[0,72,584,845,1014,1207,1381,1642]
[0,72,510,870,1207,1642]
[0,581,844,972,1207,1642]
[0,845,1207,1642]
[0,72,584,845,1014,1207,1381,1564,1642]
[0,1207,1642]
[0,534,853,1642]
[0,510,844,1207,1381,1541,1642]
[0,510,844,972,1207,1381,1541,1642]
[0,584,1642]
[0,510,844,1642]
[0,510,844,972,1207,1381,1642]
[0,584,845,1014,1207,1381,1564,1642]
[0,510,845,1014,1642]
[0,72,584,845,1014,1642]
[0,510,844,1207,1642]
[0,72,510,845,1014,1207,1381,1642]
[0,72,581,844,1207,1381,1642]
