[0,341,1035,1403,1999,2759]
[0,341,1076,1467,1999,2311,2759]
[0,341,1076,1999,2759]
[0,341,974,1175,1582,1999,2311,2759]
[0,1076,1467,1999,2759]
[0,353,1076,1999,2759]
[0,1035,1467,1999,2759]
[0,353,1234,1999,2365,2759]
[0,1076,2759]
[0,341,1035,1467,1999,2311,2759]
[0,353,1076,1467,1999,2759]
[0,341,1076,1467,1999,2759]
[0,974,1999,2759]
[0,1076,1999,2759]
[0,353,1076,1467,1999,2365,2759]
[0,341,1035,1999,2759]
[0,341,1076,1467,1999,2365,2759]
[0,341,1076,1999,2365,2759]
[0,1076,1467,1999,2365,2759]
[0,353,1076,1999,2311,2759]
[0,1234,2759]
[0,1035,1999,2311,2759]
[0,341,974,1582,1999,2184,2311,2759]
[0,974,1999,2311,2759]
[0,1076,1582,1999,2759]
[0,1035,1403,1999,2759]
[0,353,1076,1582,1999,2184,2311,2759]
[0,974,2071,2759]
[0,1076,1999,2365,2759]
[0,341,1035,1467,1999,2759]
[0,353,1234,2759]
[0,1035,1999,2759]
[0,341,974,1175,1582,1999,2184,2311,2759]
[0,341,1035,1999,2311,2759]
[0,974,2759]
[0,1234,2184,2759]
[0,341,974,1582,1999,2311,2759]
[0,1234,1999,2759]
[0,353,1076,1582,1999,2311,2759]
[0,353,1076,1582,1999,2759]
[0,341,1035,1403,1999,2311,2759]
[0,1035,1403,1999,2311,2759]
[0,353,1076,1999,2365,2759]
[0,353,1076,1467,1999,2311,2759]
[0,1234,1999,2365,2759]
[0,341,974,1582,1999,2759]
[0,341,1076,1999,2311,2759]
[0,353,1234,2184,2759]
[0,1035,2759]
[0,974,1582,1999,2759]
[0,1076,1999,2311,2759]
[0,974,1582,1999,2311,2759]
