[0,318,660,919,1980,2351,2956]
[0,349,770,919,1389,1980,2351,2956]
[0,1662,1980,2351,2956]
[0,1980,2956]
[0,349,919,1662,1980,2351,2956]
[0,919,2956]
[0,349,919,1662,1980,2351,2637,2956]
[0,349,919,1980,2351,2956]
[0,919,1980,2956]
[0,919,1389,1980,2351,2956]
[0,1389,1980,2956]
[0,318,770,919,1494,1980,2351,2665,2956]
[0,318,919,1980,2351,2956]
[0,349,919,1980,2956]
[0,349,770,919,1662,1980,2351,2637,2956]
[0,318,660,919,1662,1980,2351,2956]
[0,318,919,1980,2333,2956]
[0,318,919,1662,1980,2351,2665,2956]
[0,318,770,919,1980,2351,2956]
[0,1662,1980,2333,2956]
[0,349,1980,2956]
[0,318,919,1494,1980,2351,2956]
[0,1389,1980,2351,2956]
[0,318,770,919,1980,2333,2956]
[0,919,1389,1980,2956]
[0,349,770,919,1662,1980,2351,2956]
[0,1389,2956]
[0,318,660,919,1662,1980,2351,2665,2956]
[0,318,919,1494,1980,2351,2665,2956]
[0,318,919,1662,1980,2351,2956]
[0,1662,2351,2956]
[0,919,1662,2956]
[0,919,1389,2956]
[0,349,919,1494,1980,2351,2956]
[0,349,919,1389,1980,2351,2956]
[0,349,919,1662,2956]
[0,349,919,1389,2956]
[0,919,1662,2351,2956]
[0,318,1980,2956]
[0,318,919,1662,1980,2333,2956]
[0,1662,2956]
[0,919,1494,1980,2956]
[0,1479,2956]
[0,1494,1980,2351,2956]
[0,919,1662,1980,2351,2956]
[0,1932,2956]
[0,660,919,1980,2351,2956]
[0,318,770,919,1494,1980,2351,2956]
[0,919,1980,2333,2956]
[0,1494,1980,2956]
[0,1980,2351,2956]
[0,349,919,1662,2351,2956]
[0,318,770,919,1662,1980,2351,2665,2956]
[0,1980,2333,2956]
[0,349,1662,2956]
[0,318,770,919,1662,1980,2351,2956]
[0,660,919,1980,2956]
[0,349,1389,2956]
[0,1494,2956]
[0,660,919,2956]
[0,919,1662,1980,2333,2956]
[0,919,1980,2351,2956]
[0,349,770,919,1662,1980,2351,2497,2956]
[0,919,1494,1980,2351,2956]
[0,318,770,919,1662,1980,2333,2956]
[0,349,770,919,1980,2351,2956]
[0,318,919,1980,2956]
