[0,226,487,1070,2028,2355,2812]
[0,435,1070,1876,2812]
[0,226,487,1355,2727,2812]
[0,435,1355,2812]
[0,1355,2812]
[0,226,435,1070,1876,2499,2812]
[0,435,1070,1876,2499,2812]
[0,226,487,1070,2355,2812]
[0,1070,2499,2812]
[0,487,1070,2355,2812]
[0,487,1355,2812]
[0,1070,1876,2812]
[0,435,1355,1876,2499,2812]
[0,1355,2499,2812]
[0,487,1070,2028,2355,2812]
[0,2028,2812]
[0,74,226,335,487,1070,1355,2028,2355,2812]
[0,487,1355,2727,2812]
[0,226,487,1070,1876,2355,2812]
[0,487,2812]
[0,226,487,2812]
[0,226,335,487,1070,1355,2028,2355,2812]
[0,335,2028,2812]
[0,1355,1876,2812]
[0,226,435,1355,1876,2499,2812]
[0,226,487,1355,2812]
[0,1070,1876,2499,2812]
[0,487,1070,1876,2355,2812]
[0,435,1070,2812]
[0,226,435,1070,2499,2812]
[0,1070,2355,2812]
[0,226,487,1070,1355,2028,2355,2812]
[0,335,2812]
[0,487,1070,2812]
[0,435,1355,2499,2812]
[0,1355,1876,2499,2812]
[0,226,435,1355,2499,2812]
[0,1070,2812]
[0,2727,2812]
[0,487,1070,1355,2028,2355,2812]
[0,1355,2727,2812]
[0,435,1355,1876,2812]
[0,226,335,487,1070,2028,2355,2812]
[0,487,1070,1876,2812]
[0,435,1070,2499,2812]
