[0,681,1414,1710,2263,2824]
[0,1058,1702,2263,2824]
[0,745,1414,2824]
[0,670,1058,1414,2263,2824]
[0,670,745,1058,1414,1991,2263,2824]
[0,670,1058,1991,2263,2824]
[0,1058,2263,2824]
[0,681,1710,2263,2824]
[0,670,745,1058,1702,1991,2263,2824]
[0,1058,1991,2824]
[0,1058,2824]
[0,745,1414,2263,2824]
[0,1018,2244,2824]
[0,1058,1710,2263,2824]
[0,681,1058,1702,2263,2824]
[0,681,1058,1702,1991,2263,2824]
[0,681,1702,2824]
[0,670,1058,1991,2824]
[0,670,1058,2263,2824]
[0,681,1710,2824]
[0,681,1702,2263,2824]
[0,670,1058,1414,1991,2263,2824]
[0,681,1414,2263,2824]
[0,681,1058,1710,2263,2824]
[0,670,1058,1702,1991,2263,2824]
[0,1414,2824]
[0,1710,2824]
[0,670,745,1058,1991,2263,2824]
[0,670,745,1058,1702,2263,2824]
[0,1414,2263,2824]
[0,1018,2824]
[0,681,745,1058,1710,2263,2824]
[0,1702,2824]
[0,681,1414,2824]
[0,670,1058,1702,2263,2824]
