[0,392,574,977,1331,1461,1880,2019]
[0,392,683,1880,2019]
[0,392,683,1030,1331,2019]
[0,392,683,977,1880,2019]
[0,392,977,1341,2019]
[0,392,1409,2019]
[0,98,392,1331,1409,1880,2019]
[0,392,683,1030,2019]
[0,392,683,1030,1331,1409,2019]
[0,1608,2019]
[0,392,574,977,1331,1880,2019]
[0,98,392,574,977,1880,2019]
[0,392,1880,2019]
[0,392,574,977,2019]
[0,98,392,574,977,1331,1880,2019]
[0,392,977,1330,2019]
[0,98,392,1409,1880,2019]
[0,392,574,977,1341,2019]
[0,392,683,935,2019]
[0,977,1608,2019]
[0,392,574,2019]
[0,98,392,574,1331,1409,1880,2019]
[0,392,2019]
[0,98,392,683,1880,2019]
[0,392,1331,1409,2019]
[0,392,574,1030,1331,1880,2019]
[0,392,574,977,1341,1608,2019]
[0,392,683,1030,1880,2019]
[0,98,392,574,977,1341,1880,2019]
[0,1030,2019]
[0,98,392,683,977,1330,1880,2019]
[0,392,1608,2019]
[0,98,392,683,977,1880,2019]
[0,392,977,1331,2019]
[0,977,2019]
[0,98,392,574,977,1331,1461,1880,2019]
[0,392,574,977,1331,2019]
[0,392,683,2019]
[0,392,574,1409,2019]
[0,392,1030,1880,2019]
[0,935,2019]
[0,392,574,1030,2019]
[0,392,683,977,1330,1880,2019]
[0,392,977,1341,1608,2019]
[0,392,574,977,1341,1880,2019]
[0,392,574,1409,1880,2019]
[0,392,1341,1608,2019]
[0,392,574,1030,1880,2019]
[0,392,683,935,1880,2019]
[0,392,1331,1409,1880,2019]
[0,98,392,574,1880,2019]
[0,392,1030,2019]
[0,392,683,977,2019]
[0,392,574,977,1341,1608,1880,2019]
[0,98,392,683,935,1880,2019]
[0,392,1030,1331,2019]
[0,98,392,574,1030,1331,1880,2019]
[0,392,977,2019]
[0,392,1409,1880,2019]
[0,392,574,977,1880,2019]
[0,1409,2019]
[0,392,574,1030,1331,2019]
[0,392,935,2019]
[0,392,1030,1331,1409,2019]
[0,98,392,574,977,1341,1608,1880,2019]
[0,98,392,683,1030,1331,1880,2019]
[0,98,392,683,1030,1331,1409,1880,2019]
[0,392,977,1608,2019]
[0,392,683,1030,1331,1409,1880,2019]
[0,392,683,977,1330,2019]
[0,392,574,1880,2019]
[0,392,683,1030,1331,1880,2019]
[0,98,392,1880,2019]
[0,98,392,574,1409,1880,2019]
