[0,1644,2189]
[0,135,977,1286,1636,1892,2189]
[0,957,1644,2189]
[0,135,1636,2189]
[0,977,1286,1718,2189]
[0,1406,1718,2189]
[0,231,977,1286,1718,1892,2189]
[0,1286,1636,2189]
[0,977,1644,2189]
[0,135,977,1477,1644,2189]
[0,135,859,977,1286,1477,1644,2189]
[0,859,1892,2189]
[0,135,859,977,1406,1644,2189]
[0,135,977,1406,1718,2189]
[0,135,859,977,1286,1636,1718,1892,2108,2189]
[0,231,1644,2189]
[0,977,1406,2189]
[0,977,1286,1636,1892,2189]
[0,135,231,859,977,1286,1636,1718,1892,2189]
[0,231,957,1644,2189]
[0,1632,2189]
[0,135,977,1286,1477,1644,2189]
[0,135,859,977,1406,1718,1892,2108,2189]
[0,135,231,859,977,1286,1636,1892,2189]
[0,135,231,859,977,1286,1406,1636,1718,1892,2189]
[0,859,2189]
[0,977,1892,2189]
[0,135,977,1286,1718,2189]
[0,135,859,977,1286,1636,1892,2189]
[0,937,1644,2189]
[0,231,957,1406,1644,2189]
[0,937,1406,1644,2189]
[0,135,859,977,1406,1718,1892,2189]
[0,977,1477,1644,2189]
[0,231,937,1052,1406,1644,2189]
[0,977,1286,1718,1892,2189]
[0,135,859,977,1286,1406,1636,1892,2189]
[0,977,1286,1644,2189]
[0,231,977,1052,1286,1718,1892,2189]
[0,1286,1718,2189]
[0,1477,2189]
[0,231,1718,2189]
[0,135,977,1286,1636,2189]
[0,977,1636,2189]
[0,135,231,859,977,1286,1406,1636,1718,1892,2108,2189]
[0,231,977,1052,1286,1718,2189]
[0,231,977,1052,1286,1718,1892,2108,2189]
[0,135,977,1406,1644,2189]
[0,977,2189]
[0,1406,2189]
[0,977,1477,2189]
[0,937,2189]
[0,135,977,1636,2189]
[0,231,977,1286,1718,2189]
[0,135,859,977,1286,1718,1892,2108,2189]
[0,231,937,1644,2189]
[0,957,2189]
[0,135,977,1406,1718,1892,2108,2189]
[0,977,1406,1644,2189]
[0,1718,2189]
[0,231,1718,1892,2189]
[0,135,977,1286,1406,1718,1892,2189]
[0,135,977,1477,2189]
[0,135,977,1406,1718,1892,2189]
[0,135,859,977,1477,1644,2189]
[0,1892,2189]
[0,135,859,977,1286,1636,1718,1892,2189]
[0,135,859,977,1286,1636,1892,2108,2189]
[0,977,1286,1636,2189]
[0,1286,1644,2189]
[0,135,977,1286,1636,1892,2108,2189]
[0,231,977,1286,1718,1892,2108,2189]
[0,135,977,1286,1718,1892,2108,2189]
[0,135,977,1286,1718,1892,2189]
[0,135,859,977,1286,1718,1892,2189]
[0,135,859,977,1286,1636,2189]
[0,957,1406,1644,2189]
[0,1406,1644,2189]
[0,135,231,859,977,1286,1636,1718,1892,2108,2189]
[0,231,937,1406,1644,2189]
[0,135,231,859,977,1286,1406,1636,1892,2189]
[0,231,1892,2189]
[0,1636,2189]
[0,977,1406,1718,2189]
[0,977,1286,1477,1644,2189]
[0,135,859,977,1286,1406,1718,1892,2108,2189]
[0,135,977,1286,1406,1636,1892,2189]
[0,977,1406,1718,1892,2189]
[0,135,859,977,1286,1406,1718,1892,2189]
