[0,425,780,997,1276,1440,2053]
[0,307,1276,1440,2053]
[0,425,780,997,1440,2053]
[0,61,307,425,997,1276,1440,1923,2053]
[0,307,1276,1440,1923,2053]
[0,307,997,1276,1440,1646,2053]
[0,425,997,1440,2053]
[0,307,425,780,997,1276,1440,1646,1923,2053]
[0,307,425,780,1276,1440,1646,1735,1923,2053]
[0,425,780,1440,1889,2053]
[0,307,1440,1923,2053]
[0,307,997,1440,1646,2053]
[0,425,1276,1440,1923,2053]
[0,425,1440,1889,2053]
[0,425,997,1276,1440,2053]
[0,425,780,1276,1455,1923,2053]
[0,307,997,1276,1440,2053]
[0,61,307,997,1276,1440,1646,1923,2053]
[0,307,997,1276,1440,1923,2053]
[0,425,1440,2053]
[0,997,1440,2053]
[0,61,307,425,780,1276,1440,1923,2053]
[0,61,307,997,1276,1440,1923,2053]
[0,425,1455,2053]
[0,1440,2053]
[0,1455,2053]
[0,425,780,997,1276,1440,1646,2053]
[0,61,307,425,997,1276,1440,1646,1923,2053]
[0,61,307,425,780,1276,1440,1646,1923,2053]
[0,425,780,1440,1646,2053]
[0,425,997,1276,1440,1646,2053]
[0,425,780,1440,2053]
[0,425,780,1276,1440,1646,1735,1923,2053]
[0,307,425,997,1276,1440,1646,1923,2053]
[0,307,997,1440,2053]
[0,425,780,1276,1440,2053]
[0,425,780,1276,1440,1646,2053]
[0,307,425,997,1276,1440,1923,2053]
[0,425,997,1276,1440,1646,1923,2053]
[0,425,780,1276,1440,1646,1923,2053]
[0,61,307,425,780,997,1276,1440,1646,1923,2053]
[0,425,997,1440,1646,2053]
[0,61,425,780,1276,1440,1646,1923,2053]
[0,307,425,780,1276,1440,1923,2053]
[0,307,425,780,1276,1440,1646,1923,2053]
[0,425,997,1276,1440,1923,2053]
[0,61,307,425,780,1276,1440,1646,1735,1923,2053]
[0,425,780,1455,2053]
[0,425,1440,1923,2053]
[0,61,425,780,1276,1440,1923,2053]
[0,307,997,1276,1440,1646,1923,2053]
[0,425,1276,1440,2053]
[0,425,780,997,1276,1440,1646,1923,2053]
[0,425,1455,1923,2053]
[0,425,780,1276,1455,2053]
[0,425,780,997,1440,1646,2053]
[0,1455,1923,2053]
[0,1516,2053]
[0,61,425,780,1276,1440,1646,1735,1923,2053]
[0,425,780,1276,1440,1923,2053]
[0,448,1516,2053]
[0,425,1276,1455,2053]
[0,425,1276,1455,1923,2053]
[0,307,1440,2053]
