[0,76,330,836,969]
[0,76,330,378,475,550,751,969]
[0,76,330,475,550,751,969]
[0,76,330,475,550,689,751,969]
[0,76,330,969]
[0,76,330,378,836,921,969]
[0,76,330,378,475,550,689,751,969]
[0,330,473,550,751,969]
[0,76,286,330,378,473,550,689,751,836,921,969]
[0,76,330,473,836,969]
[0,76,330,473,550,689,751,969]
[0,330,751,969]
[0,330,550,689,969]
[0,76,330,473,550,836,969]
[0,330,550,689,836,969]
[0,76,330,475,550,969]
[0,330,475,550,969]
[0,76,330,378,473,550,689,751,836,921,969]
[0,76,330,689,751,969]
[0,76,330,378,475,550,836,969]
[0,76,330,475,550,689,836,969]
[0,76,330,378,475,550,689,751,836,969]
[0,330,550,969]
[0,76,330,550,689,836,969]
[0,76,330,378,491,836,969]
[0,330,473,550,689,836,969]
[0,330,473,550,969]
[0,76,330,473,550,689,836,969]
[0,76,330,475,550,689,751,836,969]
[0,76,330,378,836,969]
[0,378,836,969]
[0,76,330,491,836,969]
[0,330,969]
[0,76,330,378,473,550,689,836,921,969]
[0,76,330,550,836,921,969]
[0,76,286,330,378,475,550,836,969]
[0,76,330,550,969]
[0,378,969]
[0,76,330,473,550,689,751,836,969]
[0,76,330,550,751,969]
[0,76,286,330,378,475,550,689,751,836,969]
[0,330,550,751,969]
[0,76,378,969]
[0,76,330,378,969]
[0,76,330,475,550,836,969]
[0,76,330,473,550,969]
[0,76,330,836,921,969]
[0,330,378,475,550,969]
[0,76,330,550,689,751,969]
[0,76,330,473,550,689,751,836,921,969]
[0,330,473,550,836,969]
[0,330,491,969]
[0,330,491,836,969]
[0,76,969]
[0,76,378,836,969]
[0,330,473,969]
[0,76,330,473,550,689,836,921,969]
[0,76,330,550,836,969]
[0,76,330,751,969]
[0,330,550,836,969]
[0,76,330,378,473,836,921,969]
[0,330,836,969]
[0,330,473,836,969]
[0,76,286,330,378,473,550,836,921,969]
[0,76,330,378,473,550,836,921,969]
[0,76,330,378,475,550,969]
[0,76,330,473,836,921,969]
[0,76,330,473,550,751,969]
[0,76,330,473,550,836,921,969]
