[0,114,211,325,706,992,1343]
[0,114,257,534,706,994,1065,1343]
[0,211,534,992,1343]
[0,211,325,706,992,1343]
[0,114,257,994,1065,1343]
[0,114,211,534,706,997,1343]
[0,257,992,1343]
[0,211,534,706,997,1343]
[0,211,994,1343]
[0,325,706,992,1343]
[0,114,211,534,706,992,1065,1343]
[0,211,534,992,1281,1343]
[0,114,257,534,994,1343]
[0,114,211,257,534,706,992,1065,1281,1343]
[0,211,325,992,1065,1281,1343]
[0,257,994,1343]
[0,114,257,534,992,1343]
[0,997,1343]
[0,114,257,534,706,992,1065,1343]
[0,114,211,534,706,994,1065,1343]
[0,211,534,706,992,1343]
[0,114,257,534,706,992,1065,1281,1343]
[0,211,1343]
[0,257,1343]
[0,257,534,706,992,1343]
[0,114,257,534,994,1065,1343]
[0,211,534,992,1065,1343]
[0,114,211,534,706,992,1065,1281,1343]
[0,211,534,706,992,1281,1343]
[0,114,211,534,706,994,1343]
[0,114,211,257,534,706,994,1065,1281,1343]
[0,211,992,1065,1343]
[0,992,1343]
[0,114,257,534,992,1065,1343]
[0,325,1343]
[0,211,534,706,992,1065,1343]
[0,211,534,997,1281,1343]
[0,114,257,534,706,994,1065,1281,1343]
[0,211,534,706,994,1065,1343]
[0,114,257,992,1343]
[0,114,211,534,706,997,1281,1343]
[0,114,211,325,706,771,992,1065,1281,1343]
[0,114,211,325,534,706,992,1343]
[0,114,211,325,534,706,771,992,1065,1281,1343]
[0,114,211,325,706,992,1065,1343]
[0,114,211,534,706,992,1281,1343]
[0,1033,1343]
[0,114,257,534,706,992,1343]
[0,211,534,994,1065,1343]
[0,211,325,706,992,1065,1343]
[0,211,992,1343]
[0,257,992,1065,1343]
[0,211,325,992,1343]
[0,211,325,706,992,1065,1281,1343]
[0,257,534,994,1343]
[0,257,534,992,1343]
[0,114,257,534,706,994,1343]
[0,211,534,706,994,1065,1281,1343]
[0,114,211,325,534,706,992,1065,1343]
[0,211,534,706,997,1281,1343]
[0,211,534,706,992,1065,1281,1343]
[0,211,534,994,1343]
[0,534,997,1343]
[0,211,997,1281,1343]
[0,211,534,706,994,1343]
[0,114,211,325,534,706,771,992,1065,1343]
[0,257,534,706,994,1343]
[0,114,211,534,706,992,1343]
[0,211,992,1281,1343]
[0,211,325,534,706,992,1343]
[0,211,325,992,1065,1343]
[0,211,1033,1343]
[0,114,211,534,706,994,1065,1281,1343]
[0,534,1343]
[0,534,992,1343]
[0,994,1343]
[0,211,994,1065,1343]
[0,211,997,1343]
[0,257,994,1065,1343]
[0,211,534,997,1343]
[0,534,994,1343]
[0,114,211,325,706,771,992,1065,1343]
[0,325,992,1343]
[0,114,257,992,1065,1343]
[0,114,257,994,1343]
[0,114,211,325,706,992,1065,1281,1343]
