[0,622,1755,2020]
[0,171,1755,2020]
[0,160,1754,1948,2020]
[0,1755,2020]
[0,135,622,1754,2020]
[0,622,1948,2020]
[0,160,1754,2020]
[0,160,1755,2020]
[0,160,2020]
[0,622,2020]
[0,1948,2020]
[0,135,622,1755,2020]
[0,135,1754,2020]
[0,135,622,1754,1948,2020]
[0,160,622,1754,1948,2020]
[0,135,1755,2020]
[0,135,1755,1948,2020]
[0,622,1754,2020]
[0,135,622,1755,1948,2020]
[0,160,622,1754,2020]
[0,160,1755,1948,2020]
[0,1754,2020]
[0,160,622,1755,2020]
[0,160,1948,2020]
[0,160,622,1755,1948,2020]
[0,135,1754,1948,2020]
