[0,950,1887,2055,2575,2812]
[0,950,1118,2055,2764,2812]
[0,2764,2812]
[0,2196,2812]
[0,950,1414,1930,2196,2812]
[0,950,1887,2055,2764,2812]
[0,194,2196,2812]
[0,803,2812]
[0,1020,2074,2812]
[0,100,950,1414,1930,2196,2621,2812]
[0,950,1020,2055,2575,2812]
[0,950,2812]
[0,950,1930,2196,2621,2812]
[0,100,950,1887,2055,2575,2812]
[0,950,1109,2621,2812]
[0,950,1020,2575,2812]
[0,950,2196,2621,2812]
[0,950,1887,2055,2621,2812]
[0,950,1887,2575,2812]
[0,100,950,2135,2621,2812]
[0,950,1887,2812]
[0,803,2196,2812]
[0,950,1109,1887,2055,2621,2812]
[0,100,950,1887,2055,2575,2764,2812]
[0,950,1118,1887,2055,2575,2812]
[0,1020,2812]
[0,950,1020,1887,2055,2575,2812]
[0,1020,2074,2621,2812]
[0,950,1118,2764,2812]
[0,100,950,1109,1887,2055,2621,2812]
[0,950,1414,1930,2196,2621,2812]
[0,950,1158,2055,2575,2812]
[0,100,950,1109,1930,2196,2621,2812]
[0,950,1118,1887,2055,2575,2764,2812]
[0,950,1118,1887,2575,2812]
[0,950,1118,2575,2812]
[0,100,950,2196,2621,2812]
[0,950,2575,2812]
[0,950,2135,2812]
[0,1020,2196,2812]
[0,950,1118,1887,2055,2764,2812]
[0,950,1118,2812]
[0,950,1158,1887,2055,2575,2812]
[0,950,1118,2055,2812]
[0,950,1109,2196,2621,2812]
[0,100,950,1109,2196,2621,2812]
[0,100,950,1109,2621,2812]
[0,950,2055,2575,2812]
[0,950,1887,2055,2812]
[0,100,950,1158,1887,2055,2575,2764,2812]
[0,950,2055,2764,2812]
[0,950,2055,2621,2812]
[0,950,1930,2196,2812]
[0,950,1109,1887,2055,2812]
[0,950,1887,2055,2575,2764,2812]
[0,950,1109,1930,2196,2621,2812]
[0,950,2621,2812]
[0,950,2764,2812]
[0,950,1118,1887,2055,2812]
[0,100,950,1930,2196,2621,2812]
[0,950,1414,2196,2812]
[0,950,2196,2812]
[0,950,2135,2621,2812]
[0,950,2055,2812]
[0,100,950,1158,1887,2055,2575,2812]
