[0,44,677,985,1190,1419]
[0,212,644,865,985,1190,1419]
[0,1187,1419]
[0,212,644,985,1190,1419]
[0,644,774,985,1190,1419]
[0,644,985,1190,1419]
[0,644,865,985,1190,1419]
[0,677,1190,1419]
[0,212,644,774,985,1190,1419]
[0,44,644,985,1190,1419]
[0,44,677,1190,1419]
[0,212,644,774,985,1190,1305,1419]
[0,44,644,1190,1419]
[0,44,560,677,985,1190,1419]
[0,644,774,985,1190,1305,1419]
[0,44,644,865,985,1190,1419]
[0,44,212,644,774,985,1190,1419]
[0,560,1190,1419]
[0,1190,1419]
[0,644,865,985,1190,1305,1419]
[0,44,212,644,774,985,1190,1305,1419]
[0,44,212,644,865,985,1190,1419]
[0,560,677,985,1190,1419]
[0,44,560,1190,1419]
[0,677,985,1190,1419]
[0,44,212,644,865,985,1190,1305,1419]
[0,644,1419]
[0,212,644,1190,1419]
[0,44,212,644,985,1190,1419]
[0,44,212,644,1190,1419]
[0,677,1419]
[0,644,1190,1419]
[0,560,1419]
[0,212,644,865,985,1190,1305,1419]
