[0,790,1040,1343]
[0,111,790,1343]
[0,111,398,790,1343]
[0,482,670,790,1343]
[0,790,855,1343]
[0,111,398,482,670,790,1343]
[0,111,320,398,790,925,1040,1343]
[0,111,790,855,1343]
[0,482,670,790,1040,1343]
[0,111,398,482,670,790,1040,1343]
[0,111,398,482,670,790,945,1040,1343]
[0,111,398,482,670,790,855,1343]
[0,482,1343]
[0,111,398,482,670,790,855,945,1040,1343]
[0,398,790,1040,1343]
[0,111,320,398,482,670,790,855,1343]
[0,790,1343]
[0,111,398,790,925,1040,1343]
[0,111,398,454,790,855,1343]
[0,111,320,398,790,1343]
[0,482,790,1040,1343]
[0,398,758,1040,1343]
[0,398,1343]
[0,111,482,1040,1343]
[0,111,398,482,670,790,855,1040,1343]
[0,111,398,482,670,1343]
[0,111,482,670,790,1040,1343]
[0,111,398,454,790,855,925,1040,1343]
[0,670,790,1343]
[0,758,1343]
[0,111,320,398,454,790,855,1040,1343]
[0,111,398,482,1343]
[0,111,398,790,855,1343]
[0,111,320,398,482,670,790,855,945,1040,1343]
[0,758,1040,1343]
[0,111,320,398,482,670,790,855,1040,1343]
[0,111,320,398,454,790,855,1343]
[0,111,398,1343]
[0,111,320,398,482,670,790,945,1040,1343]
[0,111,482,670,790,945,1040,1343]
[0,111,790,1040,1343]
[0,111,398,790,855,1040,1343]
[0,111,670,790,1343]
[0,111,320,398,482,670,790,1040,1343]
[0,111,320,398,454,790,855,925,1040,1343]
[0,111,320,398,790,855,1040,1343]
[0,482,670,1343]
[0,670,790,1040,1343]
[0,111,398,790,855,925,1040,1343]
[0,111,758,1040,1343]
[0,111,320,398,1343]
[0,482,1040,1343]
[0,398,790,1343]
[0,111,1040,1343]
[0,111,398,758,1040,1343]
[0,111,482,670,790,1343]
[0,367,1343]
[0,111,398,454,790,855,1040,1343]
[0,111,482,670,1343]
[0,111,320,398,790,1040,1343]
[0,111,670,790,1040,1343]
[0,111,320,398,790,855,1343]
[0,111,670,790,855,1343]
[0,111,320,398,482,670,790,1343]
[0,111,398,482,758,1040,1343]
[0,111,398,482,1040,1343]
[0,1040,1343]
[0,111,398,790,1040,1343]
[0,398,790,925,1040,1343]
[0,111,482,670,790,855,1343]
[0,111,1343]
[0,111,482,1343]
[0,398,758,1343]
[0,111,320,398,790,855,925,1040,1343]
