[0,241,385,2211]
[0,248,544,965,1296,1479,2028,2211]
[0,385,1296,2021,2211]
[0,244,460,1370,1479,2021,2211]
[0,544,1296,2211]
[0,248,385,1729,2211]
[0,248,385,965,1296,2021,2211]
[0,1388,2211]
[0,1377,2211]
[0,248,2211]
[0,241,385,1296,1729,2211]
[0,244,460,1370,2021,2211]
[0,460,1388,2211]
[0,965,1377,2211]
[0,1729,2211]
[0,385,1296,1479,2211]
[0,248,385,1377,1479,2211]
[0,385,955,1296,1729,2021,2211]
[0,385,1370,2211]
[0,248,544,2211]
[0,241,385,955,1296,1729,2211]
[0,385,544,1377,1479,2028,2211]
[0,965,2211]
[0,248,544,819,965,1296,1479,2028,2211]
[0,385,627,965,1296,2211]
[0,460,1370,2211]
[0,248,385,1377,1479,2028,2211]
[0,248,544,965,1296,2211]
[0,385,1296,1729,2211]
[0,1296,1729,2211]
[0,544,2211]
[0,460,1370,1479,2211]
[0,248,544,819,965,1296,1479,2211]
[0,248,385,1296,2021,2211]
[0,385,955,1296,1729,2211]
[0,385,544,965,1296,1479,2211]
[0,385,965,1296,1479,2211]
[0,244,460,2211]
[0,248,385,544,1296,1479,2028,2211]
[0,385,965,1377,2211]
[0,248,544,1296,2211]
[0,385,1370,1479,2211]
[0,248,385,627,819,965,1296,2021,2211]
[0,248,385,544,965,1296,1479,2028,2211]
[0,248,385,965,1377,1479,2028,2211]
[0,385,627,965,1296,2021,2211]
[0,385,544,819,965,1296,1479,2211]
[0,1296,2211]
[0,460,1388,1987,2211]
[0,385,1377,2211]
[0,244,460,1388,1987,2211]
[0,385,1377,2028,2211]
[0,248,385,1479,1729,2211]
[0,385,544,1296,1479,2211]
[0,248,544,1296,2028,2211]
[0,248,385,544,819,965,1296,1479,2028,2211]
[0,248,544,965,1296,2028,2211]
[0,385,627,819,965,1296,2021,2211]
[0,385,1729,2211]
[0,241,385,1296,2211]
[0,1370,2211]
[0,241,385,955,1296,1729,2021,2211]
[0,385,965,1296,2028,2211]
[0,244,460,1370,1479,2211]
[0,244,460,1388,2211]
[0,385,1377,1479,2211]
[0,385,544,1377,1479,2211]
[0,385,965,1296,2021,2211]
[0,385,1296,1479,2028,2211]
[0,244,460,1370,2211]
[0,385,965,1296,1479,2028,2211]
[0,385,544,1377,2211]
[0,248,385,2211]
[0,385,544,965,1296,1479,2028,2211]
[0,248,385,965,1377,2028,2211]
[0,248,544,1296,1479,2211]
[0,385,819,965,1296,2021,2211]
[0,385,544,1296,1479,2028,2211]
[0,248,544,965,1296,1479,2211]
[0,385,544,819,965,1296,1479,2028,2211]
[0,385,965,1296,2211]
[0,248,385,1377,2028,2211]
[0,460,2211]
[0,385,544,1377,2028,2211]
[0,248,544,1296,1479,2028,2211]
[0,248,385,819,965,1296,2021,2211]
[0,385,1296,2211]
[0,385,819,965,1296,1479,2211]
[0,385,2211]
[0,453,2211]
[0,385,965,1377,2028,2211]
[0,248,385,1377,2211]
[0,385,1479,1729,2211]
[0,544,965,1296,2211]
[0,385,1296,2028,2211]
