[0,599,910,1249]
[0,275,599,1249]
[0,48,599,749,910,1161,1249]
[0,599,654,910,973,1249]
[0,275,406,599,654,973,1249]
[0,973,1249]
[0,275,406,973,1249]
[0,275,599,973,1249]
[0,48,275,599,654,907,986,1249]
[0,406,654,986,1249]
[0,48,910,1161,1249]
[0,659,907,986,1249]
[0,48,599,986,1249]
[0,406,910,1161,1249]
[0,48,1249]
[0,275,599,986,1249]
[0,70,599,659,986,1249]
[0,48,1161,1249]
[0,406,973,1249]
[0,599,910,973,1249]
[0,48,910,1249]
[0,70,406,654,910,1161,1249]
[0,70,406,910,1161,1249]
[0,70,599,973,1249]
[0,70,599,910,1161,1249]
[0,48,275,406,599,654,973,1249]
[0,48,599,910,1161,1249]
[0,70,599,749,910,1161,1249]
[0,406,599,654,910,973,1249]
[0,48,599,654,910,973,1249]
[0,70,986,1249]
[0,406,654,910,1249]
[0,406,1249]
[0,275,406,599,973,1249]
[0,599,910,1161,1249]
[0,122,1249]
[0,48,275,599,654,973,1249]
[0,599,659,986,1249]
[0,48,973,1249]
[0,70,659,907,986,1249]
[0,48,599,654,973,1249]
[0,881,1249]
[0,48,599,654,907,986,1249]
[0,599,654,973,1249]
[0,70,599,659,907,986,1249]
[0,406,654,910,973,1249]
[0,599,907,986,1249]
[0,907,986,1249]
[0,275,406,599,654,910,973,1249]
[0,406,654,907,986,1249]
[0,599,749,910,1249]
[0,122,881,1249]
[0,986,1249]
[0,48,599,973,1249]
[0,599,654,986,1249]
[0,48,275,406,599,654,907,986,1249]
[0,275,406,654,986,1249]
[0,275,406,654,973,1249]
[0,659,986,1249]
[0,599,749,910,1161,1249]
[0,275,599,654,973,1249]
[0,599,986,1249]
[0,70,910,1249]
[0,48,599,659,907,986,1249]
[0,48,599,659,986,1249]
[0,406,986,1249]
[0,599,973,1249]
[0,406,599,654,973,1249]
[0,910,1161,1249]
[0,70,599,986,1249]
[0,406,599,654,907,986,1249]
[0,275,406,654,910,973,1249]
[0,406,910,973,1249]
[0,1161,1249]
[0,406,599,973,1249]
[0,70,910,1161,1249]
[0,406,654,910,1161,1249]
[0,910,1249]
[0,48,986,1249]
[0,599,654,907,986,1249]
[0,48,406,910,1161,1249]
[0,659,1249]
[0,70,907,986,1249]
[0,275,406,654,907,986,1249]
[0,70,973,1249]
[0,275,599,654,907,986,1249]
[0,406,907,986,1249]
[0,599,659,907,986,1249]
[0,48,275,406,599,654,910,973,1249]
[0,406,910,1249]
[0,275,406,599,654,907,986,1249]
[0,48,599,654,986,1249]
[0,599,1249]
[0,406,654,973,1249]
[0,275,599,907,986,1249]
