[0,335,647,838,1027,1204,1642]
[0,533,838,1027,1193,1642]
[0,647,838,1204,1642]
[0,1193,1642]
[0,533,838,1205,1642]
[0,574,838,1027,1292,1642]
[0,108,574,838,1027,1292,1642]
[0,533,838,1193,1380,1564,1642]
[0,647,838,1204,1564,1642]
[0,574,838,1118,1642]
[0,227,701,1027,1642]
[0,227,1642]
[0,1118,1642]
[0,108,533,656,838,1027,1205,1409,1564,1642]
[0,533,838,1027,1193,1380,1564,1642]
[0,227,647,838,1027,1564,1642]
[0,533,838,1027,1077,1205,1409,1564,1642]
[0,335,838,1027,1642]
[0,574,838,1027,1292,1409,1564,1642]
[0,647,838,1027,1204,1642]
[0,701,1027,1642]
[0,647,838,1204,1380,1642]
[0,647,838,1027,1642]
[0,227,701,1027,1564,1642]
[0,533,838,1205,1409,1564,1642]
[0,335,647,838,1204,1642]
[0,533,838,1193,1380,1642]
[0,227,647,838,1027,1204,1380,1564,1642]
[0,647,1564,1642]
[0,533,838,1205,1409,1642]
[0,227,838,1204,1642]
[0,635,1642]
[0,227,647,838,1027,1204,1642]
[0,108,533,838,1027,1077,1205,1409,1564,1642]
[0,647,838,1027,1204,1380,1642]
[0,533,838,1027,1193,1380,1642]
[0,335,647,838,1027,1642]
[0,227,1027,1564,1642]
[0,574,838,1027,1409,1642]
[0,574,838,1409,1642]
[0,838,1193,1642]
[0,838,1204,1642]
[0,533,656,838,1027,1205,1409,1642]
[0,108,533,656,838,1027,1077,1205,1409,1564,1642]
[0,838,1292,1642]
[0,574,838,1292,1642]
[0,227,838,1076,1642]
[0,108,533,838,1027,1205,1642]
[0,227,647,838,1204,1642]
[0,335,1642]
[0,838,1118,1642]
[0,227,647,838,1027,1204,1380,1642]
[0,1292,1642]
[0,108,574,838,1027,1292,1409,1564,1642]
[0,533,838,1193,1564,1642]
[0,108,533,838,1027,1205,1409,1642]
[0,227,647,1642]
[0,108,574,838,1027,1292,1409,1642]
[0,335,838,1027,1564,1642]
[0,574,838,1027,1409,1564,1642]
[0,574,838,1118,1564,1642]
[0,838,1076,1642]
[0,1204,1642]
[0,335,647,838,1027,1564,1642]
[0,227,647,838,1642]
[0,574,838,1027,1292,1409,1642]
[0,227,647,838,1076,1642]
[0,533,838,1205,1564,1642]
[0,647,1642]
[0,647,838,1076,1642]
[0,1076,1642]
[0,574,1642]
[0,108,533,656,838,1027,1205,1642]
[0,533,656,838,1027,1205,1642]
[0,533,838,1027,1205,1409,1642]
[0,647,838,1027,1564,1642]
[0,647,838,1027,1204,1564,1642]
[0,227,1564,1642]
[0,838,1027,1642]
[0,838,1642]
[0,838,1205,1642]
[0,335,647,838,1642]
[0,227,647,838,1027,1642]
[0,1027,1642]
[0,108,574,838,1027,1642]
[0,1564,1642]
[0,647,838,1076,1564,1642]
[0,335,838,1642]
[0,533,838,1193,1642]
[0,574,838,1027,1564,1642]
[0,227,1027,1642]
[0,108,533,656,838,1027,1205,1409,1642]
[0,574,838,1642]
[0,647,838,1642]
[0,335,647,838,1027,1204,1564,1642]
[0,574,838,1027,1642]
[0,227,647,838,1076,1564,1642]
[0,635,1564,1642]
[0,647,1027,1642]
[0,647,1027,1564,1642]
[0,647,838,1204,1380,1564,1642]
[0,533,838,1027,1205,1642]
[0,1205,1642]
[0,647,838,1027,1204,1380,1564,1642]
[0,108,533,838,1027,1205,1409,1564,1642]
[0,335,838,1204,1642]
[0,533,838,1027,1205,1409,1564,1642]
