[0,107,642,1027,1144,1397,1594,1911]
[0,642,782,1027,1594,1911]
[0,724,1056,1397,1911]
[0,642,1027,1594,1911]
[0,782,1027,1397,1911]
[0,1144,1842,1911]
[0,1842,1911]
[0,642,1027,1335,1397,1594,1911]
[0,369,642,782,1027,1144,1594,1911]
[0,415,642,1027,1144,1397,1594,1911]
[0,642,1027,1335,1397,1594,1842,1911]
[0,107,415,642,1027,1594,1842,1911]
[0,107,642,1027,1335,1594,1842,1911]
[0,415,642,782,1027,1594,1911]
[0,369,642,1027,1397,1594,1911]
[0,369,642,782,1027,1594,1911]
[0,1027,1842,1911]
[0,107,415,642,1027,1144,1397,1594,1911]
[0,782,1027,1911]
[0,107,642,1027,1594,1842,1911]
[0,1027,1397,1911]
[0,107,369,642,782,1027,1144,1397,1594,1842,1911]
[0,696,1144,1842,1911]
[0,107,642,782,1027,1144,1594,1911]
[0,107,415,642,1027,1335,1397,1594,1842,1911]
[0,1056,1397,1911]
[0,107,415,642,782,1027,1144,1397,1594,1842,1911]
[0,107,782,1027,1594,1842,1911]
[0,107,642,1027,1335,1397,1594,1911]
[0,107,369,642,782,1027,1144,1335,1397,1594,1842,1911]
[0,107,415,642,1027,1144,1594,1842,1911]
[0,696,1056,1911]
[0,107,642,1027,1144,1397,1594,1842,1911]
[0,369,642,782,1027,1144,1397,1594,1911]
[0,696,1144,1911]
[0,107,642,1027,1144,1594,1842,1911]
[0,642,1027,1335,1594,1842,1911]
[0,369,642,782,1027,1397,1594,1911]
[0,107,415,642,1027,1144,1397,1594,1842,1911]
[0,107,642,1027,1144,1594,1911]
[0,107,642,782,1027,1144,1594,1842,1911]
[0,107,415,642,1027,1594,1911]
[0,724,1056,1911]
[0,107,642,782,1027,1144,1335,1397,1594,1842,1911]
[0,107,415,642,1027,1144,1335,1397,1594,1842,1911]
[0,1594,1911]
[0,107,369,642,782,1027,1144,1594,1842,1911]
[0,782,1027,1842,1911]
[0,107,415,642,1027,1335,1397,1594,1911]
[0,696,1056,1397,1911]
[0,107,415,642,782,1027,1144,1594,1842,1911]
[0,696,1056,1397,1842,1911]
[0,1027,1594,1911]
[0,1056,1594,1911]
[0,415,642,1027,1144,1594,1911]
[0,642,1027,1144,1594,1842,1911]
[0,724,1056,1397,1842,1911]
[0,107,415,642,1027,1335,1594,1842,1911]
[0,107,369,642,782,1027,1144,1594,1911]
[0,642,1027,1397,1594,1911]
[0,107,415,642,1027,1335,1594,1911]
[0,107,415,642,1027,1144,1594,1911]
[0,642,1027,1335,1594,1911]
[0,107,642,782,1027,1144,1397,1594,1842,1911]
[0,642,1027,1144,1594,1911]
[0,369,642,1027,1594,1911]
[0,415,642,782,1027,1144,1397,1594,1911]
[0,415,642,1027,1594,1911]
[0,1056,1911]
[0,1144,1911]
[0,642,782,1027,1397,1594,1911]
[0,642,1027,1594,1842,1911]
[0,107,782,1027,1594,1911]
[0,782,1027,1594,1911]
[0,1027,1911]
[0,415,642,1027,1397,1594,1911]
[0,107,415,642,782,1027,1144,1594,1911]
[0,107,642,782,1027,1144,1397,1594,1911]
[0,642,782,1027,1144,1594,1911]
[0,642,1027,1144,1397,1594,1911]
[0,415,642,1027,1335,1594,1911]
[0,107,415,642,782,1027,1144,1397,1594,1911]
[0,724,1056,1594,1911]
[0,107,782,1027,1397,1842,1911]
[0,642,782,1027,1144,1397,1594,1911]
[0,107,642,1027,1335,1397,1594,1842,1911]
[0,107,369,642,782,1027,1144,1397,1594,1911]
[0,782,1027,1397,1842,1911]
[0,107,642,1027,1594,1911]
[0,415,642,782,1027,1397,1594,1911]
[0,107,642,1027,1144,1335,1397,1594,1842,1911]
[0,107,415,642,782,1027,1144,1335,1397,1594,1842,1911]
[0,107,782,1027,1397,1911]
[0,642,1056,1911]
[0,642,1056,1594,1911]
[0,415,642,782,1027,1144,1594,1911]
[0,107,642,1027,1335,1594,1911]
[0,642,1027,1911]
