[0,329,425,582,737,803,867,922]
[0,473,582,737,803,922]
[0,473,582,922]
[0,76,329,425,582,803,922]
[0,76,157,329,425,473,582,737,803,867,922]
[0,329,425,582,803,922]
[0,329,425,473,582,633,737,803,867,922]
[0,425,582,737,803,867,922]
[0,737,922]
[0,329,425,582,737,803,922]
[0,157,425,582,922]
[0,329,425,473,582,737,803,867,922]
[0,425,582,737,803,922]
[0,425,582,803,922]
[0,803,922]
[0,76,157,329,425,582,803,922]
[0,473,922]
[0,329,425,582,633,737,803,867,922]
[0,473,737,922]
[0,473,803,922]
[0,473,582,737,803,867,922]
[0,473,582,803,922]
[0,76,157,329,425,582,737,803,867,922]
[0,76,329,425,582,737,803,867,922]
[0,157,425,582,803,922]
[0,157,329,425,582,803,922]
[0,76,157,329,425,582,737,803,922]
[0,76,329,425,582,737,803,922]
[0,425,582,922]
[0,582,922]
