[0,100,297,606,1035,1229,1714,1810]
[0,100,1687,1810]
[0,606,1166,1687,1810]
[0,291,1076,1687,1810]
[0,569,983,1219,1292,1810]
[0,606,1035,1229,1810]
[0,100,606,1076,1219,1810]
[0,606,1035,1724,1810]
[0,100,606,1035,1219,1299,1724,1810]
[0,100,657,1035,1714,1810]
[0,100,297,657,1035,1810]
[0,606,1009,1810]
[0,100,606,1076,1810]
[0,100,297,657,1035,1229,1714,1810]
[0,175,606,1166,1810]
[0,297,657,1035,1810]
[0,100,297,569,983,1219,1292,1687,1810]
[0,100,297,606,1076,1219,1724,1810]
[0,100,297,569,1035,1810]
[0,100,297,606,1035,1219,1724,1810]
[0,297,606,1035,1810]
[0,297,569,1035,1810]
[0,463,983,1810]
[0,657,983,1219,1687,1810]
[0,100,657,1035,1810]
[0,100,297,606,1035,1229,1810]
[0,569,983,1292,1810]
[0,100,297,606,1035,1724,1810]
[0,569,983,1219,1810]
[0,983,1810]
[0,100,297,657,1035,1714,1810]
[0,100,463,983,1219,1687,1810]
[0,100,297,606,1035,1810]
[0,100,569,1076,1219,1687,1810]
[0,606,1076,1219,1724,1810]
[0,569,1076,1219,1292,1687,1810]
[0,100,297,569,983,1292,1687,1810]
[0,606,1035,1219,1724,1810]
[0,1687,1810]
[0,606,1076,1810]
[0,569,1810]
[0,100,569,983,1292,1687,1810]
[0,657,1810]
[0,297,657,983,1219,1687,1810]
[0,606,1035,1219,1299,1810]
[0,100,1810]
[0,297,569,1076,1810]
[0,100,297,657,983,1219,1687,1810]
[0,175,606,1009,1714,1810]
[0,606,1076,1724,1810]
[0,297,606,1076,1219,1810]
[0,100,463,983,1687,1810]
[0,606,1009,1714,1810]
[0,100,606,1035,1810]
[0,100,983,1687,1810]
[0,100,606,1076,1219,1299,1724,1810]
[0,297,569,1076,1219,1687,1810]
[0,606,1166,1810]
[0,297,569,983,1292,1687,1810]
[0,657,983,1219,1810]
[0,100,569,1076,1219,1292,1687,1810]
[0,657,1035,1810]
[0,569,1076,1219,1292,1810]
[0,100,297,606,1035,1714,1810]
[0,297,463,657,983,1219,1687,1810]
[0,297,606,1035,1219,1810]
[0,297,569,1076,1687,1810]
[0,569,1035,1810]
[0,297,569,983,1292,1810]
[0,100,606,1035,1724,1810]
[0,100,297,569,1035,1714,1810]
[0,463,983,1219,1810]
[0,463,657,983,1219,1810]
[0,100,569,1076,1687,1810]
[0,100,297,657,983,1687,1810]
[0,1076,1687,1810]
[0,569,1076,1687,1810]
[0,100,297,569,1076,1219,1687,1810]
[0,569,983,1219,1292,1687,1810]
[0,1076,1810]
[0,297,1810]
[0,606,1076,1219,1810]
[0,100,657,983,1687,1810]
[0,291,1076,1810]
[0,606,1035,1810]
[0,100,606,1035,1219,1810]
[0,657,983,1687,1810]
[0,100,606,1035,1714,1810]
[0,297,657,983,1219,1810]
[0,100,606,1076,1219,1724,1810]
[0,100,569,983,1219,1292,1687,1810]
[0,1166,1810]
[0,606,1035,1219,1810]
[0,569,1076,1219,1687,1810]
[0,657,1035,1229,1810]
[0,569,1076,1810]
[0,297,657,1035,1229,1810]
[0,100,297,606,1035,1219,1299,1724,1810]
[0,100,297,569,1076,1687,1810]
[0,569,983,1292,1687,1810]
[0,175,606,1166,1687,1810]
[0,463,983,1687,1810]
[0,463,983,1219,1687,1810]
[0,100,606,1076,1724,1810]
[0,606,1035,1219,1299,1724,1810]
[0,297,569,983,1687,1810]
[0,297,606,1035,1229,1810]
[0,100,297,463,657,983,1219,1687,1810]
[0,657,983,1810]
[0,100,297,606,1076,1219,1299,1724,1810]
[0,100,297,606,1076,1219,1810]
[0,175,606,1009,1810]
[0,100,569,1035,1810]
[0,1166,1687,1810]
[0,297,606,1076,1810]
[0,606,1076,1219,1299,1810]
[0,297,657,983,1687,1810]
[0,606,1076,1219,1299,1724,1810]
[0,569,983,1810]
[0,297,657,983,1810]
[0,569,1076,1219,1810]
[0,100,297,606,1035,1219,1810]
[0,100,297,657,1035,1229,1810]
[0,463,1810]
[0,100,569,983,1687,1810]
[0,100,983,1810]
[0,100,606,1035,1219,1724,1810]
[0,983,1687,1810]
[0,297,463,657,983,1219,1810]
[0,463,657,983,1219,1687,1810]
[0,297,569,983,1810]
[0,100,297,569,983,1687,1810]
[0,297,569,1076,1219,1810]
[0,569,983,1687,1810]
[0,606,1810]
[0,100,297,569,1076,1219,1292,1687,1810]
