[0,1294,1837,2595,2766,2960,3353]
[0,1294,1837,2595,2960,3353]
[0,1837,2615,3353]
[0,191,738,1294,1837,2766,3353]
[0,1837,2595,2766,2969,3193,3353]
[0,1294,1837,2595,2766,2969,3193,3353]
[0,738,1294,1837,2766,3193,3353]
[0,1837,2615,2969,3193,3353]
[0,1837,2615,3018,3353]
[0,1837,2595,3353]
[0,1837,2969,3353]
[0,191,738,1294,1837,3353]
[0,1294,1837,2595,2766,3353]
[0,738,1294,1837,2960,3353]
[0,738,1294,1837,2766,3353]
[0,1837,2960,3193,3353]
[0,191,738,1294,1837,2766,3193,3353]
[0,1837,2960,3353]
[0,1294,1837,2615,3353]
[0,1837,2595,2960,3353]
[0,1837,3193,3353]
[0,1294,1837,2615,2969,3193,3353]
[0,1294,1837,2595,3353]
[0,1837,2595,2969,3353]
[0,1837,2595,2766,3353]
[0,1294,1837,2766,3193,3353]
[0,738,1294,1837,2960,3193,3353]
[0,1837,2969,3193,3353]
[0,1837,2595,2766,2969,3353]
[0,1837,2766,3353]
[0,738,1837,3353]
[0,1795,3018,3353]
[0,1294,1837,3353]
[0,367,1795,2615,3353]
[0,738,1294,1837,3353]
[0,1837,2766,3193,3353]
[0,367,1795,2615,3018,3353]
[0,1624,3353]
[0,1294,1837,2766,3353]
[0,1624,2766,3353]
[0,1294,1837,3193,3353]
[0,1294,1837,2615,3018,3353]
[0,1837,2595,2766,2960,3353]
[0,1837,2615,2969,3353]
[0,1837,2595,2766,3193,3353]
[0,1294,1837,2960,3193,3353]
[0,738,1837,2766,3353]
[0,1294,1837,2960,3353]
[0,367,1795,2159,2615,3353]
[0,1837,3353]
[0,1795,2615,3353]
[0,367,1795,3353]
[0,367,1795,2159,2615,3018,3353]
[0,1294,1837,2615,2969,3353]
[0,1837,2595,2766,2960,3193,3353]
[0,1294,1837,2595,2766,2960,3193,3353]
[0,191,738,1294,1837,2960,3353]
[0,191,738,1294,1837,2960,3193,3353]
[0,1294,1837,2595,2766,2969,3353]
[0,1795,3353]
[0,1294,1837,2595,2969,3353]
[0,1795,2615,3018,3353]
