[0,263,1042,1593,1651]
[0,91,263,461,1042,1339,1593,1651]
[0,263,628,1042,1651]
[0,157,263,461,1112,1339,1651]
[0,263,461,1651]
[0,157,263,628,882,1042,1339,1651]
[0,263,628,882,1042,1453,1651]
[0,263,826,1042,1651]
[0,1112,1651]
[0,91,263,461,628,882,1042,1339,1651]
[0,157,263,628,882,1042,1651]
[0,1042,1326,1651]
[0,91,263,461,1042,1326,1651]
[0,157,263,461,1112,1651]
[0,91,263,628,882,1042,1339,1651]
[0,91,263,461,628,882,1042,1453,1651]
[0,461,882,1593,1651]
[0,263,461,628,1042,1339,1651]
[0,157,263,461,628,882,1042,1453,1593,1651]
[0,263,628,1651]
[0,263,1042,1326,1651]
[0,263,1112,1651]
[0,263,628,882,1042,1651]
[0,263,461,1042,1326,1593,1651]
[0,1042,1339,1651]
[0,263,628,1042,1453,1651]
[0,91,263,461,882,1042,1339,1593,1651]
[0,263,1042,1453,1651]
[0,263,461,882,1042,1651]
[0,263,461,1112,1651]
[0,157,263,628,882,1042,1453,1651]
[0,91,263,628,882,1042,1453,1651]
[0,1593,1651]
[0,263,461,882,1112,1339,1651]
[0,157,263,461,882,1042,1651]
[0,263,882,1112,1339,1651]
[0,157,263,461,882,1112,1339,1651]
[0,157,263,628,882,1042,1593,1651]
[0,263,882,1112,1651]
[0,882,1042,1651]
[0,157,263,461,1042,1339,1593,1651]
[0,157,263,461,628,882,1042,1651]
[0,263,461,1042,1453,1651]
[0,263,461,882,1042,1593,1651]
[0,461,882,1651]
[0,263,461,1112,1339,1651]
[0,91,263,461,628,882,1042,1651]
[0,91,263,628,882,1042,1593,1651]
[0,628,1651]
[0,157,263,461,882,1042,1339,1593,1651]
[0,157,263,628,1651]
[0,263,461,628,1042,1651]
[0,157,263,461,1042,1651]
[0,157,263,461,882,1042,1339,1651]
[0,263,1112,1339,1651]
[0,91,263,461,882,1042,1339,1651]
[0,91,263,461,882,1042,1326,1651]
[0,263,1042,1651]
[0,263,461,1042,1593,1651]
[0,263,461,882,1042,1326,1651]
[0,263,628,1042,1339,1651]
[0,91,263,461,628,882,1042,1339,1593,1651]
[0,263,461,628,882,1042,1651]
[0,263,1042,1339,1651]
[0,91,263,461,1042,1326,1593,1651]
[0,91,263,461,882,1042,1651]
[0,306,1042,1651]
[0,91,263,461,1042,1339,1651]
[0,91,263,461,628,882,1042,1453,1593,1651]
[0,263,461,882,1042,1339,1651]
[0,91,263,628,1042,1651]
[0,882,1593,1651]
[0,263,461,1042,1326,1651]
[0,263,461,1042,1651]
[0,157,263,628,882,1042,1453,1593,1651]
[0,157,263,461,1042,1339,1651]
[0,263,461,628,1042,1453,1651]
[0,263,461,1042,1339,1593,1651]
[0,91,263,628,1651]
[0,91,263,461,1042,1651]
[0,263,461,1042,1339,1651]
[0,91,263,628,882,1042,1453,1593,1651]
[0,157,263,628,882,1042,1339,1593,1651]
[0,882,1651]
[0,91,263,461,882,1042,1326,1593,1651]
[0,157,263,461,882,1112,1339,1593,1651]
[0,157,263,461,628,882,1042,1339,1651]
[0,157,263,461,628,882,1042,1339,1593,1651]
[0,628,1042,1651]
[0,628,1042,1339,1651]
[0,157,263,628,1042,1651]
[0,263,461,628,882,1042,1339,1651]
[0,263,826,1042,1593,1651]
[0,263,882,1651]
[0,263,461,882,1042,1326,1593,1651]
[0,882,1042,1593,1651]
[0,263,628,882,1042,1339,1651]
[0,157,263,461,628,882,1042,1453,1651]
[0,263,461,882,1042,1339,1593,1651]
[0,1042,1651]
[0,263,1651]
[0,91,263,461,1042,1593,1651]
[0,157,263,461,1112,1339,1593,1651]
[0,91,263,628,882,1042,1339,1593,1651]
[0,91,263,628,882,1042,1651]
[0,263,461,628,882,1042,1453,1651]
