[0,776,1046]
[0,401,943,1046]
[0,394,732,943,1046]
[0,401,754,943,1046]
[0,640,732,943,1046]
[0,401,581,776,943,1046]
[0,401,581,754,943,1046]
[0,732,1046]
[0,356,640,1046]
[0,356,581,754,943,1046]
[0,732,943,1046]
[0,356,581,754,1046]
[0,581,754,943,1046]
[0,581,732,943,1046]
[0,581,732,1046]
[0,581,754,1046]
[0,394,732,1046]
[0,401,776,943,1046]
[0,356,754,1046]
[0,394,943,1046]
[0,401,1046]
[0,394,640,732,943,1046]
[0,754,943,1046]
[0,401,732,943,1046]
[0,356,943,1046]
[0,776,943,1046]
[0,394,1046]
[0,401,581,754,1046]
[0,401,581,776,1046]
[0,356,640,943,1046]
[0,394,581,732,943,1046]
[0,401,754,1046]
[0,401,776,1046]
[0,356,1046]
[0,394,581,732,1046]
[0,401,732,1046]
[0,401,640,732,943,1046]
[0,754,1046]
