[0,128,1264]
[0,87,407,521,892,1264]
[0,150,1264]
[0,87,150,407,521,698,892,1264]
[0,150,421,521,892,1264]
[0,87,150,421,698,1264]
[0,150,407,521,892,1264]
[0,87,150,521,581,698,892,1264]
[0,150,421,581,698,1264]
[0,87,150,521,698,892,1264]
[0,407,1264]
[0,150,418,521,892,1264]
[0,418,1264]
[0,87,150,521,1264]
[0,150,521,698,1264]
[0,87,150,407,521,892,1264]
[0,150,407,892,1264]
[0,87,407,892,1264]
[0,150,421,698,892,1264]
[0,150,421,892,1264]
[0,421,892,1264]
[0,128,521,892,1264]
[0,87,150,421,521,581,698,1264]
[0,407,892,1264]
[0,128,521,1264]
[0,150,407,698,892,1264]
[0,150,421,698,1264]
[0,87,150,421,521,892,1264]
[0,150,418,892,1264]
[0,87,150,521,581,698,1264]
[0,150,521,892,1264]
[0,421,1264]
[0,87,521,892,1264]
[0,87,150,421,892,1264]
[0,407,698,892,1264]
[0,698,1264]
[0,87,150,421,581,698,1264]
[0,150,521,581,698,1264]
[0,150,421,1264]
[0,87,521,1264]
[0,87,150,421,521,581,698,892,1264]
[0,521,698,892,1264]
[0,521,892,1264]
[0,87,150,418,521,892,1264]
[0,128,698,1264]
[0,87,150,421,581,698,892,1264]
[0,407,521,892,1264]
[0,418,892,1264]
[0,150,421,581,698,892,1264]
[0,421,698,892,1264]
[0,521,698,1264]
[0,150,407,521,698,892,1264]
[0,521,1264]
[0,150,418,1264]
[0,150,407,1264]
[0,87,150,421,698,892,1264]
[0,150,521,698,892,1264]
[0,421,698,1264]
[0,87,150,521,892,1264]
[0,150,521,1264]
[0,87,150,407,521,581,698,892,1264]
[0,87,407,1264]
[0,87,150,521,698,1264]
[0,87,150,418,892,1264]
