[0,366,1308,2650,3735,4008,4285]
[0,1316,4285]
[0,1209,3129,4285]
[0,1308,2284,2650,3141,4285]
[0,1318,4285]
[0,366,1308,2284,3141,4285]
[0,366,1308,2388,3141,4008,4285]
[0,366,1209,3129,4285]
[0,366,1209,2147,2650,4285]
[0,366,1308,3735,4008,4285]
[0,1209,2650,3735,4285]
[0,366,1209,2284,2650,3129,4285]
[0,1308,2388,2650,4285]
[0,366,1308,2284,2650,3141,4285]
[0,1308,3141,4285]
[0,1316,2284,3141,4285]
[0,366,1308,3141,3735,4008,4285]
[0,441,1318,3480,4285]
[0,441,1318,3141,4285]
[0,366,1308,2388,3141,3735,4008,4285]
[0,1209,2147,2650,3735,4285]
[0,366,1308,3141,4285]
[0,366,1308,3141,4008,4285]
[0,1308,2650,3735,4285]
[0,366,1209,2147,2650,3735,4008,4285]
[0,1308,3735,4285]
[0,366,1308,2388,2650,3141,4285]
[0,366,1209,2147,2650,3129,4008,4285]
[0,366,1209,2147,3129,4285]
[0,1308,2650,4285]
[0,1209,2147,2650,3735,4008,4285]
[0,366,1316,2284,3141,4285]
[0,1308,2284,3141,4285]
[0,366,1308,2388,2650,3735,4285]
[0,366,1308,2388,2650,3141,3735,4008,4285]
[0,366,1308,3735,4285]
[0,1209,2147,2650,4285]
[0,366,1308,2650,4285]
[0,1209,3480,4285]
[0,1316,3141,4285]
[0,366,1308,2388,2650,3735,4008,4285]
[0,366,1209,2147,2650,3735,4285]
[0,366,1316,2284,2650,3141,4285]
[0,1308,2388,3141,4285]
[0,1209,2147,2650,3129,4285]
[0,1209,4285]
[0,1209,2650,4285]
[0,1209,2650,3129,4285]
[0,2650,3129,4285]
[0,366,1209,2650,3129,4285]
[0,1318,3141,4285]
[0,366,2650,4285]
[0,1308,4285]
[0,366,1308,2284,2650,3141,3975,4285]
[0,1209,2147,3129,4285]
[0,1209,2284,2650,3129,4285]
[0,366,1308,2388,3141,4285]
[0,366,1316,2284,2650,3141,3975,4285]
[0,1318,3480,4285]
[0,1316,2284,2650,3141,4285]
[0,1209,2641,4285]
[0,366,1209,2147,2650,3129,4285]
[0,366,2650,3129,4285]
[0,366,1308,2388,2650,4285]
[0,366,1316,3141,4285]
[0,2650,4285]
[0,366,1209,2147,2650,3129,3735,4008,4285]
[0,366,1308,2650,3735,4285]
[0,2641,4285]
