[0,79,254,1121,1319,1651]
[0,79,206,254,805,886,1319,1651]
[0,254,826,1319,1651]
[0,1319,1651]
[0,79,254,805,1319,1651]
[0,826,1651]
[0,254,805,886,1319,1651]
[0,79,254,1319,1651]
[0,79,254,826,880,1319,1651]
[0,79,254,880,1121,1319,1651]
[0,79,254,805,886,1121,1319,1651]
[0,237,1319,1651]
[0,91,254,1319,1651]
[0,254,886,1121,1319,1651]
[0,880,1319,1651]
[0,79,254,826,1319,1651]
[0,254,886,1319,1651]
[0,1281,1651]
[0,79,206,254,826,880,1121,1319,1651]
[0,1129,1651]
[0,79,206,254,805,886,1121,1319,1651]
[0,254,880,1121,1319,1651]
[0,91,254,805,1319,1651]
[0,880,1651]
[0,79,254,826,880,1121,1319,1651]
[0,805,1319,1651]
[0,237,1281,1651]
[0,91,254,805,886,1319,1651]
[0,254,1121,1319,1651]
[0,805,1651]
[0,79,206,254,826,880,1319,1651]
[0,886,1319,1651]
[0,237,1651]
[0,237,1129,1651]
[0,254,805,886,1121,1319,1651]
[0,886,1651]
[0,254,880,1319,1651]
[0,826,1319,1651]
[0,254,1319,1651]
[0,254,805,1319,1651]
[0,254,1651]
[0,79,254,805,886,1319,1651]
