[0,175,390,484,750,879,969]
[0,750,969]
[0,175,390,445,750,879,969]
[0,390,750,969]
[0,175,750,879,969]
[0,175,390,445,750,795,969]
[0,175,390,484,750,795,969]
[0,175,390,445,879,969]
[0,175,390,879,969]
[0,175,390,445,750,795,879,969]
[0,175,390,484,879,969]
[0,175,390,795,969]
[0,175,390,445,969]
[0,175,390,484,795,969]
[0,175,750,969]
[0,175,969]
[0,879,969]
[0,175,401,750,969]
[0,175,390,484,750,795,879,969]
[0,175,390,445,795,969]
[0,390,969]
[0,826,969]
[0,401,969]
[0,175,390,484,750,969]
[0,175,879,969]
[0,175,390,750,879,969]
[0,175,401,969]
[0,175,390,484,969]
[0,175,390,750,969]
[0,175,401,750,879,969]
[0,175,390,969]
[0,401,750,969]
