[0,1409,1810]
[0,534,1409,1810]
[0,1443,1810]
[0,534,1810]
[0,154,1409,1810]
[0,154,534,1069,1409,1658,1810]
[0,154,534,1069,1409,1810]
[0,446,1810]
[0,154,1443,1810]
[0,154,534,1478,1810]
[0,534,785,1443,1810]
[0,154,534,1069,1478,1810]
[0,154,1478,1810]
[0,154,534,785,1443,1810]
[0,534,1069,1409,1810]
[0,534,1069,1810]
[0,1478,1810]
[0,154,534,1409,1810]
[0,534,1443,1810]
[0,154,1810]
[0,446,1409,1810]
[0,534,1069,1478,1810]
[0,154,534,1443,1810]
[0,573,1409,1810]
[0,154,573,1409,1810]
[0,534,1478,1810]
[0,573,1810]
[0,1069,1810]
