[0,1209,1669,2120]
[0,524,838,1449,1683,2120]
[0,232,838,1325,1669,2079,2120]
[0,232,427,658,838,1449,1669,2079,2120]
[0,232,524,838,1325,1669,2079,2120]
[0,232,427,658,838,1325,1480,1669,2120]
[0,838,1669,2120]
[0,232,1669,2120]
[0,524,838,1669,2120]
[0,427,658,838,1669,2079,2120]
[0,1669,2120]
[0,232,1209,1669,2120]
[0,232,2120]
[0,232,838,1683,2079,2120]
[0,232,1683,2079,2120]
[0,232,427,658,838,1209,1348,1669,2079,2120]
[0,232,427,1209,1325,1669,2079,2120]
[0,232,524,838,1683,2079,2120]
[0,232,838,1449,1669,2120]
[0,232,1490,2120]
[0,232,427,658,838,1209,1348,1669,2120]
[0,232,427,658,838,1669,2120]
[0,232,427,838,1669,2120]
[0,232,838,1669,2079,2120]
[0,232,838,1712,2120]
[0,232,427,1209,1669,2120]
[0,232,524,838,1449,1683,2079,2120]
[0,427,1209,1669,2120]
[0,232,427,658,838,1209,1669,2120]
[0,232,524,838,1669,2079,2120]
[0,232,427,658,1209,1325,1669,2079,2120]
[0,232,524,838,1325,1480,1669,2120]
[0,232,427,658,838,1209,1325,1669,2079,2120]
[0,427,658,1209,1669,2120]
[0,232,1209,1325,1669,2079,2120]
[0,232,427,838,1449,1669,2079,2120]
[0,541,2120]
[0,232,524,838,1712,2120]
[0,232,838,1325,1480,1669,2079,2120]
[0,1712,2120]
[0,838,1683,2120]
[0,232,1209,1325,1669,2120]
[0,232,1683,2120]
[0,524,838,1683,2120]
[0,232,524,838,1325,1669,2120]
[0,838,2120]
[0,1683,2120]
[0,838,1449,1683,2120]
[0,427,1669,2120]
[0,232,427,658,838,1325,1669,2120]
[0,232,427,838,1325,1669,2120]
[0,232,838,1669,2120]
[0,232,427,658,838,1209,1669,2079,2120]
[0,232,427,658,838,1325,1669,2079,2120]
[0,232,427,1209,1325,1669,2120]
[0,232,524,838,1325,1480,1669,2079,2120]
[0,232,427,658,838,1325,1480,1669,2079,2120]
[0,232,524,838,1449,1683,2120]
[0,1209,2120]
[0,838,1325,1669,2120]
[0,232,524,838,1669,2120]
[0,232,427,658,1209,1325,1669,2120]
[0,232,838,1490,2120]
[0,541,1490,2120]
[0,427,838,1669,2120]
[0,838,1490,2120]
[0,232,838,1325,1669,2120]
[0,838,1712,2120]
[0,232,1712,2120]
[0,1490,2120]
[0,232,1669,2079,2120]
[0,524,838,1712,2120]
[0,232,427,658,1209,1669,2120]
[0,524,838,1325,1669,2120]
[0,232,838,1683,2120]
[0,232,427,838,1449,1669,2120]
[0,232,838,1325,1480,1669,2120]
[0,427,658,838,1669,2120]
[0,232,427,658,838,1449,1669,2120]
[0,232,427,658,838,1209,1325,1669,2120]
[0,232,524,838,1683,2120]
[0,232,838,1449,1669,2079,2120]
[0,232,427,658,838,1669,2079,2120]
