[0,105,190,692,1034,1273,1427]
[0,72,190,1287,1427]
[0,1177,1427]
[0,72,190,624,692,1034,1287,1427]
[0,554,1427]
[0,624,1427]
[0,105,190,524,692,1034,1177,1367,1427]
[0,190,624,692,1034,1177,1367,1427]
[0,190,1034,1427]
[0,190,624,692,1273,1427]
[0,635,1034,1177,1427]
[0,118,635,1177,1427]
[0,190,524,692,1034,1273,1427]
[0,190,692,1034,1177,1287,1427]
[0,190,554,1427]
[0,72,190,554,692,1034,1177,1287,1427]
[0,190,524,692,1034,1177,1273,1427]
[0,72,190,524,692,1034,1177,1273,1427]
[0,190,554,692,1034,1177,1367,1427]
[0,624,692,1427]
[0,72,190,692,1034,1177,1427]
[0,72,190,692,1034,1287,1427]
[0,190,692,1034,1177,1427]
[0,190,624,1427]
[0,190,692,1034,1287,1427]
[0,190,624,1287,1427]
[0,692,1034,1427]
[0,190,524,692,1177,1427]
[0,524,692,1427]
[0,190,624,692,1034,1177,1427]
[0,72,190,524,624,692,1034,1177,1273,1427]
[0,190,692,1427]
[0,105,190,624,692,1034,1177,1427]
[0,72,190,1427]
[0,105,190,524,692,1034,1177,1273,1427]
[0,105,190,524,624,692,1034,1273,1427]
[0,190,624,692,1427]
[0,118,1177,1427]
[0,105,190,1034,1177,1427]
[0,190,692,1177,1427]
[0,72,190,524,692,1034,1273,1427]
[0,1034,1427]
[0,72,190,1177,1427]
[0,190,624,692,1177,1427]
[0,72,190,554,692,1034,1287,1427]
[0,190,624,692,1034,1273,1427]
[0,190,692,1034,1273,1427]
[0,190,554,692,1034,1287,1427]
[0,190,624,692,1287,1427]
[0,72,190,624,692,1034,1177,1427]
[0,72,190,1034,1177,1427]
[0,190,524,1427]
[0,72,190,1034,1287,1427]
[0,105,190,624,692,1034,1177,1367,1427]
[0,72,190,624,692,1273,1427]
[0,635,1177,1427]
[0,105,190,524,624,692,1034,1177,1273,1427]
[0,190,1034,1287,1427]
[0,105,190,1273,1427]
[0,524,1177,1427]
[0,624,1177,1427]
[0,105,190,624,692,1034,1273,1427]
[0,118,1034,1177,1427]
[0,118,524,692,1034,1177,1427]
[0,72,190,554,692,1287,1427]
[0,190,1177,1427]
[0,72,190,692,1034,1177,1287,1427]
[0,72,118,190,624,692,1034,1177,1367,1427]
[0,190,1287,1427]
[0,72,190,624,1273,1427]
[0,524,1034,1427]
[0,190,1034,1177,1427]
[0,105,190,1034,1273,1427]
[0,118,1427]
[0,692,1427]
[0,635,1427]
[0,105,190,524,624,692,1034,1177,1367,1427]
[0,190,554,692,1287,1427]
[0,190,624,1177,1427]
[0,72,190,624,692,1034,1177,1287,1427]
[0,72,190,1273,1427]
[0,72,190,624,692,1034,1273,1427]
[0,190,1427]
[0,105,190,524,692,1034,1177,1427]
[0,72,118,190,524,624,692,1034,1177,1273,1427]
[0,72,190,1034,1273,1427]
[0,105,190,524,624,692,1034,1177,1427]
[0,190,524,1034,1427]
[0,692,1177,1427]
[0,190,1034,1273,1427]
[0,190,524,692,1034,1427]
[0,105,190,692,1034,1177,1427]
[0,190,524,1177,1427]
[0,190,554,692,1034,1177,1287,1427]
[0,524,1427]
[0,72,190,554,1287,1427]
[0,190,1273,1427]
[0,524,692,1034,1177,1427]
[0,105,190,524,692,1034,1273,1427]
[0,72,190,524,624,692,1034,1273,1427]
[0,72,190,624,692,1287,1427]
[0,1034,1177,1427]
[0,72,190,692,1034,1273,1427]
[0,190,524,692,1034,1177,1367,1427]
[0,190,554,1287,1427]
[0,72,118,190,524,624,692,1034,1273,1427]
[0,190,624,1273,1427]
[0,190,1034,1177,1287,1427]
[0,72,190,524,692,1273,1427]
[0,118,635,1034,1177,1427]
[0,190,524,692,1273,1427]
[0,524,692,1177,1427]
[0,190,692,1034,1427]
[0,72,190,624,692,1034,1177,1367,1427]
[0,190,524,692,1427]
[0,72,190,624,1287,1427]
[0,72,190,1034,1177,1287,1427]
[0,190,554,692,1034,1177,1427]
[0,190,524,692,1034,1177,1427]
