[0,251,527,709,1419]
[0,59,131,619,709,1156,1419]
[0,59,131,309,506,709,1156,1315,1419]
[0,309,506,1156,1419]
[0,309,619,1156,1419]
[0,1156,1419]
[0,709,1253,1419]
[0,251,527,709,1165,1419]
[0,59,131,1156,1419]
[0,527,709,1165,1419]
[0,309,619,709,1419]
[0,709,1419]
[0,309,527,709,1165,1419]
[0,309,1419]
[0,251,527,709,1110,1341,1419]
[0,131,506,1156,1419]
[0,619,1165,1419]
[0,59,309,527,709,1165,1419]
[0,251,709,1419]
[0,309,1165,1419]
[0,527,709,1110,1419]
[0,309,1253,1419]
[0,1083,1419]
[0,309,619,1419]
[0,506,709,1419]
[0,59,251,527,709,1110,1419]
[0,59,251,527,709,1165,1419]
[0,59,709,1165,1419]
[0,193,1110,1419]
[0,59,709,1253,1419]
[0,59,527,709,1165,1419]
[0,131,619,1156,1315,1419]
[0,619,1156,1315,1419]
[0,59,309,619,709,1165,1376,1419]
[0,309,506,709,1156,1419]
[0,527,709,1110,1341,1419]
[0,506,709,1156,1315,1419]
[0,59,1165,1419]
[0,59,1165,1376,1419]
[0,131,619,709,1156,1315,1419]
[0,59,309,1165,1419]
[0,59,709,1419]
[0,506,709,1156,1419]
[0,59,309,527,709,1165,1376,1419]
[0,619,709,1165,1419]
[0,59,309,527,1165,1419]
[0,59,131,619,709,1156,1315,1419]
[0,59,1083,1419]
[0,251,527,709,1110,1419]
[0,131,309,619,709,1156,1315,1419]
[0,59,527,709,1419]
[0,59,251,527,709,1165,1376,1419]
[0,1165,1419]
[0,1253,1419]
[0,131,506,709,1156,1419]
[0,619,1419]
[0,59,309,506,709,1156,1315,1419]
[0,709,1165,1419]
[0,709,1110,1419]
[0,131,619,709,1156,1419]
[0,131,309,506,709,1156,1315,1419]
[0,506,1156,1419]
[0,309,506,709,1419]
[0,309,527,1165,1419]
[0,619,1156,1419]
[0,131,619,1156,1419]
[0,619,709,1419]
[0,309,1156,1419]
[0,131,309,619,1156,1419]
[0,506,1419]
[0,131,619,709,1419]
[0,309,709,1419]
[0,59,131,309,619,709,1156,1315,1419]
[0,59,131,619,709,1419]
[0,527,1110,1419]
[0,59,131,506,1156,1419]
[0,527,1165,1419]
[0,506,709,1253,1419]
[0,59,1110,1419]
[0,309,506,709,1253,1419]
[0,59,1419]
[0,59,309,619,709,1419]
[0,131,1156,1419]
[0,619,709,1156,1315,1419]
[0,251,709,1110,1419]
[0,59,251,527,709,1110,1341,1419]
[0,59,1253,1419]
[0,59,309,506,1156,1419]
[0,59,251,527,709,1419]
[0,251,527,1165,1419]
[0,309,619,709,1165,1419]
[0,59,309,1253,1419]
[0,131,709,1419]
[0,59,131,309,506,709,1156,1419]
[0,59,1156,1419]
[0,59,309,506,709,1419]
[0,59,309,506,709,1253,1419]
[0,59,506,709,1419]
[0,309,506,709,1156,1315,1419]
[0,59,309,1156,1419]
[0,59,709,1165,1376,1419]
[0,527,709,1419]
[0,59,309,619,709,1165,1419]
[0,59,619,709,1419]
[0,59,131,506,709,1156,1419]
[0,131,309,619,1156,1315,1419]
[0,527,1419]
[0,619,709,1156,1419]
[0,59,527,709,1165,1376,1419]
[0,309,619,1165,1419]
[0,1110,1419]
[0,131,309,506,709,1156,1419]
[0,59,309,506,709,1156,1419]
