[0,568,948,1213,2688,2956]
[0,1177,2150,2956]
[0,568,948,1213,2150,2633,2850,2956]
[0,568,948,1213,2150,2633,2956]
[0,438,1213,2701,2956]
[0,2150,2286,2688,2850,2956]
[0,2150,2286,2688,2956]
[0,1654,2956]
[0,57,438,2688,2850,2956]
[0,568,1213,2688,2956]
[0,2633,2956]
[0,568,1213,2150,2688,2956]
[0,438,870,1213,2688,2956]
[0,2286,2688,2850,2956]
[0,568,2150,2956]
[0,948,1213,2150,2286,2688,2956]
[0,2701,2956]
[0,438,2701,2956]
[0,1213,2688,2850,2956]
[0,438,1213,1712,2956]
[0,568,1213,2688,2850,2956]
[0,438,870,2956]
[0,57,438,2701,2956]
[0,438,1177,2701,2956]
[0,719,1213,1712,2956]
[0,948,1213,2688,2850,2956]
[0,568,1213,2850,2956]
[0,568,1213,2150,2956]
[0,568,1213,2150,2850,2956]
[0,948,1213,2150,2286,2688,2850,2956]
[0,1213,2150,2688,2956]
[0,57,438,870,1213,2701,2956]
[0,568,948,1213,2150,2956]
[0,57,568,2956]
[0,438,1213,2956]
[0,57,438,1213,2701,2956]
[0,948,1213,2150,2688,2956]
[0,1213,1654,2956]
[0,57,568,1213,2150,2956]
[0,948,1213,2688,2956]
[0,568,948,1213,2150,2275,2633,2850,2956]
[0,568,1654,2956]
[0,438,568,948,1213,2150,2633,2850,2956]
[0,1213,2150,2286,2688,2956]
[0,568,948,1213,2150,2275,2633,2956]
[0,438,2956]
[0,438,1177,2150,2956]
[0,568,948,1213,2150,2275,2956]
[0,1213,2688,2956]
[0,568,2688,2850,2956]
[0,57,438,1213,2688,2850,2956]
[0,57,568,948,1213,2150,2633,2850,2956]
[0,438,568,948,1213,2150,2633,2956]
[0,2286,2956]
[0,57,568,948,1213,2150,2286,2688,2850,2956]
[0,57,568,948,1213,2150,2275,2633,2850,2956]
[0,2688,2850,2956]
[0,57,438,870,1213,1712,2701,2956]
[0,1213,2150,2850,2956]
[0,568,948,1213,2150,2286,2688,2956]
[0,1213,1712,2701,2956]
[0,568,1213,2150,2633,2956]
[0,438,870,1213,2956]
[0,568,948,1213,2150,2688,2956]
[0,568,1213,2956]
[0,870,2633,2956]
[0,57,568,2688,2850,2956]
[0,948,1213,2150,2956]
[0,57,568,1213,2688,2850,2956]
[0,568,948,1213,2150,2286,2688,2850,2956]
[0,57,438,568,948,1213,2150,2633,2850,2956]
[0,568,948,1213,2688,2850,2956]
[0,57,568,948,1213,2150,2275,2956]
[0,438,1177,2150,2701,2956]
[0,2286,2688,2956]
[0,57,568,948,1213,2150,2956]
[0,57,568,2150,2956]
[0,57,568,948,1213,2150,2688,2850,2956]
[0,568,2850,2956]
[0,57,568,948,1213,2150,2275,2633,2956]
[0,57,2701,2956]
[0,1213,1712,2956]
[0,1213,2150,2956]
[0,438,870,1213,2688,2850,2956]
[0,2688,2956]
[0,438,870,1213,2701,2956]
[0,438,2688,2956]
[0,870,2956]
[0,438,870,1213,1712,2701,2956]
[0,1213,2956]
[0,57,438,870,1213,2688,2850,2956]
[0,1213,2150,2286,2688,2850,2956]
[0,568,948,1213,2150,2688,2850,2956]
[0,57,568,948,1213,2688,2850,2956]
[0,57,568,1213,2150,2850,2956]
[0,568,948,1213,2150,2850,2956]
[0,438,870,1213,1712,2956]
[0,568,2956]
[0,438,2688,2850,2956]
[0,57,2956]
[0,568,1213,1654,2850,2956]
[0,719,1213,1712,2701,2956]
[0,1177,2701,2956]
[0,1177,2150,2701,2956]
[0,568,2688,2956]
[0,2150,2956]
[0,57,2688,2850,2956]
[0,438,1177,2956]
[0,1177,2956]
[0,1213,2701,2956]
[0,57,568,948,1213,2150,2850,2956]
[0,438,1213,2688,2956]
[0,568,1213,1654,2956]
[0,438,1213,2688,2850,2956]
