[0,202,577,865,1642]
[0,577,865,1382,1642]
[0,282,577,865,1642]
[0,577,1642]
[0,97,202,282,577,865,1097,1382,1579,1642]
[0,282,577,865,1382,1642]
[0,865,1097,1642]
[0,202,577,865,1097,1642]
[0,202,879,1642]
[0,97,282,577,865,1097,1642]
[0,865,1642]
[0,97,1642]
[0,282,577,865,1097,1382,1642]
[0,202,1642]
[0,577,879,1642]
[0,97,202,282,577,865,926,1097,1382,1579,1642]
[0,577,865,1097,1382,1642]
[0,577,865,1097,1642]
[0,926,1642]
[0,202,865,1097,1642]
[0,97,202,282,577,865,1097,1642]
[0,202,865,1642]
[0,97,202,282,577,865,926,1097,1382,1642]
[0,202,577,879,1642]
[0,577,865,1642]
[0,97,865,1642]
[0,202,926,1642]
[0,97,577,865,1097,1642]
[0,282,577,865,1097,1642]
[0,97,865,1097,1642]
[0,97,282,577,865,1097,1382,1642]
[0,879,1642]
[0,97,202,282,577,865,1097,1382,1642]
[0,97,202,282,577,865,926,1097,1642]
