[0,752,1764,1911]
[0,1151,1588,1911]
[0,749,1151,1588,1911]
[0,752,1207,1911]
[0,244,1151,1911]
[0,244,749,943,1151,1588,1911]
[0,442,1588,1911]
[0,1151,1911]
[0,749,943,1911]
[0,244,1151,1593,1911]
[0,442,1911]
[0,749,1764,1911]
[0,749,1207,1911]
[0,749,943,1207,1911]
[0,353,943,1738,1911]
[0,244,353,749,943,1151,1593,1911]
[0,749,943,1207,1764,1911]
[0,749,943,1151,1805,1911]
[0,244,749,1207,1911]
[0,752,1911]
[0,244,943,1151,1593,1911]
[0,244,749,943,1207,1911]
[0,244,943,1151,1911]
[0,244,1151,1588,1911]
[0,244,749,943,1207,1764,1911]
[0,244,749,943,1151,1805,1911]
[0,749,1151,1805,1911]
[0,1738,1911]
[0,749,1805,1911]
[0,1151,1805,1911]
[0,943,1911]
[0,353,943,1911]
[0,749,943,1151,1911]
[0,244,943,1151,1588,1911]
[0,943,1738,1911]
[0,244,749,1911]
[0,244,749,943,1151,1911]
[0,749,1151,1911]
[0,1151,1593,1911]
[0,749,1151,1593,1911]
[0,244,749,943,1151,1593,1911]
[0,749,943,1151,1593,1911]
[0,749,1911]
[0,244,353,749,943,1151,1805,1911]
[0,752,1207,1764,1911]
[0,749,1207,1764,1911]
[0,749,943,1151,1588,1911]
[0,244,353,749,943,1151,1911]
