[0,531,2102,2389,2677,2890,2956]
[0,531,2102,2389,2677,2956]
[0,531,2102,2389,2956]
[0,509,2137,2389,2677,2890,2956]
[0,509,2137,2389,2713,2890,2956]
[0,509,2137,2389,2956]
[0,509,2137,2389,2890,2956]
[0,2389,2956]
[0,2137,2389,2713,2890,2956]
[0,509,2102,2389,2890,2956]
[0,509,2389,2677,2956]
[0,2389,2677,2956]
[0,509,2102,2389,2677,2890,2956]
[0,509,2102,2389,2956]
[0,531,2102,2389,2890,2956]
[0,2368,2956]
[0,2102,2389,2956]
[0,2137,2389,2956]
[0,2389,2713,2890,2956]
[0,509,2137,2389,2677,2956]
[0,509,2389,2890,2956]
[0,2389,2713,2956]
[0,509,2137,2389,2713,2956]
[0,509,2102,2389,2677,2956]
[0,531,2389,2956]
[0,509,2389,2956]
[0,2389,2890,2956]
[0,2137,2389,2713,2956]
[0,2137,2389,2677,2956]
[0,2389,2677,2890,2956]
[0,2137,2389,2677,2890,2956]
