[0,364,734,948,1327]
[0,1139,1327]
[0,66,721,948,1227,1327]
[0,101,566,721,948,1139,1327]
[0,734,948,1256,1327]
[0,734,1256,1327]
[0,450,566,734,948,1256,1327]
[0,101,769,1139,1327]
[0,411,769,1139,1327]
[0,769,1327]
[0,450,1327]
[0,734,1327]
[0,450,566,1256,1327]
[0,364,1327]
[0,450,566,734,1327]
[0,101,769,1327]
[0,295,364,566,734,948,1256,1327]
[0,101,566,721,948,1227,1327]
[0,450,734,948,1327]
[0,450,734,1327]
[0,101,566,721,948,1327]
[0,66,566,721,948,1227,1327]
[0,364,566,734,948,1256,1327]
[0,411,769,1327]
[0,101,948,1139,1327]
[0,566,721,948,1139,1327]
[0,364,706,1327]
[0,450,721,948,1327]
[0,364,566,734,948,1327]
[0,364,948,1327]
[0,295,450,566,734,948,1327]
[0,721,948,1139,1327]
[0,450,566,1327]
[0,721,948,1227,1327]
[0,101,721,948,1139,1327]
[0,450,566,721,948,1227,1327]
[0,566,721,948,1327]
[0,566,721,948,1227,1327]
[0,364,706,1114,1327]
[0,101,706,948,1139,1327]
[0,101,1327]
[0,295,364,450,566,734,948,1256,1327]
[0,948,1139,1327]
[0,411,1327]
[0,101,948,1327]
[0,101,721,948,1327]
[0,364,734,948,1256,1327]
[0,295,450,566,734,948,1256,1327]
[0,101,411,769,1139,1327]
[0,450,566,734,948,1327]
[0,450,948,1327]
[0,948,1327]
[0,706,1327]
[0,721,948,1327]
[0,1256,1327]
[0,450,566,734,1256,1327]
[0,769,1139,1327]
[0,295,450,734,948,1327]
[0,734,948,1327]
[0,721,1327]
[0,706,948,1139,1327]
[0,450,566,721,948,1327]
[0,706,948,1327]
[0,450,1256,1327]
