[0,456,828,1147,1197]
[0,412,470,828,1147,1197]
[0,46,470,747,828,1147,1197]
[0,470,828,1147,1197]
[0,828,1147,1197]
[0,46,456,747,828,1197]
[0,412,470,747,828,1146,1197]
[0,46,470,828,1197]
[0,46,456,747,828,1147,1197]
[0,569,828,1147,1197]
[0,456,747,828,1147,1197]
[0,46,412,470,828,1146,1197]
[0,828,1197]
[0,46,412,470,747,828,1146,1197]
[0,569,828,1197]
[0,46,569,828,1197]
[0,334,828,1197]
[0,470,747,828,1197]
[0,456,828,1197]
[0,46,828,1147,1197]
[0,46,828,1197]
[0,845,1197]
[0,470,747,828,1146,1197]
[0,470,828,1197]
[0,412,470,828,1146,1197]
[0,46,470,828,1146,1197]
[0,412,470,828,1197]
[0,412,470,747,828,1197]
[0,470,828,1146,1197]
[0,412,845,1197]
[0,46,412,470,828,1147,1197]
[0,412,470,747,828,1147,1197]
[0,456,747,828,1197]
[0,46,412,470,747,828,1147,1197]
[0,46,456,828,1197]
[0,334,828,1147,1197]
[0,46,412,470,828,1197]
[0,470,747,828,1147,1197]
[0,46,470,828,1147,1197]
[0,46,456,828,1147,1197]
[0,456,1197]
[0,412,1197]
[0,46,569,828,1147,1197]
