[0,233,1306,4758]
[0,927,2688,4758]
[0,233,914,4758]
[0,233,914,1306,2025,4758]
[0,2025,3507,4758]
[0,2172,4758]
[0,1306,2025,2720,3507,4758]
[0,1628,4758]
[0,233,927,4758]
[0,233,2025,4758]
[0,914,2525,4758]
[0,914,2688,4758]
[0,233,914,1306,1628,4758]
[0,233,914,1628,4758]
[0,1306,4758]
[0,914,2025,4758]
[0,914,1306,2025,4758]
[0,233,1306,2025,3507,4758]
[0,861,2172,4758]
[0,233,1306,2025,4758]
[0,2688,4758]
[0,1306,2025,3507,4758]
[0,1306,2025,4758]
[0,914,4758]
[0,2525,4758]
[0,927,4758]
[0,233,1306,2025,2720,3507,4758]
[0,861,4758]
[0,1306,2172,4758]
[0,233,1306,2172,4758]
[0,914,1628,4758]
[0,914,1306,1628,4758]
[0,233,914,2688,4758]
[0,2025,4758]
[0,233,927,2688,4758]
[0,2025,2720,3507,4758]
[0,233,914,2025,4758]
