[0,217,511,833,889,1049,1194,1363,1419]
[0,101,485,1419]
[0,305,485,683,833,1049,1143,1419]
[0,217,833,889,1363,1419]
[0,305,833,1049,1143,1419]
[0,213,353,833,1363,1419]
[0,305,485,833,1049,1143,1419]
[0,305,353,683,833,889,1049,1143,1363,1419]
[0,213,833,1419]
[0,353,1363,1419]
[0,485,889,1363,1419]
[0,214,353,833,1049,1419]
[0,101,485,889,1363,1419]
[0,101,213,353,485,889,1363,1419]
[0,305,889,1363,1419]
[0,305,889,1419]
[0,214,833,1049,1419]
[0,213,353,833,1419]
[0,217,833,1194,1419]
[0,305,683,833,1049,1419]
[0,833,1049,1363,1419]
[0,217,511,833,1049,1194,1419]
[0,101,217,511,683,833,889,1049,1194,1363,1419]
[0,305,353,1363,1419]
[0,217,511,683,833,889,1049,1194,1363,1419]
[0,305,485,683,833,1049,1143,1363,1419]
[0,217,833,1363,1419]
[0,101,213,353,485,889,1419]
[0,101,213,353,485,889,1049,1143,1419]
[0,217,511,833,1049,1419]
[0,101,213,353,485,1419]
[0,214,889,1419]
[0,889,1419]
[0,305,833,1049,1143,1363,1419]
[0,217,833,1419]
[0,305,353,833,1049,1143,1363,1419]
[0,214,442,889,1319,1419]
[0,305,353,889,1363,1419]
[0,213,485,1049,1143,1363,1419]
[0,213,353,485,889,1049,1143,1419]
[0,214,833,1363,1419]
[0,217,833,1049,1194,1363,1419]
[0,101,217,511,683,833,1049,1194,1419]
[0,214,833,1049,1194,1419]
[0,305,485,833,1049,1143,1363,1419]
[0,305,833,889,1049,1143,1363,1419]
[0,305,833,1419]
[0,305,353,833,889,1049,1143,1363,1419]
[0,214,833,1049,1194,1363,1419]
[0,833,1419]
[0,214,833,1419]
[0,213,353,833,1049,1419]
[0,213,485,1143,1363,1419]
[0,305,485,683,833,889,1049,1143,1363,1419]
[0,305,833,1049,1419]
[0,305,353,1419]
[0,214,833,1049,1363,1419]
[0,833,1049,1419]
[0,213,485,889,1049,1143,1363,1419]
[0,213,485,1143,1419]
[0,833,1194,1419]
[0,213,485,889,1049,1419]
[0,305,485,833,1049,1419]
[0,1363,1419]
[0,213,485,1049,1143,1419]
[0,217,511,683,833,1049,1419]
[0,305,683,833,889,1049,1143,1363,1419]
[0,217,833,1049,1419]
[0,442,889,1419]
[0,213,485,1363,1419]
[0,101,213,353,485,889,1049,1143,1363,1419]
[0,485,1419]
[0,833,1363,1419]
[0,213,353,485,889,1049,1419]
[0,213,353,833,1049,1363,1419]
[0,213,485,1419]
[0,833,1049,1143,1419]
[0,217,511,833,1419]
[0,305,485,833,889,1049,1143,1363,1419]
[0,213,353,485,1419]
[0,485,1143,1419]
[0,213,833,1049,1419]
[0,213,485,889,1363,1419]
[0,217,833,1049,1194,1419]
[0,214,353,833,1049,1194,1419]
[0,213,485,889,1419]
[0,213,353,485,889,1363,1419]
[0,214,442,889,1419]
[0,833,889,1049,1143,1363,1419]
[0,214,353,833,1363,1419]
[0,101,485,889,1419]
[0,217,833,1194,1363,1419]
[0,213,485,889,1049,1143,1419]
[0,217,511,833,1049,1194,1363,1419]
[0,889,1319,1419]
[0,217,833,1049,1363,1419]
[0,889,1363,1419]
[0,214,353,833,1049,1363,1419]
[0,485,889,1419]
[0,217,833,889,1194,1363,1419]
[0,217,511,683,833,1049,1194,1419]
[0,217,511,683,833,1049,1194,1363,1419]
[0,305,353,485,683,833,889,1049,1143,1363,1419]
[0,213,833,1363,1419]
[0,101,213,353,485,889,1049,1419]
[0,833,1049,1143,1363,1419]
[0,214,353,833,1049,1194,1363,1419]
[0,101,217,511,683,833,1049,1194,1363,1419]
[0,305,683,833,1049,1143,1363,1419]
[0,213,353,485,889,1419]
[0,305,683,833,1049,1143,1419]
[0,213,353,485,889,1049,1143,1363,1419]
[0,305,485,683,833,1049,1419]
[0,511,833,1419]
[0,214,889,1319,1419]
[0,217,833,889,1049,1194,1363,1419]
[0,214,353,833,1419]
[0,353,1419]
