[0,435,705,952,1093,1264]
[0,428,857,952,1005,1093,1264]
[0,428,526,857,952,1093,1264]
[0,428,526,857,1093,1264]
[0,428,526,801,857,952,1005,1093,1264]
[0,435,552,801,857,952,1005,1093,1264]
[0,49,435,857,952,1005,1093,1264]
[0,705,952,1093,1264]
[0,428,801,857,952,1093,1264]
[0,435,857,952,1005,1093,1264]
[0,435,705,857,952,1093,1264]
[0,49,435,552,801,857,952,1005,1093,1264]
[0,435,801,857,952,1093,1264]
[0,49,435,552,705,857,952,1005,1093,1264]
[0,435,552,705,857,952,1005,1093,1264]
[0,435,552,857,1093,1264]
[0,435,552,705,952,1093,1264]
[0,435,552,801,857,952,1093,1264]
[0,49,435,801,857,952,1005,1093,1264]
[0,428,857,1264]
[0,435,952,1264]
[0,435,1264]
[0,435,857,1093,1264]
[0,428,801,857,952,1005,1093,1264]
[0,49,435,801,857,952,1093,1264]
[0,49,428,526,801,857,952,1005,1093,1264]
[0,435,705,952,1264]
[0,435,552,857,952,1093,1264]
[0,435,801,857,952,1005,1093,1264]
[0,435,857,1264]
[0,952,1264]
[0,428,1264]
[0,435,552,705,857,952,1093,1264]
[0,705,1264]
[0,49,435,552,801,857,952,1093,1264]
[0,428,857,952,1093,1264]
[0,49,435,857,952,1093,1264]
[0,705,952,1264]
[0,428,526,801,857,952,1093,1264]
[0,857,1264]
[0,435,857,952,1093,1264]
[0,428,857,1093,1264]
