[0,598,1056,1555,2020]
[0,598,1025,1555,2020]
[0,993,1555,2020]
[0,43,311,598,1348,1555,1634,1908,2020]
[0,599,1555,2020]
[0,43,311,598,1348,1555,1908,2020]
[0,43,311,598,1196,1348,1555,1908,2020]
[0,993,2020]
[0,599,2020]
[0,598,1348,1555,2020]
[0,598,1348,1555,1908,2020]
[0,311,598,1196,1555,2020]
[0,598,993,1196,1555,1908,2020]
[0,598,993,1196,1555,2020]
[0,313,599,1348,1555,2020]
[0,598,1196,1555,2020]
[0,311,598,1555,2020]
[0,311,598,993,1196,1555,1908,2020]
[0,311,598,1348,1555,1908,2020]
[0,994,1555,2020]
[0,598,1025,1555,1908,2020]
[0,313,599,1555,2020]
[0,313,599,1348,1555,1908,2020]
[0,311,598,710,1196,1348,1555,1908,2020]
[0,43,313,599,1348,1555,1908,2020]
[0,598,2020]
[0,311,598,1348,1555,1634,1908,2020]
[0,599,1348,1555,2020]
[0,311,598,993,1196,1555,1634,1908,2020]
[0,598,1196,1555,1908,2020]
[0,598,1555,2020]
[0,994,2020]
[0,311,598,993,1196,1555,2020]
[0,598,1555,1908,2020]
[0,311,598,1348,1555,2020]
[0,311,598,1196,1348,1555,1908,2020]
[0,311,598,1196,1348,1555,2020]
[0,1555,2020]
[0,43,311,598,710,1196,1348,1555,1908,2020]
