[0,217,452,514,794,997]
[0,274,410,456,637,793,997]
[0,217,452,997]
[0,217,456,794,953,997]
[0,274,997]
[0,217,997]
[0,274,594,670,793,997]
[0,412,456,794,997]
[0,217,412,456,794,953,997]
[0,412,794,997]
[0,274,456,793,997]
[0,217,452,571,670,794,997]
[0,370,452,571,670,794,997]
[0,276,452,997]
[0,276,997]
[0,276,452,953,997]
[0,296,997]
[0,217,452,670,794,997]
[0,412,794,953,997]
[0,370,670,794,997]
[0,670,997]
[0,217,370,452,571,670,794,997]
[0,410,594,670,793,997]
[0,217,410,456,794,997]
[0,275,514,997]
[0,410,670,794,997]
[0,452,953,997]
[0,217,452,953,997]
[0,410,456,594,670,793,953,997]
[0,217,456,794,997]
[0,410,997]
[0,217,456,698,794,953,997]
[0,274,670,997]
[0,410,670,794,953,997]
[0,274,670,793,997]
[0,370,452,571,670,794,953,997]
[0,410,793,997]
[0,217,571,670,794,997]
[0,370,997]
[0,276,452,743,997]
[0,274,456,594,670,793,997]
[0,217,452,794,997]
[0,370,452,670,794,997]
[0,410,456,794,997]
[0,410,456,670,793,953,997]
[0,274,793,997]
[0,412,456,794,953,997]
[0,275,428,953,997]
[0,410,456,793,953,997]
[0,217,794,997]
[0,274,410,456,594,670,793,953,997]
[0,217,370,452,670,794,997]
[0,410,571,670,794,953,997]
[0,275,997]
[0,296,452,997]
[0,275,428,514,750,953,997]
[0,217,456,698,794,997]
[0,217,670,997]
[0,296,452,794,997]
[0,412,456,997]
[0,217,412,456,698,794,953,997]
[0,276,452,743,953,997]
[0,410,456,670,793,997]
[0,275,428,514,953,997]
[0,217,370,452,670,794,953,997]
[0,794,997]
[0,410,456,793,997]
[0,410,670,793,997]
[0,217,794,953,997]
[0,410,452,571,670,794,953,997]
[0,410,794,997]
[0,274,410,456,637,793,953,997]
[0,370,571,670,794,997]
[0,275,428,514,750,997]
[0,275,428,750,997]
[0,275,750,997]
[0,217,370,670,997]
[0,410,452,794,997]
[0,274,456,670,793,997]
[0,410,571,670,794,997]
[0,217,370,670,794,997]
[0,274,410,456,793,997]
[0,275,428,514,997]
[0,217,456,997]
[0,410,452,670,794,997]
[0,571,670,794,997]
[0,217,452,514,794,953,997]
[0,217,452,794,953,997]
[0,370,452,670,794,953,997]
[0,275,428,997]
[0,452,997]
[0,217,953,997]
[0,670,794,997]
[0,410,670,997]
[0,217,670,794,997]
[0,296,794,997]
[0,410,456,794,953,997]
[0,410,452,997]
[0,412,997]
[0,456,997]
[0,274,410,456,793,953,997]
[0,410,456,997]
[0,217,698,794,953,997]
[0,410,456,594,670,793,997]
[0,217,370,452,571,670,794,953,997]
[0,217,410,456,698,794,953,997]
[0,274,410,456,594,670,793,997]
[0,953,997]
[0,370,670,794,953,997]
[0,794,953,997]
[0,274,456,997]
[0,410,452,571,670,794,997]
[0,217,410,456,794,953,997]
[0,217,698,794,997]
[0,274,456,637,793,997]
[0,217,410,456,698,794,997]
[0,275,953,997]
[0,370,670,997]
[0,276,743,997]
