,St_len_min,K_nb_max,N_cl_max,Cl_cen,Len_min,St_edges,N_stages,Longest_stage,Shortest_stage,Avg_stage_length,Ward_dist,Cen_dist,Silh,Cal-Har,Dav-Bold,Avg-Silh,Avg-Cal-Har,Avg-Dav-Bold
0,0,35,10,Median,40,[   0  548 1544 2017],3,996,473,672.3333333333334,387466.37441899086,30.134142358329907,0.011384965408444515,140.6311237074753,4.983648770419332,0.05721888193074609,134.20733208865872,4.262334064128896
1,0,35,10,Mode,40,[   0   54 1746 2017],3,1692,54,672.3333333333334,118211.71046215273,36.97131598461124,-0.06779338911807821,39.68430108727833,4.573651048611032,0.029874141103689092,37.76498026099932,3.8395319070540275
2,0,35,10,Median,40,[   0  490 2017],2,1527,490,1008.5,746678.8859819926,44.8644477223048,0.1085593136352861,267.4584070908963,2.2036974691485325,0.1085593136352861,267.4584070908963,2.2036974691485325
3,0,35,10,Mode,40,[   0   54  722 1746 2017],4,1024,54,504.25,163609.60300774642,28.74278834459704,-0.052258925448084345,69.43803962277205,4.670017115292135,0.021098645216726553,55.11093501458175,4.076859946473206
4,0,35,10,Median,40,[   0  197  567 1116 1791 2017],5,675,197,403.4,214474.1935309894,29.72548178321687,-0.024116623479980025,99.2861579992408,4.486789767403463,0.06023145370684328,75.35023021878733,3.709771332369768
5,0,35,10,Mode,40,[   0  567 1125 2017],3,892,558,672.3333333333334,521841.5579834932,39.52984551744514,0.028904520269599814,166.00592727238177,3.725908149380483,0.1136847933666495,180.7771315502762,3.021178146546009
6,0,35,10,Median,40,[   0   54  507  811 1125 1791 2017],6,666,54,336.1666666666667,144142.53385603093,27.86781601570147,-0.039884860536963225,80.65331274371341,4.973334198925835,0.053885417660991655,53.42279287473475,4.071856646972563
7,0,35,10,Mode,40,[   0   54  567  722 1125 1746 2017],6,621,54,336.1666666666667,114547.1620388034,28.022618953748292,-0.03976774600463005,78.09148686934765,4.9471138163558495,0.05259995548815285,42.15679513295887,4.10148714002959
8,0,35,10,Median,40,[   0   54  507  811 1125 1795 2017],6,670,54,336.1666666666667,145056.09022395298,27.99676879735214,-0.039750101956465965,80.86924522409731,4.939013696902703,0.05448252197450124,53.81517651474422,4.036901735489834
9,0,35,10,Mode,40,[   0   54  567  722 1125 1746 2017],6,621,54,336.1666666666667,114547.1620388034,28.022618953748292,-0.03976774600463005,78.09148686934765,4.9471138163558495,0.05259995548815285,42.15679513295887,4.10148714002959
10,0,35,10,Median,40,[   0   54  507  811 1125 1761 2017],6,636,54,336.1666666666667,139168.57342094716,27.225639759006775,-0.03981849574248061,79.8488013706855,5.237055240553155,0.051151979412453696,51.34601257121926,4.2578331633580095
11,0,35,10,Mode,40,[   0   54  567  722 1125 1746 2017],6,621,54,336.1666666666667,114547.1620388034,28.022618953748292,-0.03976774600463005,78.09148686934765,4.9471138163558495,0.05259995548815285,42.15679513295887,4.10148714002959
12,0,35,10,Median,40,[   0   54  364  528  811 1125 1416 1761 2017],8,345,54,252.125,65249.25284956786,22.172742804802827,-0.044522674368884164,62.76483294602596,6.4304552334659455,0.038117734723478285,23.974277986561088,5.321562903906641
13,0,35,10,Mode,40,[   0   54  348  567  722 1125 1416 1746 2017],8,403,54,252.125,64066.72776123613,21.90454574486918,-0.0417764054689189,64.85666497821123,6.4238332138592105,0.03715114292470855,23.88774747998818,5.3322826896047415
14,0,35,10,Median,40,[   0   54  364  521  737  903 1125 1416 1761 2017],9,345,54,224.11111111111111,59541.04379311488,22.353617983685055,-0.04457068143467257,58.1324539273793,6.3335249116507315,0.039369862623537435,22.04772042813456,5.280623414988593
15,0,35,10,Mode,40,[   0   54  348  567  722  838 1125 1416 1746 2017],9,330,54,224.11111111111111,64075.72357092195,23.03529386907215,-0.04218915739600864,59.366479794602135,6.345211409282065,0.04032428350031538,23.833126585445292,5.075125583293907
16,0,35,10,Median,40,[   0   54  197  364  521  737  903 1125 1416 1761 2017],10,345,54,201.7,49169.45608067912,20.51799554619469,-0.047582715241063625,52.379068239749074,6.698650054234112,0.03356931253405057,17.974621976652738,5.553880173382057
17,0,35,10,Mode,40,[   0   54  197  348  567  722  838 1125 1416 1746 2017],10,330,54,201.7,51698.47926158304,21.310842901439024,-0.04539133313565392,53.3146117484616,6.760410117022948,0.03441616357960899,18.900430726216346,5.3780732498003365
18,0,35,10,Median,40,[   0   54  197  364  521  722  843 1109 1200 1521 1761 2017],11,321,54,183.36363636363637,39756.33327579471,21.027286286217965,-0.046297237269263845,49.71599354136464,6.807341435580105,0.031789179843078934,14.596786016983568,5.492081015490298
19,0,35,10,Mode,40,[   0   54  197  348  567  722  811 1125 1416 1746 2017],10,330,54,201.7,45601.39285602413,20.331117893139904,-0.047769665091501115,51.83260952725562,7.017213638320117,0.030280344623709717,16.721591124937554,5.617056983731902
20,0,35,10,Median,40,[   0   54  197  364  521  722  922 1125 1389 1554 1761 2017],11,264,54,183.36363636363637,44323.67419749618,20.164651952109622,-0.054506905364827,48.584025741097406,6.562921471233988,0.03105103027544206,16.241025786043085,5.470683185577601
21,0,35,10,Mode,40,[   0   54  197  348  567  722  903 1125 1416 1544 1746 2017],11,291,54,183.36363636363637,47260.26514123778,20.62827290438906,-0.05637617531168032,48.69764716888094,6.614039519270617,0.031225352033049547,17.385577429834665,5.354253286152307
22,0,35,10,Median,40,[   0   54  197  364  498  567  722  843 1045 1125 1389 1554 1761 2017],13,264,54,155.15384615384616,25630.756509836672,19.18882742961188,-0.05645343186351345,42.318261350488086,6.828718966377488,0.02711903049808109,9.713352784426652,5.443331020346565
23,0,35,10,Mode,40,[   0   54  197  348  490  567  722  811  995 1125 1416 1544 1746 2017],13,291,54,155.15384615384616,24671.653129309736,17.967421243220823,-0.06059341601297616,40.7296286136237,7.299346986029227,0.02196203785336151,9.563403811581178,5.986361582144053
24,0,35,10,Median,40,[   0   54  197  364  498  567  722  922 1125 1389 1544 1746 1812 2017],13,264,54,155.15384615384616,40358.604964362115,22.64485155432952,-0.07259656911223936,44.084756949811734,6.134581927751918,0.032435548413224234,15.888937121944487,4.555183011230877
25,0,35,10,Mode,40,"[   0   54  197  348  490  567  722  811  903 1125 1416 1544 1746 1812
 2017]",14,291,54,144.07142857142858,37459.94159274276,22.019686421205808,-0.07328202735887376,40.764804213009945,6.604969577002426,0.029119395710155968,14.715325581752296,4.880365636982665
26,0,35,10,Median,40,"[   0   54  197  364  498  567  722  838  922 1112 1200 1416 1554 1746
 1812 2017]",15,216,54,134.46666666666667,29550.21505179533,21.452707913936194,-0.07655859261091835,39.02128594580469,6.618681542698527,0.027344279807862738,11.772059158646723,5.059762087754877
27,0,35,10,Mode,40,"[   0   54  197  348  490  567  722  811  903 1125 1416 1544 1746 1812
 2017]",14,291,54,144.07142857142858,37459.94159274276,22.019686421205808,-0.07328202735887376,40.764804213009945,6.604969577002426,0.029119395710155968,14.715325581752296,4.880365636982665
28,0,35,15,Median,40,[   0  567 1561 2017],3,994,456,672.3333333333334,389878.30953565665,30.101950800832938,0.011484960253311841,140.25708372217954,4.938655064877587,0.05751186798709875,135.4129331455811,4.2182366828514954
29,0,35,15,Mode,40,[   0   54 1746 2017],3,1692,54,672.3333333333334,118211.71046215273,36.97131598461124,-0.06779338911807821,39.68430108727833,4.573651048611032,0.029874141103689092,37.76498026099932,3.8395319070540275
30,0,35,15,Median,40,[   0  490  994 2017],3,1023,490,672.3333333333334,390791.33083847567,34.2413758949165,0.027566085382952014,149.94206319472042,5.3087220610936345,0.0984432849414562,137.73459499435288,4.351581126455994
31,0,35,15,Mode,40,[   0   54  995 1746 2017],4,941,54,504.25,85967.06319741464,26.987719277865164,-0.06904094262239426,34.36204812873234,6.165911225136777,0.01675668516151228,27.005598294193288,5.465415354284481
32,0,35,15,Median,40,[   0  197  569 1109 1795 2017],5,686,197,403.4,215636.8373866084,29.9296677466035,-0.02430249823078223,99.2881005989919,4.437100017348389,0.06107487598840071,75.7926093574703,3.6631144520296677
33,0,35,15,Mode,40,[   0   54  567  995 1746 2017],5,751,54,403.4,192946.5018208011,28.822441161500226,-0.04163487086411983,82.54927633362915,4.812856961510263,0.04927038059741233,66.96462610905398,4.238852758077621
34,0,35,15,Median,40,[   0   54  507  811 1112 1795 2017],6,683,54,336.1666666666667,146226.3224079398,28.286080251988203,-0.03964912683720915,80.9757065209937,4.852794982007397,0.055335859453685056,54.21482088555722,3.961869812041563
35,0,35,15,Mode,40,[   0   54  567  722  995 1746 2017],6,751,54,336.1666666666667,99595.4260127813,27.600957450146616,-0.043263158597483184,70.38272847672013,4.725648623820015,0.05006004981589078,36.18168652200035,4.14763050173917
36,0,35,15,Median,40,[   0   54  507  782 1109 1416 1812 2017],7,453,54,288.14285714285717,107895.0316810512,24.59169006836646,-0.04780178222387471,68.36106520936691,6.03018316129917,0.04425741842815448,39.82536269862502,4.931410463816861
37,0,35,15,Mode,40,[   0   54  567  722  995 1416 1746 2017],7,513,54,288.14285714285717,79110.01204773849,24.30529839016501,-0.04947377678201168,61.35228180115659,6.090615495295239,0.04064566167249722,28.68223079595929,5.031960183304938
38,0,35,15,Median,40,[   0  507 1125 2017],3,892,507,672.3333333333334,525306.6184594315,39.09721724083795,0.029206041823806945,172.40688190474262,3.892494742542326,0.10985014425172365,182.75372198983314,3.190112929373944
39,0,35,15,Mode,40,[   0   54  567  722  995 1125 1416 1746 2017],8,513,54,252.125,69800.60694414764,23.74917822715269,-0.05135208495489691,57.820501188957884,6.810181582978204,0.04147439843484207,25.631994215723246,5.484654879302289
40,0,35,15,Median,40,[   0  507 1125 2017],3,892,507,672.3333333333334,525306.6184594315,39.09721724083795,0.029206041823806945,172.40688190474262,3.892494742542326,0.10985014425172365,182.75372198983314,3.190112929373944
41,0,35,15,Mode,40,[   0   54  567  722  995 1125 1416 1746 2017],8,513,54,252.125,69800.60694414764,23.74917822715269,-0.05135208495489691,57.820501188957884,6.810181582978204,0.04147439843484207,25.631994215723246,5.484654879302289
42,0,35,15,Median,40,[   0   54  364  520  776  994 1125 1416 1761 2017],9,345,54,224.11111111111111,51633.40773089393,21.18336122322078,-0.0487175815082063,55.29557849358441,6.939042845809137,0.03738190913845396,19.185402061911365,5.776613229395933
43,0,35,15,Mode,40,[   0   54  348  567  722  995 1125 1416 1746 2017],9,330,54,224.11111111111111,53251.350452351624,21.597793374621673,-0.047879580060317915,57.768622147339656,6.834593791527393,0.03760210317167056,20.188741443302177,5.466813154046967
44,0,35,15,Median,40,[   0   54  370  528  776  994 1125 1326 1791 2017],9,465,54,224.11111111111111,54659.82135070118,22.390702044845238,-0.047991455283657045,55.72189231944908,6.131620390242691,0.04095595392837913,20.339345856030313,5.208967880462632
45,0,35,15,Mode,40,[   0   54  348  567  722  995 1125 1416 1544 1746 2017],10,294,54,201.7,48660.85321316097,21.13875996098386,-0.058346963758842504,52.338101948573126,6.636345550024354,0.03270105346607211,18.54723789251836,5.315421069172733
46,0,35,15,Median,40,[   0   54  370  528  726  843  995 1125 1326 1791 2017],10,465,54,201.7,49335.762685849055,23.0416236741622,-0.04737606331496068,53.94073322565564,5.8093441046773,0.04036346681400262,18.668111844693286,4.725044403117787
47,0,35,15,Mode,40,[   0   54  348  567  722  843  995 1125 1416 1544 1746 2017],11,294,54,183.36363636363637,46737.85002448924,21.767874106310163,-0.0579344589679784,49.41385087358873,6.531586037218388,0.03421405719565413,17.736983649354407,5.1062067455608595
48,0,35,15,Median,40,[   0   54  197  364  520  726  843  995 1125 1326 1791 2017],11,465,54,183.36363636363637,41063.74875938403,21.243616450960673,-0.049917776833057675,49.90130855641935,6.1895309954880755,0.034761347690694354,15.430408186678486,5.041290168304867
49,0,35,15,Mode,40,[   0   54  197  348  567  722  843  995 1125 1416 1544 1746 2017],12,291,54,168.08333333333334,38187.18409379674,20.472179656679604,-0.059908654817615294,45.37318861516372,6.862053741341099,0.029935616015499922,14.25533639508444,5.351247457950942
50,0,35,15,Median,40,[   0   54  197  350  498  567  726  843  995 1125 1326 1791 2017],12,465,54,168.08333333333334,31435.128688513374,20.11371045390169,-0.049600510806674596,46.31565973881182,6.366018090387691,0.030544297639656368,12.0307399768503,5.186290262426709
51,0,35,15,Mode,40,[   0   54  197  348  490  567  722  843  995 1125 1416 1544 1746 2017],13,291,54,155.15384615384616,28110.71654491469,19.14213456826992,-0.05972565060082918,42.27696414937455,6.907686724012998,0.025883283241805593,10.695196424148309,5.52125940768975
52,0,35,15,Median,40,[   0   54  197  364  498  567  726  843  994 1110 1180 1326 1791 2017],13,465,54,155.15384615384616,25311.404204730792,19.75609943613755,-0.05140303296163077,43.25025946601385,6.500280958906114,0.028700332535783624,9.652477563747865,5.279836245857093
53,0,35,15,Mode,40,[   0   54  197  348  490  567  722  843  995 1125 1416 1544 1746 2017],13,291,54,155.15384615384616,28110.71654491469,19.14213456826992,-0.05972565060082918,42.27696414937455,6.907686724012998,0.025883283241805593,10.695196424148309,5.52125940768975
54,0,35,15,Median,40,"[   0   54  197  364  498  567  722  782  843  995 1112 1180 1326 1791
 2017]",14,465,54,144.07142857142858,34157.24307960998,24.48187130044136,-0.05800482623951114,42.574481972863346,6.878996434723139,0.04496626822168138,13.108990221925,4.731517554503305
55,0,35,15,Mode,40,"[   0   54  197  348  490  567  722  776  843  995 1125 1416 1544 1746
 2017]",14,291,54,144.07142857142858,36112.81713863411,23.75445189584571,-0.0621092914665746,41.4847228059965,7.390589217397121,0.04169707973949034,13.814228213262997,4.973323769343418
56,0,35,20,Median,40,[   0  615 1544 2017],3,929,473,672.3333333333334,330790.78517983836,27.685960298473333,0.007591878286771482,118.96768028252399,5.192030419937114,0.05111158931478833,112.36405962294086,4.484724357611454
57,0,35,20,Mode,40,[   0  995 1746 2017],3,995,271,672.3333333333334,72048.60296386351,15.174146060801842,-0.02794750543892645,27.178137564601442,6.790054653457573,0.01040279229392876,24.32154520121674,6.668045403174579
58,0,35,20,Median,40,[   0  461 2017],2,1556,461,1008.5,719856.1744368838,44.99047279844687,0.10193651889501251,256.62694651520746,2.1820503474520954,0.10193651889501251,256.62694651520746,2.1820503474520954
59,0,35,20,Mode,40,[   0   54  995 1746 2017],4,941,54,504.25,85967.06319741464,26.987719277865164,-0.06904094262239426,34.36204812873234,6.165911225136777,0.01675668516151228,27.005598294193288,5.465415354284481
60,0,35,20,Median,40,[   0  197  615 1098 1795 2017],5,697,197,403.4,193481.15356040455,29.27576420219937,-0.027402828518123725,88.297465649471,4.613712088834967,0.055431543092282556,67.03096589864077,3.748680414202997
61,0,35,20,Mode,40,[   0   54  567  995 1746 2017],5,751,54,403.4,192946.5018208011,28.822441161500226,-0.04163487086411983,82.54927633362915,4.812856961510263,0.04927038059741233,66.96462610905398,4.238852758077621
62,0,35,20,Median,40,[   0  507 1109 2017],3,908,507,672.3333333333334,520452.2400141314,39.071798951337996,0.029089627240061946,171.20239409646723,3.9320026245691078,0.11027866775442871,180.68109957290693,3.2196555525458344
63,0,35,20,Mode,40,[   0   54  567  843  995 1746 2017],6,751,54,336.1666666666667,125089.92768478669,29.74261638577331,-0.04580859268097291,71.75027413543873,5.5421006819689085,0.05508149108475574,44.99785802533305,3.7453083365245936
64,0,35,20,Median,40,[   0   54  507  782 1097 1377 1812 2017],7,453,54,288.14285714285717,104544.00756847432,24.46384362409724,-0.0475586413944659,67.16413290769867,5.86747079588593,0.044854210233748054,38.80449624286447,4.814838685826653
65,0,35,20,Mode,40,[   0   54  567  843  995 1544 2017],6,549,54,336.1666666666667,124586.19416443289,29.548756872280535,-0.04136528890565346,72.20941173504437,6.003432566536561,0.055502009711331235,44.57105869734513,3.853373376906106
66,0,35,20,Median,40,[   0   54  507  776  995 1201 1812 2017],7,611,54,288.14285714285717,107030.55385636554,25.058283221488153,-0.04396615680953708,67.02243551328905,6.258972010074344,0.04879256356138816,40.18541404057337,4.864536985371069
67,0,35,20,Mode,40,[   0   54  567  843  995 1174 1544 2017],7,513,54,288.14285714285717,105169.42881448625,27.575902629059147,-0.045707557300312195,68.83244276835669,5.7301936508893165,0.05104810548080082,38.525129734721325,4.07697552869453
68,0,35,20,Median,40,[   0   54  372  528  776  994 1162 1546 1812 2017],9,384,54,224.11111111111111,56062.657584162815,21.733495333621523,-0.048949619005154446,55.7037417140458,6.979772456427494,0.04050267465821772,21.05402327663856,5.614451203789838
69,0,35,20,Mode,40,[   0  348  567  843 1109 1544 2017],6,473,219,336.1666666666667,122638.30085666121,27.781763493826855,-0.002686975236100705,90.39309521211261,5.142996581403299,0.06273957425057156,46.016916229916625,4.005611902072469
70,0,35,20,Median,40,[   0   54  372  528  776  994 1125 1503 1761 2017],9,378,54,224.11111111111111,53338.0396456849,21.42160413386733,-0.04844813461102587,54.699531045674966,7.037206526555383,0.03933429883595562,19.85976502601968,5.827985453595588
71,0,35,20,Mode,40,[   0  348  567  843 1109 1544 2017],6,473,219,336.1666666666667,122638.30085666121,27.781763493826855,-0.002686975236100705,90.39309521211261,5.142996581403299,0.06273957425057156,46.016916229916625,4.005611902072469
72,0,35,20,Median,40,[   0   54  372  528  776  994 1125 1321 1795 2017],9,474,54,224.11111111111111,54870.033098771644,22.527112970329828,-0.047682586385786326,55.949702701848615,6.05885856563269,0.041637300568180005,20.44469251881134,5.152054422923406
73,0,35,20,Mode,40,[   0   54  348  567  843  995 1109 1326 1544 1746 2017],10,294,54,201.7,51953.32619631074,21.17522403687551,-0.05124836831007295,53.54683537787842,6.811823785522774,0.036373839492882455,19.599226440010383,5.555530376158379
74,0,35,20,Median,40,[   0   54  372  528  726  843  995 1125 1321 1795 2017],10,474,54,201.7,49580.77464108195,23.161057849352662,-0.047025291016497404,54.149774356701826,5.767715584276994,0.040986639386482,18.78132184088094,4.674963889977175
75,0,35,20,Mode,40,[   0   54  348  567  776  843 1109 1326 1746 2017],9,420,54,224.11111111111111,81262.73187127263,28.081161303805118,-0.048461050938542825,61.764464219738464,6.530721079373269,0.047746819640923054,29.764779296783495,4.214791563630516
76,0,35,20,Median,40,[   0   54  197  372  528  726  843  995 1125 1321 1795 2017],11,474,54,183.36363636363637,41088.49347216622,21.385713692401996,-0.05019280155808274,49.47457598024058,6.099834780942379,0.03541975927253123,15.408434096377684,4.9665977218641855
77,0,35,20,Mode,40,[   0   54  197  348  567  776  843  995 1109 1326 1544 1746 2017],12,271,54,168.08333333333334,47960.47731716919,23.137113316319173,-0.05725035595527398,46.34639508276212,7.41085980862644,0.03719878347895553,17.585913753110876,5.321004852201833
78,0,35,20,Median,40,[   0   54  197  357  498  567  742  843  995 1125 1321 1795 2017],12,474,54,168.08333333333334,31603.241902845843,20.28203346125541,-0.04975607052780846,46.05875401267517,6.417199851871,0.030644148366074275,12.082669321719363,5.161256035397428
79,0,35,20,Mode,40,[   0   54  197  348  498  567  776  843  995 1109 1326 1544 1746 2017],13,271,54,155.15384615384616,34100.50081668926,21.60008956190814,-0.05701341095683528,43.24141960344961,7.349264477915928,0.03133229268771744,12.807300946597115,5.449423411158509
80,0,35,20,Median,40,[   0   54  197  350  498  567  742  843  995 1109 1174 1326 1795 2017],13,469,54,155.15384615384616,25286.016529200457,19.717762492157146,-0.05205990353798242,43.46226478071096,6.569647082900955,0.027935363314136406,9.747148821757927,5.2963206070468365
81,0,35,20,Mode,40,"[   0   54  197  348  498  567  776  843  995 1109 1174 1326 1544 1746
 2017]",14,271,54,144.07142857142858,28458.104278850704,21.027551402730122,-0.0563350554163255,40.979663199610236,7.65165755155894,0.029288250197477092,10.709175741725865,5.523031592135936
82,0,35,20,Median,40,"[   0   54  197  357  498  567  726  843  994 1109 1174 1326 1546 1746
 1812 2017]",15,220,54,134.46666666666667,27638.812232987282,21.25490137639528,-0.07456507164256822,39.669244867325666,6.741313552869449,0.029677739452630036,11.21867187968915,5.13082642727283
83,0,35,20,Mode,40,"[   0   54  197  348  498  567  776  843  995 1109 1174 1326 1544 1746
 1812 2017]",15,218,54,134.46666666666667,33266.72891141782,23.468830553081148,-0.07459690648735688,40.337388934528384,7.296244038164431,0.03257884624669711,13.194856131437687,4.871151757491542
84,0,40,10,Median,40,[   0  528 1544 2017],3,1016,473,672.3333333333334,397754.8411068465,30.62519368566734,0.012524147739342044,144.90165812919807,4.97073596520319,0.059063669669136405,138.34457665406708,4.241569564002001
85,0,40,10,Mode,40,[   0   54 1746 2017],3,1692,54,672.3333333333334,118211.71046215273,36.97131598461124,-0.06779338911807821,39.68430108727833,4.573651048611032,0.029874141103689092,37.76498026099932,3.8395319070540275
86,0,40,10,Median,40,[   0  490  995 2017],3,1022,490,672.3333333333334,395092.40214368823,34.48167670651955,0.02817598342515797,150.62461299120022,5.228532054891213,0.09949930294391987,136.61055317689548,4.292128976374789
87,0,40,10,Mode,40,[   0   54  722 1746 2017],4,1024,54,504.25,163609.60300774642,28.74278834459704,-0.052258925448084345,69.43803962277205,4.670017115292135,0.021098645216726553,55.11093501458175,4.076859946473206
88,0,40,10,Median,40,[   0  197  567 1117 1795 2017],5,678,197,403.4,215089.71043893107,29.832846910670828,-0.024264068830880264,99.41193229739797,4.445941968708363,0.06070896626091669,75.6234005707454,3.674145513449756
89,0,40,10,Mode,40,[   0  567 1125 2017],3,892,558,672.3333333333334,521841.5579834932,39.52984551744514,0.028904520269599814,166.00592727238177,3.725908149380483,0.1136847933666495,180.7771315502762,3.021178146546009
90,0,40,10,Median,40,[   0   54  507  811 1125 1795 2017],6,670,54,336.1666666666667,145056.09022395298,27.99676879735214,-0.039750101956465965,80.86924522409731,4.939013696902703,0.05448252197450124,53.81517651474422,4.036901735489834
91,0,40,10,Mode,40,[   0   54  567  722 1125 1746 2017],6,621,54,336.1666666666667,114547.1620388034,28.022618953748292,-0.03976774600463005,78.09148686934765,4.9471138163558495,0.05259995548815285,42.15679513295887,4.10148714002959
92,0,40,10,Median,40,[   0   54  507  811 1125 1746 2017],6,621,54,336.1666666666667,137408.09668112276,27.031803711545102,-0.03938364022857697,79.72562672909663,5.307443370514584,0.05045215701218936,50.633889523130634,4.311431756292092
93,0,40,10,Mode,40,[   0   54  567  722 1125 1746 2017],6,621,54,336.1666666666667,114547.1620388034,28.022618953748292,-0.03976774600463005,78.09148686934765,4.9471138163558495,0.05259995548815285,42.15679513295887,4.10148714002959
94,0,40,10,Median,40,[   0   54  507  811 1125 1761 2017],6,636,54,336.1666666666667,139168.57342094716,27.225639759006775,-0.03981849574248061,79.8488013706855,5.237055240553155,0.051151979412453696,51.34601257121926,4.2578331633580095
95,0,40,10,Mode,40,[   0   54  567  722 1125 1746 2017],6,621,54,336.1666666666667,114547.1620388034,28.022618953748292,-0.03976774600463005,78.09148686934765,4.9471138163558495,0.05259995548815285,42.15679513295887,4.10148714002959
96,0,40,10,Median,40,[   0   54  364  520  811 1125 1416 1761 2017],8,345,54,252.125,64503.21978744528,22.12444771885625,-0.04431364547502707,63.30527110654594,6.436245357399308,0.037530263176178844,23.710883746105242,5.339908601339276
97,0,40,10,Mode,40,[   0   54  348  567  722 1125 1416 1746 2017],8,403,54,252.125,64066.72776123613,21.90454574486918,-0.0417764054689189,64.85666497821123,6.4238332138592105,0.03715114292470855,23.88774747998818,5.3322826896047415
98,0,40,10,Median,40,[   0   54  364  520  726  903 1125 1416 1761 2017],9,345,54,224.11111111111111,59454.00123131613,22.48654462516006,-0.04432095239949333,58.74168959900178,6.181430854443966,0.03969797859772879,22.051453733090874,5.191022036218124
99,0,40,10,Mode,40,[   0   54  348  567  722  843 1125 1416 1746 2017],9,330,54,224.11111111111111,65148.22895829353,23.187192615152675,-0.04187631601317332,59.632539483796755,6.349215685461216,0.040850052919929714,24.207720234619856,5.049416881937564
100,0,40,10,Median,40,[   0   54  364  520  723  903 1125 1326 1771 2017],9,445,54,224.11111111111111,60726.61244497467,23.382027674284927,-0.042918802147968865,59.61059177112858,5.765693777260861,0.041929453176616144,22.518856741092385,4.838657448638282
101,0,40,10,Mode,40,[   0   54  348  567  722  843 1125 1416 1746 2017],9,330,54,224.11111111111111,65148.22895829353,23.187192615152675,-0.04187631601317332,59.632539483796755,6.349215685461216,0.040850052919929714,24.207720234619856,5.049416881937564
102,0,40,10,Median,40,[   0   54  197  364  520  722  888 1125 1326 1771 2017],10,445,54,201.7,50547.43754048346,21.438946296529746,-0.04553055155060625,53.727692787679985,6.193131849920683,0.03574462472755113,18.526754628683328,5.157697431746165
103,0,40,10,Mode,40,[   0   54  197  348  567  722  811 1125 1416 1746 2017],10,330,54,201.7,45601.39285602413,20.331117893139904,-0.047769665091501115,51.83260952725562,7.017213638320117,0.030280344623709717,16.721591124937554,5.617056983731902
104,0,40,10,Median,40,[   0   54  197  364  520  722  920 1112 1200 1521 1761 2017],11,321,54,183.36363636363637,40165.8562731404,20.911325053023297,-0.04805290873717295,49.702217385408545,6.7704995875962135,0.03363396180028097,14.705669366525361,5.568270008006411
105,0,40,10,Mode,40,[   0   54  197  348  567  722  920 1125 1200 1746 2017],10,546,54,201.7,45188.23590105432,22.64571443609615,-0.045799091949036676,54.13764336876701,5.9188787542283325,0.0373989903921949,16.598603407795835,4.7864197062656055
106,0,40,10,Median,40,[   0   54  197  364  520  722  920 1112 1190 1326 1771 2017],11,445,54,183.36363636363637,39477.481902824315,21.239350493421625,-0.047629064208448826,49.99101379478559,6.190886061244691,0.034270231812727155,14.462968269882944,5.218100153218828
107,0,40,10,Mode,40,[   0   54  197  348  567  722  920 1125 1200 1746 2017],10,546,54,201.7,45188.23590105432,22.64571443609615,-0.045799091949036676,54.13764336876701,5.9188787542283325,0.0373989903921949,16.598603407795835,4.7864197062656055
108,0,40,10,Median,40,"[   0   54  197  364  498  567  722  838  920 1112 1200 1416 1561 1771
 2017]",14,246,54,144.07142857142858,24057.313500518954,18.568465373426793,-0.05982116874745653,39.51562627080828,7.158216095503959,0.022756827467781682,9.005985245677264,5.954456960332798
109,0,40,10,Mode,40,"[   0   54  197  348  498  567  722  811  920 1125 1200 1416 1646 1746
 2017]",14,271,54,144.07142857142858,24393.66985140364,18.94800085811549,-0.05149175184892849,38.85021760672583,7.669914826663976,0.024729377993766375,9.074029742337457,6.011636713668541
110,0,40,10,Median,40,"[   0   54  197  364  498  567  722  838  920 1112 1200 1403 1561 1746
 1812 2017]",15,205,54,134.46666666666667,29719.74686184726,21.524042001746075,-0.07621041448268681,39.100849662374216,6.544026494606806,0.027954456324443686,11.842965417157107,4.985533802458682
111,0,40,10,Mode,40,"[   0   54  197  348  498  567  722  811  920 1125 1200 1416 1646 1746
 1812 2017]",15,230,54,134.46666666666667,27633.513367988016,20.790848546977884,-0.07338184121223221,38.31069288808491,7.201657773947618,0.02894412146629759,10.911575081208554,5.564259853945188
112,0,40,15,Median,40,[   0  567 1554 2017],3,987,463,672.3333333333334,390661.9024199581,30.17561755354294,0.011594260184774488,140.59206909342075,4.914011787401755,0.057816854787222434,135.5500668359949,4.199641328414513
113,0,40,15,Mode,40,[   0   54 2017],2,1963,54,1008.5,177286.73866882405,58.080994609443074,0.09675770692819673,57.6667180444813,1.6043578100997389,0.09675770692819673,57.6667180444813,1.6043578100997389
114,0,40,15,Median,40,[   0  490  994 2017],3,1023,490,672.3333333333334,390791.33083847567,34.2413758949165,0.027566085382952014,149.94206319472042,5.3087220610936345,0.0984432849414562,137.73459499435288,4.351581126455994
115,0,40,15,Mode,40,[   0   54  995 2017],3,1022,54,672.3333333333334,114988.9603367355,33.11807695383074,-0.02566623166372433,43.57632696950389,5.8993034804634625,0.027643823111342017,34.809974960875515,4.8811850035561415
116,0,40,15,Median,40,[   0  197  569 1096 1812 2017],5,716,197,403.4,206323.51141147543,29.69012222642023,-0.027124719379580213,96.60859431552187,4.37791793542866,0.05956786684898664,72.8790378009589,3.6505905212043537
117,0,40,15,Mode,40,[   0   54  567  995 2017],4,1022,54,504.25,247928.29918663684,33.6203219602566,-0.02017952401764782,103.59470317469541,4.179098008983175,0.06749712172020768,85.6909478351663,3.463408724080575
118,0,40,15,Median,40,[   0   54  498  811 1116 1812 2017],6,696,54,336.1666666666667,149500.38948337323,28.618512129344907,-0.04031286498223867,81.74264887917019,4.7659201843147985,0.056808794374440266,55.58271403301272,3.8517464717890073
119,0,40,15,Mode,40,[   0   54  567  843  995 2017],5,1022,54,403.4,145922.38038358567,33.31469520878116,-0.02896281743548778,84.72035228169041,4.8730879263931675,0.06876314260156619,52.40764373676286,3.1089723238115954
120,0,40,15,Median,40,[   0   54  498  811 1109 1375 1812 2017],7,444,54,288.14285714285717,111580.38204888631,25.60000085316439,-0.04619522819808912,70.37913081107536,5.659252817280665,0.04623971793262693,41.07396577312897,4.399601650269262
121,0,40,15,Mode,40,[   0   54  567  843  995 1270 2017],6,747,54,336.1666666666667,121954.07384619818,29.948327549600656,-0.03021177082150457,75.81235520358652,6.92199488671281,0.05785827918928216,43.70788076200731,3.5374927141132124
122,0,40,15,Median,40,[   0  498 1160 2017],3,857,498,672.3333333333334,527426.4472241683,38.81814382094418,0.028775641298756427,173.85127359769456,3.871577637299028,0.10666107118835157,183.03444467687035,3.192238124354106
123,0,40,15,Mode,40,[   0   54  567  843 1125 1746 2017],6,621,54,336.1666666666667,140262.36281387619,28.799608677107802,-0.04016795707162365,79.55403797657345,5.028493136107756,0.053923247109928296,51.37983596422701,3.944204254797249
124,0,40,15,Median,40,[   0   54  498  776 1125 1771 2017],6,646,54,336.1666666666667,132506.6420954861,26.271702618333826,-0.04027400000458285,78.12350796482103,5.7643418963639546,0.050122373704207565,48.93561596581204,4.634485223112847
125,0,40,15,Mode,40,[   0   54  567  843 1125 1746 2017],6,621,54,336.1666666666667,140262.36281387619,28.799608677107802,-0.04016795707162365,79.55403797657345,5.028493136107756,0.053923247109928296,51.37983596422701,3.944204254797249
126,0,40,15,Median,40,[   0   54  372  520  776  994 1125 1416 1771 2017],9,355,54,224.11111111111111,51554.66158065932,21.399153143549682,-0.04899291805300707,55.05240029418265,6.798494729457024,0.038009264944467054,19.097922418153335,5.69017766746523
127,0,40,15,Mode,40,[   0   54  348  567  843  995 1125 1416 1746 2017],9,330,54,224.11111111111111,57273.35910722715,21.92540619133554,-0.04928464963613356,58.7041997365991,6.763863975109353,0.037836700687011005,21.466611034249944,5.327588606103465
128,0,40,15,Median,40,[   0   54  372  520  776  994 1125 1321 1795 2017],9,474,54,224.11111111111111,54446.44674196374,22.512644471528265,-0.047437891300779834,56.482719532392814,6.071695543442093,0.04117611952394479,20.299111577086645,5.172674407269012
129,0,40,15,Mode,40,[   0   54  348  567  843  995 1125 1270 1746 2017],9,476,54,224.11111111111111,57835.46477266994,22.927481578463826,-0.04763011341244325,59.666607492363674,6.08404640783289,0.040129879349507194,21.756482419605362,4.829384939563937
130,0,40,15,Median,40,[   0   54  370  520  726  843  995 1117 1267 1795 2017],10,528,54,201.7,48392.754399467645,23.322626967358524,-0.04673543574491111,54.77542255933882,5.7203381764637395,0.040363028686514535,18.390609292843088,4.58898142701181
131,0,40,15,Mode,40,[   0   54  348  567  722  843  995 1125 1200 1746 2017],10,546,54,201.7,48772.084728701506,23.571335675033506,-0.04619280591367386,54.68445791941835,5.893887153709313,0.04061820081115409,18.482315202162084,4.555288619774086
132,0,40,15,Median,40,[   0   54  197  370  520  726  843  995 1125 1321 1795 2017],11,474,54,183.36363636363637,41321.005876356416,21.382823760375256,-0.04986764302708054,49.84708367756101,6.112525945374904,0.03524990609780633,15.514450667412785,4.979795191710839
133,0,40,15,Mode,40,[   0   54  197  348  567  722  843  995 1125 1270 1746 2017],11,476,54,183.36363636363637,41261.89950556707,21.574408666862055,-0.048904493381990335,49.784540636294324,6.5489989542497,0.03541445496491841,15.371246194252432,5.077380831496528
134,0,40,15,Median,40,[   0   54  197  350  498  567  726  843  995 1125 1321 1795 2017],12,474,54,168.08333333333334,31707.342333278597,20.205794102810405,-0.04929860718261903,46.45751132857662,6.328139279041235,0.030927137912033997,12.144743589800504,5.1456886602467815
135,0,40,15,Mode,40,[   0   54  197  348  498  567  722  843  995 1125 1270 1646 1746 2017],13,376,54,155.15384615384616,27840.154927144467,19.65336169199455,-0.05202099609755683,42.496089362195654,7.058973473277887,0.028147992345335316,10.587356620308785,5.426088965750115
136,0,40,15,Median,40,[   0   54  197  350  498  567  726  843  995 1112 1200 1326 1795 2017],13,469,54,155.15384615384616,25818.364711399612,19.47984654376304,-0.05118758284734787,43.4393659787894,6.7073601337902256,0.028375758967860737,9.898813562017535,5.414874062755017
137,0,40,15,Mode,40,"[   0   54  197  348  498  567  722  843  995 1125 1174 1416 1646 1746
 2017]",14,271,49,144.07142857142858,22169.312710062568,18.79411952625842,-0.05359333661778052,39.49580581067757,7.368364113254957,0.026068039217535036,8.411480772508453,5.767446369040292
138,0,40,15,Median,40,"[   0   54  197  364  498  567  726  843  995 1112 1200 1326 1561 1746
 1812 2017]",15,235,54,134.46666666666667,27748.39997238766,21.006594537837056,-0.07576545890240474,39.01520607653935,6.788227208430408,0.0295027076826915,11.174614074626549,5.298608598521516
139,0,40,15,Mode,40,"[   0   54  197  348  498  567  722  843  995 1125 1174 1416 1646 1746
 1812 2017]",15,242,49,134.46666666666667,25568.03887959988,20.64795873882489,-0.0753826957007752,38.92507083156263,6.93123716149828,0.030187164031225632,10.296351037795906,5.337511676790386
140,0,40,20,Median,40,[   0  615 1544 2017],3,929,473,672.3333333333334,330790.78517983836,27.685960298473333,0.007591878286771482,118.96768028252399,5.192030419937114,0.05111158931478833,112.36405962294086,4.484724357611454
141,0,40,20,Mode,40,[   0   54 1746 2017],3,1692,54,672.3333333333334,118211.71046215273,36.97131598461124,-0.06779338911807821,39.68430108727833,4.573651048611032,0.029874141103689092,37.76498026099932,3.8395319070540275
142,0,40,20,Median,40,[   0  461 2017],2,1556,461,1008.5,719856.1744368838,44.99047279844687,0.10193651889501251,256.62694651520746,2.1820503474520954,0.10193651889501251,256.62694651520746,2.1820503474520954
143,0,40,20,Mode,40,[   0   54  995 1746 2017],4,941,54,504.25,85967.06319741464,26.987719277865164,-0.06904094262239426,34.36204812873234,6.165911225136777,0.01675668516151228,27.005598294193288,5.465415354284481
144,0,40,20,Median,40,[   0  197  615 1097 1812 2017],5,715,197,403.4,196780.34593608632,29.787597351654036,-0.028528713304136498,88.92907485689133,4.482459874099606,0.05670942707532045,68.61062626009748,3.609615268162674
145,0,40,20,Mode,40,[   0   54  843  995 1746 2017],5,789,54,403.4,153714.82901193167,36.02866030127253,-0.06181248844989815,56.03050290859898,4.592518216923959,0.06414226293361046,50.7555109874734,3.4063034629930478
146,0,40,20,Median,40,[   0   54  498  791 1109 1812 2017],6,703,54,336.1666666666667,143411.44940855695,27.78229512879045,-0.04087631537769781,79.82880084188061,5.143709729651756,0.05543495045401141,53.364420942661226,4.174881831410083
147,0,40,20,Mode,40,[   0   54  567  843  995 1746 2017],6,751,54,336.1666666666667,125089.92768478669,29.74261638577331,-0.04580859268097291,71.75027413543873,5.5421006819689085,0.05508149108475574,44.99785802533305,3.7453083365245936
148,0,40,20,Median,40,[   0   54  498  786 1097 1365 1812 2017],7,447,54,288.14285714285717,104649.17628532783,24.436779066015717,-0.04725779465007209,67.09436656057237,5.8117509130698854,0.044513886065028596,38.75442818843038,4.760028565989703
149,0,40,20,Mode,40,[   0   54  567  843  995 1270 1746 2017],7,513,54,288.14285714285717,101037.821744831,26.51380882686732,-0.04773094652218839,64.73252487386381,7.618875686897053,0.04708353002797421,36.22820373043094,4.419017583030939
150,0,40,20,Median,40,[   0  498 1159 2017],3,858,498,672.3333333333334,527187.7708141484,38.818682018857075,0.028796854082936568,173.80837082854896,3.8728387384452154,0.1066827451073567,182.8748494001994,3.193581322394219
151,0,40,20,Mode,40,[   0   54  567  843  995 1174 1746 2017],7,572,54,288.14285714285717,103760.70487801782,27.15829748893913,-0.04585179366354937,68.31034489959183,5.757015316031669,0.050480959720636785,37.95613584032974,4.154647210801257
152,0,40,20,Median,40,[   0   54  372  528  776  994 1159 1546 1812 2017],9,387,54,224.11111111111111,55901.74203021281,21.73946562215446,-0.048960459975191994,55.626363655526355,6.971710470376415,0.04072399473955679,20.985562841720277,5.612942077437005
153,0,40,20,Mode,40,[   0   54  348  567  843  995 1174 1746 2017],8,572,54,252.125,72251.94408597583,24.415711122477862,-0.04296091576536887,66.79021976471893,5.8932202278334875,0.04638895122283423,27.361466640384034,4.329653202887026
154,0,40,20,Median,40,[   0   54  372  528  776  994 1125 1480 1771 2017],9,355,54,224.11111111111111,53218.306822354425,21.485809419737315,-0.04902192689248319,54.768486801236286,6.817966989996934,0.03914441647026542,19.793875055983104,5.707277591534625
155,0,40,20,Mode,40,[   0   54  348  567  843  995 1174 1544 1746 2017],9,370,54,224.11111111111111,63565.18432172417,22.86528336491869,-0.046702771446656466,59.63975085393702,6.4438093324689065,0.04245869891789928,24.073725707716935,4.900129414964939
156,0,40,20,Median,40,[   0   54  372  528  776  994 1117 1293 1795 2017],9,502,54,224.11111111111111,54106.48543985469,22.63434474217253,-0.04743667425453535,56.03395499840474,5.882338794753757,0.04191094372927564,20.182474229796068,5.057584961206148
157,0,40,20,Mode,40,[   0   54  348  567  843  995 1174 1270 1746 2017],9,476,54,224.11111111111111,58065.93774298973,23.440572127609393,-0.0490148696776271,59.54095977698001,6.270027806011045,0.038108424418830146,21.694875411490138,4.6741758781315115
158,0,40,20,Median,40,[   0   54  372  528  726  843  995 1125 1293 1795 2017],10,502,54,201.7,48534.49491114044,23.12376666334449,-0.04665213693198835,54.16262658828518,5.749336082362993,0.04071241314260445,18.37175090770782,4.627190847709136
159,0,40,20,Mode,40,[   0   54  348  567  776  843  995 1174 1270 1746 2017],10,476,54,201.7,63536.921319901165,27.104508000903607,-0.05160286147661914,55.45736613782729,7.894610236731323,0.04439313932991689,23.46357252929583,4.235892492443898
160,0,40,20,Median,40,[   0   54  197  372  521  726  843  995 1125 1293 1795 2017],11,502,54,183.36363636363637,40209.99787892284,21.352085630267986,-0.04957667874130353,49.7600589496277,6.100935704051462,0.03519169258528916,15.079322671196547,4.933196650891098
161,0,40,20,Mode,40,[   0   54  197  348  567  776  843  995 1174 1270 1746 2017],11,476,54,183.36363636363637,52451.281666598225,25.14558071685065,-0.05382912290913264,50.41028736453797,8.13120916854583,0.03866894581832098,19.061101661604724,4.592468701384685
162,0,40,20,Median,40,[   0   54  197  357  498  567  737  852  995 1125 1293 1795 2017],12,502,54,168.08333333333334,31012.084088265776,20.253875856956597,-0.049230035996022395,46.26181579181109,6.287493967293038,0.030757634820925986,11.846235741763536,5.107874554935965
163,0,40,20,Mode,40,[   0   54  197  348  498  567  776  843  995 1174 1270 1746 2017],12,476,54,168.08333333333334,36923.05236158111,23.286239584717567,-0.05382121188409649,46.65026166432232,7.976879364401449,0.03213548656066439,13.713961517362998,4.798792233957163
164,0,40,20,Median,40,[   0   54  197  350  498  567  722  811  915  995 1125 1293 1795 2017],13,502,54,155.15384615384616,31072.02481725345,21.272417163756582,-0.049207198705128,43.38271249676514,6.263147739799617,0.035125297505466384,11.72811644431919,5.036839493572807
165,0,40,20,Mode,40,"[   0   54  197  348  498  567  722  843  920  995 1174 1270 1646 1746
 2017]",14,376,54,144.07142857142858,26345.970413090414,20.484711001221026,-0.05609017880014675,40.04843919897194,7.077923618452874,0.029061109515127637,9.935500957029914,5.23408726056546
166,0,40,20,Median,40,"[   0   54  197  357  498  567  726  843  915  995 1109 1174 1321 1795
 2017]",14,474,54,144.07142857142858,23601.065400111813,20.057472479199987,-0.05320395420411209,41.30541389472368,6.427042533467989,0.029070346396083517,9.122969057522134,5.096010675699775
167,0,40,20,Mode,40,"[   0   54  197  348  498  567  776  843  920  995 1125 1174 1270 1646
 1746 2017]",15,376,49,134.46666666666667,25124.587222717877,21.849923625961075,-0.058958252239273014,38.4209207605307,7.839581343178818,0.03086479989404865,9.63392427264244,4.9114781906489355
168,0,45,10,Median,40,[   0  528 2017],2,1489,528,1008.5,719656.8146046293,42.96861546376172,0.10631101100863057,256.54682653645256,2.325213765523941,0.10631101100863057,256.54682653645256,2.325213765523941
169,0,45,10,Mode,40,[   0   54 1746 2017],3,1692,54,672.3333333333334,118211.71046215273,36.97131598461124,-0.06779338911807821,39.68430108727833,4.573651048611032,0.029874141103689092,37.76498026099932,3.8395319070540275
170,0,45,10,Median,40,[   0  490  995 2017],3,1022,490,672.3333333333334,395092.40214368823,34.48167670651955,0.02817598342515797,150.62461299120022,5.228532054891213,0.09949930294391987,136.61055317689548,4.292128976374789
171,0,45,10,Mode,40,[   0   54 1125 1746 2017],4,1071,54,504.25,78120.17414478556,26.625594939576896,-0.07443728731847828,29.662629861813066,8.249995394003244,0.01822280418779947,24.18623140398398,6.8701120946680225
172,0,45,10,Median,40,[   0  197  567 1117 1795 2017],5,678,197,403.4,215089.71043893107,29.832846910670828,-0.024264068830880264,99.41193229739797,4.445941968708363,0.06070896626091669,75.6234005707454,3.674145513449756
173,0,45,10,Mode,40,[   0  567 1125 2017],3,892,558,672.3333333333334,521841.5579834932,39.52984551744514,0.028904520269599814,166.00592727238177,3.725908149380483,0.1136847933666495,180.7771315502762,3.021178146546009
174,0,45,10,Median,40,[   0   54  507  811 1125 1795 2017],6,670,54,336.1666666666667,145056.09022395298,27.99676879735214,-0.039750101956465965,80.86924522409731,4.939013696902703,0.05448252197450124,53.81517651474422,4.036901735489834
175,0,45,10,Mode,40,[   0   54  567  722 1125 1746 2017],6,621,54,336.1666666666667,114547.1620388034,28.022618953748292,-0.03976774600463005,78.09148686934765,4.9471138163558495,0.05259995548815285,42.15679513295887,4.10148714002959
176,0,45,10,Median,40,[   0   54  507  811 1125 1746 2017],6,621,54,336.1666666666667,137408.09668112276,27.031803711545102,-0.03938364022857697,79.72562672909663,5.307443370514584,0.05045215701218936,50.633889523130634,4.311431756292092
177,0,45,10,Mode,40,[   0   54  567  722 1125 1746 2017],6,621,54,336.1666666666667,114547.1620388034,28.022618953748292,-0.03976774600463005,78.09148686934765,4.9471138163558495,0.05259995548815285,42.15679513295887,4.10148714002959
178,0,45,10,Median,40,[   0   54  364  518  811 1125 1746 2017],7,621,54,288.14285714285717,84254.09835660398,24.609066694556727,-0.03901328402232253,72.56150574480203,5.357357530626997,0.04615026012958867,31.50909275456168,4.423498134769782
179,0,45,10,Mode,40,[   0   54  348  567  722 1125 1746 2017],7,621,54,288.14285714285717,85023.72753396611,24.441865695941004,-0.037218213623969966,74.53671759806079,5.228458730989773,0.04558263562837237,32.14499128352483,4.308226129567944
180,0,45,10,Median,40,[   0   54  364  520  811 1125 1416 1761 2017],8,345,54,252.125,64503.21978744528,22.12444771885625,-0.04431364547502707,63.30527110654594,6.436245357399308,0.037530263176178844,23.710883746105242,5.339908601339276
181,0,45,10,Mode,40,[   0   54  348  567  722 1125 1416 1746 2017],8,403,54,252.125,64066.72776123613,21.90454574486918,-0.0417764054689189,64.85666497821123,6.4238332138592105,0.03715114292470855,23.88774747998818,5.3322826896047415
182,0,45,10,Median,40,[   0   54  364  517  722  888 1125 1416 1761 2017],9,345,54,224.11111111111111,59884.07097059718,22.591624463166134,-0.04372997079424315,58.985386405803084,6.154272281737525,0.039698404857660824,22.186847775115364,5.153967122460296
183,0,45,10,Mode,40,[   0   54  348  567  722  843 1125 1416 1746 2017],9,330,54,224.11111111111111,65148.22895829353,23.187192615152675,-0.04187631601317332,59.632539483796755,6.349215685461216,0.040850052919929714,24.207720234619856,5.049416881937564
184,0,45,10,Median,40,[   0   54  197  364  517  723  915 1125 1416 1761 2017],10,345,54,201.7,50975.71220512906,21.020388410687506,-0.04687875535827545,53.43710547417078,6.536654314113025,0.03566594987979291,18.626925251052885,5.398038801269311
185,0,45,10,Mode,40,[   0   54  197  348  567  722  843 1125 1416 1746 2017],10,330,54,201.7,52651.81738369111,21.44586400906616,-0.045079198107611726,53.551971342345226,6.764013965584185,0.03488351417482173,19.23340285881595,5.355221070816921
186,0,45,10,Median,40,[   0   54  197  364  517  723  915 1125 1326 1646 1771 2017],11,320,54,183.36363636363637,47965.39727816483,21.27539490934385,-0.050230276654087136,49.19579705011817,6.575354321776249,0.033751403855328266,17.62857259437282,5.1432298971389585
187,0,45,10,Mode,40,[   0   54  197  348  567  722  843 1125 1416 1746 2017],10,330,54,201.7,52651.81738369111,21.44586400906616,-0.045079198107611726,53.551971342345226,6.764013965584185,0.03488351417482173,19.23340285881595,5.355221070816921
188,0,45,10,Median,40,[   0   54  197  364  517  722  920 1116 1200 1521 1761 2017],11,321,54,183.36363636363637,39462.537259586024,20.794416124096408,-0.04825954366617423,49.58231301130922,6.773611949491578,0.03277207545301409,14.43667088744127,5.587573458524906
189,0,45,10,Mode,40,[   0   54  197  348  567  722  843  920 1125 1200 1416 1746 2017],12,330,54,168.08333333333334,34047.46448025572,20.038401124346244,-0.05342046101548984,45.18580231006382,7.471725502538482,0.028536602422185295,12.546508003904897,5.9223297322843855
190,0,45,10,Median,40,[   0   54  197  357  499  567  722  838  920 1125 1326 1646 1771 2017],13,320,54,155.15384615384616,32533.484342354455,19.493879652187537,-0.05538448798810266,42.20481388048678,6.905945234342231,0.025777311305109702,12.213164340622948,5.47501750621727
191,0,45,10,Mode,40,[   0   54  197  348  507  567  722  843  920 1125 1416 1746 2017],12,330,54,168.08333333333334,33187.50230979507,19.027402471822906,-0.05248774354295615,45.095087257193335,7.099082470075126,0.025818857113917758,12.402396685010093,5.803589734901435
192,0,45,10,Median,40,"[   0   54  197  357  499  567  722  838  920 1116 1200 1416 1646 1771
 2017]",14,246,54,144.07142857142858,24455.775354749516,18.824231231722504,-0.05682752134559332,39.53317177076633,7.339150536179088,0.023243725092386973,9.222627707694517,5.901212930595762
193,0,45,10,Mode,40,"[   0   54  197  348  507  567  722  843  920 1125 1200 1416 1646 1746
 2017]",14,271,54,144.07142857142858,22883.36866583501,18.548807544866964,-0.05581642318561742,39.1464813642276,7.613100760662456,0.02263155453812231,8.625450579312718,6.0472033983500575
194,0,45,10,Median,40,"[   0   54  197  357  499  567  722  838  920 1116 1200 1389 1746 1812
 2017]",14,357,54,144.07142857142858,29464.946043771928,21.407063039081052,-0.07556716913286297,41.61894083098611,6.630314570455821,0.02556588743011232,11.643836095880873,5.14215822322976
195,0,45,10,Mode,40,"[   0   54  197  348  507  567  722  843  920 1125 1200 1416 1646 1746
 1812 2017]",15,230,54,134.46666666666667,26231.090838531432,20.420169041818536,-0.07659065010805,38.59262767110173,7.1596580324119445,0.02699614254319953,10.495037286971296,5.597286061149453
196,0,45,15,Median,40,[   0  567 1561 2017],3,994,456,672.3333333333334,389878.30953565665,30.101950800832938,0.011484960253311841,140.25708372217954,4.938655064877587,0.05751186798709875,135.4129331455811,4.2182366828514954
197,0,45,15,Mode,40,[   0   54 1746 2017],3,1692,54,672.3333333333334,118211.71046215273,36.97131598461124,-0.06779338911807821,39.68430108727833,4.573651048611032,0.029874141103689092,37.76498026099932,3.8395319070540275
198,0,45,15,Median,40,[   0  461 2017],2,1556,461,1008.5,719856.1744368838,44.99047279844687,0.10193651889501251,256.62694651520746,2.1820503474520954,0.10193651889501251,256.62694651520746,2.1820503474520954
199,0,45,15,Mode,40,[   0   54  995 1746 2017],4,941,54,504.25,85967.06319741464,26.987719277865164,-0.06904094262239426,34.36204812873234,6.165911225136777,0.01675668516151228,27.005598294193288,5.465415354284481
200,0,45,15,Median,40,[   0  197  570 1109 1795 2017],5,686,197,403.4,214625.28897190464,29.89653795089995,-0.0244899318164372,98.7961146404824,4.441442955922035,0.060766628802655334,75.37659531507967,3.6645969115097357
201,0,45,15,Mode,40,[   0   54  843  995 1746 2017],5,789,54,403.4,153714.82901193167,36.02866030127253,-0.06181248844989815,56.03050290859898,4.592518216923959,0.06414226293361046,50.7555109874734,3.4063034629930478
202,0,45,15,Median,40,[   0   54  499  782 1116 1795 2017],6,679,54,336.1666666666667,138856.04678202057,27.10513420707643,-0.040249938739177205,79.0915400160112,5.422144923905596,0.0533878531511497,51.518590346070276,4.395602304048145
203,0,45,15,Mode,40,[   0   54  498  843  995 1746 2017],6,751,54,336.1666666666667,135029.5229239363,29.632785337844428,-0.04412059839714087,75.44984696838448,6.177766815565657,0.056374785392194336,49.01933725603883,3.725629870476857
204,0,45,15,Median,40,[   0   54  499  782 1116 1746 2017],6,630,54,336.1666666666667,131762.71934464443,26.168846253074243,-0.03977916309170805,78.00725720433805,5.794571451320949,0.049574173344268495,48.598215675468424,4.664488973312463
205,0,45,15,Mode,40,[   0   54  498  843  995 1746 2017],6,751,54,336.1666666666667,135029.5229239363,29.632785337844428,-0.04412059839714087,75.44984696838448,6.177766815565657,0.056374785392194336,49.01933725603883,3.725629870476857
206,0,45,15,Median,40,[   0  498 1159 2017],3,858,498,672.3333333333334,527187.7708141484,38.818682018857075,0.028796854082936568,173.80837082854896,3.8728387384452154,0.1066827451073567,182.8748494001994,3.193581322394219
207,0,45,15,Mode,40,[   0   54  498  843 1125 1746 2017],6,621,54,336.1666666666667,151452.65960298758,28.727691492403146,-0.03808903841868098,83.37693476238884,5.239933834212624,0.05502720826159271,55.81246603435361,3.879872451393676
208,0,45,15,Median,40,[   0   54  498  776 1125 1515 2017],6,502,54,336.1666666666667,127696.99226867323,26.13665342074372,-0.03690650994006109,78.32926241700223,5.942298106314937,0.04789663231510076,46.74807286458879,4.732203650384308
209,0,45,15,Mode,40,[   0   54  498  843 1125 1746 2017],6,621,54,336.1666666666667,151452.65960298758,28.727691492403146,-0.03808903841868098,83.37693476238884,5.239933834212624,0.05502720826159271,55.81246603435361,3.879872451393676
210,0,45,15,Median,40,[   0   54  370  520  776  994 1128 1561 1795 2017],9,433,54,224.11111111111111,53946.24896892898,21.657471318451954,-0.04889628193528143,55.29990057576111,6.88239755520478,0.03994119945717842,20.223900349998672,5.670178226991251
211,0,45,15,Mode,40,[   0   54  348  498  843  995 1125 1746 2017],8,621,54,252.125,65392.40293737177,24.438975662748074,-0.045886802182634315,65.86803602373665,5.7638411057856125,0.045838772581213647,24.614012248162094,4.395782035298708
212,0,45,15,Median,40,[   0   54  370  520  776  994 1125 1305 1795 2017],9,490,54,224.11111111111111,53218.8224139134,22.313430943074287,-0.04741298173072251,56.280682974147844,6.047459177910696,0.04001070470697891,19.84512616507539,5.174856931838949
213,0,45,15,Mode,40,[   0   54  348  498  843  995 1125 1270 1746 2017],9,476,54,224.11111111111111,54250.317369461576,23.090001187235508,-0.048638325534278874,59.45140871869101,6.0921314041023455,0.04077331075219552,20.224896985924705,4.796173504407465
214,0,45,15,Median,40,[   0   54  370  520  723  843  995 1125 1213 1795 2017],10,582,54,201.7,46963.87839369979,23.763334098958953,-0.04728477979131358,54.72507893798878,5.565647042814309,0.04004258702840799,17.7921589299889,4.416858508451571
215,0,45,15,Mode,40,[   0   54  348  498  722  843  995 1125 1200 1746 2017],10,546,54,201.7,42953.23636995856,22.892772952440353,-0.04729604976196659,54.40020600815672,5.816238260948024,0.03748435370424156,16.255680809498607,4.655126603895801
216,0,45,15,Median,40,[   0   54  197  370  520  723  843  995 1125 1213 1795 2017],11,582,54,183.36363636363637,39235.798441131716,21.93527591725999,-0.05029243449601604,49.99124799467053,5.988558539661482,0.03495274299839674,14.721754639082087,4.74262845374263
217,0,45,15,Mode,40,[   0   54  197  348  498  722  843  995 1125 1200 1746 2017],11,546,54,183.36363636363637,35865.1094629898,21.306210687566246,-0.05024187144497922,49.45534560854354,6.264555655606201,0.03252267980793029,13.382034163553877,4.987245458710912
218,0,45,15,Median,40,[   0   54  197  364  498  567  723  843  995 1125 1305 1795 2017],12,490,54,168.08333333333334,31009.47796495089,20.287779755625035,-0.04931600662740786,46.15575241917027,6.222111817129863,0.03092632425412597,11.837422162192228,5.067999003035418
219,0,45,15,Mode,40,[   0   54  197  348  498  567  722  843  995 1125 1270 1646 1746 2017],13,376,54,155.15384615384616,27840.154927144467,19.65336169199455,-0.05202099609755683,42.496089362195654,7.058973473277887,0.028147992345335316,10.587356620308785,5.426088965750115
220,0,45,15,Median,40,[   0   54  197  350  498  567  723  843  995 1116 1180 1321 1795 2017],13,474,54,155.15384615384616,25627.94381355542,19.757848257424282,-0.05103716061915517,43.615510101311244,6.5193863221461505,0.028619461086631996,9.809958166933376,5.26265595784961
221,0,45,15,Mode,40,"[   0   54  197  348  498  567  722  843  995 1125 1200 1270 1646 1746
 2017]",14,376,54,144.07142857142858,22825.49874884068,18.93815316973885,-0.05317563117409902,39.54329072932961,7.144942120656291,0.02525924636578664,8.642532722354206,5.592409750729658
222,0,45,15,Median,40,"[   0   54  197  364  498  567  723  843  995 1116 1180 1321 1561 1746
 1812 2017]",15,240,54,134.46666666666667,27449.83232117991,21.221306549486247,-0.07503898425965816,39.165661623429656,6.696622075835333,0.029802650031677032,11.039911637161245,5.1766488651012965
223,0,45,15,Mode,40,"[   0   54  197  348  498  567  722  843  995 1125 1200 1270 1646 1746
 1812 2017]",15,376,54,134.46666666666667,26177.354487036697,20.78170426491386,-0.0754292726416498,38.970262186583646,6.743821713740976,0.029436142097459272,10.51089927693839,5.174977674073368
224,0,45,20,Median,40,[   0  615 1544 2017],3,929,473,672.3333333333334,330790.78517983836,27.685960298473333,0.007591878286771482,118.96768028252399,5.192030419937114,0.05111158931478833,112.36405962294086,4.484724357611454
225,0,45,20,Mode,40,[   0  995 1746 2017],3,995,271,672.3333333333334,72048.60296386351,15.174146060801842,-0.02794750543892645,27.178137564601442,6.790054653457573,0.01040279229392876,24.32154520121674,6.668045403174579
226,0,45,20,Median,40,[   0  461 2017],2,1556,461,1008.5,719856.1744368838,44.99047279844687,0.10193651889501251,256.62694651520746,2.1820503474520954,0.10193651889501251,256.62694651520746,2.1820503474520954
227,0,45,20,Mode,40,[   0   54  995 1746 2017],4,941,54,504.25,85967.06319741464,26.987719277865164,-0.06904094262239426,34.36204812873234,6.165911225136777,0.01675668516151228,27.005598294193288,5.465415354284481
228,0,45,20,Median,40,[   0  201  661 1098 1795 2017],5,697,201,403.4,183265.27446022924,29.097645656306902,-0.029804606293847142,81.41047714706365,4.760190570425654,0.052573285713449755,62.74506152395653,3.76220751504595
229,0,45,20,Mode,40,[   0   54  843  995 1746 2017],5,789,54,403.4,153714.82901193167,36.02866030127253,-0.06181248844989815,56.03050290859898,4.592518216923959,0.06414226293361046,50.7555109874734,3.4063034629930478
230,0,45,20,Median,40,[   0   66  499  782 1109 1795 2017],6,686,66,336.1666666666667,137092.13368215505,26.536458855493386,-0.03942249121590147,78.689291200023,5.513319315493818,0.05288736755198277,50.714475211752,4.453036715769872
231,0,45,20,Mode,40,[   0   54  498  843  995 1746 2017],6,751,54,336.1666666666667,135029.5229239363,29.632785337844428,-0.04412059839714087,75.44984696838448,6.177766815565657,0.056374785392194336,49.01933725603883,3.725629870476857
232,0,45,20,Median,40,[   0   66  499  782 1098 1375 1812 2017],7,437,66,288.14285714285717,102855.18471267367,23.81441670046335,-0.046702418374867376,66.91220286026694,5.99813447002858,0.043819512729205125,38.07401941689314,4.887559924126266
233,0,45,20,Mode,40,[   0   54  498  843  995 1270 2017],6,747,54,336.1666666666667,131893.66908534785,29.838496501671774,-0.029047996634940235,79.5758673657394,6.515149802417478,0.059151573496720754,47.7293599927131,3.5178142480654757
234,0,45,20,Median,40,[   0  498 1162 2017],3,855,498,672.3333333333334,528498.1582784591,38.844430746846704,0.02877836992224641,174.06729065960243,3.8642619353402132,0.10669452131689729,183.55512661370076,3.185582878084255
235,0,45,20,Mode,40,[   0   54  498  843 1125 1746 2017],6,621,54,336.1666666666667,151452.65960298758,28.727691492403146,-0.03808903841868098,83.37693476238884,5.239933834212624,0.05502720826159271,55.81246603435361,3.879872451393676
236,0,45,20,Median,40,[   0   66  498  776 1125 1503 2017],6,514,66,336.1666666666667,127856.31503870555,25.79828051618559,-0.03537200632879196,78.69801843405273,5.934960463482477,0.04801526024519927,46.75528883523285,4.71607108292253
237,0,45,20,Mode,40,[   0   54  498  843 1125 1561 2017],6,456,54,336.1666666666667,149933.99561689346,28.84650739222348,-0.036424083732628926,83.57464179460152,5.234341319290894,0.05491427088271139,55.00146002807556,3.9398450251288346
238,0,45,20,Median,40,[   0   66  372  528  776  994 1125 1503 1771 2017],9,378,66,224.11111111111111,52562.19278688999,20.943550607999224,-0.04797507090174152,54.47714457767571,7.141805941135674,0.0386487652440734,19.47867772381936,5.8871076110000224
239,0,45,20,Mode,40,[   0   54  348  498  843  995 1125 1561 1746 2017],9,436,54,224.11111111111111,56038.28180086713,22.523565083060944,-0.04907946990500233,58.57535851189381,6.392084296913445,0.04142154830191255,21.04534417887851,5.115368949719713
240,0,45,20,Median,40,[   0   66  372  528  776  994 1125 1289 1795 2017],9,506,66,224.11111111111111,52843.29875301823,22.03792493125261,-0.046441993780899166,55.78957652171885,6.097609921178085,0.04066180860244655,19.597972800860763,5.1834690780189785
241,0,45,20,Mode,40,[   0   54  348  498  843  995 1125 1270 1746 2017],9,476,54,224.11111111111111,54250.317369461576,23.090001187235508,-0.048638325534278874,59.45140871869101,6.0921314041023455,0.04077331075219552,20.224896985924705,4.796173504407465
242,0,45,20,Median,40,[   0   66  372  520  726  843  995 1125 1289 1795 2017],10,506,66,201.7,47449.82615547034,22.718476410551627,-0.04551505861888052,54.44795344018786,5.8649443715736025,0.03981056782839764,17.89239336200839,4.708934914453668
243,0,45,20,Mode,40,[   0   54  348  498  776  843  995 1125 1270 1746 2017],10,476,54,201.7,55486.05665878696,25.751553092971736,-0.05487505348824002,54.78873892411591,6.298203000088735,0.04124188279864141,20.557953388950704,4.474261169321371
244,0,45,20,Median,40,[   0   54  197  372  520  726  843  995 1125 1289 1795 2017],11,506,54,183.36363636363637,40438.36205376727,21.421751903988245,-0.0493634449245889,49.97212783050369,6.077142026475941,0.03530356697402538,15.179336962830087,4.913353089586922
245,0,45,20,Mode,40,[   0   54  197  348  498  776  843  995 1125 1270 1746 2017],11,476,54,183.36363636363637,47144.64772293536,23.879112814044497,-0.057041115879204136,49.80630894191671,6.679929862507115,0.03590445599289016,17.254079485060764,4.824466567593925
246,0,45,20,Median,40,[   0   54  197  364  498  567  726  843  995 1125 1289 1795 2017],12,506,54,168.08333333333334,30935.358954039588,20.353775952836063,-0.0490697670962128,46.26513732123158,6.131989649539157,0.03128442355867438,11.821964543643459,5.032543645038834
247,0,45,20,Mode,40,[   0   54  197  348  498  567  776  843  995 1125 1270 1746 2017],12,476,54,168.08333333333334,36755.435655894,22.913082821702613,-0.05567620208582994,46.74428817472529,7.13680297260364,0.03360563560115678,13.758766614174071,4.911671551362564
248,0,45,20,Median,40,[   0   54  197  364  498  567  726  843  994 1109 1200 1339 1795 2017],13,456,54,155.15384615384616,26079.22895254001,19.634811016440715,-0.050764954502080316,43.17124550421087,6.711800652511873,0.02935220470657326,9.92320972797973,5.388653602637649
249,0,45,20,Mode,40,"[   0   54  197  348  498  567  776  843  995 1125 1174 1326 1646 1746
 2017]",14,320,49,144.07142857142858,28819.241629516993,21.665199445185046,-0.056277836797971124,40.530754508035315,7.937477018613303,0.029825019405555146,10.842905102565584,5.10940881018254
250,0,45,20,Median,40,"[   0   54  197  364  498  567  726  843  995 1109 1174 1289 1546 1746
 1812 2017]",15,257,54,134.46666666666667,27162.4138853339,21.178647991520883,-0.07535851054920492,39.39442083899405,6.587652643086682,0.02927242282772007,10.999186645874738,5.076369008042385
251,0,45,20,Mode,40,"[   0   54  197  348  498  567  776  843  995 1125 1174 1270 1561 1746
 1812 2017]",15,291,49,134.46666666666667,32375.511374974365,23.503789401810543,-0.07452498045253678,39.98260143128361,7.522233577398935,0.032299230292095006,12.791194543100833,4.751744162893155
252,0,50,10,Median,40,[   0  528 1561 2017],3,1033,456,672.3333333333334,399168.1705278577,30.632675328699634,0.012096193447948045,144.57234719096607,4.976254946858255,0.059009537872907636,139.20375395728996,4.238735657215573
253,0,50,10,Mode,40,[   0   54 1746 2017],3,1692,54,672.3333333333334,118211.71046215273,36.97131598461124,-0.06779338911807821,39.68430108727833,4.573651048611032,0.029874141103689092,37.76498026099932,3.8395319070540275
254,0,50,10,Median,40,[   0  498  995 2017],3,1022,497,672.3333333333334,400306.31378905143,34.801802427694895,0.028486534983338512,152.1777525270492,5.124659390407756,0.1007783582890184,138.79613424601777,4.204720001892295
255,0,50,10,Mode,40,[   0   54 1125 1746 2017],4,1071,54,504.25,78120.17414478556,26.625594939576896,-0.07443728731847828,29.662629861813066,8.249995394003244,0.01822280418779947,24.18623140398398,6.8701120946680225
256,0,50,10,Median,40,[   0  197  567 1117 1795 2017],5,678,197,403.4,215089.71043893107,29.832846910670828,-0.024264068830880264,99.41193229739797,4.445941968708363,0.06070896626091669,75.6234005707454,3.674145513449756
257,0,50,10,Mode,40,[   0  567 1125 2017],3,892,558,672.3333333333334,521841.5579834932,39.52984551744514,0.028904520269599814,166.00592727238177,3.725908149380483,0.1136847933666495,180.7771315502762,3.021178146546009
258,0,50,10,Median,40,[   0   54  507  811 1125 1795 2017],6,670,54,336.1666666666667,145056.09022395298,27.99676879735214,-0.039750101956465965,80.86924522409731,4.939013696902703,0.05448252197450124,53.81517651474422,4.036901735489834
259,0,50,10,Mode,40,[   0   54  567  920 1125 1746 2017],6,621,54,336.1666666666667,155795.09219924666,29.83072229776788,-0.04185237636961826,79.08725092463685,4.951656650964812,0.05960893482487807,56.93337669695645,3.884567543138864
260,0,50,10,Median,40,[   0   54  507  811 1125 1746 2017],6,621,54,336.1666666666667,137408.09668112276,27.031803711545102,-0.03938364022857697,79.72562672909663,5.307443370514584,0.05045215701218936,50.633889523130634,4.311431756292092
261,0,50,10,Mode,40,[   0   54  567  920 1125 1746 2017],6,621,54,336.1666666666667,155795.09219924666,29.83072229776788,-0.04185237636961826,79.08725092463685,4.951656650964812,0.05960893482487807,56.93337669695645,3.884567543138864
262,0,50,10,Median,40,[   0   54  507  722  903 1125 1746 2017],7,621,54,288.14285714285717,109186.2495880834,27.01444364829591,-0.039955162191035294,71.01245546873693,5.1200064263121465,0.05292061777375967,40.92954560582428,4.256593606642308
263,0,50,10,Mode,40,[   0   54  567  722  920 1125 1746 2017],7,621,54,288.14285714285717,105778.53653159564,28.435256423534764,-0.04184100379601975,68.44989363732856,5.000194416681729,0.05851156300284169,39.229696032973706,4.0791042859253155
264,0,50,10,Median,40,[   0   54  364  517  722  903 1125 1746 2017],8,621,54,252.125,76004.425114224,24.8136312494824,-0.0394977660261783,66.21944762147454,5.124214660733101,0.04801869922519201,28.784845253248744,4.352555887155597
265,0,50,10,Mode,40,[   0   54  348  567  722  920 1125 1746 2017],8,621,54,252.125,81725.39631419336,25.30709113544473,-0.03931337860836095,66.91556428164968,5.239736141945677,0.051652202049502875,31.066306890599556,4.2595066846873735
266,0,50,10,Median,40,[   0   54  364  517  722  903 1125 1403 1761 2017],9,358,54,224.11111111111111,59113.664124010014,22.653713020539904,-0.04397418037859964,59.05440302883547,6.030743473241648,0.04016834809792942,21.902257583271478,5.066115372409541
267,0,50,10,Mode,40,[   0   54  348  567  722  920 1125 1416 1746 2017],9,330,54,224.11111111111111,64573.99495142574,22.9227487522138,-0.043643831932541864,59.41172951432159,6.301038192167854,0.042934733908609204,24.002472317848664,5.164959087613111
268,0,50,10,Median,40,[   0   54  197  364  517  722  915 1125 1416 1761 2017],10,345,54,201.7,51082.6805381298,21.041351715441643,-0.04685076514781372,53.42383547498594,6.533165407296257,0.035775041136364524,18.66042868098663,5.3957356751082415
269,0,50,10,Mode,40,[   0   54  197  348  567  722  920 1125 1416 1746 2017],10,330,54,201.7,52141.38715536418,21.210802797564934,-0.046844279474833474,53.35498028122897,6.720654221620158,0.03673656394253683,19.050960266130453,5.45792525363963
270,0,50,10,Median,40,[   0   54  197  364  517  722  903 1125 1307 1771 2017],10,464,54,201.7,48233.18130713856,21.33170799039648,-0.04569482240850195,53.64954619980716,6.093374049523328,0.03538637301353701,17.66620946887666,5.122234123468096
271,0,50,10,Mode,40,[   0   54  197  348  567  722  920 1125 1416 1746 2017],10,330,54,201.7,52141.38715536418,21.210802797564934,-0.046844279474833474,53.35498028122897,6.720654221620158,0.03673656394253683,19.050960266130453,5.45792525363963
272,0,50,10,Median,40,[   0   54  197  364  517  722  852 1112 1200 1771 2017],10,571,54,201.7,46814.34979926136,23.12347253098542,-0.04363609876735862,55.20032009249303,5.767214406335592,0.037431098683701425,17.276763834608474,4.576468929180643
273,0,50,10,Mode,40,[   0   54  197  348  567  722  920 1125 1200 1746 2017],10,546,54,201.7,45188.23590105432,22.64571443609615,-0.045799091949036676,54.13764336876701,5.9188787542283325,0.0373989903921949,16.598603407795835,4.7864197062656055
274,0,50,10,Median,40,[   0   54  197  364  517  721  838  920 1116 1200 1375 1771 2017],12,396,54,168.08333333333334,34223.34046730786,20.17072605590245,-0.05312453281205646,45.59742926635839,6.777369680385422,0.029180716918934365,12.654025017452797,5.581048551276144
275,0,50,10,Mode,40,[   0   54  197  348  567  722  843  920 1125 1200 1416 1746 2017],12,330,54,168.08333333333334,34047.46448025572,20.038401124346244,-0.05342046101548984,45.18580231006382,7.471725502538482,0.028536602422185295,12.546508003904897,5.9223297322843855
276,0,50,10,Median,40,"[   0   54  197  357  507  567  722  851 1011 1117 1200 1416 1646 1771
 2017]",14,246,54,144.07142857142858,24519.99556984492,19.09607203937715,-0.054927480663390024,39.85896803735436,7.400493360038164,0.025458665311160925,9.330328474335243,5.744736852252517
277,0,50,10,Mode,40,"[   0   54  197  348  507  567  722  920  995 1125 1200 1416 1646 1746
 2017]",14,271,54,144.07142857142858,25314.909862181223,19.885334939404625,-0.05461217248571057,39.77192162977508,7.206767189473526,0.030935324808183114,9.510908920632776,5.676614167962369
278,0,50,10,Median,40,"[   0   54  197  357  507  567  722  838  920 1116 1200 1416 1646 1746
 1812 2017]",15,230,54,134.46666666666667,27164.860483274264,20.597274691768728,-0.07635483655773768,38.78207029143142,7.00667555997658,0.027642886078095282,10.825755526274268,5.534298149050096
279,0,50,10,Mode,40,"[   0   54  197  348  507  567  722  843  920 1125 1200 1416 1646 1746
 1812 2017]",15,230,54,134.46666666666667,26231.090838531432,20.420169041818536,-0.07659065010805,38.59262767110173,7.1596580324119445,0.02699614254319953,10.495037286971296,5.597286061149453
280,0,50,15,Median,40,[   0  569 2017],2,1448,569,1008.5,695304.5410253998,41.2572301584146,0.10039311033792865,246.80230967385543,2.435167589194844,0.10039311033792865,246.80230967385543,2.435167589194844
281,0,50,15,Mode,40,[   0   54 1746 2017],3,1692,54,672.3333333333334,118211.71046215273,36.97131598461124,-0.06779338911807821,39.68430108727833,4.573651048611032,0.029874141103689092,37.76498026099932,3.8395319070540275
282,0,50,15,Median,40,[   0  490  994 2017],3,1023,490,672.3333333333334,390791.33083847567,34.2413758949165,0.027566085382952014,149.94206319472042,5.3087220610936345,0.0984432849414562,137.73459499435288,4.351581126455994
283,0,50,15,Mode,40,[   0   54  995 1746 2017],4,941,54,504.25,85967.06319741464,26.987719277865164,-0.06904094262239426,34.36204812873234,6.165911225136777,0.01675668516151228,27.005598294193288,5.465415354284481
284,0,50,15,Median,40,[   0  201  584 1109 1795 2017],5,686,201,403.4,205720.54614813288,29.590257058112915,-0.025400944300755603,94.37796873800487,4.498031815654338,0.05852724643327889,71.66504432468312,3.683833151270099
285,0,50,15,Mode,40,[   0   54  843  995 1746 2017],5,789,54,403.4,153714.82901193167,36.02866030127253,-0.06181248844989815,56.03050290859898,4.592518216923959,0.06414226293361046,50.7555109874734,3.4063034629930478
286,0,50,15,Median,40,[   0  162  507  782 1116 1795 2017],6,679,162,336.1666666666667,126491.09856223481,25.793192051177822,-0.029469121830875678,81.88860718332536,5.687676455900074,0.05420075538099241,46.96430142086943,4.587159053729539
287,0,50,15,Mode,40,[   0   54  498  843  995 1746 2017],6,751,54,336.1666666666667,135029.5229239363,29.632785337844428,-0.04412059839714087,75.44984696838448,6.177766815565657,0.056374785392194336,49.01933725603883,3.725629870476857
288,0,50,15,Median,40,[   0  162  499  776  994 1159 1795 2017],7,636,162,288.14285714285717,97475.89194124605,24.294151097008186,-0.032366173345490024,69.57375875313483,5.879133824772267,0.0522797086614186,36.45459306968893,4.95164699510734
289,0,50,15,Mode,40,[   0   54  498  843 1125 1746 2017],6,621,54,336.1666666666667,151452.65960298758,28.727691492403146,-0.03808903841868098,83.37693476238884,5.239933834212624,0.05502720826159271,55.81246603435361,3.879872451393676
290,0,50,15,Median,40,[   0  162  499  776  994 1159 1746 2017],7,587,162,288.14285714285717,92185.64948001162,23.361921750356455,-0.032738160838837196,68.42280718193778,6.315533351433663,0.04839498429555214,34.166968933947025,5.241909329203849
291,0,50,15,Mode,40,[   0   54  498  843 1125 1746 2017],6,621,54,336.1666666666667,151452.65960298758,28.727691492403146,-0.03808903841868098,83.37693476238884,5.239933834212624,0.05502720826159271,55.81246603435361,3.879872451393676
292,0,50,15,Median,40,[   0  162  499  776 1125 1515 2017],6,502,162,336.1666666666667,114798.45720219966,24.745327694871385,-0.026450368729488263,80.83811072737808,6.151775565141661,0.048239174228731994,41.95573170035791,4.893407543800296
293,0,50,15,Mode,40,[   0   54  498  843 1125 1746 2017],6,621,54,336.1666666666667,151452.65960298758,28.727691492403146,-0.03808903841868098,83.37693476238884,5.239933834212624,0.05502720826159271,55.81246603435361,3.879872451393676
294,0,50,15,Median,40,[   0  162  370  520  776  994 1125 1561 1795 2017],9,436,131,224.11111111111111,51552.636766280804,20.713912437168727,-0.04294095695301136,55.78185626780399,7.148083981565975,0.03888118154569156,19.16403559611873,5.841694277433395
295,0,50,15,Mode,40,[   0   54  348  498  843  995 1125 1746 2017],8,621,54,252.125,65392.40293737177,24.438975662748074,-0.045886802182634315,65.86803602373665,5.7638411057856125,0.045838772581213647,24.614012248162094,4.395782035298708
296,0,50,15,Median,40,[   0  162  370  520  776  994 1117 1261 1795 2017],9,534,123,224.11111111111111,50299.53149092177,21.653234457092076,-0.04167921099978942,56.91041021537174,6.116003435334908,0.03924078024050438,18.637052774550856,5.2199968234351
297,0,50,15,Mode,40,[   0   54  348  498  843  995 1125 1200 1746 2017],9,546,54,224.11111111111111,51626.60390565089,23.579147383117387,-0.04903754709883281,59.36241791269239,5.8209592988041665,0.040594618485340586,19.2333018270896,4.549353985014123
298,0,50,15,Median,40,[   0   54  197  370  520  776  994 1125 1289 1795 2017],10,506,54,201.7,44268.43098599237,20.649961290440036,-0.050021423352854984,51.075365893599916,6.32356393268828,0.035084100598727075,16.332059872325914,5.380085124708716
299,0,50,15,Mode,40,[   0   54  197  348  498  843  995 1125 1270 1746 2017],10,476,54,201.7,45119.38958399596,21.30523997795371,-0.05157068239027148,53.39037922245668,6.54960522683688,0.03489490008429923,16.59093224860544,5.149522576367403
300,0,50,15,Median,40,[   0   54  197  370  517  723  843  995 1117 1261 1795 2017],11,534,54,183.36363636363637,40373.191139292496,21.554106300328318,-0.04975635268697643,50.15973799652937,6.133999599268924,0.034918541257293455,15.193168613845335,4.874523288063674
301,0,50,15,Mode,40,[   0   54  197  348  498  776  843  995 1125 1200 1746 2017],11,546,54,183.36363636363637,45045.67695188681,24.27042977075,-0.05754952923758076,49.73386700623822,6.339859041914846,0.03576150217940621,16.46080335799268,4.627010952079251
302,0,50,15,Median,40,[   0   54  197  364  499  567  723  843  995 1125 1289 1603 1795 2017],13,314,54,155.15384615384616,28372.487109921054,19.54525193344198,-0.05228608193898923,42.77765723262249,7.038451500894052,0.028667467451554605,10.809220896403081,5.538060872117968
303,0,50,15,Mode,40,[   0   54  197  348  498  567  776  843  995 1125 1270 1746 2017],12,476,54,168.08333333333334,36755.435655894,22.913082821702613,-0.05567620208582994,46.74428817472529,7.13680297260364,0.03360563560115678,13.758766614174071,4.911671551362564
304,0,50,15,Median,40,"[   0   54  197  357  499  567  723  843  995 1116 1174 1289 1603 1795
 2017]",14,314,54,144.07142857142858,23325.793616452764,18.991450338468802,-0.05323306953901991,40.53437261502582,7.176613307595356,0.026066662549826407,8.946399138764692,5.657486873042396
305,0,50,15,Mode,40,"[   0   54  197  348  498  567  776  843  995 1125 1200 1270 1646 1746
 2017]",14,376,54,144.07142857142858,28553.259022583294,21.310607500970825,-0.05683572110835084,40.110438896191965,8.212679835211441,0.028351739938777317,10.650221856781618,5.299699280716817
306,0,50,15,Median,40,"[   0   54  197  364  499  567  722  826  920  995 1116 1174 1289 1603
 1795 2017]",15,314,54,134.46666666666667,22548.31065603164,19.608645336981542,-0.05403326625367421,37.99393401330847,7.146900926975676,0.028525914785738255,8.553925790691668,5.61352003442584
307,0,50,15,Mode,40,"[   0   54  197  348  498  567  722  843  920  995 1125 1200 1270 1646
 1746 2017]",15,376,54,134.46666666666667,21457.508120710852,19.412561822275112,-0.055712808112525644,37.558056687461274,7.094267521008594,0.02691335216988874,8.130044528959855,5.4449293312358265
308,0,50,20,Median,40,[   0  776 1760 2017],3,984,257,672.3333333333334,178640.33764308586,20.772969549906115,-0.012166343406670332,64.50438161601826,5.74764637188044,0.02406495765128215,59.135730689780104,5.29470822459575
309,0,50,20,Mode,40,[   0  995 1746 2017],3,995,271,672.3333333333334,72048.60296386351,15.174146060801842,-0.02794750543892645,27.178137564601442,6.790054653457573,0.01040279229392876,24.32154520121674,6.668045403174579
310,0,50,20,Median,40,[   0  490  995 2017],3,1022,490,672.3333333333334,395092.40214368823,34.48167670651955,0.02817598342515797,150.62461299120022,5.228532054891213,0.09949930294391987,136.61055317689548,4.292128976374789
311,0,50,20,Mode,40,[   0   54  995 1746 2017],4,941,54,504.25,85967.06319741464,26.987719277865164,-0.06904094262239426,34.36204812873234,6.165911225136777,0.01675668516151228,27.005598294193288,5.465415354284481
312,0,50,20,Median,40,[   0  201  663 1097 1795 2017],5,698,201,403.4,183872.44459820507,29.16150837277654,-0.029615407217380704,81.47956651333318,4.757832781566427,0.05236430673246167,63.16111429709844,3.7533953877440096
313,0,50,20,Mode,40,[   0   54  843  995 1746 2017],5,789,54,403.4,153714.82901193167,36.02866030127253,-0.06181248844989815,56.03050290859898,4.592518216923959,0.06414226293361046,50.7555109874734,3.4063034629930478
314,0,50,20,Median,40,[   0  162  499  780 1109 1795 2017],6,686,162,336.1666666666667,125416.15514615367,25.800262351268714,-0.029991221590168825,81.47170823310637,5.5324464676601535,0.05383872731206041,46.46939199080806,4.499682632600219
315,0,50,20,Mode,40,[   0   54  498  843  995 1746 2017],6,751,54,336.1666666666667,135029.5229239363,29.632785337844428,-0.04412059839714087,75.44984696838448,6.177766815565657,0.056374785392194336,49.01933725603883,3.725629870476857
316,0,50,20,Median,40,[   0  162  499  776  994 1159 1795 2017],7,636,162,288.14285714285717,97475.89194124605,24.294151097008186,-0.032366173345490024,69.57375875313483,5.879133824772267,0.0522797086614186,36.45459306968893,4.95164699510734
317,0,50,20,Mode,40,[   0   54  498  843 1125 1746 2017],6,621,54,336.1666666666667,151452.65960298758,28.727691492403146,-0.03808903841868098,83.37693476238884,5.239933834212624,0.05502720826159271,55.81246603435361,3.879872451393676
318,0,50,20,Median,40,[   0  162  499  726  994 1148 1746 2017],7,598,154,288.14285714285717,87398.67762041591,24.60084428751946,-0.031267765378011236,71.56818400703648,5.743663326627788,0.0512664241420303,32.709376761827535,4.629296679999084
319,0,50,20,Mode,40,[   0   54  498  776 1125 1746 2017],6,621,54,336.1666666666667,130040.80622430405,25.988792853742773,-0.03982514741864941,77.99216511288824,5.860180070832058,0.04888004430946769,47.93615661850269,4.713857866482383
320,0,50,20,Median,40,[   0  162  499  776  994 1125 1332 1771 2017],8,439,131,252.125,77086.26688963811,22.187557700521175,-0.03805005038078342,60.38172753888197,6.677320607295498,0.04202589701229516,28.27715592091908,5.60277649035378
321,0,50,20,Mode,40,[   0   54  498  843 1125 1270 2017],6,747,54,336.1666666666667,133745.84027136298,30.319564200480706,-0.029063606821212826,84.25474183858539,4.83570418970033,0.05617511012095999,48.37525867874229,3.490481616251831
322,0,50,20,Median,40,[   0  162  372  520  776  994 1125 1510 1771 2017],9,385,131,224.11111111111111,49965.97832455633,20.31607417244663,-0.04283117632896263,55.434343036501716,7.219035759658914,0.03741402217025168,18.430109785982253,6.027971152414964
323,0,50,20,Mode,40,[   0   54  348  498  843  995 1125 1561 1746 2017],9,436,54,224.11111111111111,56038.28180086713,22.523565083060944,-0.04907946990500233,58.57535851189381,6.392084296913445,0.04142154830191255,21.04534417887851,5.115368949719713
324,0,50,20,Median,40,[   0  162  372  521  776  994 1117 1278 1795 2017],9,517,123,224.11111111111111,51567.923974471254,21.86087414963143,-0.041019414137799276,56.97504406672497,6.15853387711907,0.04120155690284462,19.066527918112186,5.2193590166412624
325,0,50,20,Mode,40,[   0   54  348  498  843  995 1125 1270 1746 2017],9,476,54,224.11111111111111,54250.317369461576,23.090001187235508,-0.048638325534278874,59.45140871869101,6.0921314041023455,0.04077331075219552,20.224896985924705,4.796173504407465
326,0,50,20,Median,40,[   0  162  370  520  726  843  995 1125 1278 1795 2017],10,517,117,201.7,46416.29964429697,22.451140575000306,-0.04015764216801322,55.11771245385604,5.8879557666612445,0.03990202874158834,17.45645618525798,4.756453888779893
327,0,50,20,Mode,40,[   0   54  348  498  776  843  995 1125 1270 1746 2017],10,476,54,201.7,55486.05665878696,25.751553092971736,-0.05487505348824002,54.78873892411591,6.298203000088735,0.04124188279864141,20.557953388950704,4.474261169321371
328,0,50,20,Median,40,[   0   54  197  372  520  726  843  995 1125 1278 1795 2017],11,517,54,183.36363636363637,40937.64354209565,21.626472820874373,-0.0492732479255268,50.118442180329076,6.0133958586973275,0.03588639954318705,15.384840189887138,4.872839325519421
329,0,50,20,Mode,40,[   0   54  197  348  498  776  843  995 1125 1270 1746 2017],11,476,54,183.36363636363637,47144.64772293536,23.879112814044497,-0.057041115879204136,49.80630894191671,6.679929862507115,0.03590445599289016,17.254079485060764,4.824466567593925
330,0,50,20,Median,40,[   0   54  197  357  499  567  726  843  995 1125 1278 1795 2017],12,517,54,168.08333333333334,31550.372587887963,20.499045483923638,-0.04867055013405845,46.653918078336666,6.216377198465761,0.031780619739451316,12.091545005379968,5.033053354605873
331,0,50,20,Mode,40,[   0   54  197  348  498  567  776  843  995 1125 1270 1746 2017],12,476,54,168.08333333333334,36755.435655894,22.913082821702613,-0.05567620208582994,46.74428817472529,7.13680297260364,0.03360563560115678,13.758766614174071,4.911671551362564
332,0,50,20,Median,40,"[   0   54  197  357  499  567  726  843  995 1125 1278 1561 1746 1812
 2017]",14,283,54,144.07142857142858,32213.655508032807,21.86062490079064,-0.07436567600260116,41.65717257697353,6.583896288579482,0.03189372362266947,12.918253203549341,4.967028235068631
333,0,50,20,Mode,40,[   0   54  197  348  498  567  776  843  995 1125 1270 1746 1812 2017],13,476,54,155.15384615384616,40355.93327862265,25.178179383233857,-0.07485708140326314,45.477509991505514,6.512864685283139,0.03267803333994688,15.741291725585633,4.262694293573762
334,0,50,20,Median,40,"[   0   54  197  357  499  567  726  843  995 1109 1174 1289 1561 1746
 1812 2017]",15,272,54,134.46666666666667,26962.69063970783,21.05669112453115,-0.07503805914268616,39.47763185101386,6.760164638253302,0.029194579129708333,10.908507727311115,5.160274453807468
335,0,50,20,Mode,40,"[   0   54  197  348  498  567  776  843  995 1125 1174 1270 1646 1746
 1812 2017]",15,376,49,134.46666666666667,31234.899739769236,23.302052319201923,-0.07479036526968491,39.84670930529447,7.5058176043231954,0.032803720248464466,12.339218956836826,4.739403271054137
336,40,35,10,Median,40,[   0  521 1403 2017],3,882,521,672.3333333333334,460063.9872686649,34.08080790358752,0.017684573647117088,158.91566469364872,4.326628538495275,0.07628017068456297,159.3340829710618,3.647005321310859
337,40,35,10,Mode,40,[   0  567 2017],2,1450,567,1008.5,696319.0439470807,41.33153693681031,0.10065140397174056,247.20659191922834,2.430045368399549,0.10065140397174056,247.20659191922834,2.430045368399549
338,40,35,10,Median,40,[   0  490  994 2017],3,1023,490,672.3333333333334,390791.33083847567,34.2413758949165,0.027566085382952014,149.94206319472042,5.3087220610936345,0.0984432849414562,137.73459499435288,4.351581126455994
339,40,35,10,Mode,40,[   0  567  722 1746 2017],4,1024,155,504.25,127268.72673479369,27.225785994083278,0.0006943891989800906,96.68710495570498,5.315955432531987,0.06639684912078228,46.230843514237414,4.820727326309939
340,40,35,10,Median,40,[   0  197  567 1125 2017],4,892,197,504.25,267702.6241574032,33.20942021542788,-0.0007120352359876132,125.13343095590817,3.793780971867704,0.0737698567135018,93.32988971626689,3.229248768284395
341,40,35,10,Mode,40,[   0  567 1125 2017],3,892,558,672.3333333333334,521841.5579834932,39.52984551744514,0.028904520269599814,166.00592727238177,3.725908149380483,0.1136847933666495,180.7771315502762,3.021178146546009
342,40,35,10,Median,40,[   0   54  507  811 1128 1761 2017],6,633,54,336.1666666666667,138291.46875458903,27.100629930960718,-0.039931078690656825,79.59646273391371,5.281030249338864,0.05089113275536074,51.01435918499995,4.291246730031792
343,40,35,10,Mode,40,[   0   54  567  722 1125 1746 2017],6,621,54,336.1666666666667,114547.1620388034,28.022618953748292,-0.03976774600463005,78.09148686934765,4.9471138163558495,0.05259995548815285,42.15679513295887,4.10148714002959
344,40,35,10,Median,40,[   0   54  507  811 1125 1761 2017],6,636,54,336.1666666666667,139168.57342094716,27.225639759006775,-0.03981849574248061,79.8488013706855,5.237055240553155,0.051151979412453696,51.34601257121926,4.2578331633580095
345,40,35,10,Mode,40,[   0   54  567  722 1125 1746 2017],6,621,54,336.1666666666667,114547.1620388034,28.022618953748292,-0.03976774600463005,78.09148686934765,4.9471138163558495,0.05259995548815285,42.15679513295887,4.10148714002959
346,40,35,10,Median,40,[   0   54  364  521  811 1125 1416 1761 2017],8,345,54,252.125,64824.08665480022,22.17868233159076,-0.04433123745901668,63.14480277141626,6.422766536789126,0.03793515882891019,23.817163620294203,5.3269191366879225
347,40,35,10,Mode,40,[   0   54  348  567  722 1125 1416 1746 2017],8,403,54,252.125,64066.72776123613,21.90454574486918,-0.0417764054689189,64.85666497821123,6.4238332138592105,0.03715114292470855,23.88774747998818,5.3322826896047415
348,40,35,10,Median,40,[   0   54  364  520  722  888 1125 1416 1761 2017],9,345,54,224.11111111111111,59953.4819417813,22.57232519643916,-0.043847123848577786,58.869290623663524,6.161255771559511,0.03961684483842409,22.222166629735018,5.158003854206291
349,40,35,10,Mode,40,[   0   54  348  567  722  843 1125 1416 1746 2017],9,330,54,224.11111111111111,65148.22895829353,23.187192615152675,-0.04187631601317332,59.632539483796755,6.349215685461216,0.040850052919929714,24.207720234619856,5.049416881937564
350,40,35,10,Median,40,[   0   54  197  364  520  722  843 1125 1416 1761 2017],10,345,54,201.7,50844.26183505382,21.128434460296578,-0.045213350059289156,53.43715483185791,6.565046864370801,0.03348714012817406,18.592509315373906,5.321822355566386
351,40,35,10,Mode,40,[   0   54  197  348  567  722  811 1125 1416 1746 2017],10,330,54,201.7,45601.39285602413,20.331117893139904,-0.047769665091501115,51.83260952725562,7.017213638320117,0.030280344623709717,16.721591124937554,5.617056983731902
352,40,35,10,Median,40,[   0   54  197  364  520  722  843 1111 1200 1468 1761 2017],11,293,54,183.36363636363637,39342.86459297258,20.90715292834264,-0.04616399992877738,49.740690549484626,6.876097968060062,0.03147032135809076,14.434071560537333,5.549683086281232
353,40,35,10,Mode,40,[   0   54  197  348  567  722  811 1125 1416 1746 2017],10,330,54,201.7,45601.39285602413,20.331117893139904,-0.047769665091501115,51.83260952725562,7.017213638320117,0.030280344623709717,16.721591124937554,5.617056983731902
354,40,35,10,Median,40,[   0   54  197  364  520  722  843 1111 1177 1403 1549 1761 2017],12,268,54,168.08333333333334,34566.29562103788,20.48721357884153,-0.05338022856805595,45.95332306453994,6.646954212658325,0.029276328046246827,12.803054028029731,5.371262640889054
355,40,35,10,Mode,40,[   0   54  197  348  567  722  811 1125 1416 1544 1746 2017],11,314,54,183.36363636363637,42234.94110038531,20.04465536901405,-0.05718640100761938,47.54144898445194,6.82038615997256,0.0266015757434672,15.590952961068577,5.465779724376597
356,40,35,10,Median,40,[   0   54  197  364  498  567  722  843 1052 1128 1403 1549 1761 2017],13,275,54,155.15384615384616,25674.893463669196,19.339507288427484,-0.05643217297037135,42.345435547774976,6.938225121154796,0.02735050573519612,9.710368179429596,5.402719346566506
357,40,35,10,Mode,40,[   0   54  197  348  490  567  722  811 1052 1125 1416 1544 1746 2017],13,291,54,155.15384615384616,22500.053950708836,18.40473144669495,-0.05889914734789941,41.0323847406237,7.142911096157343,0.02370691407910697,8.697931149428532,5.68582101776148
358,40,35,10,Median,40,"[   0   54  197  364  498  567  722  843 1111 1200 1416 1549 1746 1812
 2017]",14,268,54,144.07142857142858,33675.31898836932,22.443573049357436,-0.07216696945341251,41.71375338087011,6.422198422757598,0.029914463422100242,13.33473896993372,4.73711028894879
359,40,35,10,Mode,40,[   0   54  197  348  490  567  722  811 1125 1416 1544 1746 1812 2017],13,314,54,155.15384615384616,36283.15280382129,21.68030431612903,-0.07357701438194797,42.8559107198675,6.500005300833915,0.026889997921033106,14.412657296019006,4.870491833808083
360,40,35,10,Median,40,"[   0   54  197  364  498  567  722  825  903 1052 1128 1403 1544 1746
 1812 2017]",15,275,54,134.46666666666667,28384.934798151666,21.707717418742778,-0.07538685064312213,38.714016642062006,6.711541510541495,0.029339563830977626,11.46713247078755,4.826397789774439
361,40,35,10,Mode,40,"[   0   54  197  348  490  567  722  811  903 1052 1125 1416 1544 1746
 1812 2017]",15,291,54,134.46666666666667,29504.26010774681,22.016469012798474,-0.07556641951157456,38.90281139808696,6.705896016125424,0.030494219428544824,11.840750096066218,4.821848307460023
362,40,35,10,Median,40,"[   0   54  197  364  498  567  722  825  903 1045 1112 1177 1403 1544
 1746 1812 2017]",16,226,54,126.0625,25811.419325416773,21.320688245063277,-0.07524212455569544,37.00914278112787,6.644901890373866,0.0282417781247525,10.50287681294278,4.9345328955612215
363,40,35,10,Mode,40,"[   0   54  197  348  490  567  722  811  903 1052 1164 1416 1544 1746
 1812 2017]",15,252,54,134.46666666666667,31537.77578278738,22.090991775854928,-0.07424862008253287,39.19105503659724,7.0380382592687,0.03134526899011188,12.537570888185616,4.884393089713318
364,40,35,15,Median,40,[   0  548 1326 2017],3,778,548,672.3333333333334,442923.0359079397,33.86132082848066,0.02039461288058369,152.65026904499265,4.310720553298514,0.08002769165885074,151.91137594664755,3.6356495510319813
365,40,35,15,Mode,40,[   0   54 1746 2017],3,1692,54,672.3333333333334,118211.71046215273,36.97131598461124,-0.06779338911807821,39.68430108727833,4.573651048611032,0.029874141103689092,37.76498026099932,3.8395319070540275
366,40,35,15,Median,40,[   0  490  994 2017],3,1023,490,672.3333333333334,390791.33083847567,34.2413758949165,0.027566085382952014,149.94206319472042,5.3087220610936345,0.0984432849414562,137.73459499435288,4.351581126455994
367,40,35,15,Mode,40,[   0   54  722 1746 2017],4,1024,54,504.25,163609.60300774642,28.74278834459704,-0.052258925448084345,69.43803962277205,4.670017115292135,0.021098645216726553,55.11093501458175,4.076859946473206
368,40,35,15,Median,40,[   0  197  569 1116 1761 2017],5,645,197,403.4,208048.43008522593,28.983417181154405,-0.02259765396599967,98.41333148485032,4.719771164128117,0.057260048120087254,72.786922065128,3.937472636791685
369,40,35,15,Mode,40,[   0  567 1125 2017],3,892,558,672.3333333333334,521841.5579834932,39.52984551744514,0.028904520269599814,166.00592727238177,3.725908149380483,0.1136847933666495,180.7771315502762,3.021178146546009
370,40,35,15,Median,40,[   0  507 1125 2017],3,892,507,672.3333333333334,525306.6184594315,39.09721724083795,0.029206041823806945,172.40688190474262,3.892494742542326,0.10985014425172365,182.75372198983314,3.190112929373944
371,40,35,15,Mode,40,[   0   54  567  722 1125 1746 2017],6,621,54,336.1666666666667,114547.1620388034,28.022618953748292,-0.03976774600463005,78.09148686934765,4.9471138163558495,0.05259995548815285,42.15679513295887,4.10148714002959
372,40,35,15,Median,40,[   0   54  507  782 1116 1416 1795 2017],7,453,54,288.14285714285717,105200.19138453082,23.96643461348778,-0.04711051405668856,67.575868886218,6.382792740635925,0.04216186370863762,38.65461021152795,5.199239023001017
373,40,35,15,Mode,40,[   0   54  567  722 1125 1746 2017],6,621,54,336.1666666666667,114547.1620388034,28.022618953748292,-0.03976774600463005,78.09148686934765,4.9471138163558495,0.05259995548815285,42.15679513295887,4.10148714002959
374,40,35,15,Median,40,[   0   54  370  548  811 1116 1416 1795 2017],8,379,54,252.125,69098.42316790888,23.006592733210255,-0.045903558709858634,63.27578444632483,5.887281036850467,0.040384636849956,25.56769006787027,4.859252700953255
375,40,35,15,Mode,40,[   0   54  348  567  722 1125 1416 1746 2017],8,403,54,252.125,64066.72776123613,21.90454574486918,-0.0417764054689189,64.85666497821123,6.4238332138592105,0.03715114292470855,23.88774747998818,5.3322826896047415
376,40,35,15,Median,40,[   0   54  370  528  726  903 1125 1416 1795 2017],9,379,54,224.11111111111111,62168.43726330777,23.270826518806405,-0.04491851333101479,58.808234377439256,5.965860971868166,0.0424811818124552,23.146833141950616,4.792824878489054
377,40,35,15,Mode,40,[   0   54  348  567  722  843 1125 1416 1746 2017],9,330,54,224.11111111111111,65148.22895829353,23.187192615152675,-0.04187631601317332,59.632539483796755,6.349215685461216,0.040850052919929714,24.207720234619856,5.049416881937564
378,40,35,15,Median,40,[   0   54  370  528  726  903 1125 1326 1795 2017],9,469,54,224.11111111111111,62314.03485289144,23.862085467072127,-0.04349850134439468,59.37914412588955,5.4808888189497456,0.04367201707052197,23.151917833136356,4.590355513584972
379,40,35,15,Mode,40,[   0   54  348  567  722  843 1125 1416 1544 1746 2017],10,294,54,201.7,59235.856329553775,22.551559285900307,-0.05262728020153719,54.00639178441089,6.203376136754182,0.03558811990896913,22.11966348480074,4.944402160631041
380,40,35,15,Median,40,[   0   54  370  528  726  843  995 1128 1326 1795 2017],10,469,54,201.7,49344.520140638866,23.072083890041146,-0.04714921739476359,53.90926523183671,5.76857868135542,0.04040546504496505,18.667554842083934,4.684979438391414
381,40,35,15,Mode,40,[   0   54  348  567  722  843  995 1125 1416 1544 1746 2017],11,294,54,183.36363636363637,46737.85002448924,21.767874106310163,-0.0579344589679784,49.41385087358873,6.531586037218388,0.03421405719565413,17.736983649354407,5.1062067455608595
382,40,35,15,Median,40,[   0   54  197  370  528  726  843  995 1128 1326 1795 2017],11,469,54,183.36363636363637,40859.64140826621,21.30423377023729,-0.050277308341939206,49.252897390232846,6.1017556830583315,0.03494610628648502,15.301619101135675,4.97755244594637
383,40,35,15,Mode,40,[   0   54  197  348  567  722  843  995 1125 1416 1544 1746 2017],12,291,54,168.08333333333334,38187.18409379674,20.472179656679604,-0.059908654817615294,45.37318861516372,6.862053741341099,0.029935616015499922,14.25533639508444,5.351247457950942
384,40,35,15,Median,40,[   0   54  197  350  498  567  726  843  995 1128 1326 1795 2017],12,469,54,168.08333333333334,31442.29387879595,20.138632448711732,-0.049331763601763716,46.28943045738097,6.351455517691636,0.030578659828625624,12.030284247442653,5.153509836741495
385,40,35,15,Mode,40,[   0   54  197  348  490  567  722  843  995 1125 1416 1544 1746 2017],13,291,54,155.15384615384616,28110.71654491469,19.14213456826992,-0.05972565060082918,42.27696414937455,6.907686724012998,0.025883283241805593,10.695196424148309,5.52125940768975
386,40,35,15,Median,40,"[   0   54  197  357  498  567  726  843  995 1128 1326 1554 1746 1812
 2017]",14,228,54,144.07142857142858,32254.77207807684,21.59897117054768,-0.0745396201080278,41.29788427218986,6.716954655639682,0.030811623874970464,12.920525720160187,5.090604211695283
387,40,35,15,Mode,40,"[   0   54  197  348  490  567  722  843  995 1125 1416 1544 1746 1812
 2017]",14,291,54,144.07142857142858,33315.95751336666,21.91623648668335,-0.07591609491839803,41.43740903443289,6.558604717659709,0.029688922599094187,13.37315832980547,4.819371292260876
388,40,35,15,Median,40,"[   0   54  197  357  498  567  726  843  995 1112 1174 1326 1554 1746
 1812 2017]",15,228,54,134.46666666666667,27282.33806605213,21.134371884134477,-0.07489072090102802,39.54252018856643,6.834097498658243,0.02957468384530489,11.057470083144521,5.194873093923822
389,40,35,15,Mode,40,"[   0   54  197  348  490  567  722  843  995 1125 1416 1544 1746 1812
 2017]",14,291,54,144.07142857142858,33315.95751336666,21.91623648668335,-0.07591609491839803,41.43740903443289,6.558604717659709,0.029688922599094187,13.37315832980547,4.819371292260876
390,40,35,15,Median,40,"[   0   54  197  357  498  567  726  843  903  995 1112 1174 1326 1544
 1746 1812 2017]",16,218,54,126.0625,24915.421700172094,20.96846258570769,-0.07617048964107175,37.445689497927965,6.769922111246082,0.028150088105716214,10.190094360951015,5.103895092789889
391,40,35,15,Mode,40,"[   0   54  197  348  490  567  722  843  903  995 1125 1416 1544 1746
 1812 2017]",15,291,54,134.46666666666667,30066.143180853458,21.614674358292383,-0.07785251952021664,38.96067199856765,6.659027239281293,0.028224904421938538,12.153726948726346,4.829325904242814
392,40,35,20,Median,40,[   0  567 1416 2017],3,849,567,672.3333333333334,436446.98530061,32.9612861297688,0.01582617258230146,149.82569716261105,4.383178353987322,0.07259969512927318,150.12525653800478,3.7032321733134625
393,40,35,20,Mode,40,[   0   54 1746 2017],3,1692,54,672.3333333333334,118211.71046215273,36.97131598461124,-0.06779338911807821,39.68430108727833,4.573651048611032,0.029874141103689092,37.76498026099932,3.8395319070540275
394,40,35,20,Median,40,[   0  454 2017],2,1563,454,1008.5,716738.6410615364,45.1362987280379,0.10154659314422962,255.37469916335573,2.172768986483738,0.10154659314422962,255.37469916335573,2.172768986483738
395,40,35,20,Mode,40,[   0   54  843 1746 2017],4,903,54,504.25,137835.88366345956,28.531746462854585,-0.058080986684395305,57.307746422368886,4.721255817258189,0.019786229832777617,45.583962354581224,4.201018089090122
396,40,35,20,Median,40,[   0  197  615 1116 1761 2017],5,645,197,403.4,198352.6458831527,29.076245800015055,-0.0246187356137711,90.49664447538795,4.792575389186084,0.054583819361096596,68.51878650762195,3.896441553985297
397,40,35,20,Mode,40,[   0   54  567  995 1746 2017],5,751,54,403.4,192946.5018208011,28.822441161500226,-0.04163487086411983,82.54927633362915,4.812856961510263,0.04927038059741233,66.96462610905398,4.238852758077621
398,40,35,20,Median,40,[   0  507 1125 2017],3,892,507,672.3333333333334,525306.6184594315,39.09721724083795,0.029206041823806945,172.40688190474262,3.892494742542326,0.10985014425172365,182.75372198983314,3.190112929373944
399,40,35,20,Mode,40,[   0   54  567  843  995 1746 2017],6,751,54,336.1666666666667,125089.92768478669,29.74261638577331,-0.04580859268097291,71.75027413543873,5.5421006819689085,0.05508149108475574,44.99785802533305,3.7453083365245936
400,40,35,20,Median,40,[   0   54  507  782 1117 1416 1795 2017],7,453,54,288.14285714285717,104765.18824962103,23.89769755671738,-0.047184512566549534,67.43633413481147,6.4205596630989055,0.041950620863998665,38.49651606541408,5.2268665540618935
401,40,35,20,Mode,40,[   0   54  567  843  995 1544 2017],6,549,54,336.1666666666667,124586.19416443289,29.548756872280535,-0.04136528890565346,72.20941173504437,6.003432566536561,0.055502009711331235,44.57105869734513,3.853373376906106
402,40,35,20,Median,40,[   0   54  370  548  782 1117 1480 1795 2017],8,363,54,252.125,66922.95346093307,22.22183385734552,-0.04673792088289767,62.110786664655784,6.5502738255051085,0.03858161970517156,24.834377827878317,5.287970527653283
403,40,35,20,Mode,40,[   0   54  348  567  843  995 1544 2017],7,549,54,288.14285714285717,84355.0583593147,25.950662880852153,-0.039857337806685086,69.40364334833389,6.106763920083298,0.04989115813211251,31.108124154572575,4.1077593399886965
404,40,35,20,Median,40,[   0   54  370  548  776  994 1162 1480 1795 2017],9,318,54,224.11111111111111,55408.96235372193,21.4156781958073,-0.048343482478662596,55.19792345195626,6.951257948714122,0.03856357660446884,20.711208241130365,5.596821230263908
405,40,35,20,Mode,40,[   0   54  348  567  843  995 1174 1544 1746 2017],9,370,54,224.11111111111111,63565.18432172417,22.86528336491869,-0.046702771446656466,59.63975085393702,6.4438093324689065,0.04245869891789928,24.073725707716935,4.900129414964939
406,40,35,20,Median,40,[   0   54  370  548  726  903 1125 1326 1812 2017],9,486,54,224.11111111111111,64460.45589523042,24.17170306270507,-0.044125845280521284,59.628961007732855,5.560250430750653,0.04447714312954623,24.066937305347565,4.463978090217582
407,40,35,20,Mode,40,[   0  348  567  776  843 1174 1544 2017],7,473,67,288.14285714285717,113822.59053778338,31.463375525326484,-0.01755765935950858,78.16387633233633,7.357721402110873,0.05788209549861779,42.14919117482119,3.506463520295727
408,40,35,20,Median,40,[   0   54  370  548  726  843  995 1128 1326 1812 2017],10,486,54,201.7,51356.30967782586,23.37066978123006,-0.04739334184523254,54.13307653539063,5.727087246111077,0.041114067071906825,19.51492139613059,4.566425891541844
409,40,35,20,Mode,40,[   0   54  348  567  776  843  995 1174 1544 2017],9,473,54,224.11111111111111,77690.09276947925,28.72895046066531,-0.04901265308966768,61.68878559002473,7.286966062394334,0.05284954896742934,29.0696724150974,3.821395966813977
410,40,35,20,Median,40,[   0   54  197  370  548  726  843  995 1128 1326 1812 2017],11,486,54,183.36363636363637,42059.15474744745,21.57495471874602,-0.050544249468952314,49.45545605516013,6.064036196472566,0.035558788820675334,15.813549268474102,4.866462348539549
411,40,35,20,Mode,40,[   0   54  197  348  567  776  843  995 1174 1326 1544 1746 2017],12,271,54,168.08333333333334,48974.07933552819,23.32881790832123,-0.05450826823268612,46.34677448372845,8.171865427327358,0.03689415532017542,17.850442235549853,5.25419725671889
412,40,35,20,Median,40,[   0   54  197  370  548  726  843  995 1128 1326 1546 1746 1821 2017],13,220,54,155.15384615384616,40380.81905472345,22.494327296058245,-0.0737703268673071,43.20067537010056,6.426986031006129,0.0342658318468791,15.820347780321924,4.880964803571653
413,40,35,20,Mode,40,[   0   54  348  567  776  843  995 1174 1544 1746 1812 2017],11,370,54,183.36363636363637,71160.51136437763,29.454372141425132,-0.07330351958837993,53.112865504483125,7.015563588478864,0.050969704484836245,27.571165633116827,3.632737463377689
414,40,35,20,Median,40,"[   0   54  197  350  498  567  726  843  995 1128 1326 1545 1746 1821
 2017]",14,219,54,144.07142857142858,32311.8050945649,21.392703461884615,-0.07190180372599679,41.3801299431884,6.627379832147575,0.030729420465322285,12.964489053896285,5.053854588060613
415,40,35,20,Mode,40,"[   0   54  197  348  507  567  776  843  995 1174 1326 1544 1746 1812
 2017]",14,218,54,144.07142857142858,39540.86606659041,24.382452090742618,-0.07296467260874756,42.371653722288805,7.598441492665356,0.033999574647829836,15.511007675705132,4.683533170078712
416,40,35,20,Median,40,"[   0   54  197  350  498  567  729  843  995 1128 1274 1403 1545 1746
 1821 2017]",15,201,54,134.46666666666667,31401.604140662148,21.736973201284396,-0.07212562790918657,39.21175305637687,6.723236259812756,0.03110755253183432,12.669902216754995,4.721210708175669
417,40,35,20,Mode,40,"[   0   54  197  348  507  567  776  843  995 1174 1326 1416 1544 1746
 1812 2017]",15,209,54,134.46666666666667,38716.6798544766,24.63114647613485,-0.07265789740084089,39.83880418391055,8.164260212672572,0.03542523494497356,15.284310400110195,4.303946336011466
418,40,35,20,Median,40,"[   0   54  197  350  498  567  726  843  995 1112 1174 1326 1546 1746
 1812 1915 2017]",16,220,54,126.0625,24650.78454521054,20.457835622439074,-0.07757097351858784,37.500307639072766,6.7156622243835535,0.029898776634758265,10.097508669349981,5.195780382871572
419,40,35,20,Mode,40,"[   0   54  197  348  507  567  776  843  995 1109 1174 1326 1544 1746
 1812 1915 2017]",16,218,54,126.0625,29947.44498565811,22.636690522267735,-0.07727809448523432,38.16964244458546,7.204081674907462,0.032306458886819905,11.981623055729075,4.923616743251813
420,40,40,10,Median,40,[   0  517 1270 2017],3,753,517,672.3333333333334,489881.8006144144,36.20614937669265,0.02510584592053372,167.4750156597362,4.080569997315987,0.09129968784363056,169.81125377248583,3.415709412888569
421,40,40,10,Mode,40,[   0   54 1746 2017],3,1692,54,672.3333333333334,118211.71046215273,36.97131598461124,-0.06779338911807821,39.68430108727833,4.573651048611032,0.029874141103689092,37.76498026099932,3.8395319070540275
422,40,40,10,Median,40,[   0  490 1045 2017],3,972,490,672.3333333333334,449837.54168991774,36.531476608791365,0.02746266678324106,158.00841986118527,4.583476579903903,0.1038729777827351,156.35414561427515,3.7595818701743142
423,40,40,10,Mode,40,[   0   54  722 1746 2017],4,1024,54,504.25,163609.60300774642,28.74278834459704,-0.052258925448084345,69.43803962277205,4.670017115292135,0.021098645216726553,55.11093501458175,4.076859946473206
424,40,40,10,Median,40,[   0  197  566 1112 1746 2017],5,634,197,403.4,203873.40940056142,28.703471645445372,-0.021972794211279664,97.74849843552204,4.7888782229570666,0.05615525788276942,71.20291892919937,4.004092503853368
425,40,40,10,Mode,40,[   0  567 1125 2017],3,892,558,672.3333333333334,521841.5579834932,39.52984551744514,0.028904520269599814,166.00592727238177,3.725908149380483,0.1136847933666495,180.7771315502762,3.021178146546009
426,40,40,10,Median,40,[   0   54  499  811 1125 1761 2017],6,636,54,336.1666666666667,139567.32768810826,27.194632136227654,-0.03982950959177022,79.85732928652979,5.195495808592604,0.05111507422024779,51.47078269172596,4.234304485113161
427,40,40,10,Mode,40,[   0   54  567  722 1125 1746 2017],6,621,54,336.1666666666667,114547.1620388034,28.022618953748292,-0.03976774600463005,78.09148686934765,4.9471138163558495,0.05259995548815285,42.15679513295887,4.10148714002959
428,40,40,10,Median,40,[   0   54  499  811 1125 1761 2017],6,636,54,336.1666666666667,139567.32768810826,27.194632136227654,-0.03982950959177022,79.85732928652979,5.195495808592604,0.05111507422024779,51.47078269172596,4.234304485113161
429,40,40,10,Mode,40,[   0   54  567  722 1125 1746 2017],6,621,54,336.1666666666667,114547.1620388034,28.022618953748292,-0.03976774600463005,78.09148686934765,4.9471138163558495,0.05259995548815285,42.15679513295887,4.10148714002959
430,40,40,10,Median,40,[   0   54  364  520  838 1125 1416 1761 2017],8,345,54,252.125,71897.06400155074,23.215358747325215,-0.043289008204690144,65.55174021918346,6.309023890644374,0.04076612616691877,26.366791748906387,5.045670342509367
431,40,40,10,Mode,40,[   0   54  348  567  722 1125 1416 1746 2017],8,403,54,252.125,64066.72776123613,21.90454574486918,-0.0417764054689189,64.85666497821123,6.4238332138592105,0.03715114292470855,23.88774747998818,5.3322826896047415
432,40,40,10,Median,40,[   0   54  364  517  722  888 1125 1416 1761 2017],9,345,54,224.11111111111111,59884.07097059718,22.591624463166134,-0.04372997079424315,58.985386405803084,6.154272281737525,0.039698404857660824,22.186847775115364,5.153967122460296
433,40,40,10,Mode,40,[   0   54  348  567  722  843 1125 1416 1746 2017],9,330,54,224.11111111111111,65148.22895829353,23.187192615152675,-0.04187631601317332,59.632539483796755,6.349215685461216,0.040850052919929714,24.207720234619856,5.049416881937564
434,40,40,10,Median,40,[   0   54  197  364  517  722  888 1125 1416 1761 2017],10,345,54,201.7,49782.96428889371,20.730667969855922,-0.04667088411251817,53.14090048656099,6.5595169592529246,0.03405177958390198,18.22587346836867,5.445929248808225
435,40,40,10,Mode,40,[   0   54  197  348  567  722  843 1125 1416 1746 2017],10,330,54,201.7,52651.81738369111,21.44586400906616,-0.045079198107611726,53.551971342345226,6.764013965584185,0.03488351417482173,19.23340285881595,5.355221070816921
436,40,40,10,Median,40,[   0   54  197  364  517  722  888 1112 1200 1468 1761 2017],11,293,54,183.36363636363637,39014.42276923207,20.594329782931034,-0.04748612265794522,49.55142495658759,6.8845993840411035,0.032088346003941996,14.307111958338362,5.65169511559009
437,40,40,10,Mode,40,[   0   54  197  348  567  722  843 1125 1200 1746 2017],10,546,54,201.7,45159.168351575114,22.975889865013535,-0.04403366240452923,54.335752203963835,5.960563320119327,0.03646252258564625,16.6269316929713,4.674832402614398
438,40,40,10,Median,40,[   0   54  197  364  517  722  888 1112 1200 1403 1557 1771 2017],12,246,54,168.08333333333334,36262.50086786465,20.016086399823248,-0.0549539436058022,45.527916386022596,6.891572897004543,0.029113415874936807,13.334206295220305,5.604638492118146
439,40,40,10,Mode,40,[   0   54  197  348  567  722  843 1125 1200 1746 2017],10,546,54,201.7,45159.168351575114,22.975889865013535,-0.04403366240452923,54.335752203963835,5.960563320119327,0.03646252258564625,16.6269316929713,4.674832402614398
440,40,40,10,Median,40,[   0   54  197  364  517  722  838  920 1116 1200 1416 1557 1771 2017],13,246,54,155.15384615384616,30997.581818346425,19.200425634890387,-0.060880928886818196,42.091899231582445,7.165804755511222,0.02441185884692933,11.436471848680599,5.923381274823498
441,40,40,10,Mode,40,[   0   54  197  348  567  722  843  920 1125 1200 1416 1746 2017],12,330,54,168.08333333333334,34047.46448025572,20.038401124346244,-0.05342046101548984,45.18580231006382,7.471725502538482,0.028536602422185295,12.546508003904897,5.9223297322843855
442,40,40,10,Median,40,"[   0   54  197  360  498  567  722  838  920 1116 1200 1416 1557 1771
 2017]",14,246,54,144.07142857142858,23666.35663124163,18.498405045921473,-0.06044480432797695,39.488067938309385,7.192201623467585,0.021927400105749298,8.87457411588158,5.943020844866611
443,40,40,10,Mode,40,"[   0   54  197  348  498  567  722  843  920 1125 1200 1416 1646 1746
 2017]",14,271,54,144.07142857142858,22857.474668243944,18.480502703364046,-0.05580696180414442,39.125699704061326,7.607936248100676,0.022926614774274337,8.603540334877671,6.0632289934900365
444,40,40,10,Median,40,"[   0   54  197  360  498  567  722  838  920 1116 1200 1416 1557 1746
 1812 2017]",15,216,54,134.46666666666667,29085.736702637456,21.313363591364713,-0.07670858571330406,38.96568475616107,6.6653135895418965,0.026532336879742217,11.60018031535254,5.1126455275932745
445,40,40,10,Mode,40,"[   0   54  197  348  498  567  722  843  920 1125 1200 1416 1646 1746
 1812 2017]",15,230,54,134.46666666666667,26207.046412196873,20.356743117565827,-0.07659408576327952,38.572850772999445,7.154837820687616,0.027270127048197847,10.474692059995894,5.61216697092229
446,40,40,10,Median,40,"[   0   54  197  360  498  567  722  838  915 1052 1117 1201 1416 1557
 1746 1812 2017]",16,215,54,126.0625,25123.714158145784,20.928860181033247,-0.07773720504454558,37.16267497436419,6.760263662244709,0.02693149628639262,10.187993825406627,5.06038527214766
447,40,40,10,Mode,40,"[   0   54  197  348  498  567  722  843  920 1052 1125 1200 1416 1646
 1746 1812 2017]",16,230,54,126.0625,23472.858653299507,20.233071460954587,-0.07696741047084513,37.07348025032557,7.1152905388610055,0.028065137875834582,9.501215891000628,5.456608971900532
448,40,40,15,Median,40,[   0  548 1270 2017],3,747,548,672.3333333333334,467398.450551357,35.423336141887916,0.023508600253779453,157.5085289172958,4.088953378862911,0.08903631006499188,160.51856523069526,3.423846587188591
449,40,40,15,Mode,40,[   0   54 1746 2017],3,1692,54,672.3333333333334,118211.71046215273,36.97131598461124,-0.06779338911807821,39.68430108727833,4.573651048611032,0.029874141103689092,37.76498026099932,3.8395319070540275
450,40,40,15,Median,40,[   0  490  995 2017],3,1022,490,672.3333333333334,395092.40214368823,34.48167670651955,0.02817598342515797,150.62461299120022,5.228532054891213,0.09949930294391987,136.61055317689548,4.292128976374789
451,40,40,15,Mode,40,[   0   54  843 1746 2017],4,903,54,504.25,137835.88366345956,28.531746462854585,-0.058080986684395305,57.307746422368886,4.721255817258189,0.019786229832777617,45.583962354581224,4.201018089090122
452,40,40,15,Median,40,[   0  197  567 1117 1761 2017],5,644,197,403.4,206708.6083658929,28.881906504576087,-0.022763639243565822,98.18647735215868,4.735217188749245,0.05684448902793762,72.27932576206335,3.9551304288816875
453,40,40,15,Mode,40,[   0   54  567  995 1746 2017],5,751,54,403.4,192946.5018208011,28.822441161500226,-0.04163487086411983,82.54927633362915,4.812856961510263,0.04927038059741233,66.96462610905398,4.238852758077621
454,40,40,15,Median,40,[   0   54  499  811 1125 1761 2017],6,636,54,336.1666666666667,139567.32768810826,27.194632136227654,-0.03982950959177022,79.85732928652979,5.195495808592604,0.05111507422024779,51.47078269172596,4.234304485113161
455,40,40,15,Mode,40,[   0   54  567  843  995 1746 2017],6,751,54,336.1666666666667,125089.92768478669,29.74261638577331,-0.04580859268097291,71.75027413543873,5.5421006819689085,0.05508149108475574,44.99785802533305,3.7453083365245936
456,40,40,15,Median,40,[   0   54  499  811 1117 1403 1791 2017],7,445,54,288.14285714285717,108562.91047518277,24.68713952836293,-0.046257242545569933,68.95393587874433,5.89552732262019,0.04303003349608725,39.69467957484621,4.769425839813509
457,40,40,15,Mode,40,[   0   54  567  843  995 1270 1746 2017],7,513,54,288.14285714285717,101037.821744831,26.51380882686732,-0.04773094652218839,64.73252487386381,7.618875686897053,0.04708353002797421,36.22820373043094,4.419017583030939
458,40,40,15,Median,40,[   0   54  370  528  811 1117 1403 1791 2017],8,388,54,252.125,67205.32896988779,23.09550885835517,-0.045389884384395,63.41037061962395,5.759641246323376,0.0409979775052119,24.812899056362536,4.790987293744548
459,40,40,15,Mode,40,[   0   54  348  567  843  995 1270 1746 2017],8,476,54,252.125,69918.04425753,23.86329226927345,-0.04480636462365758,63.57728323348432,7.50873844959812,0.043476868629123464,25.880381974756492,4.556256379083898
460,40,40,15,Median,40,[   0   54  370  521  776  994 1159 1416 1791 2017],9,375,54,224.11111111111111,52552.0599074989,21.357478836766877,-0.04759194042393783,55.27792788892361,6.994803849515547,0.0383003988240206,19.51116756325107,5.695204140955703
461,40,40,15,Mode,40,[   0   54  348  567  843  995 1125 1416 1746 2017],9,330,54,224.11111111111111,57273.35910722715,21.92540619133554,-0.04928464963613356,58.7041997365991,6.763863975109353,0.037836700687011005,21.466611034249944,5.327588606103465
462,40,40,15,Median,40,[   0   54  370  520  723  851 1109 1200 1795 2017],9,595,54,224.11111111111111,58288.237330812655,25.76046477482581,-0.04095913176386045,61.62896819595612,5.194222900577413,0.04462673404963585,21.83669852968263,4.000585034882958
463,40,40,15,Mode,40,[   0   54  348  567  722  843  995 1174 1746 2017],9,572,54,224.11111111111111,62877.29508615878,24.46487209223512,-0.04152566145407391,60.37070331817777,5.965787570947128,0.04633462114987605,23.969000651998122,4.3305808296014
464,40,40,15,Median,40,[   0   54  197  371  521  776  922 1125 1326 1795 2017],10,469,54,201.7,56664.09341010105,22.485786131603405,-0.04692800827948061,53.073506537205674,6.395848718777406,0.038666852930259184,20.53080892219954,5.093945981970987
465,40,40,15,Mode,40,[   0   54  197  348  567  843  995 1125 1270 1544 1746 2017],11,276,54,183.36363636363637,41444.3061399142,20.075320000742426,-0.0532170485786885,48.872194878873266,6.775191216436704,0.03175893180859484,15.327133157891604,5.549379300049805
466,40,40,15,Median,40,[   0   54  197  371  520  723  851  995 1128 1326 1795 2017],11,469,54,183.36363636363637,41904.82817293318,21.553808238644667,-0.049502713006630894,49.98785842816408,6.096325337901596,0.03575428736905188,15.687925983377415,4.926721138712774
467,40,40,15,Mode,40,[   0   54  197  348  567  722  843  995 1125 1270 1544 1746 2017],12,274,54,168.08333333333334,37427.0739533256,20.50565444436001,-0.05125646785699211,45.85461593097788,6.774674765847162,0.033049420793192466,13.95391548292843,5.439169747009097
468,40,40,15,Median,40,[   0   54  197  357  498  567  723  851  995 1128 1326 1795 2017],12,469,54,168.08333333333334,32471.053493569478,20.448846624381716,-0.0489347373859802,46.56386058310982,6.325338094675235,0.031856147363873974,12.388882864058099,5.082090941152536
469,40,40,15,Mode,40,[   0   54  197  348  498  567  722  843  995 1125 1270 1544 1746 2017],13,274,54,155.15384615384616,27410.643923924235,19.251676412671053,-0.051102159047464735,42.787495424408014,6.773034492561207,0.028238221186648243,10.418923531503903,5.574223506440826
470,40,40,15,Median,40,[   0   54  197  357  498  567  722  838  915  995 1128 1326 1795 2017],13,469,54,155.15384615384616,29524.602214975865,20.640510462564666,-0.05184544573837003,43.38065979304433,6.263279416192275,0.03207943008678759,11.27478413433444,5.034049263488931
471,40,40,15,Mode,40,"[   0   54  197  348  498  567  722  843  920  995 1125 1270 1544 1746
 2017]",14,274,54,144.07142857142858,25584.7197724703,19.738460865946088,-0.05341259506761443,40.39985208131443,6.745305109231181,0.029790413989461143,9.730367722529241,5.416797381161994
472,40,40,15,Median,40,"[   0   54  197  357  498  567  723  851  995 1117 1174 1326 1561 1746
 1812 2017]",15,235,54,134.46666666666667,27738.70431212294,21.283237205573876,-0.07447952686433437,39.59546207379541,6.747645679861845,0.029941674660678264,11.193498685041956,5.123075033153605
473,40,40,15,Mode,40,"[   0   54  197  348  498  567  722  843  995 1125 1174 1270 1544 1746
 1812 2017]",15,274,49,134.46666666666667,27357.008901755802,21.375600144096133,-0.07451996633055727,39.56265450425162,6.4629227819676025,0.029428253091075447,11.067233243823809,4.962159983490946
474,40,40,15,Median,40,"[   0   54  197  357  498  567  723  843  915  995 1117 1200 1375 1561
 1746 1812 2017]",16,205,54,126.0625,26961.19937079954,21.56291484836817,-0.0769420541787912,37.36905555836203,6.601760726186946,0.030169129746186674,10.866973027330834,4.9012595517065485
475,40,40,15,Mode,40,"[   0   54  197  348  498  567  722  843  920  995 1125 1174 1416 1544
 1746 1812 2017]",16,242,49,126.0625,26287.09225238617,21.81495023813829,-0.07676433852752716,37.58854104464159,6.7005849682239385,0.03006259527452396,10.633499456932874,4.8263389329247985
476,40,40,20,Median,40,[   0  550 1274 2017],3,743,550,672.3333333333334,462936.831547859,35.21449134830874,0.0232574846057897,156.51691772620518,4.105284469825757,0.0879324649653633,158.61432054401257,3.4445629939984928
477,40,40,20,Mode,40,[   0   54 1746 2017],3,1692,54,672.3333333333334,118211.71046215273,36.97131598461124,-0.06779338911807821,39.68430108727833,4.573651048611032,0.029874141103689092,37.76498026099932,3.8395319070540275
478,40,40,20,Median,40,[   0  454 2017],2,1563,454,1008.5,716738.6410615364,45.1362987280379,0.10154659314422962,255.37469916335573,2.172768986483738,0.10154659314422962,255.37469916335573,2.172768986483738
479,40,40,20,Mode,40,[   0   54  843 1746 2017],4,903,54,504.25,137835.88366345956,28.531746462854585,-0.058080986684395305,57.307746422368886,4.721255817258189,0.019786229832777617,45.583962354581224,4.201018089090122
480,40,40,20,Median,40,[   0  197  615 1117 1761 2017],5,644,197,403.4,197642.83946118248,29.015785839231675,-0.024707213365558967,90.35180439763162,4.803498758991514,0.05434852217198145,68.25424548669709,3.908468215793103
481,40,40,20,Mode,40,[   0   54  843  995 1746 2017],5,789,54,403.4,153714.82901193167,36.02866030127253,-0.06181248844989815,56.03050290859898,4.592518216923959,0.06414226293361046,50.7555109874734,3.4063034629930478
482,40,40,20,Median,40,[   0   54  499  782 1125 1761 2017],6,636,54,336.1666666666667,132783.04662191257,26.203280177567102,-0.040328549811133985,78.07269627441406,5.8217496068017205,0.049645159369836,49.029536459191654,4.671758289551208
483,40,40,20,Mode,40,[   0   54  567  843  995 1746 2017],6,751,54,336.1666666666667,125089.92768478669,29.74261638577331,-0.04580859268097291,71.75027413543873,5.5421006819689085,0.05508149108475574,44.99785802533305,3.7453083365245936
484,40,40,20,Median,40,[   0   54  499  782 1117 1375 1795 2017],7,445,54,288.14285714285717,103327.32663841614,23.981166695755068,-0.04632235090759118,67.72211883952671,6.062384582564893,0.04234075337470398,38.063667158544995,5.037824593907364
485,40,40,20,Mode,40,[   0   54  567  843  995 1270 1746 2017],7,513,54,288.14285714285717,101037.821744831,26.51380882686732,-0.04773094652218839,64.73252487386381,7.618875686897053,0.04708353002797421,36.22820373043094,4.419017583030939
486,40,40,20,Median,40,[   0  499 1162 2017],3,855,499,672.3333333333334,528593.6266239069,38.848009506457466,0.02876527482958545,174.06705805869927,3.862485656696085,0.10673299282811605,183.592149318445,3.183821495188273
487,40,40,20,Mode,40,[   0   54  567  843  995 1174 1326 1746 2017],8,513,54,252.125,85381.33804229987,25.20261948003082,-0.05179880175507504,59.81667626378507,6.493690690174752,0.041871518684204655,30.905164479890207,4.809323735797209
488,40,40,20,Median,40,[   0   54  372  528  776  994 1162 1416 1795 2017],9,379,54,224.11111111111111,53149.372878051785,21.449025184439957,-0.047795322290845425,55.18112793904591,6.96514567335046,0.0389012623893115,19.770141264002895,5.643691110433878
489,40,40,20,Mode,40,[   0   54  348  567  843  995 1174 1326 1746 2017],9,420,54,224.11111111111111,60108.59320372789,23.047316160490745,-0.0475465887194518,59.599026344341894,6.530129856414614,0.03936719137818144,22.516200349992655,4.880619413247763
490,40,40,20,Median,40,[   0   54  372  528  726  851 1076 1200 1812 2017],9,612,54,224.11111111111111,60179.80095479743,25.451801036223593,-0.040864727125702695,60.549422221139096,5.661764206381486,0.05010226437709126,22.78825778435755,3.998801535699767
491,40,40,20,Mode,40,[   0   54  348  567  776  843  995 1174 1746 2017],9,572,54,224.11111111111111,76633.54981712793,28.415746605575293,-0.05147623473116599,61.271025994387344,6.799662013594734,0.0524241896473063,28.64292699430371,3.879649728394022
492,40,40,20,Median,40,[   0   54  197  372  528  776  924 1125 1326 1812 2017],10,486,54,201.7,57003.02581365787,22.623384675049504,-0.04790561179004249,53.10628303115501,6.373180754478136,0.03929815516306064,20.73710595101275,5.011907667195626
493,40,40,20,Mode,40,[   0   54  197  348  567  843  995 1174 1270 1746 2017],10,476,54,201.7,46356.447414532166,21.671090242361018,-0.05178318724677922,53.47027032489676,6.692744874079031,0.03244651106273322,16.99976301603398,5.021673511878206
494,40,40,20,Median,40,[   0   54  197  372  528  726  851  995 1128 1326 1812 2017],11,486,54,183.36363636363637,42516.60388026232,21.738207855320315,-0.05001396723612907,49.95994061396513,6.047144904721231,0.03652960119882372,15.979478144319799,4.8348896134225745
495,40,40,20,Mode,40,[   0   54  197  348  567  776  843  995 1174 1270 1746 2017],11,476,54,183.36363636363637,52451.281666598225,25.14558071685065,-0.05382912290913264,50.41028736453797,8.13120916854583,0.03866894581832098,19.061101661604724,4.592468701384685
496,40,40,20,Median,40,[   0   54  197  372  528  726  851  995 1128 1326 1561 1746 1812 2017],13,235,54,155.15384615384616,40622.59067615763,22.80110440969939,-0.07577545127999741,43.54328656903418,6.52739677537203,0.035095525983832275,15.879405354088645,4.911785706147026
497,40,40,20,Mode,40,[   0   54  348  567  776  843  995 1174 1270 1746 1812 2017],11,476,54,183.36363636363637,65179.36990077483,29.403481356820997,-0.07302984405479097,53.030408338578106,7.0883370549773055,0.042201266243589,24.87212207147753,3.5246976889892023
498,40,40,20,Median,40,[   0   54  197  357  498  567  726  851  995 1117 1174 1326 1812 2017],13,486,54,155.15384615384616,26397.92168513234,20.016939245853123,-0.05128852384068613,44.14080750943668,6.436337842622978,0.02935664913661376,10.185994534570716,5.120684188860641
499,40,40,20,Mode,40,"[   0   54  197  348  498  567  776  843  995 1125 1174 1270 1646 1746
 2017]",14,376,49,144.07142857142858,28272.085944091108,21.65237415127984,-0.056364415235687214,40.464161347490105,8.002371687478382,0.028885868989946075,10.611492377629443,5.123329624401255
500,40,40,20,Median,40,"[   0   54  197  350  498  567  726  870  995 1117 1174 1326 1561 1746
 1812 2017]",15,235,54,134.46666666666667,27213.649301643247,21.123795592713293,-0.07522645468064046,39.428576034882234,6.663236627207768,0.02965143146894589,11.00331586544301,5.1353067811585555
501,40,40,20,Mode,40,"[   0   54  197  348  498  567  776  843  995 1125 1174 1270 1646 1746
 1812 2017]",15,376,49,134.46666666666667,31234.899739769236,23.302052319201923,-0.07479036526968491,39.84670930529447,7.5058176043231954,0.032803720248464466,12.339218956836826,4.739403271054137
502,40,40,20,Median,40,"[   0   54  197  357  498  567  726  843  915  995 1117 1174 1326 1544
 1746 1812 2017]",16,218,54,126.0625,25455.077331534554,21.305929070616017,-0.07630076973314927,37.589285426960124,6.588566092141396,0.029502514589140844,10.331944686676296,5.0311701517165615
503,40,40,20,Mode,40,"[   0   54  197  348  498  567  776  843  920  995 1125 1174 1270 1544
 1746 1812 2017]",16,274,49,126.0625,29444.407468540074,23.63455834134525,-0.07580562714606962,38.244258211476996,7.278505786144557,0.03391925742475447,11.864450871260072,4.5214942140383405
504,40,45,10,Median,40,[   0  509 1326 2017],3,817,509,672.3333333333334,464100.94819121505,34.68388636810361,0.021793855218212005,162.1804379859845,4.3195653203702955,0.08197305403972481,160.5733770013822,3.6374456038680876
505,40,45,10,Mode,40,[   0   54 1746 2017],3,1692,54,672.3333333333334,118211.71046215273,36.97131598461124,-0.06779338911807821,39.68430108727833,4.573651048611032,0.029874141103689092,37.76498026099932,3.8395319070540275
506,40,45,10,Median,40,[   0  490  999 2017],3,1018,490,672.3333333333334,399048.10865835776,34.61787195057697,0.027889138561540766,151.03060697142288,5.183283664027385,0.09972381280023532,138.22855443169863,4.2530419433035895
507,40,45,10,Mode,40,[   0   54 1125 1746 2017],4,1071,54,504.25,78120.17414478556,26.625594939576896,-0.07443728731847828,29.662629861813066,8.249995394003244,0.01822280418779947,24.18623140398398,6.8701120946680225
508,40,45,10,Median,40,[   0  197  550 1112 1746 2017],5,634,197,403.4,197506.63911207864,28.382709415687827,-0.02283270755871197,96.36072788199758,4.803045119830669,0.05466377598613678,68.80610063495928,4.052472727237893
509,40,45,10,Mode,40,[   0  567 1125 2017],3,892,558,672.3333333333334,521841.5579834932,39.52984551744514,0.028904520269599814,166.00592727238177,3.725908149380483,0.1136847933666495,180.7771315502762,3.021178146546009
510,40,45,10,Median,40,[   0   54  499  811 1125 1761 2017],6,636,54,336.1666666666667,139567.32768810826,27.194632136227654,-0.03982950959177022,79.85732928652979,5.195495808592604,0.05111507422024779,51.47078269172596,4.234304485113161
511,40,45,10,Mode,40,[   0   54  567  722 1125 1746 2017],6,621,54,336.1666666666667,114547.1620388034,28.022618953748292,-0.03976774600463005,78.09148686934765,4.9471138163558495,0.05259995548815285,42.15679513295887,4.10148714002959
512,40,45,10,Median,40,[   0   54  364  517  811 1125 1761 2017],7,636,54,288.14285714285717,85673.30131090299,24.770879976722103,-0.039399793314755946,72.77824431578166,5.295812466053382,0.0466917881209872,32.078039790183986,4.3795827910839975
513,40,45,10,Mode,40,[   0   54  348  567  722 1125 1746 2017],7,621,54,288.14285714285717,85023.72753396611,24.441865695941004,-0.037218213623969966,74.53671759806079,5.228458730989773,0.04558263562837237,32.14499128352483,4.308226129567944
514,40,45,10,Median,40,[   0   54  364  517  811 1125 1416 1761 2017],8,345,54,252.125,64394.67775136045,22.145316404133634,-0.04422741209415616,63.40413214955584,6.418466945857374,0.037586726802906964,23.65444771257623,5.334169120330274
515,40,45,10,Mode,40,[   0   54  348  567  722 1125 1416 1746 2017],8,403,54,252.125,64066.72776123613,21.90454574486918,-0.0417764054689189,64.85666497821123,6.4238332138592105,0.03715114292470855,23.88774747998818,5.3322826896047415
516,40,45,10,Median,40,[   0   54  364  514  722  903 1125 1416 1761 2017],9,345,54,224.11111111111111,59194.3097171264,22.54347543031955,-0.04424753955081719,58.747765419122054,6.166397981925188,0.03978539002066779,21.905911158414362,5.164406499937118
517,40,45,10,Mode,40,[   0   54  348  567  722  843 1125 1416 1746 2017],9,330,54,224.11111111111111,65148.22895829353,23.187192615152675,-0.04187631601317332,59.632539483796755,6.349215685461216,0.040850052919929714,24.207720234619856,5.049416881937564
518,40,45,10,Median,40,[   0   54  197  364  514  722  903 1125 1416 1761 2017],10,345,54,201.7,49272.52020530562,20.687943904488122,-0.047176948088131276,52.928658258172746,6.573911091876295,0.03415399382849007,18.020122653654393,5.456077502517072
519,40,45,10,Mode,40,[   0   54  197  348  567  722  843 1125 1416 1746 2017],10,330,54,201.7,52651.81738369111,21.44586400906616,-0.045079198107611726,53.551971342345226,6.764013965584185,0.03488351417482173,19.23340285881595,5.355221070816921
520,40,45,10,Median,40,[   0   54  197  364  514  722  870 1116 1200 1468 1761 2017],11,293,54,183.36363636363637,38323.75576747455,20.578555067643244,-0.04722865017802318,49.437094704580474,6.891943492967937,0.030764356162513235,14.037040039638166,5.636351668179756
521,40,45,10,Mode,40,[   0   54  197  348  567  722  843 1125 1200 1746 2017],10,546,54,201.7,45159.168351575114,22.975889865013535,-0.04403366240452923,54.335752203963835,5.960563320119327,0.03646252258564625,16.6269316929713,4.674832402614398
522,40,45,10,Median,40,[   0   54  197  350  499  567  722  903 1116 1200 1468 1761 2017],12,293,54,168.08333333333334,28883.258362389515,19.417130378881016,-0.04813715293981263,45.70459877005832,6.989609542175276,0.027412167730517856,10.750289801546408,5.75899566184817
523,40,45,10,Mode,40,[   0   54  197  348  507  567  722  843 1125 1200 1416 1746 2017],12,330,54,168.08333333333334,28509.41195149255,19.789231929396223,-0.04635098207098862,45.578627273078155,7.206416652861797,0.026823140773109752,10.630591996052326,5.738740524349861
524,40,45,10,Median,40,[   0   54  197  350  498  567  722  903 1116 1200 1416 1646 1771 2017],13,246,54,155.15384615384616,27653.419419065016,19.16692092741963,-0.05218338449107105,42.153105855069924,7.227154254724947,0.025733376372358382,10.351367279412658,5.801483835254268
525,40,45,10,Mode,40,[   0   54  197  348  507  567  722  843 1125 1200 1416 1646 1746 2017],13,282,54,155.15384615384616,26583.223272522268,19.337312994599156,-0.048928660256051706,41.99579978751218,7.39003636851881,0.02532357403425614,9.936411350099776,5.811890063991739
526,40,45,10,Median,40,"[   0   54  197  350  499  567  722  870 1052 1125 1350 1646 1746 1812
 2017]",14,296,54,144.07142857142858,29270.80204277462,21.284486506355865,-0.07419023761189177,41.48570113447364,6.829973119040853,0.033128537417853536,11.720474902820298,5.089358129887255
527,40,45,10,Mode,40,[   0   54  197  348  507  567  722  843 1052 1125 1416 1746 1812 2017],13,330,54,155.15384615384616,31844.142003836936,22.2621480873819,-0.07331640736833393,44.57923412178158,6.694854223025024,0.030275183982973918,12.697189800096304,4.776077334906399
528,40,45,10,Median,40,"[   0   54  197  350  499  567  722  838  920 1117 1200 1416 1646 1746
 1812 2017]",15,230,54,134.46666666666667,26782.052403680307,20.43221841166439,-0.07652801451980072,38.64718333209858,7.032670958450714,0.02743656006115298,10.675810559719718,5.569058734577888
529,40,45,10,Mode,40,"[   0   54  197  348  507  567  722  843  920 1125 1200 1416 1646 1746
 1812 2017]",15,230,54,134.46666666666667,26231.090838531432,20.420169041818536,-0.07659065010805,38.59262767110173,7.1596580324119445,0.02699614254319953,10.495037286971296,5.597286061149453
530,40,45,10,Median,40,"[   0   54  197  350  499  567  722  838  915 1045 1117 1200 1416 1646
 1746 1812 2017]",16,230,54,126.0625,23455.158838856092,20.21433861636385,-0.07754860799397581,36.89236706960703,7.018113617083168,0.02807045813190108,9.502381113472127,5.467886091609859
531,40,45,10,Mode,40,"[   0   54  197  348  507  567  722  843  920 1052 1125 1200 1416 1646
 1746 1812 2017]",16,230,54,126.0625,23495.30011787843,20.292268990257117,-0.07696416409959841,37.09216772076342,7.1198094873525655,0.027809419004502827,9.520204769511002,5.442720122779217
532,40,45,15,Median,40,[   0  524 1270 2017],3,747,524,672.3333333333334,477051.2714663271,35.74469068110506,0.024462795126563987,162.31409824923324,4.107425906448996,0.08991241789606062,164.55903347118274,3.4406562774001532
533,40,45,15,Mode,40,[   0   54 1746 2017],3,1692,54,672.3333333333334,118211.71046215273,36.97131598461124,-0.06779338911807821,39.68430108727833,4.573651048611032,0.029874141103689092,37.76498026099932,3.8395319070540275
534,40,45,15,Median,40,[   0  454 2017],2,1563,454,1008.5,716738.6410615364,45.1362987280379,0.10154659314422962,255.37469916335573,2.172768986483738,0.10154659314422962,255.37469916335573,2.172768986483738
535,40,45,15,Mode,40,[   0   54  843 1746 2017],4,903,54,504.25,137835.88366345956,28.531746462854585,-0.058080986684395305,57.307746422368886,4.721255817258189,0.019786229832777617,45.583962354581224,4.201018089090122
536,40,45,15,Median,40,[   0  197  570 1117 1761 2017],5,644,197,403.4,206386.47862425388,28.895187249908812,-0.02287369705043894,97.78556845937062,4.737944413044973,0.05672709607257344,72.12675946990501,3.950345856403902
537,40,45,15,Mode,40,[   0   54  843 1125 2017],4,892,54,504.25,265214.5045514345,41.75119923375426,-0.03272396893041748,81.06445693772889,4.065888607537622,0.08039657256102839,88.85259844964357,2.462638333692592
538,40,45,15,Median,40,[   0   54  499  782 1125 1761 2017],6,636,54,336.1666666666667,132783.04662191257,26.203280177567102,-0.040328549811133985,78.07269627441406,5.8217496068017205,0.049645159369836,49.029536459191654,4.671758289551208
539,40,45,15,Mode,40,[   0   54  498  843 1125 1746 2017],6,621,54,336.1666666666667,151452.65960298758,28.727691492403146,-0.03808903841868098,83.37693476238884,5.239933834212624,0.05502720826159271,55.81246603435361,3.879872451393676
540,40,45,15,Median,40,[   0   54  499  782 1117 1403 1771 2017],7,445,54,288.14285714285717,101396.69911378082,23.18913844918147,-0.046344814032090675,66.50012514340395,6.579136177902723,0.039535031336232394,37.06730625799954,5.463982629653633
541,40,45,15,Mode,40,[   0   54  498  843 1125 1270 2017],6,747,54,336.1666666666667,133745.84027136298,30.319564200480706,-0.029063606821212826,84.25474183858539,4.83570418970033,0.05617511012095999,48.37525867874229,3.490481616251831
542,40,45,15,Median,40,[   0   54  370  521  811 1117 1403 1771 2017],8,368,54,252.125,64771.258528221755,22.581657421272286,-0.044685356144020374,63.03429304796198,6.0491364463905235,0.0390116861401429,23.75774625711491,5.070072353854484
543,40,45,15,Mode,40,[   0   54  348  498  843 1125 1270 1746 2017],8,476,54,252.125,68101.21698420498,24.15490136149447,-0.041390331082107566,66.80550403063279,5.740183937072145,0.04256841638518449,24.978330531778916,4.579163125695068
544,40,45,15,Median,40,[   0   54  370  520  776  994 1162 1795 2017],8,633,54,252.125,67019.01317064188,23.708690421352504,-0.04239760382420136,62.856470668494204,5.836776658804633,0.04720240579643541,25.424190720804127,4.88476031089037
545,40,45,15,Mode,40,[   0   54  348  498  843  995 1125 1746 2017],8,621,54,252.125,65392.40293737177,24.438975662748074,-0.045886802182634315,65.86803602373665,5.7638411057856125,0.045838772581213647,24.614012248162094,4.395782035298708
546,40,45,15,Median,40,[   0   54  370  520  723  843  995 1164 1554 1795 2017],10,390,54,201.7,50807.691131456435,22.702735590846608,-0.047107746484304186,53.98558095602042,6.573970270184216,0.03970562910885211,19.215265607697862,5.0847192162011625
547,40,45,15,Mode,40,[   0   54  348  498  722  843  995 1125 1746 2017],9,621,54,224.11111111111111,53914.13958075279,23.55932589328257,-0.044482658372479625,59.45299918695544,5.733186500520007,0.041684205440493116,20.591599800738166,4.533972725255023
548,40,45,15,Median,40,[   0   54  197  370  520  776  924 1125 1321 1795 2017],10,474,54,201.7,56134.19425907775,22.383355696935013,-0.046902369478232744,53.08366695216699,6.420687563625565,0.0383061548337896,20.33902253007075,5.121706730294542
549,40,45,15,Mode,40,[   0   54  197  348  498  843  995 1125 1270 1746 2017],10,476,54,201.7,45119.38958399596,21.30523997795371,-0.05157068239027148,53.39037922245668,6.54960522683688,0.03489490008429923,16.59093224860544,5.149522576367403
550,40,45,15,Median,40,[   0   54  197  370  520  723  843  995 1125 1323 1795 2017],11,472,54,183.36363636363637,41639.8061326241,21.459234954692622,-0.04977488523850856,49.944124432260445,6.098208407745082,0.03536458393814155,15.624694354181196,4.960710506078938
551,40,45,15,Mode,40,[   0   54  197  348  498  722  843  995 1125 1270 1746 2017],11,476,54,183.36363636363637,37964.08023403835,20.914893730860744,-0.049818557144223466,49.52762641286542,6.482530945460412,0.03266563362141424,14.17531029062196,5.184701074225585
552,40,45,15,Median,40,[   0   54  197  357  498  567  723  843  995 1125 1323 1795 2017],12,472,54,168.08333333333334,32169.559103890857,20.362597457815,-0.0492001710799658,46.541704504549806,6.301784243801811,0.03144276115068218,12.310571937539272,5.110805043899504
553,40,45,15,Mode,40,[   0   54  197  348  498  567  722  843  995 1125 1270 1646 1746 2017],13,376,54,155.15384615384616,27840.154927144467,19.65336169199455,-0.05202099609755683,42.496089362195654,7.058973473277887,0.028147992345335316,10.587356620308785,5.426088965750115
554,40,45,15,Median,40,"[   0   54  197  357  498  567  723  843  995 1125 1323 1561 1746 1812
 2017]",14,238,54,144.07142857142858,32795.30028600772,21.747496801256737,-0.07447514288691984,41.52566956600054,6.719712102008416,0.031498181625969575,13.128992764031551,5.068251661600901
555,40,45,15,Mode,40,"[   0   54  197  348  498  567  722  843  995 1125 1270 1646 1746 1812
 2017]",14,376,54,144.07142857142858,31064.10293917835,21.583708369701817,-0.07473291773346225,41.64470521335553,6.63534222639565,0.032423976519479016,12.449841840787558,4.9893406358879195
556,40,45,15,Median,40,"[   0   54  197  350  498  567  723  843  995 1117 1180 1323 1561 1746
 1812 2017]",15,238,54,134.46666666666667,27406.138899635764,21.107011263367003,-0.07457876368172121,39.31269084953313,6.780895039314339,0.029359939002277995,11.041435675541416,5.209386412298655
557,40,45,15,Mode,40,"[   0   54  197  348  498  567  722  843  995 1125 1200 1270 1646 1746
 1812 2017]",15,376,54,134.46666666666667,26177.354487036697,20.78170426491386,-0.0754292726416498,38.970262186583646,6.743821713740976,0.029436142097459272,10.51089927693839,5.174977674073368
558,40,45,15,Median,40,"[   0   54  197  357  498  567  723  843  915  995 1117 1200 1326 1561
 1746 1812 2017]",16,235,54,126.0625,26009.790889707492,21.16150759605862,-0.07679581289717739,37.290259051390414,6.728260132496988,0.029493083215711532,10.471195794219073,5.18323470620976
559,40,45,15,Mode,40,"[   0   54  197  348  498  567  722  843  920  995 1125 1200 1416 1646
 1746 1812 2017]",16,230,54,126.0625,25152.262568080037,20.957452216909417,-0.07727136640931004,37.02282426402939,7.064055587519748,0.030961566263799856,10.090452064000639,5.330187906424479
560,40,45,20,Median,40,[   0  548 1278 2017],3,739,548,672.3333333333334,463369.28281426255,35.190949059142056,0.023288809760740953,156.9609730506456,4.10806469081318,0.0876785511404974,158.91631734380846,3.448677394137495
561,40,45,20,Mode,40,[   0   54 1746 2017],3,1692,54,672.3333333333334,118211.71046215273,36.97131598461124,-0.06779338911807821,39.68430108727833,4.573651048611032,0.029874141103689092,37.76498026099932,3.8395319070540275
562,40,45,20,Median,40,[   0  441 2017],2,1576,441,1008.5,711601.383169617,45.443726727692585,0.10106362355899587,253.3141803963227,2.154006506659976,0.10106362355899587,253.3141803963227,2.154006506659976
563,40,45,20,Mode,40,[   0   54  843 1746 2017],4,903,54,504.25,137835.88366345956,28.531746462854585,-0.058080986684395305,57.307746422368886,4.721255817258189,0.019786229832777617,45.583962354581224,4.201018089090122
564,40,45,20,Median,40,[   0  201  635 1117 1761 2017],5,644,201,403.4,195695.50200328793,29.014885373544256,-0.025472842834881656,88.32638566526184,4.851098902525779,0.05375986225884194,67.35483821746602,3.9030759472515633
565,40,45,20,Mode,40,[   0   54  843  995 1746 2017],5,789,54,403.4,153714.82901193167,36.02866030127253,-0.06181248844989815,56.03050290859898,4.592518216923959,0.06414226293361046,50.7555109874734,3.4063034629930478
566,40,45,20,Median,40,[   0   84  499  782 1125 1761 2017],6,636,84,336.1666666666667,128582.77804818591,25.070329559653327,-0.03842809296696083,77.96344298194394,6.0921882462851285,0.04811198173383334,47.22996819357539,4.83988166920332
567,40,45,20,Mode,40,[   0   54  498  843  995 1746 2017],6,751,54,336.1666666666667,135029.5229239363,29.632785337844428,-0.04412059839714087,75.44984696838448,6.177766815565657,0.056374785392194336,49.01933725603883,3.725629870476857
568,40,45,20,Median,40,[   0   84  499  782 1117 1378 1795 2017],7,417,84,288.14285714285717,99959.70503234108,23.04817333487181,-0.04419837888933157,67.64552389092006,6.284818977993721,0.04101693210399111,36.625479989837594,5.1707877832933
569,40,45,20,Mode,40,[   0   54  498  843  995 1270 2017],6,747,54,336.1666666666667,131893.66908534785,29.838496501671774,-0.029047996634940235,79.5758673657394,6.515149802417478,0.059151573496720754,47.7293599927131,3.5178142480654757
570,40,45,20,Median,40,[   0  499 1164 2017],3,853,499,672.3333333333334,529792.0173307528,38.87725062857877,0.02874304224696475,174.26718978116895,3.8560808978904433,0.10681364990227661,184.13348167037708,3.177570964328663
571,40,45,20,Mode,40,[   0   54  498  843 1125 1746 2017],6,621,54,336.1666666666667,151452.65960298758,28.727691492403146,-0.03808903841868098,83.37693476238884,5.239933834212624,0.05502720826159271,55.81246603435361,3.879872451393676
572,40,45,20,Median,40,[   0   66  372  521  776  995 1164 1546 1795 2017],9,382,66,224.11111111111111,53086.22814802101,20.761417002256735,-0.047852778482741075,55.236877645122675,7.285920003925235,0.03774205588325852,19.97256090389853,5.905385925565152
573,40,45,20,Mode,40,[   0   54  348  498  843  995 1125 1746 2017],8,621,54,252.125,65392.40293737177,24.438975662748074,-0.045886802182634315,65.86803602373665,5.7638411057856125,0.045838772581213647,24.614012248162094,4.395782035298708
574,40,45,20,Median,40,[   0   66  372  521  776  994 1125 1289 1795 2017],9,506,66,224.11111111111111,52575.43914737753,22.047453765271896,-0.04620509476152827,56.15054727195984,6.106038038434445,0.040545939456494984,19.503818303965936,5.197367415406936
575,40,45,20,Mode,40,[   0   54  348  498  843  995 1125 1270 1746 2017],9,476,54,224.11111111111111,54250.317369461576,23.090001187235508,-0.048638325534278874,59.45140871869101,6.0921314041023455,0.04077331075219552,20.224896985924705,4.796173504407465
576,40,45,20,Median,40,[   0   54  197  372  521  776  994 1125 1289 1795 2017],10,506,54,201.7,44055.520983961054,20.678060501848595,-0.05008484401998425,50.954972525545244,6.303240120677177,0.035317588552144466,16.246933546651206,5.367303190623852
577,40,45,20,Mode,40,[   0   54  197  348  498  843  995 1125 1270 1746 2017],10,476,54,201.7,45119.38958399596,21.30523997795371,-0.05157068239027148,53.39037922245668,6.54960522683688,0.03489490008429923,16.59093224860544,5.149522576367403
578,40,45,20,Median,40,[   0   54  197  372  521  726  843  995 1128 1289 1795 2017],11,506,54,183.36363636363637,40103.36578945813,21.378995814535855,-0.049307586816749384,49.68936243443443,6.059027778022266,0.03513043204652215,15.028793943026988,4.906519575817085
579,40,45,20,Mode,40,[   0   54  197  348  498  776  843  995 1125 1270 1746 2017],11,476,54,183.36363636363637,47144.64772293536,23.879112814044497,-0.057041115879204136,49.80630894191671,6.679929862507115,0.03590445599289016,17.254079485060764,4.824466567593925
580,40,45,20,Median,40,[   0   54  197  372  521  726  843  995 1128 1289 1561 1746 1812 2017],13,272,54,155.15384615384616,39401.59957638193,22.724829125944428,-0.07551312718948026,43.74535852555838,6.359339407935716,0.03464276191677587,15.435545937735624,4.826562514088326
581,40,45,20,Mode,40,[   0   54  197  348  498  776  843  995 1125 1270 1746 1812 2017],12,476,54,168.08333333333334,50127.989487090126,26.26230633641114,-0.07633762714000937,48.11048186178528,6.042069477084617,0.03468354258141269,19.099078436520042,4.1244191030760184
582,40,45,20,Median,40,"[   0   54  197  357  498  567  726  843  995 1128 1289 1561 1746 1812
 2017]",14,272,54,144.07142857142858,31609.435109317452,21.67226667639246,-0.07433871761611634,41.42650454896505,6.532255494974095,0.031094362323517463,12.661622413918678,4.969577587170297
583,40,45,20,Mode,40,[   0   54  197  348  498  567  776  843  995 1125 1270 1746 1812 2017],13,476,54,155.15384615384616,40355.93327862265,25.178179383233857,-0.07485708140326314,45.477509991505514,6.512864685283139,0.03267803333994688,15.741291725585633,4.262694293573762
584,40,45,20,Median,40,"[   0   54  197  357  498  567  722  838  920  995 1128 1289 1546 1746
 1812 2017]",15,257,54,134.46666666666667,30492.548578379978,22.210559312632228,-0.07579651151772589,39.47729215522504,6.372588906111438,0.032962014040444,12.198693006931665,4.786183163251835
585,40,45,20,Mode,40,"[   0   54  197  348  498  567  722  843  920  995 1125 1270 1561 1746
 1812 2017]",15,291,54,134.46666666666667,30281.107143414858,22.165724888263664,-0.0757630370268517,39.66257569122834,6.571201544825575,0.033020573732466786,12.138108959086683,4.852560101507385
586,40,45,20,Median,40,"[   0   54  197  357  498  567  726  843  920  995 1125 1237 1375 1546
 1746 1812 2017]",16,205,54,126.0625,27362.96712919976,21.462068310679733,-0.07733710353875241,37.16028928285507,6.744095464158221,0.030706375675493454,11.071587319412876,4.896792216532323
587,40,45,20,Mode,40,"[   0   54  197  348  498  567  776  843  920  995 1125 1270 1561 1746
 1812 2017]",15,291,54,134.46666666666667,34209.2755325932,24.285731945234115,-0.07637678960359336,40.2064728948298,6.985365802940288,0.03647604448054142,13.677951790553431,4.482880784642087
588,40,50,10,Median,40,[   0  517 1278 2017],3,761,517,672.3333333333334,486048.79249882983,35.99139137600774,0.02489568062867729,166.96017931110666,4.098139631693374,0.08996236544460162,168.24937729488514,3.4380072217465063
589,40,50,10,Mode,40,[   0   54 1746 2017],3,1692,54,672.3333333333334,118211.71046215273,36.97131598461124,-0.06779338911807821,39.68430108727833,4.573651048611032,0.029874141103689092,37.76498026099932,3.8395319070540275
590,40,50,10,Median,40,[   0  490 1045 2017],3,972,490,672.3333333333334,449837.54168991774,36.531476608791365,0.02746266678324106,158.00841986118527,4.583476579903903,0.1038729777827351,156.35414561427515,3.7595818701743142
591,40,50,10,Mode,40,[   0   54 1125 1746 2017],4,1071,54,504.25,78120.17414478556,26.625594939576896,-0.07443728731847828,29.662629861813066,8.249995394003244,0.01822280418779947,24.18623140398398,6.8701120946680225
592,40,50,10,Median,40,[   0  197  548 1116 1746 2017],5,630,197,403.4,197464.4143435991,28.328677646362316,-0.022810138104149225,96.60849324161848,4.82367028588917,0.05456112286207878,68.77106146968104,4.068102558437558
593,40,50,10,Mode,40,[   0  567 1125 2017],3,892,558,672.3333333333334,521841.5579834932,39.52984551744514,0.028904520269599814,166.00592727238177,3.725908149380483,0.1136847933666495,180.7771315502762,3.021178146546009
594,40,50,10,Median,40,[   0  162  507  811 1125 1761 2017],6,636,162,336.1666666666667,126956.81605770365,25.879844723167004,-0.028993111909855426,82.60416947906592,5.415852332696766,0.051991022063039495,46.87446267875889,4.402740177597965
595,40,50,10,Mode,40,[   0   54  567  843 1125 1746 2017],6,621,54,336.1666666666667,140262.36281387619,28.799608677107802,-0.04016795707162365,79.55403797657345,5.028493136107756,0.053923247109928296,51.37983596422701,3.944204254797249
596,40,50,10,Median,40,[   0  162  364  517  812 1125 1761 2017],7,636,153,288.14285714285717,81608.1175148901,23.344449928671143,-0.034249381712205165,73.09549711394148,5.702379692990964,0.04483481504452563,30.258272875385725,4.675167408563655
597,40,50,10,Mode,40,[   0  348  567  843 1125 1746 2017],6,621,219,336.1666666666667,119412.72630177706,26.863450811897348,-0.0053897469894674975,89.26278726007129,5.261897314790123,0.05997964408764185,45.082782349949056,4.1421815016705335
598,40,50,10,Median,40,[   0  162  364  517  812 1125 1403 1761 2017],8,358,153,252.125,60161.97916351315,20.968862028639258,-0.03855171237760469,63.80906265546492,6.611305737823605,0.036115131428280434,21.84751116954697,5.486793618672968
599,40,50,10,Mode,40,[   0   54  348  567  843 1125 1416 1746 2017],8,330,54,252.125,74050.17360020318,22.627137886204824,-0.0424404244326737,65.95675505733178,6.570868172360457,0.03958193220158911,27.38857578987011,5.22772058136217
600,40,50,10,Median,40,[   0  162  364  517  722  903 1125 1416 1761 2017],9,345,153,224.11111111111111,56623.06314256934,21.52423264741413,-0.038587515699982415,59.147517850257245,6.468083418461141,0.03867477874128997,20.73222224188472,5.385621360162319
601,40,50,10,Mode,40,[   0   54  348  567  722  843 1125 1416 1746 2017],9,330,54,224.11111111111111,65148.22895829353,23.187192615152675,-0.04187631601317332,59.632539483796755,6.349215685461216,0.040850052919929714,24.207720234619856,5.049416881937564
602,40,50,10,Median,40,[   0   54  197  364  517  722  903 1125 1416 1761 2017],10,345,54,201.7,49709.02618132077,20.751673994073542,-0.047035872688352236,53.09764307101305,6.55919360678669,0.03445236679382718,18.188003615279765,5.44887754606376
603,40,50,10,Mode,40,[   0   54  197  348  567  722  843 1125 1416 1746 2017],10,330,54,201.7,52651.81738369111,21.44586400906616,-0.045079198107611726,53.551971342345226,6.764013965584185,0.03488351417482173,19.23340285881595,5.355221070816921
604,40,50,10,Median,40,[   0   54  197  364  517  722  888 1116 1200 1468 1761 2017],11,293,54,183.36363636363637,38302.37903934249,20.480667307260067,-0.04786438225142584,49.34368830332883,6.8866074026177415,0.031195583326729764,14.03842487779479,5.671149575996703
605,40,50,10,Mode,40,[   0   54  197  348  567  722  843 1125 1200 1746 2017],10,546,54,201.7,45159.168351575114,22.975889865013535,-0.04403366240452923,54.335752203963835,5.960563320119327,0.03646252258564625,16.6269316929713,4.674832402614398
606,40,50,10,Median,40,[   0   54  197  364  517  722  888 1116 1200 1771 2017],10,571,54,201.7,44616.2282819579,22.480397900188162,-0.04566294352507893,54.404543725512696,5.780708815910136,0.03629967451373238,16.472899555877774,4.735709710949954
607,40,50,10,Mode,40,[   0   54  197  348  567  722  843 1125 1200 1746 2017],10,546,54,201.7,45159.168351575114,22.975889865013535,-0.04403366240452923,54.335752203963835,5.960563320119327,0.03646252258564625,16.6269316929713,4.674832402614398
608,40,50,10,Median,40,[   0   54  197  364  515  721  838  920 1117 1200 1403 1646 1771 2017],13,246,54,155.15384615384616,31061.91229894725,19.37088097390757,-0.05751261587532132,41.8500270939494,7.266978411261359,0.025234672825210937,11.49471977864617,5.924933554642089
609,40,50,10,Mode,40,[   0   54  197  348  567  722  843  920 1125 1200 1416 1746 2017],12,330,54,168.08333333333334,34047.46448025572,20.038401124346244,-0.05342046101548984,45.18580231006382,7.471725502538482,0.028536602422185295,12.546508003904897,5.9223297322843855
610,40,50,10,Median,40,"[   0   54  197  350  499  567  722  838  920 1117 1200 1307 1646 1771
 2017]",14,339,54,144.07142857142858,23475.52166326132,18.661318428673525,-0.05645703835056534,39.462630448171915,7.005246296301144,0.022351696333474072,8.848452568037208,5.804054977797127
611,40,50,10,Mode,40,"[   0   54  197  348  507  567  722  843  920 1125 1200 1416 1646 1746
 2017]",14,271,54,144.07142857142858,22883.36866583501,18.548807544866964,-0.05581642318561742,39.1464813642276,7.613100760662456,0.02263155453812231,8.625450579312718,6.0472033983500575
612,40,50,10,Median,40,"[   0   54  197  350  499  567  722  838  920 1117 1200 1416 1646 1746
 1812 2017]",15,230,54,134.46666666666667,26782.052403680307,20.43221841166439,-0.07652801451980072,38.64718333209858,7.032670958450714,0.02743656006115298,10.675810559719718,5.569058734577888
613,40,50,10,Mode,40,"[   0   54  197  348  507  567  722  843  920 1125 1200 1416 1646 1746
 1812 2017]",15,230,54,134.46666666666667,26231.090838531432,20.420169041818536,-0.07659065010805,38.59262767110173,7.1596580324119445,0.02699614254319953,10.495037286971296,5.597286061149453
614,40,50,10,Median,40,"[   0   54  197  350  499  567  722  838  920 1045 1125 1203 1416 1646
 1746 1812 2017]",16,230,54,126.0625,23663.290728166103,20.256102092256125,-0.07729422934619394,36.86451916381991,7.084120982732758,0.02812505121850863,9.559240822842927,5.473864330196178
615,40,50,10,Mode,40,"[   0   54  197  348  507  567  722  843  920 1052 1125 1200 1416 1646
 1746 1812 2017]",16,230,54,126.0625,23495.30011787843,20.292268990257117,-0.07696416409959841,37.09216772076342,7.1198094873525655,0.027809419004502827,9.520204769511002,5.442720122779217
616,40,50,15,Median,40,[   0  548 1276 2017],3,741,548,672.3333333333334,463170.41164223,35.19391649735206,0.023334453380125905,156.89173275870903,4.11207625892959,0.08778690687519602,158.78878128541197,3.451329711546457
617,40,50,15,Mode,40,[   0   54 1746 2017],3,1692,54,672.3333333333334,118211.71046215273,36.97131598461124,-0.06779338911807821,39.68430108727833,4.573651048611032,0.029874141103689092,37.76498026099932,3.8395319070540275
618,40,50,15,Median,40,[   0  490  994 2017],3,1023,490,672.3333333333334,390791.33083847567,34.2413758949165,0.027566085382952014,149.94206319472042,5.3087220610936345,0.0984432849414562,137.73459499435288,4.351581126455994
619,40,50,15,Mode,40,[   0   54  843 1746 2017],4,903,54,504.25,137835.88366345956,28.531746462854585,-0.058080986684395305,57.307746422368886,4.721255817258189,0.019786229832777617,45.583962354581224,4.201018089090122
620,40,50,15,Median,40,[   0  201  577 1117 1761 2017],5,644,201,403.4,202222.45712508308,28.701303526439617,-0.023313283874686314,95.79417450640047,4.76790253772971,0.05560859500717345,70.34933778497386,3.9671538411480523
621,40,50,15,Mode,40,[   0   54  843 1125 2017],4,892,54,504.25,265214.5045514345,41.75119923375426,-0.03272396893041748,81.06445693772889,4.065888607537622,0.08039657256102839,88.85259844964357,2.462638333692592
622,40,50,15,Median,40,[   0  162  499  782 1125 1761 2017],6,636,162,336.1666666666667,119693.8006351762,24.824314186625898,-0.029888595037899677,80.60818406936315,6.010526120944103,0.05003574045141377,44.15757032798045,4.820280761845412
623,40,50,15,Mode,40,[   0   54  498  843 1125 1746 2017],6,621,54,336.1666666666667,151452.65960298758,28.727691492403146,-0.03808903841868098,83.37693476238884,5.239933834212624,0.05502720826159271,55.81246603435361,3.879872451393676
624,40,50,15,Median,40,[   0  162  499  722  915 1159 1761 2017],7,602,162,288.14285714285717,101592.09176944224,25.32344126250524,-0.029663021176512958,72.88454412593552,5.425106136925659,0.05267631928263963,38.078986737596715,4.476982544080736
625,40,50,15,Mode,40,[   0   54  498  776  843 1125 1746 2017],7,621,54,288.14285714285717,137454.91237411514,32.031313468322935,-0.05178945300593325,72.2645016928669,5.636875039117086,0.052670926477699165,50.57562794321265,3.475288384416629
626,40,50,15,Median,40,[   0  162  364  520  776  994 1164 1761 2017],8,597,156,252.125,60022.10424738266,21.69283326045971,-0.03755933638811991,62.67534948548086,6.547615087461402,0.04248462597715034,22.43207501395915,5.353244030426544
627,40,50,15,Mode,40,[   0   54  348  498  843  995 1125 1746 2017],8,621,54,252.125,65392.40293737177,24.438975662748074,-0.045886802182634315,65.86803602373665,5.7638411057856125,0.045838772581213647,24.614012248162094,4.395782035298708
628,40,50,15,Median,40,[   0  162  364  520  776  994 1159 1486 1771 2017],9,327,156,224.11111111111111,49474.43821615986,19.828980655222914,-0.04140246223375699,55.710834171340395,7.381308635148354,0.03587264533894631,18.222677746053073,6.122353234522295
629,40,50,15,Mode,40,[   0   54  348  498  843  995 1125 1416 1746 2017],9,345,54,224.11111111111111,53688.21170401879,22.087925800107225,-0.05027323018481903,58.49033175855041,6.803806340798106,0.03848013208969933,19.93502560056929,5.2943771709469925
630,40,50,15,Median,40,[   0  162  364  517  722  843 1109 1201 1795 2017],9,594,92,224.11111111111111,54705.61401948327,24.474741729024807,-0.03547938652117456,62.104563904474645,5.553900962889951,0.042843471625580574,20.36987787568744,4.257722144441638
631,40,50,15,Mode,40,[   0   54  348  498  776  843 1125 1200 1746 2017],9,546,54,224.11111111111111,61207.18513627589,27.69159468669023,-0.04923999042232524,60.538012299607374,5.563744588966466,0.040444321120659085,22.423960464246974,3.916934353135971
632,40,50,15,Median,40,[   0   54  197  370  520  776  924 1125 1289 1795 2017],10,506,54,201.7,54022.19166942686,22.434032795065924,-0.04647336791615445,53.18668270512272,6.356619636274646,0.038164543329738676,19.57881756389022,5.0433515540296705
633,40,50,15,Mode,40,[   0   54  197  348  498  843  995 1125 1270 1746 2017],10,476,54,201.7,45119.38958399596,21.30523997795371,-0.05157068239027148,53.39037922245668,6.54960522683688,0.03489490008429923,16.59093224860544,5.149522576367403
634,40,50,15,Median,40,[   0   54  197  364  517  722  843  995 1125 1289 1795 2017],11,506,54,183.36363636363637,41078.374338231675,21.505332006758906,-0.04883022988768066,50.3464335880762,6.1125795372627545,0.03558340176159818,15.419862685026681,4.905347427823836
635,40,50,15,Mode,40,[   0   54  197  348  498  776  843  995 1125 1270 1746 2017],11,476,54,183.36363636363637,47144.64772293536,23.879112814044497,-0.057041115879204136,49.80630894191671,6.679929862507115,0.03590445599289016,17.254079485060764,4.824466567593925
636,40,50,15,Median,40,[   0   54  197  350  498  567  723  843  995 1125 1289 1795 2017],12,506,54,168.08333333333334,31357.580203153335,20.341189218818574,-0.048626232159294805,46.65049292846088,6.241849752138237,0.031225730252471693,11.999189441501267,5.063391745597155
637,40,50,15,Mode,40,[   0   54  197  348  498  567  776  843  995 1125 1270 1746 2017],12,476,54,168.08333333333334,36755.435655894,22.913082821702613,-0.05567620208582994,46.74428817472529,7.13680297260364,0.03360563560115678,13.758766614174071,4.911671551362564
638,40,50,15,Median,40,"[   0   54  197  357  499  567  723  843  995 1125 1289 1561 1746 1812
 2017]",14,272,54,144.07142857142858,32119.90131985801,21.806666361134663,-0.07430970246093355,41.63702776881229,6.533928700085157,0.03161708027281576,12.860108909013633,4.95089316973405
639,40,50,15,Mode,40,[   0   54  197  348  498  567  776  843  995 1125 1270 1746 1812 2017],13,476,54,155.15384615384616,40355.93327862265,25.178179383233857,-0.07485708140326314,45.477509991505514,6.512864685283139,0.03267803333994688,15.741291725585633,4.262694293573762
640,40,50,15,Median,40,"[   0   54  197  357  499  567  722  838  920  995 1125 1289 1561 1746
 1812 2017]",15,272,54,134.46666666666667,30305.481020568306,22.126428412439235,-0.0759174724163879,39.46506174689661,6.471671672524,0.0331600463476852,12.111926208542215,4.859929101595533
641,40,50,15,Mode,40,"[   0   54  197  348  498  567  722  843  920  995 1125 1270 1646 1746
 1812 2017]",15,376,54,134.46666666666667,29107.640583167256,21.869148793669297,-0.07631052097876154,39.5271583082572,6.618640953031996,0.03356631588403166,11.665402996076539,4.884936581739928
642,40,50,15,Median,40,"[   0   54  197  357  499  567  722  838  920  995 1117 1174 1289 1561
 1746 1812 2017]",16,272,54,126.0625,25533.942195954925,21.421255662503636,-0.07625514935835523,37.49829006588582,6.5367368584563454,0.03035562445877376,10.28284124128791,5.004971497637755
643,40,50,15,Mode,40,"[   0   54  197  348  498  567  722  843  920  995 1125 1200 1270 1646
 1746 1812 2017]",16,376,54,126.0625,24677.10618490246,21.101582267602705,-0.0769683904040505,37.17450903490066,6.721384302003469,0.03070151446584305,9.908019192798053,5.0651580876562114
644,40,50,20,Median,40,[   0  567 1416 2017],3,849,567,672.3333333333334,436446.98530061,32.9612861297688,0.01582617258230146,149.82569716261105,4.383178353987322,0.07259969512927318,150.12525653800478,3.7032321733134625
645,40,50,20,Mode,40,[   0  843 1746 2017],3,903,271,672.3333333333334,189575.11964941665,21.508608706607653,-0.01312889487358618,67.11568977100775,5.468951079878586,0.02348750264437709,62.799102356629255,5.062442118936684
646,40,50,20,Median,40,[   0  454 2017],2,1563,454,1008.5,716738.6410615364,45.1362987280379,0.10154659314422962,255.37469916335573,2.172768986483738,0.10154659314422962,255.37469916335573,2.172768986483738
647,40,50,20,Mode,40,[   0   54  843 1746 2017],4,903,54,504.25,137835.88366345956,28.531746462854585,-0.058080986684395305,57.307746422368886,4.721255817258189,0.019786229832777617,45.583962354581224,4.201018089090122
648,40,50,20,Median,40,[   0  201  661 1117 1761 2017],5,644,201,403.4,187437.67971235997,28.840904200861807,-0.027351743699481557,83.35092356114458,4.942554312558584,0.05158153736335354,63.97660037083212,3.920666005182556
649,40,50,20,Mode,40,[   0   54  843  995 1746 2017],5,789,54,403.4,153714.82901193167,36.02866030127253,-0.06181248844989815,56.03050290859898,4.592518216923959,0.06414226293361046,50.7555109874734,3.4063034629930478
650,40,50,20,Median,40,[   0  162  499  780 1125 1761 2017],6,636,162,336.1666666666667,119471.18985829999,24.8297917910162,-0.029864666753868254,80.64265163262827,5.991068952935443,0.050012755209961346,44.06080307802297,4.809627832948683
651,40,50,20,Mode,40,[   0   54  498  843  995 1746 2017],6,751,54,336.1666666666667,135029.5229239363,29.632785337844428,-0.04412059839714087,75.44984696838448,6.177766815565657,0.056374785392194336,49.01933725603883,3.725629870476857
652,40,50,20,Median,40,[   0  162  499  780 1117 1375 1795 2017],7,420,162,288.14285714285717,92195.42606881021,22.836500418193182,-0.03542592425351462,69.89126448057111,6.208435333313533,0.04269728606305479,33.90801741815424,5.1532590231366235
653,40,50,20,Mode,40,[   0   54  498  843  995 1270 2017],6,747,54,336.1666666666667,131893.66908534785,29.838496501671774,-0.029047996634940235,79.5758673657394,6.515149802417478,0.059151573496720754,47.7293599927131,3.5178142480654757
654,40,50,20,Median,40,[   0  162  499  726  915 1159 1486 1795 2017],8,337,162,252.125,83127.42470748116,23.205805267966642,-0.034985882794446393,64.35861128055518,6.345583008053955,0.044072013798806556,30.820852223869487,5.127178654973747
655,40,50,20,Mode,40,[   0   54  498  776  843 1125 1326 2017],7,691,54,288.14285714285717,128093.36030283211,33.04107335434495,-0.047354383465957516,73.01418076416886,5.567336793700185,0.05340255408357109,46.38960898816648,3.249878264021579
656,40,50,20,Median,40,[   0  162  372  520  726  915 1162 1795 2017],8,633,148,252.125,75696.41309283127,23.766819712006885,-0.03371778344273563,66.54633463134356,5.594405790825905,0.04830187427721366,28.680413370703327,4.518118994386777
657,40,50,20,Mode,40,[   0   54  348  498  776  843 1125 1746 2017],8,621,54,252.125,89035.9000829905,28.76154227083013,-0.04926474805164919,67.19704038310421,5.666005209823306,0.04624615766319838,33.117503562761684,3.7093770283947376
658,40,50,20,Median,40,[   0  162  372  520  726  915 1125 1289 1795 2017],9,506,148,224.11111111111111,57641.18323430449,23.162619289232367,-0.03637422635289126,60.75485731394276,5.620810669870085,0.043466879590947395,21.220086900159348,4.656068126337097
659,40,50,20,Mode,40,[   0   54  348  498  776  843 1125 1270 1746 2017],9,476,54,224.11111111111111,67234.53719289022,27.120892866341045,-0.0484201946163689,60.627678640614555,5.979386703023682,0.04075601213879799,24.521892084035066,4.176003602158963
660,40,50,20,Median,40,[   0   54  197  372  520  776  994 1125 1289 1795 2017],10,506,54,201.7,44107.81734133863,20.658245529546022,-0.050007641414235,51.10852734428052,6.318897975990195,0.03516742459604829,16.278011476562313,5.376838819395012
661,40,50,20,Mode,40,[   0   54  197  348  498  843  995 1125 1270 1746 2017],10,476,54,201.7,45119.38958399596,21.30523997795371,-0.05157068239027148,53.39037922245668,6.54960522683688,0.03489490008429923,16.59093224860544,5.149522576367403
662,40,50,20,Median,40,[   0  162  372  520  726  843  995 1125 1278 1544 1746 1812 2017],12,266,66,168.08333333333334,44761.22593910561,23.8338872280651,-0.06794298249017458,47.80937552081036,6.166897950535749,0.03860777493425041,17.595134652326546,4.626464946336285
663,40,50,20,Mode,40,[   0   54  348  498  776  843  995 1125 1270 1746 1812 2017],11,476,54,183.36363636363637,57933.59170577205,28.18582193968232,-0.0759458266603201,52.41377057806034,5.637057748938592,0.03936513536544107,22.257064845166916,3.739229498178929
664,40,50,20,Median,40,[   0   54  197  357  499  567  726  843  995 1125 1289 1795 2017],12,506,54,168.08333333333334,31096.480325771263,20.312935559481705,-0.04879904274075377,46.519667845989254,6.238846501712622,0.031250771949304354,11.90472388987356,5.069884049212693
665,40,50,20,Mode,40,[   0   54  197  348  498  567  776  843  995 1125 1270 1746 2017],12,476,54,168.08333333333334,36755.435655894,22.913082821702613,-0.05567620208582994,46.74428817472529,7.13680297260364,0.03360563560115678,13.758766614174071,4.911671551362564
666,40,50,20,Median,40,"[   0   54  197  357  499  567  726  843  995 1125 1289 1546 1746 1812
 2017]",14,257,54,144.07142857142858,32178.078564987285,21.84412256722701,-0.07439898344049317,41.67662999991655,6.415631299985721,0.03142393813936715,12.924601024384092,4.8873321967245
667,40,50,20,Mode,40,"[   0   54  197  348  498  567  776  843  995 1125 1270 1561 1746 1812
 2017]",14,291,54,144.07142857142858,38055.59643164915,24.27555234126619,-0.0747818135663241,42.369615521519385,7.08714075150853,0.034928747775399824,14.966598935379741,4.66176318716311
668,40,50,20,Median,40,"[   0   54  197  357  499  567  726  843  995 1117 1174 1289 1561 1746
 1812 2017]",15,272,54,134.46666666666667,26630.810492611836,20.997174025984823,-0.07503676359052167,39.28269260093014,6.653742669909502,0.02868148086890058,10.761776820631692,5.136553031495497
669,40,50,20,Mode,40,"[   0   54  197  348  498  567  776  843  995 1125 1174 1270 1646 1746
 1812 2017]",15,376,49,134.46666666666667,31234.899739769236,23.302052319201923,-0.07479036526968491,39.84670930529447,7.5058176043231954,0.032803720248464466,12.339218956836826,4.739403271054137
670,40,50,20,Median,40,"[   0   54  197  357  499  567  722  838  920  995 1117 1174 1289 1561
 1746 1812 2017]",16,272,54,126.0625,25533.942195954925,21.421255662503636,-0.07625514935835523,37.49829006588582,6.5367368584563454,0.03035562445877376,10.28284124128791,5.004971497637755
671,40,50,20,Mode,40,"[   0   54  197  348  498  567  722  843  920  995 1125 1174 1270 1646
 1746 1812 2017]",16,376,49,126.0625,24433.422850209234,21.39778003120385,-0.07651567762729877,37.48974970550943,6.610974929934012,0.031164426310189317,9.8744536441995,4.912304385516057
672,20,35,10,Median,40,[   0  548 1554 2017],3,1006,463,672.3333333333334,389586.29777314974,30.206959060186975,0.0110393836924813,140.62345811604786,4.966045225829224,0.05739073778237574,135.1621791111032,4.241927108504423
673,20,35,10,Mode,40,[   0   54 1746 2017],3,1692,54,672.3333333333334,118211.71046215273,36.97131598461124,-0.06779338911807821,39.68430108727833,4.573651048611032,0.029874141103689092,37.76498026099932,3.8395319070540275
674,20,35,10,Median,40,[   0  490 2017],2,1527,490,1008.5,746678.8859819926,44.8644477223048,0.1085593136352861,267.4584070908963,2.2036974691485325,0.1085593136352861,267.4584070908963,2.2036974691485325
675,20,35,10,Mode,40,[   0   54  722 1746 2017],4,1024,54,504.25,163609.60300774642,28.74278834459704,-0.052258925448084345,69.43803962277205,4.670017115292135,0.021098645216726553,55.11093501458175,4.076859946473206
676,20,35,10,Median,40,[   0  197  567 1121 1791 2017],5,670,197,403.4,213821.4830507578,29.64496122339873,-0.024232052657377372,99.20254246481781,4.501126103168004,0.059868803881184894,75.14835014898968,3.722111091696271
677,20,35,10,Mode,40,[   0  567 1125 2017],3,892,558,672.3333333333334,521841.5579834932,39.52984551744514,0.028904520269599814,166.00592727238177,3.725908149380483,0.1136847933666495,180.7771315502762,3.021178146546009
678,20,35,10,Median,40,[   0   54  507  811 1125 1791 2017],6,666,54,336.1666666666667,144142.53385603093,27.86781601570147,-0.039884860536963225,80.65331274371341,4.973334198925835,0.053885417660991655,53.42279287473475,4.071856646972563
679,20,35,10,Mode,40,[   0   54  567  722 1125 1746 2017],6,621,54,336.1666666666667,114547.1620388034,28.022618953748292,-0.03976774600463005,78.09148686934765,4.9471138163558495,0.05259995548815285,42.15679513295887,4.10148714002959
680,20,35,10,Median,40,[   0   54  507  811 1125 1795 2017],6,670,54,336.1666666666667,145056.09022395298,27.99676879735214,-0.039750101956465965,80.86924522409731,4.939013696902703,0.05448252197450124,53.81517651474422,4.036901735489834
681,20,35,10,Mode,40,[   0   54  567  722 1125 1746 2017],6,621,54,336.1666666666667,114547.1620388034,28.022618953748292,-0.03976774600463005,78.09148686934765,4.9471138163558495,0.05259995548815285,42.15679513295887,4.10148714002959
682,20,35,10,Median,40,[   0   54  507  811 1125 1761 2017],6,636,54,336.1666666666667,139168.57342094716,27.225639759006775,-0.03981849574248061,79.8488013706855,5.237055240553155,0.051151979412453696,51.34601257121926,4.2578331633580095
683,20,35,10,Mode,40,[   0   54  567  722 1125 1746 2017],6,621,54,336.1666666666667,114547.1620388034,28.022618953748292,-0.03976774600463005,78.09148686934765,4.9471138163558495,0.05259995548815285,42.15679513295887,4.10148714002959
684,20,35,10,Median,40,[   0   54  364  521  811 1125 1416 1761 2017],8,345,54,252.125,64824.08665480022,22.17868233159076,-0.04433123745901668,63.14480277141626,6.422766536789126,0.03793515882891019,23.817163620294203,5.3269191366879225
685,20,35,10,Mode,40,[   0   54  348  567  722 1125 1416 1746 2017],8,403,54,252.125,64066.72776123613,21.90454574486918,-0.0417764054689189,64.85666497821123,6.4238332138592105,0.03715114292470855,23.88774747998818,5.3322826896047415
686,20,35,10,Median,40,[   0   54  364  520  722  843 1125 1416 1761 2017],9,345,54,224.11111111111111,61234.28156398515,23.038480560721972,-0.04224853819816081,59.31706358935318,6.172432902039554,0.03911498640103268,22.666590287835152,5.016442903363386
687,20,35,10,Mode,40,[   0   54  348  567  722  811 1125 1416 1746 2017],9,330,54,224.11111111111111,57216.50136466819,21.93310323473564,-0.04457348588736899,57.70526142389266,6.630548655167807,0.0356714871749287,21.381932034006653,5.343982283966918
688,20,35,10,Median,40,[   0   54  197  364  520  722  843 1125 1416 1761 2017],10,345,54,201.7,50844.26183505382,21.128434460296578,-0.045213350059289156,53.43715483185791,6.565046864370801,0.03348714012817406,18.592509315373906,5.321822355566386
689,20,35,10,Mode,40,[   0   54  197  348  567  722  811 1125 1416 1746 2017],10,330,54,201.7,45601.39285602413,20.331117893139904,-0.047769665091501115,51.83260952725562,7.017213638320117,0.030280344623709717,16.721591124937554,5.617056983731902
690,20,35,10,Median,40,[   0   54  197  364  520  722  843 1125 1403 1554 1761 2017],11,282,54,183.36363636363637,45204.25738683279,20.28430083197821,-0.0529708463131944,48.789883767787586,6.6051536346749655,0.02877570176468359,16.556214547743167,5.442282726606706
691,20,35,10,Mode,40,[   0   54  197  348  567  722  811 1125 1416 1544 1746 2017],11,314,54,183.36363636363637,42234.94110038531,20.04465536901405,-0.05718640100761938,47.54144898445194,6.82038615997256,0.0266015757434672,15.590952961068577,5.465779724376597
692,20,35,10,Median,40,[   0   54  197  364  520  722  843 1110 1200 1416 1554 1761 2017],12,267,54,168.08333333333334,36407.2869833712,20.215005300974976,-0.05349149187606079,45.59054832958083,6.988103631136863,0.02797210507658785,13.378549429432605,5.596526279134957
693,20,35,10,Mode,40,[   0   54  197  348  567  722  811 1125 1416 1544 1746 2017],11,314,54,183.36363636363637,42234.94110038531,20.04465536901405,-0.05718640100761938,47.54144898445194,6.82038615997256,0.0266015757434672,15.590952961068577,5.465779724376597
694,20,35,10,Median,40,[   0   54  197  364  498  567  722  843 1052 1128 1403 1554 1761 2017],13,275,54,155.15384615384616,25485.587552125027,19.243127240968416,-0.056232872899907055,42.25359134496585,6.94616131725028,0.027312660335941888,9.623718244729984,5.453877788397378
695,20,35,10,Mode,40,[   0   54  197  348  490  567  722  811 1052 1125 1416 1544 1746 2017],13,291,54,155.15384615384616,22500.053950708836,18.40473144669495,-0.05889914734789941,41.0323847406237,7.142911096157343,0.02370691407910697,8.697931149428532,5.68582101776148
696,20,35,10,Median,40,"[   0   54  197  364  498  567  722  843 1045 1125 1201 1416 1554 1761
 2017]",14,256,54,144.07142857142858,22830.091901052005,18.767049903416886,-0.057278953648779767,39.597735795347454,7.2179429656023,0.024750439603407046,8.634455352789358,5.676996008450906
697,20,35,10,Mode,40,"[   0   54  197  348  490  567  722  811 1052 1125 1200 1416 1544 1746
 2017]",14,271,54,144.07142857142858,20383.226882840503,18.138566816709538,-0.05858561826944205,38.66324598906382,7.194076491210621,0.022302458493358327,7.900065218573455,5.747245809237368
698,20,35,10,Median,40,"[   0   54  197  364  498  567  722  838  915 1112 1177 1403 1554 1746
 1812 2017]",15,226,54,134.46666666666667,27866.74195918788,21.539299158675572,-0.07619991739913531,39.24929105156774,6.466459061649004,0.027346252160958852,11.215227215476983,4.937114632785751
699,20,35,10,Mode,40,"[   0   54  197  348  490  567  722  811  903 1125 1416 1544 1746 1812
 2017]",14,291,54,144.07142857142858,37459.94159274276,22.019686421205808,-0.07328202735887376,40.764804213009945,6.604969577002426,0.029119395710155968,14.715325581752296,4.880365636982665
700,20,35,15,Median,40,[   0  567 1544 2017],3,977,473,672.3333333333334,388514.69232800824,30.103371134873555,0.011944179282451561,140.59413384786515,4.931340385026606,0.05766084997648152,134.5849321499283,4.219972888829501
701,20,35,15,Mode,40,[   0   54 1746 2017],3,1692,54,672.3333333333334,118211.71046215273,36.97131598461124,-0.06779338911807821,39.68430108727833,4.573651048611032,0.029874141103689092,37.76498026099932,3.8395319070540275
702,20,35,15,Median,40,[   0  490 2017],2,1527,490,1008.5,746678.8859819926,44.8644477223048,0.1085593136352861,267.4584070908963,2.2036974691485325,0.1085593136352861,267.4584070908963,2.2036974691485325
703,20,35,15,Mode,40,[   0   54  722 1746 2017],4,1024,54,504.25,163609.60300774642,28.74278834459704,-0.052258925448084345,69.43803962277205,4.670017115292135,0.021098645216726553,55.11093501458175,4.076859946473206
704,20,35,15,Median,40,[   0  197  615 1112 1795 2017],5,683,197,403.4,206340.43615447538,30.05080791879626,-0.025881493615702193,91.60456687031709,4.533472868601958,0.058455250284122795,71.75145621351527,3.6167229805808563
705,20,35,15,Mode,40,[   0  567 1125 2017],3,892,558,672.3333333333334,521841.5579834932,39.52984551744514,0.028904520269599814,166.00592727238177,3.725908149380483,0.1136847933666495,180.7771315502762,3.021178146546009
706,20,35,15,Median,40,[   0   54  507  811 1125 1795 2017],6,670,54,336.1666666666667,145056.09022395298,27.99676879735214,-0.039750101956465965,80.86924522409731,4.939013696902703,0.05448252197450124,53.81517651474422,4.036901735489834
707,20,35,15,Mode,40,[   0   54  567  722 1125 1746 2017],6,621,54,336.1666666666667,114547.1620388034,28.022618953748292,-0.03976774600463005,78.09148686934765,4.9471138163558495,0.05259995548815285,42.15679513295887,4.10148714002959
708,20,35,15,Median,40,[   0   54  507  811 1116 1812 2017],6,696,54,336.1666666666667,148927.33368126297,28.641069153963837,-0.040225499817413204,81.7008229849243,4.78687240870923,0.05681437062920027,55.39618830021973,3.878461981499379
709,20,35,15,Mode,40,[   0   54  567  722 1125 1326 1746 2017],7,513,54,288.14285714285717,86803.72223445609,25.56803836953934,-0.043779315266101244,67.08976832999349,5.939978341651722,0.04355129722569669,31.467209264378685,4.900478319843429
710,20,35,15,Median,40,[   0   54  372  528  811 1116 1416 1812 2017],8,396,54,252.125,70302.64967781855,23.638123152244784,-0.046292057587524964,64.30186302093966,5.619324913024574,0.043119636018264844,26.101227292633506,4.647522910228676
711,20,35,15,Mode,40,[   0   54  348  567  722 1125 1326 1746 2017],8,420,54,252.125,65461.269773788015,22.849475660591516,-0.04039273953128754,65.69397025211862,6.067029035684138,0.03882911709766431,24.412746803232398,4.9635415709028985
712,20,35,15,Median,40,[   0   54  372  528  811 1116 1416 1761 2017],8,345,54,252.125,65583.50905680623,22.459071128987073,-0.04472690491840826,62.562344743032334,6.287198708968008,0.0389869215004918,23.99932526731765,5.227800965102163
713,20,35,15,Mode,40,[   0   54  348  567  722 1125 1326 1746 2017],8,420,54,252.125,65461.269773788015,22.849475660591516,-0.04039273953128754,65.69397025211862,6.067029035684138,0.03882911709766431,24.412746803232398,4.9635415709028985
714,20,35,15,Median,40,[   0   54  372  528  739  903 1125 1416 1761 2017],9,345,54,224.11111111111111,59537.80308036061,22.4446711326933,-0.04498337972509276,57.34745545341532,6.337575403391865,0.03972666009514447,21.95541041855156,5.278667671383008
715,20,35,15,Mode,40,[   0   54  348  567  722  843 1125 1326 1746 2017],9,420,54,224.11111111111111,65850.54568467016,23.977826659967825,-0.04046972220588737,60.378754715576385,6.055640156034891,0.04261452810697818,24.4841579355037,4.7461065332329095
716,20,35,15,Median,40,[   0   54  364  520  924 1125 1326 1791 2017],8,465,54,252.125,77540.55260286068,25.37430260243227,-0.04419931383131797,66.62636110116809,5.180389731917998,0.04900153169179276,28.48452496632735,4.365435162767798
717,20,35,15,Mode,40,[   0   54  348  567  722  995 1125 1326 1544 1746 2017],10,294,54,201.7,48332.309645227004,20.87625643584891,-0.04947572469438321,52.57190618576539,6.792277620535775,0.03569616716926372,18.391803815036052,5.619276218117152
718,20,35,15,Median,40,[   0   54  197  364  520  739  903 1125 1326 1791 2017],10,465,54,201.7,51320.59809464994,21.52692290170855,-0.046347564153768034,53.63554395205885,6.059416435012844,0.03622065381274744,18.86795094228839,5.1008192657067895
719,20,35,15,Mode,40,[   0   54  197  348  567  722  843 1125 1326 1544 1746 2017],11,282,54,183.36363636363637,47687.07977747694,20.890514267587744,-0.04674908316577,49.31337668572983,6.7200261251216284,0.03328720685982679,17.4328947939363,5.501813654673972
720,20,35,15,Median,40,[   0   54  197  364  520  726  843  995 1125 1326 1791 2017],11,465,54,183.36363636363637,41063.74875938403,21.243616450960673,-0.049917776833057675,49.90130855641935,6.1895309954880755,0.034761347690694354,15.430408186678486,5.041290168304867
721,20,35,15,Mode,40,[   0   54  197  348  567  722  843  995 1125 1326 1544 1746 2017],12,271,54,168.08333333333334,37918.37572003258,20.257404045205554,-0.05199175579824551,45.568724691801684,6.9919971334339515,0.03238616359083851,14.12816305896255,5.599856216178195
722,20,35,15,Median,40,[   0   54  197  350  498  567  726  843  995 1125 1326 1791 2017],12,465,54,168.08333333333334,31435.128688513374,20.11371045390169,-0.049600510806674596,46.31565973881182,6.366018090387691,0.030544297639656368,12.0307399768503,5.186290262426709
723,20,35,15,Mode,40,[   0   54  197  348  490  567  722  843  995 1125 1326 1544 1746 2017],13,271,54,155.15384615384616,27864.308868964206,18.945256924418704,-0.0518899235318326,42.45733091045838,6.978131215625803,0.0281296185191993,10.578620866036578,5.749150769398064
724,20,35,15,Median,40,[   0   54  197  364  498  567  726  843  994 1109 1180 1326 1791 2017],13,465,54,155.15384615384616,25406.795864347325,19.778875363647497,-0.0513876118917136,43.29567943444801,6.5098319118476455,0.028804908135019874,9.689038977581909,5.279186054102815
725,20,35,15,Mode,40,[   0   54  197  348  490  567  722  843  995 1125 1326 1544 1746 2017],13,271,54,155.15384615384616,27864.308868964206,18.945256924418704,-0.0518899235318326,42.45733091045838,6.978131215625803,0.0281296185191993,10.578620866036578,5.749150769398064
726,20,35,15,Median,40,"[   0   54  197  364  498  567  726  843  994 1109 1174 1326 1561 1746
 1812 2017]",15,235,54,134.46666666666667,27334.96410264825,21.243210884827867,-0.07502743050039139,39.36887524941749,6.757134117577297,0.029789811088342336,11.063506055999385,5.1445689035981195
727,20,35,15,Mode,40,"[   0   54  197  348  490  567  722  843  995 1125 1326 1544 1746 1812
 2017]",14,218,54,144.07142857142858,33088.50427402776,21.734503276974536,-0.07438186210696694,41.60803866064405,6.645440046698339,0.031762462855149914,13.265550122317718,5.029732549222397
728,20,35,20,Median,40,[   0  567 1544 2017],3,977,473,672.3333333333334,388514.69232800824,30.103371134873555,0.011944179282451561,140.59413384786515,4.931340385026606,0.05766084997648152,134.5849321499283,4.219972888829501
729,20,35,20,Mode,40,[   0   54 1746 2017],3,1692,54,672.3333333333334,118211.71046215273,36.97131598461124,-0.06779338911807821,39.68430108727833,4.573651048611032,0.029874141103689092,37.76498026099932,3.8395319070540275
730,20,35,20,Median,40,[   0  461 2017],2,1556,461,1008.5,719856.1744368838,44.99047279844687,0.10193651889501251,256.62694651520746,2.1820503474520954,0.10193651889501251,256.62694651520746,2.1820503474520954
731,20,35,20,Mode,40,[   0   54  843 1746 2017],4,903,54,504.25,137835.88366345956,28.531746462854585,-0.058080986684395305,57.307746422368886,4.721255817258189,0.019786229832777617,45.583962354581224,4.201018089090122
732,20,35,20,Median,40,[   0  197  615 1112 1791 2017],5,679,197,403.4,205134.09335991903,29.894262757259746,-0.02585932786926801,91.35077720315368,4.578857829441691,0.05776340423688364,71.2512919423578,3.659689998135163
733,20,35,20,Mode,40,[   0   54  567  995 1746 2017],5,751,54,403.4,192946.5018208011,28.822441161500226,-0.04163487086411983,82.54927633362915,4.812856961510263,0.04927038059741233,66.96462610905398,4.238852758077621
734,20,35,20,Median,40,[   0  507 1125 2017],3,892,507,672.3333333333334,525306.6184594315,39.09721724083795,0.029206041823806945,172.40688190474262,3.892494742542326,0.10985014425172365,182.75372198983314,3.190112929373944
735,20,35,20,Mode,40,[   0   54  567  843  995 1746 2017],6,751,54,336.1666666666667,125089.92768478669,29.74261638577331,-0.04580859268097291,71.75027413543873,5.5421006819689085,0.05508149108475574,44.99785802533305,3.7453083365245936
736,20,35,20,Median,40,[   0  507 1116 2017],3,901,507,672.3333333333334,523630.66472722706,39.13484384013395,0.029246103846554326,172.00671038532437,3.903477396211521,0.11030869994802309,181.91169984538433,3.198061532526717
737,20,35,20,Mode,40,[   0   54  567  843  995 1544 2017],6,549,54,336.1666666666667,124586.19416443289,29.548756872280535,-0.04136528890565346,72.20941173504437,6.003432566536561,0.055502009711331235,44.57105869734513,3.853373376906106
738,20,35,20,Median,40,[   0   54  372  528  791 1116 1544 1812 2017],8,428,54,252.125,69400.86140340501,22.728241448486624,-0.04722796601254123,62.743757350781486,6.382394949250582,0.04094810380920504,25.799508451389915,5.14735025081615
739,20,35,20,Mode,40,[   0   54  348  567  843  995 1544 2017],7,549,54,288.14285714285717,84355.0583593147,25.950662880852153,-0.039857337806685086,69.40364334833389,6.106763920083298,0.04989115813211251,31.108124154572575,4.1077593399886965
740,20,35,20,Median,40,[   0   54  372  528  791 1116 1480 1761 2017],8,364,54,252.125,64657.21030299784,21.86045014991038,-0.04492286149463377,61.678239804075226,6.824646543880319,0.03802037202523227,23.772755855610892,5.581605466076809
741,20,35,20,Mode,40,[   0   54  348  567  843  995 1544 2017],7,549,54,288.14285714285717,84355.0583593147,25.950662880852153,-0.039857337806685086,69.40364334833389,6.106763920083298,0.04989115813211251,31.108124154572575,4.1077593399886965
742,20,35,20,Median,40,[   0   54  372  528  776  994 1162 1480 1761 2017],9,318,54,224.11111111111111,52445.264995393285,20.955441718005098,-0.04725562060293391,54.58620004431272,7.109479402531474,0.037500375275177654,19.44523358274853,5.926963647297345
743,20,35,20,Mode,40,[   0   54  348  567  843  995 1174 1544 1746 2017],9,370,54,224.11111111111111,63565.18432172417,22.86528336491869,-0.046702771446656466,59.63975085393702,6.4438093324689065,0.04245869891789928,24.073725707716935,4.900129414964939
744,20,35,20,Median,40,[   0   54  372  528  737  903 1125 1326 1795 2017],9,469,54,224.11111111111111,62100.65498504169,23.71147035834386,-0.04371807720051237,58.950370472459525,5.538904668071173,0.04327699443668617,23.048710838828452,4.680620384433931
745,20,35,20,Mode,40,[   0  348  567  776  843 1174 1544 2017],7,473,67,288.14285714285717,113822.59053778338,31.463375525326484,-0.01755765935950858,78.16387633233633,7.357721402110873,0.05788209549861779,42.14919117482119,3.506463520295727
746,20,35,20,Median,40,[   0   54  364  520  726  843  995 1125 1326 1795 2017],10,469,54,201.7,49514.46033223085,23.029229362307273,-0.04681178881694238,54.86371337637402,5.792864799198865,0.040222319558820836,18.834690420735843,4.704021758113003
747,20,35,20,Mode,40,[   0   54  348  567  776  843  995 1174 1544 2017],9,473,54,224.11111111111111,77690.09276947925,28.72895046066531,-0.04901265308966768,61.68878559002473,7.286966062394334,0.05284954896742934,29.0696724150974,3.821395966813977
748,20,35,20,Median,40,[   0   54  357  498  567  726  843  995 1125 1326 1795 2017],11,469,54,183.36363636363637,37695.745640379144,21.631666048721105,-0.0465357568835078,50.50474174751882,5.95890293539947,0.035463157236726016,14.607550155066823,4.856635073836612
749,20,35,20,Mode,40,[   0   54  348  507  567  776  843  995 1174 1326 1544 1746 2017],12,294,54,168.08333333333334,40832.61608185514,23.15634119800884,-0.05211131764201089,46.73954337456759,7.796710629998561,0.03448753448264134,15.445718054351227,5.1400824168917385
750,20,35,20,Median,40,[   0   54  197  357  498  567  742  843  995 1125 1326 1795 2017],12,469,54,168.08333333333334,31578.006385338842,20.2513103039878,-0.04993002999605956,46.031536415628125,6.435143055933286,0.03052055982712838,12.078483295634776,5.173507829682695
751,20,35,20,Mode,40,[   0   54  197  348  507  567  776  843  995 1174 1326 1544 1746 2017],13,271,54,155.15384615384616,34854.36747757375,21.81386813933413,-0.05424914837657405,43.26447438523728,8.004440465128743,0.03055315629460255,13.011199882206276,5.374101441992404
752,20,35,20,Median,40,"[   0   54  197  357  498  567  726  843  994 1109 1180 1375 1554 1795
 2017]",14,241,54,144.07142857142858,23428.130486551887,18.785327738363666,-0.05604357082723005,40.41468603789241,7.266392107700517,0.025894816000481307,8.913173229807784,5.812743119430744
753,20,35,20,Mode,40,"[   0   54  197  348  507  567  776  843  995 1109 1174 1326 1544 1746
 2017]",14,271,54,144.07142857142858,28296.31795028647,21.06267389635237,-0.05633354692679336,41.00084563497754,7.6457599180183635,0.028826809661261894,10.673558350993646,5.510033124468176
754,20,35,20,Median,40,"[   0   54  197  357  498  567  726  843  994 1109 1174 1326 1546 1746
 1812 2017]",15,220,54,134.46666666666667,27638.812232987282,21.25490137639528,-0.07456507164256822,39.669244867325666,6.741313552869449,0.029677739452630036,11.21867187968915,5.13082642727283
755,20,35,20,Mode,40,"[   0   54  197  348  507  567  776  843  995 1109 1174 1326 1544 1746
 1812 2017]",15,218,54,134.46666666666667,33116.4987491796,23.501444297158947,-0.07456983051824398,40.35755210838851,7.290739580193227,0.032150365748783,13.161782840043484,4.85908175180005
756,20,40,10,Median,40,[   0  528 1544 2017],3,1016,473,672.3333333333334,397754.8411068465,30.62519368566734,0.012524147739342044,144.90165812919807,4.97073596520319,0.059063669669136405,138.34457665406708,4.241569564002001
757,20,40,10,Mode,40,[   0   54 1746 2017],3,1692,54,672.3333333333334,118211.71046215273,36.97131598461124,-0.06779338911807821,39.68430108727833,4.573651048611032,0.029874141103689092,37.76498026099932,3.8395319070540275
758,20,40,10,Median,40,[   0  490  994 2017],3,1023,490,672.3333333333334,390791.33083847567,34.2413758949165,0.027566085382952014,149.94206319472042,5.3087220610936345,0.0984432849414562,137.73459499435288,4.351581126455994
759,20,40,10,Mode,40,[   0   54  722 1746 2017],4,1024,54,504.25,163609.60300774642,28.74278834459704,-0.052258925448084345,69.43803962277205,4.670017115292135,0.021098645216726553,55.11093501458175,4.076859946473206
760,20,40,10,Median,40,[   0  197  567 1117 1795 2017],5,678,197,403.4,215089.71043893107,29.832846910670828,-0.024264068830880264,99.41193229739797,4.445941968708363,0.06070896626091669,75.6234005707454,3.674145513449756
761,20,40,10,Mode,40,[   0  567 1125 2017],3,892,558,672.3333333333334,521841.5579834932,39.52984551744514,0.028904520269599814,166.00592727238177,3.725908149380483,0.1136847933666495,180.7771315502762,3.021178146546009
762,20,40,10,Median,40,[   0   54  499  811 1125 1795 2017],6,670,54,336.1666666666667,145454.84449111408,27.965761174573004,-0.0398252299278309,80.87780928378196,4.922358756989843,0.054445616782295335,53.939946635250934,4.013373057244986
763,20,40,10,Mode,40,[   0   54  567  722 1125 1746 2017],6,621,54,336.1666666666667,114547.1620388034,28.022618953748292,-0.03976774600463005,78.09148686934765,4.9471138163558495,0.05259995548815285,42.15679513295887,4.10148714002959
764,20,40,10,Median,40,[   0   54  499  811 1125 1746 2017],6,621,54,336.1666666666667,137806.85094828386,27.00079608876598,-0.039375507248349276,79.73415028729885,5.284419335458247,0.05041525181998345,50.75865964363733,4.287903078047245
765,20,40,10,Mode,40,[   0   54  567  722 1125 1746 2017],6,621,54,336.1666666666667,114547.1620388034,28.022618953748292,-0.03976774600463005,78.09148686934765,4.9471138163558495,0.05259995548815285,42.15679513295887,4.10148714002959
766,20,40,10,Median,40,[   0   54  499  811 1125 1761 2017],6,636,54,336.1666666666667,139567.32768810826,27.194632136227654,-0.03982950959177022,79.85732928652979,5.195495808592604,0.05111507422024779,51.47078269172596,4.234304485113161
767,20,40,10,Mode,40,[   0   54  567  722 1125 1746 2017],6,621,54,336.1666666666667,114547.1620388034,28.022618953748292,-0.03976774600463005,78.09148686934765,4.9471138163558495,0.05259995548815285,42.15679513295887,4.10148714002959
768,20,40,10,Median,40,[   0   54  364  520  811 1125 1416 1761 2017],8,345,54,252.125,64503.21978744528,22.12444771885625,-0.04431364547502707,63.30527110654594,6.436245357399308,0.037530263176178844,23.710883746105242,5.339908601339276
769,20,40,10,Mode,40,[   0   54  348  567  722 1125 1416 1746 2017],8,403,54,252.125,64066.72776123613,21.90454574486918,-0.0417764054689189,64.85666497821123,6.4238332138592105,0.03715114292470855,23.88774747998818,5.3322826896047415
770,20,40,10,Median,40,[   0   54  364  520  724  903 1125 1416 1761 2017],9,345,54,224.11111111111111,59721.80760275587,22.559873379413546,-0.04424454210032575,58.81153597888232,6.168264076842934,0.03993568859536738,22.136106412766274,5.1694064621736535
771,20,40,10,Mode,40,[   0   54  348  567  722  843 1125 1416 1746 2017],9,330,54,224.11111111111111,65148.22895829353,23.187192615152675,-0.04187631601317332,59.632539483796755,6.349215685461216,0.040850052919929714,24.207720234619856,5.049416881937564
772,20,40,10,Median,40,[   0   54  364  517  722  888 1125 1350 1771 2017],9,421,54,224.11111111111111,59384.22664538793,22.9811711609385,-0.042601155999240636,59.31684349925253,5.79257120688483,0.040819046559217864,21.996818111356664,4.935551689803215
773,20,40,10,Mode,40,[   0   54  348  567  722  811 1125 1416 1746 2017],9,330,54,224.11111111111111,57216.50136466819,21.93310323473564,-0.04457348588736899,57.70526142389266,6.630548655167807,0.0356714871749287,21.381932034006653,5.343982283966918
774,20,40,10,Median,40,[   0   54  197  364  517  723  903 1125 1350 1771 2017],10,421,54,201.7,49203.36295768899,21.073830596516867,-0.045985844980018814,53.408577776734234,6.241900726460858,0.03529501242711581,17.99954728914558,5.257679882538022
775,20,40,10,Mode,40,[   0   54  197  348  567  722  843 1125 1416 1746 2017],10,330,54,201.7,52651.81738369111,21.44586400906616,-0.045079198107611726,53.551971342345226,6.764013965584185,0.03488351417482173,19.23340285881595,5.355221070816921
776,20,40,10,Median,40,[   0   54  197  364  517  722  851 1112 1200 1561 1771 2017],11,361,54,183.36363636363637,40519.38304617459,21.217891370256982,-0.0455487364144415,50.09827311938016,6.889832552981954,0.03319977409943563,14.880636913123928,5.498928193168751
777,20,40,10,Mode,40,[   0   54  197  348  567  722  811 1125 1200 1746 2017],10,546,54,201.7,40246.10684313101,21.913052243887076,-0.046780580854439875,52.60666129752111,6.21543817092829,0.03161149171606837,14.9359462338582,4.926495324301139
778,20,40,10,Median,40,[   0   54  197  364  517  722  812  920 1112 1200 1375 1561 1771 2017],13,246,54,155.15384615384616,33690.769483139484,19.9676237606885,-0.05377977160669573,42.1507081388472,7.25008577864177,0.02922274556129247,12.331885102237605,5.796662202370928
779,20,40,10,Mode,40,[   0   54  197  348  567  722  920 1125 1200 1746 2017],10,546,54,201.7,45188.23590105432,22.64571443609615,-0.045799091949036676,54.13764336876701,5.9188787542283325,0.0373989903921949,16.598603407795835,4.7864197062656055
780,20,40,10,Median,40,[   0   54  197  364  517  722  838  920 1112 1200 1561 1746 1812 2017],13,361,54,155.15384615384616,39638.16411521726,23.18248423104869,-0.07598303743147353,44.62740419015422,6.207730887332081,0.03379735441864103,15.494761152377428,4.77096590582246
781,20,40,10,Mode,40,[   0   54  197  348  567  722  920 1125 1200 1746 1812 2017],11,546,54,183.36363636363637,47977.81571068664,25.234362842061433,-0.07237882559960028,51.81333700674713,5.598347713662343,0.03528070098550537,18.383001533345166,4.1144741743351805
782,20,40,10,Median,40,"[   0   54  197  364  498  567  722  838  920 1112 1200 1403 1561 1746
 1812 2017]",15,205,54,134.46666666666667,29719.74686184726,21.524042001746075,-0.07621041448268681,39.100849662374216,6.544026494606806,0.027954456324443686,11.842965417157107,4.985533802458682
783,20,40,10,Mode,40,"[   0   54  197  348  498  567  722  811  920 1125 1200 1416 1646 1746
 1812 2017]",15,230,54,134.46666666666667,27633.513367988016,20.790848546977884,-0.07338184121223221,38.31069288808491,7.201657773947618,0.02894412146629759,10.911575081208554,5.564259853945188
784,20,40,15,Median,40,[   0  567 1544 2017],3,977,473,672.3333333333334,388514.69232800824,30.103371134873555,0.011944179282451561,140.59413384786515,4.931340385026606,0.05766084997648152,134.5849321499283,4.219972888829501
785,20,40,15,Mode,40,[   0   54 1746 2017],3,1692,54,672.3333333333334,118211.71046215273,36.97131598461124,-0.06779338911807821,39.68430108727833,4.573651048611032,0.029874141103689092,37.76498026099932,3.8395319070540275
786,20,40,15,Median,40,[   0  489  995 2017],3,1022,489,672.3333333333334,395070.20318065316,34.474419814564605,0.02819872482092638,150.63085387362537,5.233432473611508,0.09949702147467387,136.597499109877,4.296471641442749
787,20,40,15,Mode,40,[   0   54  843 1746 2017],4,903,54,504.25,137835.88366345956,28.531746462854585,-0.058080986684395305,57.307746422368886,4.721255817258189,0.019786229832777617,45.583962354581224,4.201018089090122
788,20,40,15,Median,40,[   0  197  573 1116 1795 2017],5,679,197,403.4,216147.12510367992,29.951254130678535,-0.024250326932214336,99.18955108510303,4.444191226101934,0.061004539691999975,75.99244227160938,3.6538419667277218
789,20,40,15,Mode,40,[   0   54  567  995 1746 2017],5,751,54,403.4,192946.5018208011,28.822441161500226,-0.04163487086411983,82.54927633362915,4.812856961510263,0.04927038059741233,66.96462610905398,4.238852758077621
790,20,40,15,Median,40,[   0   54  498  811 1125 1795 2017],6,670,54,336.1666666666667,145614.25186217896,27.97416857841939,-0.03979631603281614,80.91092748107683,4.914205560951405,0.05447135893209946,53.99807224874456,4.007815639772542
791,20,40,15,Mode,40,[   0   54  567  843  995 1746 2017],6,751,54,336.1666666666667,125089.92768478669,29.74261638577331,-0.04580859268097291,71.75027413543873,5.5421006819689085,0.05508149108475574,44.99785802533305,3.7453083365245936
792,20,40,15,Median,40,[   0   54  498  811 1116 1375 1812 2017],7,444,54,288.14285714285717,110583.98682122584,25.418825604342732,-0.04624483173063145,70.28350478898717,5.66697810310719,0.045675913422101,40.70081838927017,4.471334019528418
793,20,40,15,Mode,40,[   0   54  567  843  995 1270 1746 2017],7,513,54,288.14285714285717,101037.821744831,26.51380882686732,-0.04773094652218839,64.73252487386381,7.618875686897053,0.04708353002797421,36.22820373043094,4.419017583030939
794,20,40,15,Median,40,[   0  498 1162 2017],3,855,498,672.3333333333334,528498.1582784591,38.844430746846704,0.02877836992224641,174.06729065960243,3.8642619353402132,0.10669452131689729,183.55512661370076,3.185582878084255
795,20,40,15,Mode,40,[   0   54  567  843 1125 1746 2017],6,621,54,336.1666666666667,140262.36281387619,28.799608677107802,-0.04016795707162365,79.55403797657345,5.028493136107756,0.053923247109928296,51.37983596422701,3.944204254797249
796,20,40,15,Median,40,[   0   54  372  528  811 1116 1375 1771 2017],8,396,54,252.125,64173.395327478815,22.688116690361515,-0.04429598390533085,62.914661790987765,5.939221865566119,0.039678233741012654,23.57841208612251,4.965647129357059
797,20,40,15,Mode,40,[   0   54  348  567  843  995 1270 1746 2017],8,476,54,252.125,69918.04425753,23.86329226927345,-0.04480636462365758,63.57728323348432,7.50873844959812,0.043476868629123464,25.880381974756492,4.556256379083898
798,20,40,15,Median,40,[   0   54  372  521  922 1125 1375 1771 2017],8,401,54,252.125,73462.19384419048,24.48948832183354,-0.04455469405988124,65.02058613825105,5.780725386940643,0.046986648135145186,26.81539152382458,4.6740929315631385
799,20,40,15,Mode,40,[   0   54  348  567  843  995 1125 1270 1746 2017],9,476,54,224.11111111111111,57835.46477266994,22.927481578463826,-0.04763011341244325,59.666607492363674,6.08404640783289,0.040129879349507194,21.756482419605362,4.829384939563937
800,20,40,15,Median,40,[   0   54  372  528  922 1122 1326 1795 2017],8,469,54,252.125,78677.12556234126,25.719382781376883,-0.04445599935139006,66.02366525167095,5.100399676104731,0.051119207651388596,28.844689764039003,4.2796002970999885
801,20,40,15,Mode,40,[   0   54  348  567  843  995 1125 1270 1746 2017],9,476,54,224.11111111111111,57835.46477266994,22.927481578463826,-0.04763011341244325,59.666607492363674,6.08404640783289,0.040129879349507194,21.756482419605362,4.829384939563937
802,20,40,15,Median,40,[   0   54  197  372  528  776  922 1122 1326 1795 2017],10,469,54,201.7,56692.643587048435,22.520610849009206,-0.04726413512745412,52.797080326589224,6.3464631446019055,0.03897182538262703,20.52432771593526,5.068119583445238
803,20,40,15,Mode,40,[   0   54  197  348  567  843  995 1125 1270 1746 2017],10,476,54,201.7,46151.5825520257,21.215009754231627,-0.05076679083022832,53.582364465354786,6.525361615718692,0.034243359890001705,17.054524801025295,5.159637122040363
804,20,40,15,Median,40,[   0   54  197  372  520  726  843  995 1125 1326 1795 2017],11,469,54,183.36363636363637,41195.81456513433,21.354231255967836,-0.050039881392898986,49.84810489763416,6.129791502752769,0.035181358273733164,15.476722671806588,4.990802414695501
805,20,40,15,Mode,40,[   0   54  197  348  567  722  843  995 1125 1270 1746 2017],11,476,54,183.36363636363637,41261.89950556707,21.574408666862055,-0.048904493381990335,49.784540636294324,6.5489989542497,0.03541445496491841,15.371246194252432,5.077380831496528
806,20,40,15,Median,40,[   0   54  197  364  498  567  737  888  995 1125 1326 1795 2017],12,469,54,168.08333333333334,31473.90964174642,20.321397590957627,-0.05079390387899584,45.74476341267784,6.048827873212851,0.0322349389546375,12.012544507873587,5.102537683977127
807,20,40,15,Mode,40,[   0   54  197  348  498  567  722  843  995 1125 1270 1646 1746 2017],13,376,54,155.15384615384616,27840.154927144467,19.65336169199455,-0.05202099609755683,42.496089362195654,7.058973473277887,0.028147992345335316,10.587356620308785,5.426088965750115
808,20,40,15,Median,40,[   0   54  197  364  498  567  723  838  922 1110 1180 1326 1795 2017],13,469,54,155.15384615384616,25570.087835436967,19.800015769238865,-0.05219905929544401,43.339888983889644,6.304889126508788,0.026960059218276378,9.714330136156141,5.279315101397456
809,20,40,15,Mode,40,"[   0   54  197  348  498  567  722  843  995 1125 1200 1270 1646 1746
 2017]",14,376,54,144.07142857142858,22825.49874884068,18.93815316973885,-0.05317563117409902,39.54329072932961,7.144942120656291,0.02525924636578664,8.642532722354206,5.592409750729658
810,20,40,15,Median,40,"[   0   54  197  350  498  567  726  843  924 1110 1180 1326 1561 1746
 1812 2017]",15,235,54,134.46666666666667,27233.102562278036,20.98156853909303,-0.07537007988253985,39.332971472135135,6.827372786493732,0.027683542047903433,10.959399204121556,5.310559306875345
811,20,40,15,Mode,40,"[   0   54  197  348  498  567  722  843  995 1125 1200 1270 1646 1746
 1812 2017]",15,376,54,134.46666666666667,26177.354487036697,20.78170426491386,-0.0754292726416498,38.970262186583646,6.743821713740976,0.029436142097459272,10.51089927693839,5.174977674073368
812,20,40,20,Median,40,[   0  567 1480 2017],3,913,537,672.3333333333334,412592.63320924406,31.65497558691041,0.014698241103191567,146.11297787164787,4.532118568725315,0.06485922945249531,142.403252880934,3.8766270001028547
813,20,40,20,Mode,40,[   0   54 1746 2017],3,1692,54,672.3333333333334,118211.71046215273,36.97131598461124,-0.06779338911807821,39.68430108727833,4.573651048611032,0.029874141103689092,37.76498026099932,3.8395319070540275
814,20,40,20,Median,40,[   0  461 2017],2,1556,461,1008.5,719856.1744368838,44.99047279844687,0.10193651889501251,256.62694651520746,2.1820503474520954,0.10193651889501251,256.62694651520746,2.1820503474520954
815,20,40,20,Mode,40,[   0   54  843 1746 2017],4,903,54,504.25,137835.88366345956,28.531746462854585,-0.058080986684395305,57.307746422368886,4.721255817258189,0.019786229832777617,45.583962354581224,4.201018089090122
816,20,40,20,Median,40,[   0  197  635 1112 1795 2017],5,683,197,403.4,206038.98576310358,30.214359784456803,-0.02658087147031829,89.98805820543976,4.566488944341697,0.05845448727771442,71.52522402747492,3.595866275756126
817,20,40,20,Mode,40,[   0   54  843  995 1746 2017],5,789,54,403.4,153714.82901193167,36.02866030127253,-0.06181248844989815,56.03050290859898,4.592518216923959,0.06414226293361046,50.7555109874734,3.4063034629930478
818,20,40,20,Median,40,[   0   54  499  791 1125 1795 2017],6,670,54,336.1666666666667,140012.78324975382,27.11024705602157,-0.04029094931110441,79.27033086808389,5.408929436786628,0.05316548204865189,52.010641796298614,4.3790556281810815
819,20,40,20,Mode,40,[   0   54  567  843  995 1746 2017],6,751,54,336.1666666666667,125089.92768478669,29.74261638577331,-0.04580859268097291,71.75027413543873,5.5421006819689085,0.05508149108475574,44.99785802533305,3.7453083365245936
820,20,40,20,Median,40,[   0   54  499  791 1117 1812 2017],6,695,54,336.1666666666667,142962.97093960902,27.63673504718339,-0.04089530783083164,79.87094951731285,5.230538153284731,0.05510363394434255,53.233421036147625,4.237966535395346
821,20,40,20,Mode,40,[   0   54  567  843  995 1746 2017],6,751,54,336.1666666666667,125089.92768478669,29.74261638577331,-0.04580859268097291,71.75027413543873,5.5421006819689085,0.05508149108475574,44.99785802533305,3.7453083365245936
822,20,40,20,Median,40,[   0   54  372  548  811 1117 1544 1812 2017],8,427,54,252.125,73979.83695023184,23.15196469894892,-0.047046183697475145,63.4965527763445,6.060788444861667,0.04132771319102938,27.551001130504428,4.925811924583544
823,20,40,20,Mode,40,[   0   54  348  567  843  995 1646 1746 2017],8,651,54,252.125,68824.23170112356,24.157116961407052,-0.05300670252490746,60.09399929847882,6.28229513844911,0.04066018399982114,25.50645270967623,4.442446771139234
824,20,40,20,Median,40,[   0   54  372  548  811 1112 1375 1771 2017],8,396,54,252.125,65275.407001766085,22.604706798322077,-0.04457643998803571,62.754967682322295,5.921293043210815,0.039011368583433285,24.0542045729779,4.967013494545805
825,20,40,20,Mode,40,[   0   54  348  567  843  995 1270 1746 2017],8,476,54,252.125,69918.04425753,23.86329226927345,-0.04480636462365758,63.57728323348432,7.50873844959812,0.043476868629123464,25.880381974756492,4.556256379083898
826,20,40,20,Median,40,[   0   54  372  528  776  994 1159 1416 1771 2017],9,355,54,224.11111111111111,51040.994773863,20.911157240192274,-0.047517163519804194,54.29196105700301,7.3100523838582045,0.037134840748866665,18.83818762281761,5.950923929665262
827,20,40,20,Mode,40,[   0   54  348  567  843  995 1174 1326 1746 2017],9,420,54,224.11111111111111,60108.59320372789,23.047316160490745,-0.0475465887194518,59.599026344341894,6.530129856414614,0.03936719137818144,22.516200349992655,4.880619413247763
828,20,40,20,Median,40,[   0   54  372  528  924 1120 1326 1795 2017],8,469,54,252.125,78128.71930993887,25.662432265027324,-0.04470856389513802,65.78022131364135,5.110023770984195,0.0509169927162067,28.63143890640684,4.291059541883421
829,20,40,20,Mode,40,[   0   54  348  567  843  995 1174 1270 1746 2017],9,476,54,224.11111111111111,58065.93774298973,23.440572127609393,-0.0490148696776271,59.54095977698001,6.270027806011045,0.038108424418830146,21.694875411490138,4.6741758781315115
830,20,40,20,Median,40,[   0   54  372  528  726  843  995 1125 1326 1795 2017],10,469,54,201.7,49549.93123079563,23.123507323803363,-0.04721717363956269,54.11699771247752,5.79160066463571,0.04083558672777035,18.776205586777554,4.689938305214724
831,20,40,20,Mode,40,[   0   54  348  567  776  843  995 1174 1270 1746 2017],10,476,54,201.7,63536.921319901165,27.104508000903607,-0.05160286147661914,55.45736613782729,7.894610236731323,0.04439313932991689,23.46357252929583,4.235892492443898
832,20,40,20,Median,40,[   0   54  197  372  528  726  843  995 1125 1326 1795 2017],11,469,54,183.36363636363637,41060.734402908514,21.351918219407626,-0.050380202509056754,49.44491071146323,6.121548490359393,0.03528381187969074,15.403829467684636,4.980074695577981
833,20,40,20,Mode,40,[   0   54  197  348  567  776  843  995 1174 1270 1746 2017],11,476,54,183.36363636363637,52451.281666598225,25.14558071685065,-0.05382912290913264,50.41028736453797,8.13120916854583,0.03866894581832098,19.061101661604724,4.592468701384685
834,20,40,20,Median,40,[   0   54  197  370  518  722  915  995 1125 1326 1795 2017],11,469,54,183.36363636363637,44301.84458846368,22.728004608424598,-0.050097825127224556,50.40737339974784,5.807368152378455,0.04249581962609196,16.504980334092856,4.711969813786944
835,20,40,20,Mode,40,[   0   54  197  348  567  722  843  920  995 1174 1270 1746 2017],12,476,54,168.08333333333334,38168.82002596633,22.349974149739115,-0.054368515461121716,46.22086983127201,6.611589422672235,0.035606619134764914,14.114890091652615,4.896439698693747
836,20,40,20,Median,40,[   0   54  197  364  498  567  726  843  915  995 1125 1326 1795 2017],13,469,54,155.15384615384616,29122.46710009649,20.572196896753173,-0.05204502292553969,43.235182794589946,6.202126801866681,0.03172504408349885,11.15141646384629,5.0073468898885976
837,20,40,20,Mode,40,"[   0   54  197  348  498  567  776  843  920  995 1174 1270 1646 1746
 2017]",14,376,54,144.07142857142858,30576.30560143632,22.76779552411228,-0.05887223210225831,40.61855492320868,8.217506621567912,0.032782385705361856,11.593793237071027,4.835971073172063
838,20,40,20,Median,40,"[   0   54  197  364  498  567  722  811  924 1109 1200 1375 1561 1746
 1812 2017]",15,205,54,134.46666666666667,30980.879284228584,21.838692535541206,-0.07315183461172149,38.82044421934554,6.704356674402605,0.03032921577167329,12.222408074768111,5.016090748025045
839,20,40,20,Mode,40,"[   0   54  197  348  498  567  722  843  995 1125 1174 1326 1646 1746
 1812 2017]",15,320,49,134.46666666666667,26424.338336332276,21.11096821311278,-0.07456096612802504,39.367952572627054,6.659389378407777,0.030804187316610113,10.689819433737787,4.998279380005825
840,20,45,10,Median,40,[   0  520 2017],2,1497,520,1008.5,742588.4738640866,43.8646308792914,0.10748656860470554,265.799960097111,2.2671903348872657,0.10748656860470554,265.799960097111,2.2671903348872657
841,20,45,10,Mode,40,[   0   54 1746 2017],3,1692,54,672.3333333333334,118211.71046215273,36.97131598461124,-0.06779338911807821,39.68430108727833,4.573651048611032,0.029874141103689092,37.76498026099932,3.8395319070540275
842,20,45,10,Median,40,[   0  490  994 2017],3,1023,490,672.3333333333334,390791.33083847567,34.2413758949165,0.027566085382952014,149.94206319472042,5.3087220610936345,0.0984432849414562,137.73459499435288,4.351581126455994
843,20,45,10,Mode,40,[   0   54 1125 1746 2017],4,1071,54,504.25,78120.17414478556,26.625594939576896,-0.07443728731847828,29.662629861813066,8.249995394003244,0.01822280418779947,24.18623140398398,6.8701120946680225
844,20,45,10,Median,40,[   0  197  567 1117 1795 2017],5,678,197,403.4,215089.71043893107,29.832846910670828,-0.024264068830880264,99.41193229739797,4.445941968708363,0.06070896626091669,75.6234005707454,3.674145513449756
845,20,45,10,Mode,40,[   0  567 1125 2017],3,892,558,672.3333333333334,521841.5579834932,39.52984551744514,0.028904520269599814,166.00592727238177,3.725908149380483,0.1136847933666495,180.7771315502762,3.021178146546009
846,20,45,10,Median,40,[   0   54  499  811 1125 1795 2017],6,670,54,336.1666666666667,145454.84449111408,27.965761174573004,-0.0398252299278309,80.87780928378196,4.922358756989843,0.054445616782295335,53.939946635250934,4.013373057244986
847,20,45,10,Mode,40,[   0   54  567  722 1125 1746 2017],6,621,54,336.1666666666667,114547.1620388034,28.022618953748292,-0.03976774600463005,78.09148686934765,4.9471138163558495,0.05259995548815285,42.15679513295887,4.10148714002959
848,20,45,10,Median,40,[   0   54  499  811 1125 1746 2017],6,621,54,336.1666666666667,137806.85094828386,27.00079608876598,-0.039375507248349276,79.73415028729885,5.284419335458247,0.05041525181998345,50.75865964363733,4.287903078047245
849,20,45,10,Mode,40,[   0   54  567  722 1125 1746 2017],6,621,54,336.1666666666667,114547.1620388034,28.022618953748292,-0.03976774600463005,78.09148686934765,4.9471138163558495,0.05259995548815285,42.15679513295887,4.10148714002959
850,20,45,10,Median,40,[   0   54  364  517  811 1125 1746 2017],7,621,54,288.14285714285717,84206.23736104932,24.60934993717071,-0.038981027164301116,72.67242062064722,5.3544184334747245,0.04610860278743358,31.48460391677679,4.424248285195734
851,20,45,10,Mode,40,[   0   54  348  567  722 1125 1746 2017],7,621,54,288.14285714285717,85023.72753396611,24.441865695941004,-0.037218213623969966,74.53671759806079,5.228458730989773,0.04558263562837237,32.14499128352483,4.308226129567944
852,20,45,10,Median,40,[   0   54  364  517  811 1125 1416 1761 2017],8,345,54,252.125,64394.67775136045,22.145316404133634,-0.04422741209415616,63.40413214955584,6.418466945857374,0.037586726802906964,23.65444771257623,5.334169120330274
853,20,45,10,Mode,40,[   0   54  348  567  722 1125 1416 1746 2017],8,403,54,252.125,64066.72776123613,21.90454574486918,-0.0417764054689189,64.85666497821123,6.4238332138592105,0.03715114292470855,23.88774747998818,5.3322826896047415
854,20,45,10,Median,40,[   0   54  364  517  722  888 1125 1416 1761 2017],9,345,54,224.11111111111111,59884.07097059718,22.591624463166134,-0.04372997079424315,58.985386405803084,6.154272281737525,0.039698404857660824,22.186847775115364,5.153967122460296
855,20,45,10,Mode,40,[   0   54  348  567  722  843 1125 1416 1746 2017],9,330,54,224.11111111111111,65148.22895829353,23.187192615152675,-0.04187631601317332,59.632539483796755,6.349215685461216,0.040850052919929714,24.207720234619856,5.049416881937564
856,20,45,10,Median,40,[   0   54  197  364  517  722  903 1125 1416 1761 2017],10,345,54,201.7,49709.02618132077,20.751673994073542,-0.047035872688352236,53.09764307101305,6.55919360678669,0.03445236679382718,18.188003615279765,5.44887754606376
857,20,45,10,Mode,40,[   0   54  197  348  567  722  843 1125 1416 1746 2017],10,330,54,201.7,52651.81738369111,21.44586400906616,-0.045079198107611726,53.551971342345226,6.764013965584185,0.03488351417482173,19.23340285881595,5.355221070816921
858,20,45,10,Median,40,[   0   54  197  364  517  722  888 1125 1326 1646 1771 2017],11,320,54,183.36363636363637,46938.00273607967,21.0289577575411,-0.050078645306722326,48.92692740527167,6.636922991020639,0.03238841437139063,17.290511802425222,5.183676355934714
859,20,45,10,Mode,40,[   0   54  197  348  567  722  843 1125 1416 1746 2017],10,330,54,201.7,52651.81738369111,21.44586400906616,-0.045079198107611726,53.551971342345226,6.764013965584185,0.03488351417482173,19.23340285881595,5.355221070816921
860,20,45,10,Median,40,[   0   54  197  364  517  722  847 1112 1200 1771 2017],10,571,54,201.7,46406.611733923135,23.065585368712053,-0.04361851504327555,55.10319592838605,5.773057851701062,0.03711545790840844,17.138884648077138,4.585766389853257
861,20,45,10,Mode,40,[   0   54  197  348  567  722  843 1125 1200 1746 2017],10,546,54,201.7,45159.168351575114,22.975889865013535,-0.04403366240452923,54.335752203963835,5.960563320119327,0.03646252258564625,16.6269316929713,4.674832402614398
862,20,45,10,Median,40,[   0   54  197  364  517  722  838  920 1116 1200 1350 1646 1771 2017],13,296,54,155.15384615384616,31623.60384885916,19.624727588196752,-0.056774036551416024,42.09096237207065,7.0308608388961185,0.02602567148873418,11.719033664696335,5.73859387825156
863,20,45,10,Mode,40,[   0   54  197  348  567  722  843  920 1125 1200 1416 1746 2017],12,330,54,168.08333333333334,34047.46448025572,20.038401124346244,-0.05342046101548984,45.18580231006382,7.471725502538482,0.028536602422185295,12.546508003904897,5.9223297322843855
864,20,45,10,Median,40,"[   0   54  197  357  499  567  722  838  920 1116 1200 1468 1646 1771
 2017]",14,268,54,144.07142857142858,25168.491919530537,19.212818760771484,-0.05655350218427218,39.76407722246966,7.409354598135432,0.023893500588501475,9.547391759142347,5.496503776583507
865,20,45,10,Mode,40,"[   0   54  197  348  507  567  722  843  920 1125 1200 1416 1646 1746
 2017]",14,271,54,144.07142857142858,22883.36866583501,18.548807544866964,-0.05581642318561742,39.1464813642276,7.613100760662456,0.02263155453812231,8.625450579312718,6.0472033983500575
866,20,45,10,Median,40,"[   0   54  197  357  499  567  722  838  920 1116 1200 1416 1646 1746
 1812 2017]",15,230,54,134.46666666666667,27157.649303142814,20.549787159579417,-0.07634993246321886,38.758077364220625,7.002619802604332,0.027972918845366818,10.811851243836303,5.545281938971336
867,20,45,10,Mode,40,"[   0   54  197  348  507  567  722  843  920 1125 1200 1416 1646 1746
 1812 2017]",15,230,54,134.46666666666667,26231.090838531432,20.420169041818536,-0.07659065010805,38.59262767110173,7.1596580324119445,0.02699614254319953,10.495037286971296,5.597286061149453
868,20,45,15,Median,40,[   0  564 1544 2017],3,980,473,672.3333333333334,386021.05355657433,30.025518888160207,0.011632326151372304,139.69228564919447,4.947755730434941,0.057255584794996074,133.5983078769126,4.2353890848441385
869,20,45,15,Mode,40,[   0   54 1746 2017],3,1692,54,672.3333333333334,118211.71046215273,36.97131598461124,-0.06779338911807821,39.68430108727833,4.573651048611032,0.029874141103689092,37.76498026099932,3.8395319070540275
870,20,45,15,Median,40,[   0  461 2017],2,1556,461,1008.5,719856.1744368838,44.99047279844687,0.10193651889501251,256.62694651520746,2.1820503474520954,0.10193651889501251,256.62694651520746,2.1820503474520954
871,20,45,15,Mode,40,[   0   54  843 1746 2017],4,903,54,504.25,137835.88366345956,28.531746462854585,-0.058080986684395305,57.307746422368886,4.721255817258189,0.019786229832777617,45.583962354581224,4.201018089090122
872,20,45,15,Median,40,[   0  201  615 1116 1795 2017],5,679,201,403.4,204598.9326336465,29.853758764268107,-0.025958565695050492,91.28043105455798,4.551961767381698,0.057889857586211055,71.03194830807439,3.63822638059188
873,20,45,15,Mode,40,[   0   54  843 1125 2017],4,892,54,504.25,265214.5045514345,41.75119923375426,-0.03272396893041748,81.06445693772889,4.065888607537622,0.08039657256102839,88.85259844964357,2.462638333692592
874,20,45,15,Median,40,[   0   54  499  782 1125 1795 2017],6,670,54,336.1666666666667,138448.35804532393,26.97376847594743,-0.04034742946740007,79.08562644529361,5.497693086728613,0.052888190754398566,51.38014595678944,4.444584626294953
875,20,45,15,Mode,40,[   0   54  498  843 1125 1746 2017],6,621,54,336.1666666666667,151452.65960298758,28.727691492403146,-0.03808903841868098,83.37693476238884,5.239933834212624,0.05502720826159271,55.81246603435361,3.879872451393676
876,20,45,15,Median,40,[   0  499 1125 2017],3,892,499,672.3333333333334,522428.2842576334,38.94717738506428,0.028945824990208268,172.0155816063668,3.9300892555800164,0.10884004788100886,181.54911846840255,3.22490271867321
877,20,45,15,Mode,40,[   0   54  498  843 1125 1746 2017],6,621,54,336.1666666666667,151452.65960298758,28.727691492403146,-0.03808903841868098,83.37693476238884,5.239933834212624,0.05502720826159271,55.81246603435361,3.879872451393676
878,20,45,15,Median,40,[   0   54  498  722  903 1125 1746 2017],7,621,54,288.14285714285717,109622.3103215837,26.93416239300723,-0.03989040820429846,71.18410993603037,5.120890187914489,0.05272163018238415,41.11251364518426,4.251662878374895
879,20,45,15,Mode,40,[   0   54  498  722  843 1125 1746 2017],7,621,54,288.14285714285717,112658.12917516324,27.435162712639265,-0.0376655694106667,71.8230623280356,5.256510895140843,0.05079426022629637,42.187669701865964,4.081470198971444
880,20,45,15,Median,40,[   0   54  372  528  807 1117 1389 1761 2017],8,372,54,252.125,62610.606137093026,22.298585079336394,-0.0446588334406333,62.34371100383683,6.084587119849749,0.03852302747213359,23.004793633235067,5.133624377052518
881,20,45,15,Mode,40,[   0   54  348  498  843 1125 1270 1746 2017],8,476,54,252.125,68101.21698420498,24.15490136149447,-0.041390331082107566,66.80550403063279,5.740183937072145,0.04256841638518449,24.978330531778916,4.579163125695068
882,20,45,15,Median,40,[   0   54  372  520  776  994 1125 1486 1761 2017],9,361,54,224.11111111111111,52791.353363415714,21.424410586100763,-0.04837362936625409,55.29059514276942,6.982609687904978,0.038713904794085076,19.64564755757726,5.805582494268012
883,20,45,15,Mode,40,[   0   54  348  498  843  995 1125 1326 1746 2017],9,420,54,224.11111111111111,55137.471163730486,22.780009136345477,-0.04890397422347411,59.23106281275116,6.32735910153276,0.04043563704238989,20.559960873814084,4.993296049903736
884,20,45,15,Median,40,[   0   54  372  520  924 1125 1321 1795 2017],8,474,54,252.125,77286.99724977001,25.654617226418036,-0.044185679509550144,66.46239441952723,5.056670511325581,0.04997847752785791,28.322017904371048,4.289063938499395
885,20,45,15,Mode,40,[   0   54  348  498  843  995 1125 1270 1746 2017],9,476,54,224.11111111111111,54250.317369461576,23.090001187235508,-0.048638325534278874,59.45140871869101,6.0921314041023455,0.04077331075219552,20.224896985924705,4.796173504407465
886,20,45,15,Median,40,[   0   54  197  364  520  726  915 1125 1321 1795 2017],10,474,54,201.7,52803.29063317253,22.06911933355064,-0.04558239934591632,54.63474098670957,5.917452560584055,0.038510642672848094,19.42289405547153,4.896577085081018
887,20,45,15,Mode,40,[   0   54  197  348  498  722  843 1125 1270 1746 2017],10,476,54,201.7,46852.570989089276,21.735804984701687,-0.04341269441094523,54.13203115500891,6.226815286203559,0.033685335331209536,17.162942128749084,5.024360893667121
888,20,45,15,Median,40,[   0   54  197  372  520  723  843  995 1125 1321 1795 2017],11,474,54,183.36363636363637,41517.25263074793,21.470207325093007,-0.04968390924867202,49.97666556950961,6.092022200275193,0.03547315785564688,15.576996172274411,4.954600206552621
889,20,45,15,Mode,40,[   0   54  197  348  498  722  843  995 1125 1270 1746 2017],11,476,54,183.36363636363637,37964.08023403835,20.914893730860744,-0.049818557144223466,49.52762641286542,6.482530945460412,0.03266563362141424,14.17531029062196,5.184701074225585
890,20,45,15,Median,40,[   0   54  197  364  498  567  723  843  995 1125 1321 1795 2017],12,474,54,168.08333333333334,32013.254243232073,20.427852568796894,-0.049367637622319736,46.284974568542225,6.196347472208864,0.031607995340108906,12.22548373656158,5.0665600965615445
891,20,45,15,Mode,40,[   0   54  197  348  498  567  722  843  995 1125 1270 1646 1746 2017],13,376,54,155.15384615384616,27840.154927144467,19.65336169199455,-0.05202099609755683,42.496089362195654,7.058973473277887,0.028147992345335316,10.587356620308785,5.426088965750115
892,20,45,15,Median,40,[   0   54  197  364  498  567  723  843  957 1112 1180 1326 1795 2017],13,469,54,155.15384615384616,25547.542051742374,19.714059257483935,-0.05371982470830263,43.27548499484982,6.785595629467557,0.027905042969983283,9.699220258723436,5.439796888440573
893,20,45,15,Mode,40,"[   0   54  197  348  498  567  722  843  995 1125 1200 1270 1646 1746
 2017]",14,376,54,144.07142857142858,22825.49874884068,18.93815316973885,-0.05317563117409902,39.54329072932961,7.144942120656291,0.02525924636578664,8.642532722354206,5.592409750729658
894,20,45,15,Median,40,"[   0   54  197  364  498  567  723  843  995 1116 1180 1326 1561 1746
 1812 2017]",15,235,54,134.46666666666667,27484.26157679281,21.228753228154314,-0.07507875428458978,39.16305510746594,6.694547200478327,0.029857958488603568,11.057195601032488,5.173500892351207
895,20,45,15,Mode,40,"[   0   54  197  348  498  567  722  843  995 1125 1200 1270 1646 1746
 1812 2017]",15,376,54,134.46666666666667,26177.354487036697,20.78170426491386,-0.0754292726416498,38.970262186583646,6.743821713740976,0.029436142097459272,10.51089927693839,5.174977674073368
896,20,45,20,Median,40,[   0  567 1503 2017],3,936,514,672.3333333333334,402998.91035752854,31.087686718806836,0.013938386252575687,144.1950705681702,4.648343041090501,0.062189733741807224,139.2876296845755,3.983439041396734
897,20,45,20,Mode,40,[   0   54 1746 2017],3,1692,54,672.3333333333334,118211.71046215273,36.97131598461124,-0.06779338911807821,39.68430108727833,4.573651048611032,0.029874141103689092,37.76498026099932,3.8395319070540275
898,20,45,20,Median,40,[   0  461 2017],2,1556,461,1008.5,719856.1744368838,44.99047279844687,0.10193651889501251,256.62694651520746,2.1820503474520954,0.10193651889501251,256.62694651520746,2.1820503474520954
899,20,45,20,Mode,40,[   0   54  843 1746 2017],4,903,54,504.25,137835.88366345956,28.531746462854585,-0.058080986684395305,57.307746422368886,4.721255817258189,0.019786229832777617,45.583962354581224,4.201018089090122
900,20,45,20,Median,40,[   0  206  661 1116 1795 2017],5,679,206,403.4,193829.00776382835,29.666169578222792,-0.02821656624235759,84.33584997052809,4.738317474989023,0.055276251163147376,66.61633420951688,3.6494099763459795
901,20,45,20,Mode,40,[   0   54  843  995 1746 2017],5,789,54,403.4,153714.82901193167,36.02866030127253,-0.06181248844989815,56.03050290859898,4.592518216923959,0.06414226293361046,50.7555109874734,3.4063034629930478
902,20,45,20,Median,40,[   0   66  499  782 1125 1795 2017],6,670,66,336.1666666666667,136822.08500639885,26.3350124165691,-0.03943568090144278,78.88249139451322,5.6499143558224025,0.052281970806245824,50.660653927606475,4.537070530255107
903,20,45,20,Mode,40,[   0   54  498  843  995 1746 2017],6,751,54,336.1666666666667,135029.5229239363,29.632785337844428,-0.04412059839714087,75.44984696838448,6.177766815565657,0.056374785392194336,49.01933725603883,3.725629870476857
904,20,45,20,Median,40,[   0   66  499  782 1120 1812 2017],6,692,66,336.1666666666667,139372.23162281752,26.78579135064163,-0.0401657788762127,79.39833459134921,5.479335836219099,0.053902162473767244,51.7325527637121,4.418539562193248
905,20,45,20,Mode,40,[   0   54  498  843  995 1746 2017],6,751,54,336.1666666666667,135029.5229239363,29.632785337844428,-0.04412059839714087,75.44984696838448,6.177766815565657,0.056374785392194336,49.01933725603883,3.725629870476857
906,20,45,20,Median,40,[   0   66  372  548  782 1120 1546 1812 2017],8,426,66,252.125,67392.62818224475,21.69307905240081,-0.047113632427638386,61.86947540538456,7.0149714421071145,0.03837184791563857,24.97643828983637,5.50644697195102
907,20,45,20,Mode,40,[   0   54  348  498  843  995 1646 1746 2017],8,651,54,252.125,64726.920383171135,24.342853657146122,-0.05359642430428963,59.859066547799536,6.593344289935013,0.04139553417432208,23.756069356898333,4.404490845246122
908,20,45,20,Median,40,[   0   66  498  726  915 1125 1486 2017],7,531,66,288.14285714285717,108435.13613336712,27.033199166240795,-0.03559292725465283,72.17121605296033,5.224190986886028,0.05356380530424123,40.16396017129172,4.221003014670271
909,20,45,20,Mode,40,[   0   54  498  776  843 1125 1326 2017],7,691,54,288.14285714285717,128093.36030283211,33.04107335434495,-0.047354383465957516,73.01418076416886,5.567336793700185,0.05340255408357109,46.38960898816648,3.249878264021579
910,20,45,20,Median,40,[   0   66  372  528  776  994 1159 1486 1771 2017],9,327,66,224.11111111111111,51815.59050555391,20.520946713899434,-0.0466317414505844,54.37999376651635,7.229221489882532,0.03730894464223564,19.131397399743626,5.9763846913392165
911,20,45,20,Mode,40,[   0   54  348  498  843  995 1125 1326 1746 2017],9,420,54,224.11111111111111,55137.471163730486,22.780009136345477,-0.04890397422347411,59.23106281275116,6.32735910153276,0.04043563704238989,20.559960873814084,4.993296049903736
912,20,45,20,Median,40,[   0   66  372  528  776  994 1125 1289 1795 2017],9,506,66,224.11111111111111,52843.29875301823,22.03792493125261,-0.046441993780899166,55.78957652171885,6.097609921178085,0.04066180860244655,19.597972800860763,5.1834690780189785
913,20,45,20,Mode,40,[   0   54  348  498  843  995 1125 1270 1746 2017],9,476,54,224.11111111111111,54250.317369461576,23.090001187235508,-0.048638325534278874,59.45140871869101,6.0921314041023455,0.04077331075219552,20.224896985924705,4.796173504407465
914,20,45,20,Median,40,[   0   66  372  528  726  843  995 1125 1289 1795 2017],10,506,66,201.7,47845.27867379513,22.726738587020936,-0.045745590913780894,54.00284041250905,5.907151205302577,0.040271011070239185,18.03000365439168,4.703502430947258
915,20,45,20,Mode,40,[   0   54  348  498  776  843  995 1125 1270 1746 2017],10,476,54,201.7,55486.05665878696,25.751553092971736,-0.05487505348824002,54.78873892411591,6.298203000088735,0.04124188279864141,20.557953388950704,4.474261169321371
916,20,45,20,Median,40,[   0   54  197  372  528  726  843  995 1125 1289 1795 2017],11,506,54,183.36363636363637,40303.281891541454,21.419438867428035,-0.04970212045739088,49.56853454037053,6.078568636257348,0.03540602057998297,15.106443758708135,4.9026253704694005
917,20,45,20,Mode,40,[   0   54  197  348  498  776  843  995 1125 1270 1746 2017],11,476,54,183.36363636363637,47144.64772293536,23.879112814044497,-0.057041115879204136,49.80630894191671,6.679929862507115,0.03590445599289016,17.254079485060764,4.824466567593925
918,20,45,20,Median,40,[   0   54  197  364  498  567  726  843  995 1125 1289 1795 2017],12,506,54,168.08333333333334,30935.358954039588,20.353775952836063,-0.0490697670962128,46.26513732123158,6.131989649539157,0.03128442355867438,11.821964543643459,5.032543645038834
919,20,45,20,Mode,40,[   0   54  197  348  498  567  776  843  995 1125 1270 1746 2017],12,476,54,168.08333333333334,36755.435655894,22.913082821702613,-0.05567620208582994,46.74428817472529,7.13680297260364,0.03360563560115678,13.758766614174071,4.911671551362564
920,20,45,20,Median,40,"[   0   54  197  364  498  567  726  843  995 1125 1267 1537 1746 1812
 2017]",14,270,54,144.07142857142858,31797.239146136257,21.91429415648254,-0.07499445681727167,41.52013651776659,6.297243112818959,0.031241460912694714,12.781402360174114,4.840159201456407
921,20,45,20,Mode,40,"[   0   54  197  348  498  567  776  843  995 1125 1200 1561 1746 1812
 2017]",14,361,54,144.07142857142858,36303.74914815445,24.523895699005433,-0.0754294991329037,42.41275975931496,6.913295484316591,0.03492404238059518,14.30274321832397,4.527575933695596
922,20,45,20,Median,40,"[   0   54  197  364  498  567  726  843  995 1112 1174 1321 1561 1746
 1812 2017]",15,240,54,134.46666666666667,27176.622315897057,21.20127684560853,-0.07526637105258316,39.33400192871175,6.75182750104292,0.029849002936820777,10.994348661365848,5.153955224663306
923,20,45,20,Mode,40,"[   0   54  197  348  498  567  776  843  995 1125 1174 1270 1646 1746
 1812 2017]",15,376,49,134.46666666666667,31234.899739769236,23.302052319201923,-0.07479036526968491,39.84670930529447,7.5058176043231954,0.032803720248464466,12.339218956836826,4.739403271054137
924,20,50,10,Median,40,[   0  520 2017],2,1497,520,1008.5,742588.4738640866,43.8646308792914,0.10748656860470554,265.799960097111,2.2671903348872657,0.10748656860470554,265.799960097111,2.2671903348872657
925,20,50,10,Mode,40,[   0   54 1746 2017],3,1692,54,672.3333333333334,118211.71046215273,36.97131598461124,-0.06779338911807821,39.68430108727833,4.573651048611032,0.029874141103689092,37.76498026099932,3.8395319070540275
926,20,50,10,Median,40,[   0  490 1011 2017],3,1006,490,672.3333333333334,415606.7251533566,35.333734541550534,0.028002745492216624,153.40187947178242,4.937930476942937,0.10135141600462134,144.0065790777796,4.05524301832389
927,20,50,10,Mode,40,[   0   54 1125 1746 2017],4,1071,54,504.25,78120.17414478556,26.625594939576896,-0.07443728731847828,29.662629861813066,8.249995394003244,0.01822280418779947,24.18623140398398,6.8701120946680225
928,20,50,10,Median,40,[   0  197  567 1117 1795 2017],5,678,197,403.4,215089.71043893107,29.832846910670828,-0.024264068830880264,99.41193229739797,4.445941968708363,0.06070896626091669,75.6234005707454,3.674145513449756
929,20,50,10,Mode,40,[   0  567 1125 2017],3,892,558,672.3333333333334,521841.5579834932,39.52984551744514,0.028904520269599814,166.00592727238177,3.725908149380483,0.1136847933666495,180.7771315502762,3.021178146546009
930,20,50,10,Median,40,[   0  162  507  811 1125 1795 2017],6,670,162,336.1666666666667,132844.33286070946,26.650973761512354,-0.029009364369333882,83.63632477908575,5.117810789046313,0.05532156462508704,49.34362662228384,4.181808749729791
931,20,50,10,Mode,40,[   0   54  567  920 1125 1746 2017],6,621,54,336.1666666666667,155795.09219924666,29.83072229776788,-0.04185237636961826,79.08725092463685,4.951656650964812,0.05960893482487807,56.93337669695645,3.884567543138864
932,20,50,10,Median,40,[   0  162  507  811 1125 1746 2017],6,621,162,336.1666666666667,125196.33931787925,25.68600867570533,-0.02856622510557066,82.47958287423688,5.486240462658194,0.05129119966277514,46.162339630670246,4.456338770532049
933,20,50,10,Mode,40,[   0   54  567  920 1125 1746 2017],6,621,54,336.1666666666667,155795.09219924666,29.83072229776788,-0.04185237636961826,79.08725092463685,4.951656650964812,0.05960893482487807,56.93337669695645,3.884567543138864
934,20,50,10,Median,40,[   0  162  364  517  811 1125 1746 2017],7,621,153,288.14285714285717,79969.13408503828,23.154651813174947,-0.03383214250934303,72.94536808225921,5.775972585538958,0.04414288715071798,29.601907985435954,4.728698156248462
935,20,50,10,Mode,40,[   0  348  567  920 1125 1746 2017],6,621,205,336.1666666666667,121819.7144687359,27.84831737696756,-0.007085461835172488,88.77700587126496,5.1850608296471785,0.06584802854852337,45.9177617783353,4.064218684057927
936,20,50,10,Median,40,[   0  162  364  517  811 1125 1416 1761 2017],8,345,153,252.125,60762.87494335097,20.898432297851553,-0.038719287280777955,63.63950626269974,6.7719086652542355,0.03590182768572216,22.04070834285551,5.595126152661183
937,20,50,10,Mode,40,[   0  348  567  920 1125 1746 2017],6,621,205,336.1666666666667,121819.7144687359,27.84831737696756,-0.007085461835172488,88.77700587126496,5.1850608296471785,0.06584802854852337,45.9177617783353,4.064218684057927
938,20,50,10,Median,40,[   0  162  364  517  722  888 1125 1416 1761 2017],9,345,153,224.11111111111111,56706.2435135889,21.500600870169308,-0.038221976152245034,59.19601350153331,6.468442698979179,0.03822411813012412,20.774825826609735,5.382304525749842
939,20,50,10,Mode,40,[   0   54  348  567  722  920 1125 1416 1746 2017],9,330,54,224.11111111111111,64573.99495142574,22.9227487522138,-0.043643831932541864,59.41172951432159,6.301038192167854,0.042934733908609204,24.002472317848664,5.164959087613111
940,20,50,10,Median,40,[   0   54  197  364  517  722  915 1125 1416 1761 2017],10,345,54,201.7,51082.6805381298,21.041351715441643,-0.04685076514781372,53.42383547498594,6.533165407296257,0.035775041136364524,18.66042868098663,5.3957356751082415
941,20,50,10,Mode,40,[   0   54  197  348  567  722  920 1125 1416 1746 2017],10,330,54,201.7,52141.38715536418,21.210802797564934,-0.046844279474833474,53.35498028122897,6.720654221620158,0.03673656394253683,19.050960266130453,5.45792525363963
942,20,50,10,Median,40,[   0   54  197  364  517  722  851 1112 1200 1468 1761 2017],11,293,54,183.36363636363637,40180.8059378419,21.057206339682036,-0.045770086877592674,50.084467728759655,6.862659346992235,0.032118102836986774,14.718218641575259,5.52822928967777
943,20,50,10,Mode,40,[   0   54  197  348  567  722  920 1125 1200 1746 2017],10,546,54,201.7,45188.23590105432,22.64571443609615,-0.045799091949036676,54.13764336876701,5.9188787542283325,0.0373989903921949,16.598603407795835,4.7864197062656055
944,20,50,10,Median,40,[   0   54  197  364  517  721  838  920 1116 1200 1468 1761 2017],12,293,54,168.08333333333334,33246.539597715884,19.79495654092774,-0.05359931814256128,45.539673445621446,7.034914543284105,0.02725566907021089,12.251461770619118,5.838463459104855
945,20,50,10,Mode,40,[   0   54  197  348  567  722  843  920 1125 1200 1416 1746 2017],12,330,54,168.08333333333334,34047.46448025572,20.038401124346244,-0.05342046101548984,45.18580231006382,7.471725502538482,0.028536602422185295,12.546508003904897,5.9223297322843855
946,20,50,10,Median,40,[   0   54  197  364  517  721  838  920 1116 1200 1375 1771 2017],12,396,54,168.08333333333334,34223.34046730786,20.17072605590245,-0.05312453281205646,45.59742926635839,6.777369680385422,0.029180716918934365,12.654025017452797,5.581048551276144
947,20,50,10,Mode,40,[   0   54  197  348  567  722  843  920 1125 1200 1416 1746 2017],12,330,54,168.08333333333334,34047.46448025572,20.038401124346244,-0.05342046101548984,45.18580231006382,7.471725502538482,0.028536602422185295,12.546508003904897,5.9223297322843855
948,20,50,10,Median,40,"[   0   54  197  357  499  567  722  838  920 1116 1200 1468 1746 1812
 2017]",14,278,54,144.07142857142858,29730.768349530987,21.449897231064732,-0.07569388983965554,41.63494575330965,6.660335359434917,0.025753769901320497,11.784856554111212,5.150956131342048
949,20,50,10,Mode,40,"[   0   54  197  348  507  567  722  843  920 1125 1200 1416 1746 1812
 2017]",14,330,54,144.07142857142858,28577.10713202407,21.256918681936064,-0.07610252352237783,41.3576473607446,7.066496106370846,0.024575254863672995,11.363117795591247,5.333066640914041
950,20,50,10,Median,40,"[   0   54  197  357  499  567  722  838  920 1116 1200 1416 1646 1746
 1812 2017]",15,230,54,134.46666666666667,27157.649303142814,20.549787159579417,-0.07634993246321886,38.758077364220625,7.002619802604332,0.027972918845366818,10.811851243836303,5.545281938971336
951,20,50,10,Mode,40,"[   0   54  197  348  507  567  722  843  920 1125 1200 1416 1646 1746
 1812 2017]",15,230,54,134.46666666666667,26231.090838531432,20.420169041818536,-0.07659065010805,38.59262767110173,7.1596580324119445,0.02699614254319953,10.495037286971296,5.597286061149453
952,20,50,15,Median,40,[   0  567 1544 2017],3,977,473,672.3333333333334,388514.69232800824,30.103371134873555,0.011944179282451561,140.59413384786515,4.931340385026606,0.05766084997648152,134.5849321499283,4.219972888829501
953,20,50,15,Mode,40,[   0   54 1746 2017],3,1692,54,672.3333333333334,118211.71046215273,36.97131598461124,-0.06779338911807821,39.68430108727833,4.573651048611032,0.029874141103689092,37.76498026099932,3.8395319070540275
954,20,50,15,Median,40,[   0  490  995 2017],3,1022,490,672.3333333333334,395092.40214368823,34.48167670651955,0.02817598342515797,150.62461299120022,5.228532054891213,0.09949930294391987,136.61055317689548,4.292128976374789
955,20,50,15,Mode,40,[   0   54  843 1746 2017],4,903,54,504.25,137835.88366345956,28.531746462854585,-0.058080986684395305,57.307746422368886,4.721255817258189,0.019786229832777617,45.583962354581224,4.201018089090122
956,20,50,15,Median,40,[   0  201  615 1116 1795 2017],5,679,201,403.4,204598.9326336465,29.853758764268107,-0.025958565695050492,91.28043105455798,4.551961767381698,0.057889857586211055,71.03194830807439,3.63822638059188
957,20,50,15,Mode,40,[   0   54  843 1125 2017],4,892,54,504.25,265214.5045514345,41.75119923375426,-0.03272396893041748,81.06445693772889,4.065888607537622,0.08039657256102839,88.85259844964357,2.462638333692592
958,20,50,15,Median,40,[   0  162  499  782 1125 1795 2017],6,670,162,336.1666666666667,125359.11205858756,25.59480248500623,-0.029988369097447357,81.63184892677016,5.686469600870996,0.05327877183597633,46.50817982557823,4.593107098589156
959,20,50,15,Mode,40,[   0   54  498  843 1125 1746 2017],6,621,54,336.1666666666667,151452.65960298758,28.727691492403146,-0.03808903841868098,83.37693476238884,5.239933834212624,0.05502720826159271,55.81246603435361,3.879872451393676
960,20,50,15,Median,40,[   0  162  499  782 1125 1746 2017],6,621,162,336.1666666666667,118039.2867871318,24.631414251262388,-0.02945179947247418,80.48462109207605,6.080914250905532,0.049371658458206936,43.49599934462526,4.876583546226523
961,20,50,15,Mode,40,[   0   54  498  843 1125 1746 2017],6,621,54,336.1666666666667,151452.65960298758,28.727691492403146,-0.03808903841868098,83.37693476238884,5.239933834212624,0.05502720826159271,55.81246603435361,3.879872451393676
962,20,50,15,Median,40,[   0  162  499  722  903 1125 1746 2017],7,621,162,288.14285714285717,102393.90359509195,25.746180712106153,-0.029488969719315587,73.30518100813603,5.285993107173231,0.05307345318090558,38.401680614280345,4.3865061569759405
963,20,50,15,Mode,40,[   0   54  498  776  843 1125 1746 2017],7,621,54,288.14285714285717,137454.91237411514,32.031313468322935,-0.05178945300593325,72.2645016928669,5.636875039117086,0.052670926477699165,50.57562794321265,3.475288384416629
964,20,50,15,Median,40,[   0  162  372  520  811 1117 1326 1761 2017],8,435,148,252.125,62449.56472556595,21.95142022957589,-0.037222855201829455,64.1632949258831,6.309271954600335,0.038172198085976175,22.64029498132607,5.208845798866006
965,20,50,15,Mode,40,[   0   54  348  498  843 1125 1270 1746 2017],8,476,54,252.125,68101.21698420498,24.15490136149447,-0.041390331082107566,66.80550403063279,5.740183937072145,0.04256841638518449,24.978330531778916,4.579163125695068
966,20,50,15,Median,40,[   0  162  370  520  776  994 1125 1561 1795 2017],9,436,131,224.11111111111111,51552.636766280804,20.713912437168727,-0.04294095695301136,55.78185626780399,7.148083981565975,0.03888118154569156,19.16403559611873,5.841694277433395
967,20,50,15,Mode,40,[   0  348  498  843 1125 1746 2017],6,621,150,336.1666666666667,112422.59106461806,27.11841855700363,-0.008949845041988402,88.92668811207986,5.331716056565592,0.060347248197116565,41.98520199951072,4.038202258779236
968,20,50,15,Median,40,[   0  162  370  520  776  922 1125 1289 1795 2017],9,506,146,224.11111111111111,62369.401973530286,23.624076848592168,-0.03713049012078067,59.42033168256237,6.217749408303575,0.043420908528562625,22.626315323706663,4.877420465230097
969,20,50,15,Mode,40,[   0   54  348  498  843  920 1125 1270 1746 2017],9,476,54,224.11111111111111,52624.136888529305,22.45398314601866,-0.05048985991173648,59.058739920440125,6.279514598350284,0.03409535438233117,19.598104282246357,5.077450247865723
970,20,50,15,Median,40,[   0   54  197  370  520  726  915 1117 1270 1795 2017],10,525,54,201.7,51408.28578350124,22.531852422920455,-0.04550248564459707,54.823629500652395,5.740459304857441,0.039223366036559695,18.92580573856827,4.7191729527633095
971,20,50,15,Mode,40,[   0   54  197  348  498  776  843 1125 1200 1746 2017],10,546,54,201.7,51303.27204338646,25.39554531080235,-0.051395259080935465,54.35977631088601,6.057089978738909,0.03460246485626684,18.545655340447457,4.3679766641260755
972,20,50,15,Median,40,[   0   54  197  370  520  722  843  995 1125 1289 1795 2017],11,506,54,183.36363636363637,40973.32181650874,21.528664947003755,-0.04919875944464202,50.04189596725789,6.06979478654942,0.03553035496115024,15.354469758049188,4.889555629278385
973,20,50,15,Mode,40,[   0   54  197  348  498  776  843  995 1125 1270 1746 2017],11,476,54,183.36363636363637,47144.64772293536,23.879112814044497,-0.057041115879204136,49.80630894191671,6.679929862507115,0.03590445599289016,17.254079485060764,4.824466567593925
974,20,50,15,Median,40,[   0   54  197  364  517  721  826  922 1112 1174 1290 1603 1795 2017],13,313,54,155.15384615384616,30435.092365337612,19.70605216634414,-0.05121353884502511,42.78479221987942,7.325103615875084,0.027620962937807494,11.370023378616812,5.769703998427523
975,20,50,15,Mode,40,[   0   54  197  348  498  722  843  920 1125 1200 1270 1646 1746 2017],13,376,54,155.15384615384616,28317.643218642595,19.196284873335525,-0.056103485108312416,41.60202235355758,7.236396977843506,0.024278498012209243,10.468013348602675,5.738326433412266
976,20,50,15,Median,40,"[   0   54  197  364  499  567  722  826  922 1112 1174 1290 1603 1795
 2017]",14,313,54,144.07142857142858,23117.62660820555,19.017070922879526,-0.050970304588984765,40.04738297706475,7.228895173241012,0.02512814061141769,8.799244222550234,5.774440261531718
977,20,50,15,Mode,40,"[   0   54  197  348  498  567  722  843  920 1125 1200 1270 1646 1746
 2017]",14,376,54,144.07142857142858,22309.217303039044,18.64680660801015,-0.054967733004586516,39.294480718242276,7.193692194651939,0.022626555007401107,8.393040868105455,5.757425356449728
978,20,50,15,Median,40,"[   0   54  197  364  499  567  722  826  920  995 1116 1174 1290 1603
 1795 2017]",15,313,54,134.46666666666667,22499.71083134427,19.582067230853674,-0.054033528682113585,37.96815590316912,7.1654151244675495,0.028458235260501848,8.532508936960491,5.630199949203843
979,20,50,15,Mode,40,"[   0   54  197  348  498  567  722  843  920  995 1125 1200 1270 1646
 1746 2017]",15,376,54,134.46666666666667,21457.508120710852,19.412561822275112,-0.055712808112525644,37.558056687461274,7.094267521008594,0.02691335216988874,8.130044528959855,5.4449293312358265
980,20,50,20,Median,40,[   0  569 1521 2017],3,952,496,672.3333333333334,399910.8987049309,30.80552874184139,0.012461671628220228,142.77761725220827,4.73227666834464,0.060515351755977144,138.28850336995365,4.04714547519122
981,20,50,20,Mode,40,[   0  843 1746 2017],3,903,271,672.3333333333334,189575.11964941665,21.508608706607653,-0.01312889487358618,67.11568977100775,5.468951079878586,0.02348750264437709,62.799102356629255,5.062442118936684
982,20,50,20,Median,40,[   0  498  995 2017],3,1022,497,672.3333333333334,400306.31378905143,34.801802427694895,0.028486534983338512,152.1777525270492,5.124659390407756,0.1007783582890184,138.79613424601777,4.204720001892295
983,20,50,20,Mode,40,[   0   54  843 1746 2017],4,903,54,504.25,137835.88366345956,28.531746462854585,-0.058080986684395305,57.307746422368886,4.721255817258189,0.019786229832777617,45.583962354581224,4.201018089090122
984,20,50,20,Median,40,[   0  201  661 1117 1795 2017],5,678,201,403.4,195015.23317942864,29.77691435214974,-0.02857268888041693,84.51658471579776,4.710716953019654,0.05543737483048403,67.06048515728918,3.6433311254141527
985,20,50,20,Mode,40,[   0   54  843  995 1746 2017],5,789,54,403.4,153714.82901193167,36.02866030127253,-0.06181248844989815,56.03050290859898,4.592518216923959,0.06414226293361046,50.7555109874734,3.4063034629930478
986,20,50,20,Median,40,[   0  162  499  780 1125 1795 2017],6,670,162,336.1666666666667,125143.09294217797,25.59991725070696,-0.029964842596354416,81.66646280860846,5.667012432862336,0.05325140630292989,46.414726194163094,4.582460551813222
987,20,50,20,Mode,40,[   0   54  498  843  995 1746 2017],6,751,54,336.1666666666667,135029.5229239363,29.632785337844428,-0.04412059839714087,75.44984696838448,6.177766815565657,0.056374785392194336,49.01933725603883,3.725629870476857
988,20,50,20,Median,40,[   0  162  499  780 1117 1812 2017],6,695,162,336.1666666666667,128035.85449423299,26.114898426701387,-0.03063894937493631,82.2619702901986,5.470960544591588,0.0551005131209766,47.616080989054936,4.443318823837683
989,20,50,20,Mode,40,[   0   54  498  843  995 1746 2017],6,751,54,336.1666666666667,135029.5229239363,29.632785337844428,-0.04412059839714087,75.44984696838448,6.177766815565657,0.056374785392194336,49.01933725603883,3.725629870476857
990,20,50,20,Median,40,[   0  162  372  528  782 1117 1554 1812 2017],8,437,156,252.125,63830.10216104735,21.26615887829493,-0.041583914377669784,62.73400721408621,6.850451739371179,0.038329620952896715,23.513491506380344,5.49209547595079
991,20,50,20,Mode,40,[   0   54  348  498  843  995 1646 1746 2017],8,651,54,252.125,64726.920383171135,24.342853657146122,-0.05359642430428963,59.859066547799536,6.593344289935013,0.04139553417432208,23.756069356898333,4.404490845246122
992,20,50,20,Median,40,[   0  162  372  521  776  994 1162 1554 1812 2017],9,392,149,224.11111111111111,52567.33737336303,20.623421905927405,-0.04259780720603414,56.2940878310024,7.408677001340329,0.03890776910346201,19.578637660036044,5.8942833947704365
993,20,50,20,Mode,40,[   0   54  348  498  843  995 1125 1746 2017],8,621,54,252.125,65392.40293737177,24.438975662748074,-0.045886802182634315,65.86803602373665,5.7638411057856125,0.045838772581213647,24.614012248162094,4.395782035298708
994,20,50,20,Median,40,[   0  162  372  521  776  994 1148 1486 1771 2017],9,338,149,224.11111111111111,49221.92972278854,20.002239244555966,-0.04151365008839362,55.20500160819699,7.250017195154854,0.036624065456923045,18.102435759125818,6.070860765027637
995,20,50,20,Mode,40,[   0   54  348  498  843  995 1125 1326 1746 2017],9,420,54,224.11111111111111,55137.471163730486,22.780009136345477,-0.04890397422347411,59.23106281275116,6.32735910153276,0.04043563704238989,20.559960873814084,4.993296049903736
996,20,50,20,Median,40,[   0  162  372  528  957 1117 1270 1795 2017],8,525,153,252.125,70445.61537585601,24.8162670209308,-0.03921253435978513,65.51234973898443,5.167697236548644,0.050643909395102535,25.573663605990102,4.384914587583223
997,20,50,20,Mode,40,[   0   54  348  498  843  995 1125 1200 1746 2017],9,546,54,224.11111111111111,51626.60390565089,23.579147383117387,-0.04903754709883281,59.36241791269239,5.8209592988041665,0.040594618485340586,19.2333018270896,4.549353985014123
998,20,50,20,Median,40,[   0  162  372  520  726  843  995 1125 1289 1795 2017],10,506,117,201.7,45727.47140627676,22.22139472409577,-0.04032046055024303,54.98350256141711,5.957505377531072,0.03932345060583979,17.181047391093685,4.801481342213243
999,20,50,20,Mode,40,[   0   54  348  498  776  843  995 1125 1270 1746 2017],10,476,54,201.7,55486.05665878696,25.751553092971736,-0.05487505348824002,54.78873892411591,6.298203000088735,0.04124188279864141,20.557953388950704,4.474261169321371
1000,20,50,20,Median,40,[   0   54  197  372  520  726  843  995 1125 1289 1795 2017],11,506,54,183.36363636363637,40438.36205376727,21.421751903988245,-0.0493634449245889,49.97212783050369,6.077142026475941,0.03530356697402538,15.179336962830087,4.913353089586922
1001,20,50,20,Mode,40,[   0   54  197  348  498  776  843  995 1125 1270 1746 2017],11,476,54,183.36363636363637,47144.64772293536,23.879112814044497,-0.057041115879204136,49.80630894191671,6.679929862507115,0.03590445599289016,17.254079485060764,4.824466567593925
1002,20,50,20,Median,40,[   0   54  197  364  499  567  726  843  995 1125 1289 1795 2017],12,506,54,168.08333333333334,30961.575615300357,20.37328093185208,-0.04902378417292465,46.26128525778602,6.136148817309363,0.031378130703687786,11.832392590474484,5.028771970720108
1003,20,50,20,Mode,40,[   0   54  197  348  498  567  776  843  995 1125 1270 1746 2017],12,476,54,168.08333333333334,36755.435655894,22.913082821702613,-0.05567620208582994,46.74428817472529,7.13680297260364,0.03360563560115678,13.758766614174071,4.911671551362564
1004,20,50,20,Median,40,[   0   54  197  364  499  567  722  812  920  995 1125 1289 1795 2017],13,506,54,155.15384615384616,31225.387336912507,21.525825021088,-0.04946944877387929,43.18490975256352,6.145138856934522,0.03613631605884542,11.764589033061597,4.972444122438983
1005,20,50,20,Mode,40,"[   0   54  197  348  498  567  722  843  920  995 1125 1270 1646 1746
 2017]",14,376,54,144.07142857142858,25981.191467750512,20.10924727762932,-0.0545955514193376,40.12842644107051,7.010819877039525,0.02970712582824921,9.885844419887595,5.2800578051397995
1006,20,50,20,Median,40,"[   0   54  197  364  499  567  722  812  957 1110 1174 1289 1545 1646
 1795 2017]",15,256,54,134.46666666666667,25532.225320195164,20.262432930860484,-0.05761614200784118,37.88183990564697,7.536275488068227,0.029729458132534654,10.041948178374957,5.169662837574938
1007,20,50,20,Mode,40,"[   0   54  197  348  498  567  722  843  995 1125 1174 1270 1561 1646
 1746 2017]",15,291,49,134.46666666666667,22715.956849852537,19.724446580101674,-0.05592338717905072,37.776387499992076,6.963866246874338,0.028039929732643385,8.769833100302852,5.0982369196756565
1008,60,35,10,Median,40,[   0  567 1326 2017],3,759,567,672.3333333333334,448029.496538881,34.08862459343538,0.021044926447514604,153.46356343762082,4.2347465095163095,0.08188413704131983,153.88383080759746,3.5669112304079036
1009,60,35,10,Mode,40,[   0  567 2017],2,1450,567,1008.5,696319.0439470807,41.33153693681031,0.10065140397174056,247.20659191922834,2.430045368399549,0.10065140397174056,247.20659191922834,2.430045368399549
1010,60,35,10,Median,40,[   0  507 1109 2017],3,908,507,672.3333333333334,520452.2400141314,39.071798951337996,0.029089627240061946,171.20239409646723,3.9320026245691078,0.11027866775442871,180.68109957290693,3.2196555525458344
1011,60,35,10,Mode,40,[   0  567 1125 2017],3,892,558,672.3333333333334,521841.5579834932,39.52984551744514,0.028904520269599814,166.00592727238177,3.725908149380483,0.1136847933666495,180.7771315502762,3.021178146546009
1012,60,35,10,Median,40,[   0  490  811 1125 1761 2017],5,636,256,403.4,182215.3453445818,27.821299913998406,-0.0002854384706926729,95.35323552004046,5.465107586361516,0.06716967450139197,66.8594895469162,4.40442065212747
1013,60,35,10,Mode,40,[   0  567  722 1125 1746 2017],5,621,155,403.4,139719.07091798852,27.70190352378348,0.0005410772722393911,92.11543769852672,5.327612830973708,0.06777967404385427,51.18877424470597,4.398509401662672
1014,60,35,10,Median,40,[   0  348  507  811 1125 1761 2017],6,636,159,336.1666666666667,101879.35287812624,25.632621319089502,-0.009597486688626075,85.94184210637853,5.346239880586424,0.05618175758579329,38.16614041066906,4.396704891869556
1015,60,35,10,Mode,40,[   0  197  567  722 1125 1746 2017],6,621,155,336.1666666666667,111010.98560873521,26.236037274247387,-0.02495456870997629,82.63561049958665,5.124690881280347,0.05270899322480338,40.957464178634716,4.26607668634531
1016,60,35,10,Median,40,[   0  348  507  811 1125 1416 1761 2017],7,348,159,288.14285714285717,74353.28346412272,22.425840260675056,-0.014934217076253297,72.80543813983786,6.673400855803068,0.043977524470565334,27.323932883379157,5.507535259192618
1017,60,35,10,Mode,40,[   0  197  567  722 1125 1746 2017],6,621,155,336.1666666666667,111010.98560873521,26.236037274247387,-0.02495456870997629,82.63561049958665,5.124690881280347,0.05270899322480338,40.957464178634716,4.26607668634531
1018,60,35,10,Median,40,[   0  348  507  722  888 1125 1416 1761 2017],8,348,159,252.125,67775.94524530885,22.840276209342885,-0.014432258881093613,66.50362149944965,6.3964127202458565,0.04535426398439169,25.128841068013156,5.307971703296277
1019,60,35,10,Mode,40,[   0  197  567  722  843 1125 1746 2017],7,621,121,288.14285714285717,105376.39545131836,27.2658007037713,-0.02522086724416123,72.58465040744349,5.30024455964382,0.055204864347959494,39.09195596695626,4.063838011612017
1020,60,35,10,Median,40,[   0  197  364  514  722  888 1125 1416 1761 2017],9,345,150,224.11111111111111,54720.10291496605,21.133455942244012,-0.03729108342696344,58.766761594693385,6.619910681625394,0.03659035557436588,19.85877070859676,5.478344229654776
1021,60,35,10,Mode,40,[   0  197  348  567  722  843 1125 1416 1746 2017],9,330,121,224.11111111111111,57999.274442208116,21.896013940674848,-0.03723013558732257,59.416110265322516,6.88560376346366,0.03734943293319269,20.969405553718396,5.398561180218142
1022,60,35,10,Median,40,[   0  197  364  514  722  843 1112 1200 1761 2017],9,561,88,224.11111111111111,50228.55305651031,23.601389744894007,-0.03422458078198396,60.795865102807454,5.744967456505396,0.03942017340924739,18.37623526873655,4.559544324915553
1023,60,35,10,Mode,40,[   0  197  348  567  722  843 1125 1416 1746 2017],9,330,121,224.11111111111111,57999.274442208116,21.896013940674848,-0.03723013558732257,59.416110265322516,6.88560376346366,0.03734943293319269,20.969405553718396,5.398561180218142
1024,60,35,10,Median,40,[   0  197  364  514  722  843 1112 1200 1746 1812 2017],10,546,66,201.7,52377.18623572839,26.25841525649617,-0.0634687682596981,57.34520456690486,5.431934290552883,0.03647387864456202,19.990666280901316,3.889210034228107
1025,60,35,10,Mode,40,[   0  197  348  567  722  843 1125 1416 1746 1812 2017],10,330,66,201.7,60378.66037799687,24.971084557680943,-0.06455326945631533,56.21560861607333,6.391144166749337,0.03698798973384077,22.84948249844331,4.502360732792145
1026,60,35,10,Median,40,[   0  197  364  498  567  722  843 1112 1200 1746 1812 2017],11,546,66,183.36363636363637,41069.436614053884,24.741577910424503,-0.06355513357724502,52.45169139238798,5.523833931850702,0.03249127875923981,15.931209857634272,4.087322787523708
1027,60,35,10,Mode,40,[   0  197  348  490  567  722  843 1125 1416 1746 1812 2017],11,330,66,183.36363636363637,46067.75169091839,22.92513996148918,-0.06440916359476742,51.42072522018375,6.487884016688103,0.03141995303357349,17.717899922984067,4.791263744994593
1028,60,35,10,Median,40,[   0  197  364  498  567  722  838  903 1112 1200 1416 1746 1812 2017],13,330,65,155.15384615384616,31334.6895820394,21.75919395966356,-0.06899609581717812,44.15539229836282,7.001795154897244,0.026485234572955974,12.316989358978475,5.269762094551898
1029,60,35,10,Mode,40,[   0  197  348  490  567  722  843 1125 1416 1746 1812 2017],11,330,66,183.36363636363637,46067.75169091839,22.92513996148918,-0.06440916359476742,51.42072522018375,6.487884016688103,0.03141995303357349,17.717899922984067,4.791263744994593
1030,60,35,10,Median,40,"[   0  197  364  498  567  722  843 1045 1112 1200 1416 1554 1746 1812
 2017]",14,216,66,144.07142857142858,30034.17346886507,21.914444693877638,-0.06746015608706768,41.69759599175566,6.698915330028877,0.031606139382999526,12.023219282027666,4.9082423887158875
1031,60,35,10,Mode,40,[   0  197  348  490  567  722  843 1052 1164 1416 1554 1746 1812 2017],13,252,66,155.15384615384616,35020.56890091947,22.316764523305665,-0.0666746278347622,44.83116305388857,7.095871424541324,0.03307534237272006,13.815087892590833,4.882779532631407
1032,60,35,10,Median,40,"[   0  197  348  423  498  567  722  838  903 1112 1200 1416 1554 1746
 1812 2017]",15,216,65,134.46666666666667,29476.073767906964,22.15315327335369,-0.06998981090355083,39.27593925473896,6.792162918712653,0.030427216279762435,11.716117806592072,4.993271965116115
1033,60,35,10,Mode,40,[   0  197  348  423  490  567  722  843 1125 1416 1554 1746 1812 2017],13,291,66,155.15384615384616,41272.597184450606,23.311351489978545,-0.06548106792912463,44.150205549852174,6.284594742374422,0.03490086599862447,16.038723049619044,4.6035429134851285
1034,60,35,10,Median,40,"[   0  197  348  423  498  567  722  838  903 1045 1112 1200 1416 1554
 1746 1812 2017]",16,216,65,126.0625,25310.625463985813,21.657976425654237,-0.07055360002803973,37.26492709103745,6.713241852105524,0.03066544036351386,10.24884770881175,4.9643602159234534
1035,60,35,10,Mode,40,"[   0  197  348  423  490  567  722  843  903 1052 1164 1416 1554 1746
 1812 2017]",15,252,60,134.46666666666667,29291.78699030642,22.13265210143074,-0.07037562565133347,39.40349544540175,7.07640710437433,0.03271086543073391,11.678269806703769,4.9091477542228175
1036,60,35,15,Median,40,[   0  567 1403 2017],3,836,567,672.3333333333334,446546.4948708366,33.52431004336143,0.016677873378388903,151.86749629591822,4.276328384061845,0.07546429945968183,153.72654422606718,3.6059703933511074
1037,60,35,15,Mode,40,[   0  567 2017],2,1450,567,1008.5,696319.0439470807,41.33153693681031,0.10065140397174056,247.20659191922834,2.430045368399549,0.10065140397174056,247.20659191922834,2.430045368399549
1038,60,35,15,Median,40,[   0  498 1067 2017],3,950,498,672.3333333333334,477975.9722616395,37.593262710299584,0.02803447530279623,163.27167595953821,4.306123398229296,0.10676762104425669,166.89451416746147,3.5260590002338534
1039,60,35,15,Mode,40,[   0  567 2017],2,1450,567,1008.5,696319.0439470807,41.33153693681031,0.10065140397174056,247.20659191922834,2.430045368399549,0.10065140397174056,247.20659191922834,2.430045368399549
1040,60,35,15,Median,40,[   0  490  811 1125 1761 2017],5,636,256,403.4,182215.3453445818,27.821299913998406,-0.0002854384706926729,95.35323552004046,5.465107586361516,0.06716967450139197,66.8594895469162,4.40442065212747
1041,60,35,15,Mode,40,[   0  567  722 1109 1746 2017],5,637,155,403.4,141356.02116391616,28.078418654879716,0.0010372356249566195,92.19092264506132,5.171261662446213,0.06901994345781937,51.759053846375494,4.297082521832746
1042,60,35,15,Median,40,[   0  347  507  825 1125 1761 2017],6,636,160,336.1666666666667,107270.07466391366,26.294841195213614,-0.0093966055541594,87.1941607983976,5.198864128701435,0.05809519766005614,40.145300104444296,4.201327374920096
1043,60,35,15,Mode,40,[   0  197  567  722 1109 1746 2017],6,637,155,336.1666666666667,112320.54580547733,26.537249379124376,-0.024852410347842007,82.69826812020413,4.992810054982217,0.05370120875597546,41.41368785997034,4.184935182481371
1044,60,35,15,Median,40,[   0  347  507  811 1116 1416 1795 2017],7,379,160,288.14285714285717,78751.43697174363,23.473990608134432,-0.01660371340584367,74.12583985320158,6.00912132515448,0.047497573823259524,29.145360573678474,4.927617533525434
1045,60,35,15,Mode,40,[   0  197  567  722 1109 1416 1746 2017],7,387,155,288.14285714285717,83824.97212331794,23.27111194510621,-0.029869386151826924,70.2296634213497,6.231428159262924,0.042555660227787485,30.422429238652114,5.316738746344907
1046,60,35,15,Median,40,[   0  347  507  722  903 1125 1416 1795 2017],8,379,160,252.125,70472.00644708234,23.597241868263552,-0.015668290435090517,67.40155800077154,6.168627446523395,0.048336391541618284,26.28801673468131,4.886881035144364
1047,60,35,15,Mode,40,[   0  197  567  722  843 1109 1416 1746 2017],8,370,121,252.125,82646.72879525358,24.640329967842717,-0.02999889800958075,63.61490750163414,6.210630766476143,0.0464804256854307,30.03502372362812,4.995724402142988
1048,60,35,15,Median,40,[   0  197  364  515  776  994 1128 1416 1795 2017],9,379,134,224.11111111111111,48620.890352276714,20.31314817171798,-0.04198030759383795,56.032090237117664,6.951606849542137,0.036607367898024844,17.81732116701285,5.750460552790257
1049,60,35,15,Mode,40,[   0  197  348  567  722  995 1109 1416 1746 2017],9,330,114,224.11111111111111,46301.70213696578,20.530831323485444,-0.044094300007417646,57.622582193279456,7.180353110107622,0.03491851841080339,17.053956578204684,5.740694137842418
1050,60,35,15,Median,40,[   0  197  364  515  722  903 1125 1326 1812 2017],9,486,151,224.11111111111111,58935.96876259844,22.77686020288229,-0.036504315241620525,60.95897508522252,5.963791455400145,0.041836676937096,21.637779724400126,4.776283736533294
1051,60,35,15,Mode,40,[   0  197  348  567  722  843 1109 1416 1561 1746 2017],10,307,121,201.7,53487.793784015266,21.322841523545144,-0.04568972943282667,53.861043163754964,6.625853373920971,0.03354404370167112,19.410446994880477,5.354166884613515
1052,60,35,15,Median,40,[   0  197  364  515  722  843  999 1126 1326 1812 2017],10,486,121,201.7,46513.21854355366,22.2058756631325,-0.03969532664068507,55.472433003364415,6.03624675311971,0.03912775411737373,17.384182603222722,4.820239207106905
1053,60,35,15,Mode,40,[   0  197  348  567  722  843  995 1109 1416 1561 1746 2017],11,307,114,183.36363636363637,40171.84216552305,20.407874535454965,-0.05161867546293785,49.01788401024447,7.068653056378327,0.031704926317932876,14.81318173544832,5.5980584550129695
1054,60,35,15,Median,40,[   0  197  357  498  567  722  843  999 1126 1326 1812 2017],11,486,69,183.36363636363637,35469.776164245784,20.943901322472858,-0.04038673505779838,50.91298685748372,6.2534468422749105,0.03430498655417057,13.468789056639213,4.9807860646960505
1055,60,35,15,Mode,40,[   0  197  348  490  567  722  843  995 1109 1416 1561 1746 2017],12,307,77,168.08333333333334,28998.908651131136,18.962762177301183,-0.05147461394386132,45.304008503094074,7.0971508055893295,0.02712335326459061,10.87867946348492,5.761088673176938
1056,60,35,15,Median,40,[   0  197  357  498  567  722  843  999 1126 1326 1561 1746 1812 2017],13,235,66,155.15384615384616,34734.96718373265,22.139040745296636,-0.06741348401302442,44.351643948729475,6.747521366564945,0.033201267545805636,13.780658162942759,5.033113681544206
1057,60,35,15,Mode,40,[   0  197  348  490  567  722  843  995 1109 1416 1561 1746 1812 2017],13,307,66,155.15384615384616,34321.830155958094,21.903372078987243,-0.07019656574848875,44.1244782200998,6.70432768222757,0.030971937642766467,13.649413842305364,5.013987567263099
1058,60,35,15,Median,40,"[   0  197  357  498  567  722  843  995 1112 1180 1375 1561 1746 1812
 2017]",14,205,66,144.07142857142858,30139.458007496847,21.830894721583093,-0.0680768362825872,41.968284144524404,6.755603302877192,0.03186415191785109,12.042003833892931,5.001921441893428
1059,60,35,15,Mode,40,"[   0  197  348  490  567  722  843  995 1109 1164 1416 1561 1746 1812
 2017]",14,252,55,144.07142857142858,28985.104419331587,21.54920021271345,-0.07057942967739926,41.72521827305202,7.046571072246276,0.029294138826050038,11.597817157747777,5.1349993175266215
1060,60,35,15,Median,40,"[   0  197  350  498  567  722  843  909  995 1112 1180 1375 1561 1746
 1812 2017]",15,205,66,134.46666666666667,27417.35277738857,21.707204903846183,-0.06979086601409684,39.64965722990862,6.782318893996672,0.030857543505540853,11.000731761217759,4.929365891555679
1061,60,35,15,Mode,40,"[   0  197  348  490  567  722  843  903  995 1109 1164 1416 1561 1746
 1812 2017]",15,252,55,134.46666666666667,25994.712394780516,21.26627807955435,-0.07207417067430819,39.22927194792618,7.059005891760504,0.02762833377743132,10.488321170368367,5.086161739478432
1062,60,35,15,Median,40,"[   0  197  357  498  567  722  843  909  995 1112 1180 1326 1561 1746
 1812 1915 2017]",16,235,66,126.0625,24134.705469595076,20.780733766862074,-0.07126551152795593,37.50286754165135,6.867935125332744,0.031140170947088357,9.769790254352115,5.153831247176493
1063,60,35,15,Mode,40,"[   0  197  348  490  567  722  843  903  995 1109 1164 1416 1561 1746
 1812 1915 2017]",16,252,55,126.0625,23300.444388218966,20.550535385836778,-0.0740070359248737,37.11070013434979,7.018685084891538,0.02808589571355834,9.486392164032303,5.135558065084968
1064,60,35,20,Median,40,[   0  567 1416 2017],3,849,567,672.3333333333334,436446.98530061,32.9612861297688,0.01582617258230146,149.82569716261105,4.383178353987322,0.07259969512927318,150.12525653800478,3.7032321733134625
1065,60,35,20,Mode,40,[   0  843 1746 2017],3,903,271,672.3333333333334,189575.11964941665,21.508608706607653,-0.01312889487358618,67.11568977100775,5.468951079878586,0.02348750264437709,62.799102356629255,5.062442118936684
1066,60,35,20,Median,40,[   0  498 1051 2017],3,966,498,672.3333333333334,464039.3580518402,37.14697943206383,0.027978450089482066,160.94278506512768,4.433958836730924,0.10596861740316656,161.6822299265397,3.631975862263476
1067,60,35,20,Mode,40,[   0  197  843 1746 2017],4,903,197,504.25,147163.79354952645,25.199096521283206,-0.03379736280790197,75.89425701144962,5.101453101712976,0.025935236111393534,49.88828009368199,4.707947801696505
1068,60,35,20,Median,40,[   0  454  811 1125 1746 2017],5,621,271,403.4,181135.12935078758,28.00581506136304,-0.0025982262116479695,92.63301832342677,5.701785265204843,0.06516438404361052,65.44924249500272,4.267403015210601
1069,60,35,20,Mode,40,[   0  197  843 1109 2017],4,908,197,504.25,274040.1472967402,38.932632499257814,-0.010106992675780128,101.07257731414037,4.846715091474781,0.08463261896422263,93.34255449085144,2.6326437773289237
1070,60,35,20,Median,40,[   0  345  515  838 1125 1746 2017],6,621,170,336.1666666666667,113862.8432747618,26.9355483011618,-0.0086867485491688,89.35269354509924,5.249380950063106,0.059445348293684516,42.68089745139272,4.088828494024614
1071,60,35,20,Mode,40,[   0  197  567  843 1109 1746 2017],6,637,197,336.1666666666667,133595.55738654165,27.622826675281715,-0.025338030713619605,84.47475778393208,5.120947955436801,0.05649129347125009,49.118166989686216,4.003292992884221
1072,60,35,20,Median,40,[   0  345  515  838 1116 1416 1803 2017],7,387,170,288.14285714285717,90456.94265024348,25.040210923985725,-0.015738661362921243,77.74107799590216,5.820531978780081,0.052399814737046475,33.54360927602564,4.541358072794213
1073,60,35,20,Mode,40,[   0  197  567  843 1109 1326 2017],6,691,197,336.1666666666667,124030.24249921137,28.82200281321761,-0.017684518458791862,85.7536465055159,4.825764723327016,0.05781520550058369,44.75982526420836,3.7354357078153013
1074,60,35,20,Median,40,[   0  345  507  776  994 1164 1510 1803 2017],8,346,162,252.125,61930.770547308646,21.561940010756604,-0.02014558967264885,63.386523026638464,7.067671980498856,0.04404738438784504,23.273793197950642,5.776771236362279
1075,60,35,20,Mode,40,[   0  197  567  843 1109 1326 2017],6,691,197,336.1666666666667,124030.24249921137,28.82200281321761,-0.017684518458791862,85.7536465055159,4.825764723327016,0.05781520550058369,44.75982526420836,3.7354357078153013
1076,60,35,20,Median,40,[   0  197  357  517  776  994 1164 1510 1803 2017],9,346,160,224.11111111111111,50122.85599523935,19.995164143416392,-0.042312924038509045,56.86047916873339,7.428910873322711,0.03572021344023822,18.488468345981,5.956198855726022
1077,60,35,20,Mode,40,[   0  197  348  567  843  995 1109 1326 1746 2017],9,420,114,224.11111111111111,51734.26241301984,21.30562049848308,-0.043443649681707074,59.38213598102591,7.095136655499526,0.03679926768500663,18.97847089198587,5.465207865237894
1078,60,35,20,Median,40,[   0  197  357  517  726  903 1125 1321 1812 2017],9,491,160,224.11111111111111,58458.35546786839,22.636589502336104,-0.03712385116565937,61.321417215260965,6.063231756662109,0.04139061636292696,21.503414010160604,4.829703631715055
1079,60,35,20,Mode,40,[   0  197  348  567  722  843 1109 1326 1544 1746 2017],10,271,121,201.7,53482.13691775326,21.49985999407065,-0.03880335371554272,54.47896358925509,6.743302614975815,0.03640533193528441,19.38334270196622,5.480299059434969
1080,60,35,20,Median,40,[   0  197  357  517  726  843  999 1128 1321 1812 2017],10,491,117,201.7,46028.333414157154,22.041862707144098,-0.040332338161504645,55.71088468841408,6.11874238367246,0.03861183849064628,17.235604916488494,4.867888332560997
1081,60,35,20,Mode,40,[   0  197  348  567  722  843  995 1109 1326 1544 1746 2017],11,271,114,183.36363636363637,40764.305172555294,20.505658581659283,-0.04453621783571534,49.57627240762309,7.196189172840534,0.03453139061812147,15.07082592461785,5.7130001988272054
1082,60,35,20,Median,40,[   0  197  357  517  726  843  999 1128 1321 1746 1812 2017],11,425,66,183.36363636363637,47022.913835591826,24.229000770969133,-0.06709680220896198,52.03650193714149,5.963313518599616,0.035030254070612526,18.216022668659814,4.4178061426156345
1083,60,35,20,Mode,40,[   0  197  348  567  722  843  995 1109 1326 1544 1746 1812 2017],12,219,66,168.08333333333334,45765.627350940296,23.66018593856703,-0.06859681572132728,47.89618680106233,6.789877979323932,0.038242772824342915,17.837905494897264,4.866065081398769
1084,60,35,20,Median,40,[   0  197  357  507  567  726  843  999 1128 1321 1561 1746 1812 2017],13,240,60,155.15384615384616,34235.81672453705,22.07590410379169,-0.06742594572099438,44.25013899755245,6.739674320609722,0.032453855211227386,13.604777292237598,5.04556284384755
1085,60,35,20,Mode,40,[   0  197  348  498  567  722  843  995 1109 1326 1544 1746 1812 2017],13,218,66,155.15384615384616,35054.31787173771,22.143330282360818,-0.06828959503641888,44.671962718981426,6.778526798397397,0.032998793881869486,13.979247709142,5.048877562964692
1086,60,35,20,Median,40,"[   0  197  357  517  726  843  915  995 1110 1174 1326 1561 1746 1812
 2017]",14,235,64,144.07142857142858,33864.27396643964,22.486725291628286,-0.06971350156227955,42.399084898540956,6.710887753322828,0.03411767287605534,13.349220030477955,4.970970429318096
1087,60,35,20,Mode,40,"[   0  197  348  567  722  843  922  995 1109 1174 1326 1544 1746 1812
 2017]",14,219,65,144.07142857142858,36032.86732963966,23.15052168089413,-0.06965020903345141,42.539312394160156,6.816858028742509,0.03651943506045562,14.106868544527819,4.807966756201834
1088,60,35,20,Median,40,"[   0  197  350  507  567  726  843  915  995 1110 1174 1326 1561 1746
 1812 2017]",15,235,60,134.46666666666667,26629.434796619902,21.552591960496894,-0.06971275879309624,39.871259966260105,6.804381525475475,0.030439481581527175,10.731857305108333,5.070769238971865
1089,60,35,20,Mode,40,"[   0  197  348  498  567  722  843  922  995 1109 1174 1326 1544 1746
 1812 2017]",15,218,65,134.46666666666667,27546.9420632732,21.886764279694013,-0.06926023063747061,40.171054338809704,6.767594679380569,0.03214769152147034,11.065950224621123,4.968813049343835
1090,60,35,20,Median,40,"[   0  197  350  507  567  726  843  915  995 1110 1174 1326 1561 1746
 1812 1915 2017]",16,235,60,126.0625,23892.85196326906,20.817761674716486,-0.07175924237793277,37.713230253209105,6.840738294786602,0.030709633664047806,9.713692556456268,5.12119173127884
1091,60,35,20,Mode,40,"[   0  197  348  498  567  722  843  922  995 1109 1174 1326 1544 1746
 1812 1915 2017]",16,218,65,126.0625,24749.19207881214,21.129655839300465,-0.07141282053460371,37.994603054539425,6.806641174566654,0.0323039629413281,10.025512614668207,5.026032620959344
1092,60,40,10,Median,40,[   0  521 1203 2017],3,814,521,672.3333333333334,511373.9828744783,37.776959243819405,0.028186902512183146,169.95494347742365,3.8970224629610883,0.10105892714054719,177.45151836540444,3.2298116402454338
1093,60,40,10,Mode,40,[   0  567 2017],2,1450,567,1008.5,696319.0439470807,41.33153693681031,0.10065140397174056,247.20659191922834,2.430045368399549,0.10065140397174056,247.20659191922834,2.430045368399549
1094,60,40,10,Median,40,[   0  498 1109 2017],3,908,498,672.3333333333334,517304.0309086082,38.898582782550776,0.02884500755655988,170.77441951198662,3.9757612947904195,0.1091709522766159,179.37396071423754,3.2598461454813386
1095,60,40,10,Mode,40,[   0  567 1125 2017],3,892,558,672.3333333333334,521841.5579834932,39.52984551744514,0.028904520269599814,166.00592727238177,3.725908149380483,0.1136847933666495,180.7771315502762,3.021178146546009
1096,60,40,10,Median,40,[   0  490  838 1125 1761 2017],5,636,256,403.4,197412.30040346412,29.71093047108928,0.000733897474290769,99.42713292061448,5.454459653536364,0.07192850567252496,72.4432485098566,3.975877878901839
1097,60,40,10,Mode,40,[   0  567  722 1125 1746 2017],5,621,155,403.4,139719.07091798852,27.70190352378348,0.0005410772722393911,92.11543769852672,5.327612830973708,0.06777967404385427,51.18877424470597,4.398509401662672
1098,60,40,10,Median,40,[   0  348  507  838 1125 1761 2017],6,636,159,336.1666666666667,114323.55069979311,27.16698429845336,-0.008601406273549519,89.15954814660977,5.181914909281216,0.06066071550131091,42.865569127023335,4.024023929819435
1099,60,40,10,Mode,40,[   0  197  567  722 1125 1746 2017],6,621,155,336.1666666666667,111010.98560873521,26.236037274247387,-0.02495456870997629,82.63561049958665,5.124690881280347,0.05270899322480338,40.957464178634716,4.26607668634531
1100,60,40,10,Median,40,[   0  348  507  838 1117 1416 1766 2017],7,350,159,288.14285714285717,84471.65341739336,23.930527324888487,-0.014124786162215002,75.68221670647395,6.451607403268957,0.04882095396318775,30.963933101449573,5.0899426596532535
1101,60,40,10,Mode,40,[   0  197  567  722 1125 1746 2017],6,621,155,336.1666666666667,111010.98560873521,26.236037274247387,-0.02495456870997629,82.63561049958665,5.124690881280347,0.05270899322480338,40.957464178634716,4.26607668634531
1102,60,40,10,Median,40,[   0  348  507  722  903 1125 1416 1766 2017],8,350,159,252.125,67847.7658292842,22.91237548911757,-0.01494135264742303,66.46507620711166,6.355177048104074,0.04605380603606516,25.150074726707533,5.275866397086447
1103,60,40,10,Mode,40,[   0  197  567  722  843 1125 1746 2017],7,621,121,288.14285714285717,105376.39545131836,27.2658007037713,-0.02522086724416123,72.58465040744349,5.30024455964382,0.055204864347959494,39.09195596695626,4.063838011612017
1104,60,40,10,Median,40,[   0  197  357  507  722  903 1125 1416 1766 2017],9,350,150,224.11111111111111,54155.9821265353,21.047466995665644,-0.03876382061573393,58.94752703541124,6.693463030829773,0.03659479253362542,19.641968892362577,5.495141839082499
1105,60,40,10,Mode,40,[   0  197  348  567  722  843 1125 1416 1746 2017],9,330,121,224.11111111111111,57999.274442208116,21.896013940674848,-0.03723013558732257,59.416110265322516,6.88560376346366,0.03734943293319269,20.969405553718396,5.398561180218142
1106,60,40,10,Median,40,[   0  197  357  507  722  888 1112 1200 1766 2017],9,566,88,224.11111111111111,49137.49961596108,23.05105059382793,-0.03680989569940052,60.59740714997068,5.857826056763451,0.03950987248956006,17.97167365223386,4.722846926314691
1107,60,40,10,Mode,40,[   0  197  348  567  722  843 1125 1200 1746 2017],9,546,75,224.11111111111111,49570.04428107763,23.61729302861564,-0.03615029960157501,60.29342896070173,5.992880824058262,0.039125817395370285,18.03712549214317,4.633123928490306
1108,60,40,10,Median,40,[   0  197  357  507  722  838  920 1116 1200 1766 2017],10,566,82,201.7,40882.362191155604,21.822226816920406,-0.04314392645035593,54.504694249648765,6.137942884702942,0.03284631268640935,15.019276302416156,5.045163292997545
1109,60,40,10,Mode,40,[   0  197  348  567  722  843  920 1125 1200 1746 2017],10,546,75,201.7,41671.71862602323,22.00278737522287,-0.043424712256661835,54.136690232199044,6.444886527505422,0.033703762194164294,15.24343614077926,5.103994982063592
1110,60,40,10,Median,40,[   0  197  357  507  722  838  920 1116 1200 1416 1795 2017],11,379,82,183.36363636363637,37214.72779595416,20.5456750041715,-0.044629220390820505,50.12938744477775,7.101780055552172,0.0308096733626207,13.714510302013062,5.62998425634196
1111,60,40,10,Mode,40,[   0  197  348  567  722  843  920 1125 1200 1746 2017],10,546,75,201.7,41671.71862602323,22.00278737522287,-0.043424712256661835,54.136690232199044,6.444886527505422,0.033703762194164294,15.24343614077926,5.103994982063592
1112,60,40,10,Median,40,[   0  197  357  498  567  722  843  920 1116 1200 1416 1557 1795 2017],13,238,69,155.15384615384616,25597.63488368073,18.68924061106971,-0.05184463850022485,42.85822486707719,7.377107110110243,0.023032247310350824,9.532967897591936,6.022344611159017
1113,60,40,10,Mode,40,[   0  197  348  498  567  722  843  920 1125 1200 1416 1646 1746 2017],13,271,69,155.15384615384616,23939.584147634694,18.533489215627995,-0.04804506511493884,41.82244899602105,7.757030899133886,0.02357415232980936,8.875053587817776,6.151123059980278
1114,60,40,10,Median,40,"[   0  197  357  498  567  722  838  920 1116 1200 1416 1549 1746 1812
 2017]",14,216,66,144.07142857142858,31051.582980193023,21.741522536008617,-0.06948451704015529,41.63755283348265,6.689045838049261,0.02763198023665703,12.320840694191418,5.035321577535554
1115,60,40,10,Mode,40,"[   0  197  348  498  567  722  843  920 1125 1200 1416 1554 1746 1812
 2017]",14,216,66,144.07142857142858,29644.586624351374,21.379376338157627,-0.07039377960692896,41.34455904108115,6.925137568692407,0.026624996691002326,11.773588571267217,5.192400349810954
1116,60,40,10,Median,40,"[   0  197  357  498  567  722  843  915 1052 1117 1200 1416 1557 1746
 1812 2017]",15,216,65,134.46666666666667,26287.80763542716,21.163028510135796,-0.07064698110874972,39.48018942736003,6.834818767554614,0.027871389587228613,10.591359840651561,5.053580088373367
1117,60,40,10,Mode,40,"[   0  197  348  498  567  722  843  920 1054 1125 1200 1416 1646 1746
 1812 2017]",15,230,66,134.46666666666667,24077.713927772365,20.261950544910462,-0.0706407757178507,39.058686923188674,7.18288569588678,0.028451154989773905,9.675131586600717,5.5184157843987975
1118,60,40,10,Median,40,"[   0  197  350  423  498  567  722  838  915 1052 1117 1200 1416 1557
 1746 1812 2017]",16,216,65,126.0625,25489.67487093045,21.767540953397152,-0.07068892049504989,37.432757105305235,6.750833933141868,0.030921383834760542,10.2656962177839,4.92724705349021
1119,60,40,10,Mode,40,"[   0  197  348  423  498  567  722  843  920 1054 1125 1200 1416 1646
 1746 1812 2017]",16,230,66,126.0625,23479.33699297884,20.97504907734439,-0.07015773462704203,37.0838383978435,7.036693042064892,0.03180482725794998,9.448223950793482,5.333734977791063
1120,60,40,15,Median,40,[   0  567 1326 2017],3,759,567,672.3333333333334,448029.496538881,34.08862459343538,0.021044926447514604,153.46356343762082,4.2347465095163095,0.08188413704131983,153.88383080759746,3.5669112304079036
1121,60,40,15,Mode,40,[   0  567 2017],2,1450,567,1008.5,696319.0439470807,41.33153693681031,0.10065140397174056,247.20659191922834,2.430045368399549,0.10065140397174056,247.20659191922834,2.430045368399549
1122,60,40,15,Median,40,[   0  498 1053 2017],3,964,498,672.3333333333334,466281.468697002,37.23454803392903,0.028104744734639517,161.38107610833205,4.407321116664123,0.10622633494557704,162.44956973770724,3.611041360719445
1123,60,40,15,Mode,40,[   0  567 2017],2,1450,567,1008.5,696319.0439470807,41.33153693681031,0.10065140397174056,247.20659191922834,2.430045368399549,0.10065140397174056,247.20659191922834,2.430045368399549
1124,60,40,15,Median,40,[   0  490  838 1125 1795 2017],5,670,222,403.4,205060.35158484324,30.672239446864022,-0.0005596480572115453,100.70148539783965,5.05120033727834,0.07617694425191192,75.70414106127942,3.70689428064039
1125,60,40,15,Mode,40,[   0  567  843 1117 1812 2017],5,695,205,403.4,191183.34407223883,30.68940661037331,-0.0022802461535886276,96.28551169236405,4.737425242500757,0.07766365954995574,70.53245436750713,3.6863435288770736
1126,60,40,15,Median,40,[   0  348  507  838 1125 1795 2017],6,670,159,336.1666666666667,120441.9916448964,27.936031479073154,-0.008757481286976463,90.21983568345004,4.8546446711315125,0.06405946636482049,45.474283168161584,3.8088370512102765
1127,60,40,15,Mode,40,[   0  197  567  843 1117 1812 2017],6,695,197,336.1666666666667,142981.72901543463,28.70736918092563,-0.026050949572438697,86.09750397542527,4.633072121450078,0.06124774042866767,53.20420436777725,3.705027351224379
1128,60,40,15,Median,40,[   0  348  507  838 1117 1375 1795 2017],7,420,159,288.14285714285717,85206.40606086099,24.87888791727947,-0.0145669649117292,77.24313588517846,5.9336273408445,0.05202118566320894,31.542310151333655,4.473502426429522
1129,60,40,15,Mode,40,[   0  197  567  843 1117 1270 1812 2017],7,542,153,288.14285714285717,101441.12390216753,26.59524111590022,-0.03033223592083477,74.69342577745441,4.873126621170913,0.05103187105287741,36.976219179496276,4.046088869327476
1130,60,40,15,Median,40,[   0  197  364  515  838 1117 1375 1795 2017],8,420,151,252.125,67955.77509265798,22.646982220188836,-0.03672958686636574,67.08084464491768,6.232144944309227,0.0410969409166127,24.669968889464446,4.788098422581671
1131,60,40,15,Mode,40,[   0  197  348  567  843 1117 1270 1812 2017],8,542,151,252.125,68674.69016973684,23.676926168479216,-0.0375420298667241,68.77663716942017,5.563490024146405,0.04231374364596014,25.092434938145068,4.514712678149684
1132,60,40,15,Median,40,[   0  197  357  507  722  915 1125 1416 1795 2017],9,379,150,224.11111111111111,58097.09117183987,21.997485772407895,-0.03851520779202286,60.24064374064848,6.512679772703762,0.04022656208042011,21.233389007587125,5.092276840442118
1133,60,40,15,Mode,40,[   0  197  348  567  722  843 1117 1416 1812 2017],9,396,121,224.11111111111111,63127.583916954594,23.17084272049089,-0.0384435920802761,61.25822217058258,6.336746537375792,0.04167763780472426,23.201082468277253,4.754364625910572
1134,60,40,15,Median,40,[   0  197  357  507  722  851 1109 1200 1510 1795 2017],10,310,91,201.7,44630.59702258796,21.800827723863144,-0.03889301537052725,55.73915329733511,6.8726261224464995,0.03476646455056457,16.310334832597924,5.298740368114224
1135,60,40,15,Mode,40,[   0  197  348  567  722  843 1117 1200 1416 1812 2017],10,396,83,201.7,47247.63704310538,22.491806083810832,-0.03985228375463799,55.70180691228543,6.866189358132284,0.03767106150340203,17.394830911077786,5.108405198586036
1136,60,40,15,Median,40,[   0  197  357  507  722  851  995 1125 1326 1812 2017],10,486,129,201.7,46592.80189328602,22.180472923898478,-0.04081944126952811,55.818916439281594,6.205290742357493,0.03901326574775762,17.42363200085768,4.856162758577807
1137,60,40,15,Mode,40,[   0  197  348  567  722  843  995 1117 1270 1646 1812 2017],11,376,121,183.36363636363637,45887.89975503426,22.507759743898923,-0.048705271284659526,51.358578985671926,6.502654235029544,0.03759455411229571,17.39708069119565,4.8026152526939
1138,60,40,15,Median,40,[   0  197  357  507  722  843  924 1112 1200 1375 1812 2017],11,437,81,183.36363636363637,39499.74136544857,21.155373023968114,-0.04317410729258401,51.04233310981096,6.847993366961038,0.034173370278889316,14.710636079293261,5.303743389718125
1139,60,40,15,Mode,40,[   0  197  348  567  722  843  995 1117 1200 1646 1812 2017],11,446,83,183.36363636363637,43045.56022092925,22.59051368054882,-0.04972403494333313,51.271430493341995,6.478023995109418,0.03641551998833582,16.28044072642839,4.762718138098645
1140,60,40,15,Median,40,[   0  197  357  498  567  722  851  995 1125 1326 1561 1746 1812 2017],13,235,66,155.15384615384616,35467.16788021528,22.264149853103575,-0.06743259561813784,44.57511131131651,6.769897595431341,0.03377834499532071,14.061436154446696,5.023369269400363
1141,60,40,15,Mode,40,[   0  197  348  498  567  722  843  995 1117 1270 1646 1746 1812 2017],13,376,66,155.15384615384616,32867.54397005697,21.86733819866077,-0.06850955409643036,44.57900600624444,6.746713136235564,0.033904654100672886,13.074421697763006,5.015372235658236
1142,60,40,15,Median,40,"[   0  197  350  498  567  722  843  915  995 1117 1200 1375 1561 1812
 2017]",14,251,69,144.07142857142858,23966.97594059084,19.33188594010226,-0.05077178459748036,40.92082616297141,7.406707338403903,0.02770761945927416,9.06090370029894,5.737292594272423
1143,60,40,15,Mode,40,"[   0  197  348  498  567  722  843  920  995 1117 1200 1416 1646 1812
 2017]",14,230,69,144.07142857142858,26702.949724618942,20.29402166858959,-0.05158382505149269,41.30140722068053,7.240659306033136,0.030217567295984418,10.315704670896226,5.380956825301002
1144,60,40,15,Median,40,"[   0  197  350  498  567  722  843  915  995 1117 1200 1375 1561 1746
 1812 2017]",15,205,66,134.46666666666667,28203.14603902739,21.81450823638188,-0.07047067514452023,39.563742246480246,6.685026712085279,0.03119106647149827,11.27332307492067,4.897263862777535
1145,60,40,15,Mode,40,"[   0  197  348  498  567  722  843  920  995 1117 1200 1416 1646 1746
 1812 2017]",15,230,66,134.46666666666667,26313.09205941481,21.129306826704845,-0.07097603442129106,39.23511111878145,7.18827951543251,0.031805615709038,10.470652110579213,5.361028386454194
1146,60,40,15,Median,40,"[   0  197  350  498  567  722  843  915  995 1117 1200 1289 1416 1561
 1746 1812 2017]",16,205,66,126.0625,25658.157669310363,20.80255093417071,-0.07107417293358453,37.013928953049856,7.00801488201402,0.028513358510541376,10.255587241988048,5.248112682970697
1147,60,40,15,Mode,40,"[   0  197  348  498  567  722  843  920  995 1117 1200 1270 1646 1746
 1812 2017]",15,376,66,134.46666666666667,25717.823211490708,21.29708571461075,-0.07069644419603531,39.39690772620592,6.800100605645745,0.03167538343355158,10.240401845674318,5.069925697259175
1148,60,40,20,Median,40,[   0  567 1375 2017],3,808,567,672.3333333333334,459988.3484283045,34.28515902275079,0.018123309397740765,154.35462571655185,4.175801870503212,0.08002319788828559,158.49422953164182,3.502964175970186
1149,60,40,20,Mode,40,[   0  843 1812 2017],3,969,205,672.3333333333334,166903.32544534892,20.128873466093896,-0.011003339292264162,64.48591943939913,5.847447036347724,0.019524177167961173,55.42927053700516,5.409201386003561
1150,60,40,20,Median,40,[   0  498 1045 2017],3,972,498,672.3333333333334,456047.6031884764,36.85244289672018,0.02794385026160018,159.7927608569916,4.503287686278873,0.10531031806441722,158.99546984387362,3.690330900029923
1151,60,40,20,Mode,40,[   0  197  843 1812 2017],4,969,197,504.25,137027.4629833672,24.404334227439154,-0.039925356238498654,73.98618578281747,5.422714340507792,0.02424158945803501,46.479647719187064,4.988973008331706
1152,60,40,20,Median,40,[   0  454  838 1125 1761 2017],5,636,256,403.4,200532.61902237177,30.15090738139142,-0.002417691942358232,97.27166332050601,5.615110139542759,0.07119946113299885,72.65727617613766,3.8709949494226046
1153,60,40,20,Mode,40,[   0  197  843  995 1812 2017],5,817,152,403.4,175754.20188268236,34.44199053896462,-0.03847000770009779,70.96000132943193,5.259525823555723,0.06909835580227348,59.48547660334958,3.3185601011682273
1154,60,40,20,Median,40,[   0  345  507  843 1171 1761 2017],6,590,162,336.1666666666667,112292.529853283,26.34208107646152,-0.008833036857792716,89.22879489204514,5.2359334873292385,0.05851759102073715,42.186234333831145,4.2005313189781415
1155,60,40,20,Mode,40,[   0  197  498  843 1174 1812 2017],6,638,197,336.1666666666667,142008.6615665066,27.61302380740613,-0.02715094630183069,88.03987028819563,4.823754073350276,0.05887276461803213,53.03308324141066,3.851480553056207
1156,60,40,20,Median,40,[   0  345  507  776  995 1174 1761 2017],7,587,162,288.14285714285717,73073.66465791377,23.103763431650805,-0.014353984620475968,71.89279239924856,6.2887154762937305,0.04995186581062488,27.84809532560543,5.268273863481773
1157,60,40,20,Mode,40,[   0  197  498  843  995 1174 1812 2017],7,638,152,288.14285714285717,105925.1002707883,27.155684252576794,-0.031041323295711968,75.92619774500541,5.137813815278074,0.05757154926921542,39.50937104103057,3.8834451006716058
1158,60,40,20,Median,40,[   0  345  507  726  915 1128 1416 1803 2017],8,387,162,252.125,71694.97633995026,23.861948382494198,-0.016079861586555725,67.69821080093081,6.211997600770987,0.049493915178139114,26.766298761677636,4.808382582888087
1159,60,40,20,Mode,40,[   0  197  498  776  843 1174 1812 2017],7,638,67,288.14285714285717,130589.68831268717,31.073054310712447,-0.039648166622810774,76.20292821906557,5.948522748886789,0.05322432650659259,48.393601059827525,3.3637568665371593
1160,60,40,20,Median,40,[   0  197  357  516  776  994 1164 1416 1803 2017],9,387,159,224.11111111111111,48678.22885880584,19.977792271308907,-0.04154261973049374,56.723659203599105,7.4892582524532765,0.035519269995855016,17.868044420416506,5.96767414983298
1161,60,40,20,Mode,40,[   0  197  348  498  843  995 1174 1326 1812 2017],9,486,150,224.11111111111111,54721.79870174961,22.62567086883565,-0.04393849550231014,60.64788520839573,6.139556316421995,0.039410000038064635,20.04877947130106,4.804060896444263
1162,60,40,20,Median,40,[   0  197  357  516  922 1125 1326 1812 2017],8,486,159,252.125,74050.57174035822,24.2011055476282,-0.038612819671736874,68.05185533542388,5.58254366654861,0.04725638005095686,26.876486358397482,4.572957537566778
1163,60,40,20,Mode,40,[   0  197  348  498  843  995 1174 1270 1646 1812 2017],10,376,96,201.7,50545.18590897297,22.875128284949273,-0.0508302439008865,54.94850687726909,6.116918777383492,0.035741487660417084,18.80614281460824,4.6519860642824
1164,60,40,20,Median,40,[   0  197  357  515  723  851  995 1128 1326 1812 2017],10,486,128,201.7,46928.056703223236,22.208973526147826,-0.04035954152457499,55.920783150196826,6.170555727517442,0.039024679217675336,17.546193847137303,4.840868328889373
1165,60,40,20,Mode,40,[   0  197  348  498  776  843  995 1174 1270 1646 1812 2017],11,376,67,183.36363636363637,52027.864415414675,25.2920122903405,-0.05072167647016125,51.228111128204176,7.397861671690672,0.03666638481139623,19.247768994463286,4.376683706717422
1166,60,40,20,Median,40,[   0  197  357  515  723  851  995 1128 1326 1746 1812 2017],11,420,66,183.36363636363637,47865.18593249526,24.3854577867842,-0.06705655433617844,52.22722283017674,5.988401796345363,0.035448456935127846,18.50950071982805,4.392978260879456
1167,60,40,20,Mode,40,[   0  197  348  498  776  843  995 1174 1270 1746 1812 2017],11,476,66,183.36363636363637,54337.95072049948,27.514542953749043,-0.06839467314051054,52.12998214999109,6.996591978458944,0.035019116484226925,20.425162543720226,3.9118437446769656
1168,60,40,20,Median,40,[   0  197  357  515  723  851  995 1116 1200 1546 1746 1812 2017],12,346,66,168.08333333333334,42500.40067138934,23.966066672294474,-0.06842057382577095,48.673407903492354,6.2826780579815775,0.037934155333588376,16.670508524445253,4.562854576755694
1169,60,40,20,Mode,40,[   0  197  348  498  776  843  995 1117 1174 1326 1544 1746 1812 2017],13,278,57,155.15384615384616,43132.2363606005,24.724009261060015,-0.06996879180705781,44.85879542658927,7.226852502937405,0.03534051278883072,16.514974308120706,4.7542378071634595
1170,60,40,20,Median,40,"[   0  197  357  515  723  843  920  995 1116 1174 1326 1546 1746 1812
 2017]",14,220,58,144.07142857142858,34160.632196719285,22.73185480553331,-0.06943779084648409,42.505269383706924,6.59439548250763,0.0347955554372569,13.440130890211956,4.872565629925274
1171,60,40,20,Mode,40,"[   0  197  348  498  776  843  920  995 1117 1174 1270 1544 1746 1812
 2017]",14,278,57,144.07142857142858,38491.497526182,24.833678511093463,-0.07122136309790658,42.39866411928281,7.213935354261575,0.03642732250816395,14.968933205391245,4.390811305924986
1172,60,40,20,Median,40,"[   0  197  350  499  567  722  839  920  995 1112 1174 1326 1561 1746
 1812 2017]",15,235,62,134.46666666666667,27198.10460589931,21.768724193791225,-0.06917014208895213,39.92240905060713,6.759363965209443,0.032285560872170396,10.901002951295965,5.0480330991777915
1173,60,40,20,Mode,40,"[   0  197  348  498  567  722  843  920  995 1117 1174 1270 1646 1746
 1812 2017]",15,376,57,134.46666666666667,25577.715253634542,21.609923492169845,-0.07029230183919462,39.76420020720902,6.700908194420015,0.03163215411224836,10.253700797820338,4.9090300670171105
1174,60,40,20,Median,40,"[   0  197  350  434  507  567  722  839  920  995 1116 1174 1326 1561
 1746 1812 2017]",16,235,58,126.0625,25934.836886195942,22.260320608567305,-0.06913220176820874,37.83313559739099,6.5983429121629715,0.03432289766867443,10.399735828226957,4.918485275734587
1175,60,40,20,Mode,40,"[   0  197  348  423  498  567  722  843  920  995 1117 1174 1270 1646
 1746 1812 2017]",16,376,57,126.0625,24879.338230450205,22.233157161453146,-0.06982720836550621,37.74702452814655,6.5848391344398,0.03477375977225946,9.988221881265128,4.764974974901488
1176,60,45,10,Median,40,[   0  517 1213 2017],3,804,517,672.3333333333334,512926.3006950045,37.68479969464113,0.027831279896022736,171.54760708378868,3.9242336524611354,0.09988024609033191,178.5787338419956,3.25526843855139
1177,60,45,10,Mode,40,[   0  567 2017],2,1450,567,1008.5,696319.0439470807,41.33153693681031,0.10065140397174056,247.20659191922834,2.430045368399549,0.10065140397174056,247.20659191922834,2.430045368399549
1178,60,45,10,Median,40,[   0  499 1109 2017],3,908,499,672.3333333333334,517505.12520219106,38.90982038167949,0.028838268236705756,170.79702279242682,3.9725767334044995,0.10924290902078239,179.4533238177611,3.256863263473847
1179,60,45,10,Mode,40,[   0  567 1125 2017],3,892,558,672.3333333333334,521841.5579834932,39.52984551744514,0.028904520269599814,166.00592727238177,3.725908149380483,0.1136847933666495,180.7771315502762,3.021178146546009
1180,60,45,10,Median,40,[   0  490  811 1125 1761 2017],5,636,256,403.4,182215.3453445818,27.821299913998406,-0.0002854384706926729,95.35323552004046,5.465107586361516,0.06716967450139197,66.8594895469162,4.40442065212747
1181,60,45,10,Mode,40,[   0  567  722 1125 1746 2017],5,621,155,403.4,139719.07091798852,27.70190352378348,0.0005410772722393911,92.11543769852672,5.327612830973708,0.06777967404385427,51.18877424470597,4.398509401662672
1182,60,45,10,Median,40,[   0  348  507  832 1125 1761 2017],6,636,159,336.1666666666667,110610.22021146698,26.734839707928852,-0.008895131338361067,88.20181179805417,5.178559660338144,0.05933889190943409,41.45530049809772,4.107501623980937
1183,60,45,10,Mode,40,[   0  197  567  722 1125 1746 2017],6,621,155,336.1666666666667,111010.98560873521,26.236037274247387,-0.02495456870997629,82.63561049958665,5.124690881280347,0.05270899322480338,40.957464178634716,4.26607668634531
1184,60,45,10,Median,40,[   0  348  507  832 1125 1416 1766 2017],7,350,159,288.14285714285717,80783.22285444617,23.39261042159427,-0.014368443864446197,74.71821160601584,6.53412941122376,0.047000771962359966,29.634127359563696,5.223025185050374
1185,60,45,10,Mode,40,[   0  197  567  722 1125 1746 2017],6,621,155,336.1666666666667,111010.98560873521,26.236037274247387,-0.02495456870997629,82.63561049958665,5.124690881280347,0.05270899322480338,40.957464178634716,4.26607668634531
1186,60,45,10,Median,40,[   0  313  507  722  903 1125 1416 1766 2017],8,350,181,252.125,69486.67241376241,22.703752657279747,-0.021198923163897626,65.31496623976138,6.387876757301271,0.044117025576341465,25.468733469884377,5.303142484226371
1187,60,45,10,Mode,40,[   0  197  567  722  843 1125 1746 2017],7,621,121,288.14285714285717,105376.39545131836,27.2658007037713,-0.02522086724416123,72.58465040744349,5.30024455964382,0.055204864347959494,39.09195596695626,4.063838011612017
1188,60,45,10,Median,40,[   0  197  350  507  722  903 1125 1416 1766 2017],9,350,153,224.11111111111111,53994.341421403755,20.939315737266902,-0.03912072010697291,58.970961517549824,6.741851084276044,0.0360746818596001,19.578882603491834,5.524123939810277
1189,60,45,10,Mode,40,[   0  197  348  567  722  843 1125 1416 1746 2017],9,330,121,224.11111111111111,57999.274442208116,21.896013940674848,-0.03723013558732257,59.416110265322516,6.88560376346366,0.03734943293319269,20.969405553718396,5.398561180218142
1190,60,45,10,Median,40,[   0  197  350  507  722  888 1116 1200 1766 2017],9,566,84,224.11111111111111,47949.89639685118,22.79516951139328,-0.03760762474113312,60.36344801774248,5.907023304661556,0.037764367577115036,17.513389560517076,4.774322191472448
1191,60,45,10,Mode,40,[   0  197  348  567  722  843 1125 1200 1746 2017],9,546,75,224.11111111111111,49570.04428107763,23.61729302861564,-0.03615029960157501,60.29342896070173,5.992880824058262,0.039125817395370285,18.03712549214317,4.633123928490306
1192,60,45,10,Median,40,[   0  197  350  507  722  888 1116 1200 1746 1812 2017],10,546,66,201.7,50300.63024219879,25.51651754588713,-0.06574361864159284,56.950635685536305,5.58120528925062,0.03480539468903675,19.199141887677925,4.087995761806117
1193,60,45,10,Mode,40,[   0  197  348  567  722  843 1125 1200 1746 1812 2017],10,546,66,201.7,52182.70980511096,26.38561585829713,-0.065034060018692,57.014582120424436,5.5911031922577195,0.0365802928320291,19.859954288937164,3.9035506460982012
1194,60,45,10,Median,40,[   0  197  350  507  722  843  920 1116 1200 1746 1812 2017],11,546,66,183.36363636363637,43479.72597569412,24.254669457524848,-0.0698793209271295,52.14531892222288,5.9848723392811785,0.030289746129549027,16.71611397982986,4.443778687058779
1195,60,45,10,Mode,40,[   0  197  348  567  722  843  920 1125 1200 1746 1812 2017],11,546,66,183.36363636363637,44812.95016315865,24.655728487275486,-0.06985857217064999,51.81245805991495,6.0385427073733675,0.03195499560727782,17.16335099303025,4.400291922553369
1196,60,45,10,Median,40,[   0  197  350  507  722  843  920 1116 1200 1746 1812 2017],11,546,66,183.36363636363637,43479.72597569412,24.254669457524848,-0.0698793209271295,52.14531892222288,5.9848723392811785,0.030289746129549027,16.71611397982986,4.443778687058779
1197,60,45,10,Mode,40,[   0  197  348  567  722  843  920 1125 1200 1746 1812 2017],11,546,66,183.36363636363637,44812.95016315865,24.655728487275486,-0.06985857217064999,51.81245805991495,6.0385427073733675,0.03195499560727782,17.16335099303025,4.400291922553369
1198,60,45,10,Median,40,"[   0  197  350  503  567  722  843  920 1116 1200 1416 1646 1746 1812
 2017]",14,230,64,144.07142857142858,28465.56654911242,20.74408059921882,-0.07002120465139999,41.28259064581932,7.224998965687748,0.02833394012706387,11.24331850042863,5.599959250533657
1199,60,45,10,Mode,40,"[   0  197  348  507  567  722  843  920 1125 1200 1416 1646 1746 1812
 2017]",14,230,60,144.07142857142858,27489.470063375775,20.61828477148176,-0.07026678498906294,41.02863587072552,7.266083192965019,0.027906910115149192,10.89116467061552,5.642577281575784
1200,60,45,10,Median,40,"[   0  197  350  503  567  722  843  915 1045 1117 1200 1416 1646 1746
 1812 2017]",15,230,64,134.46666666666667,24419.46829037921,20.41617544798992,-0.07109622123500628,39.08222879951685,7.134067899174123,0.028484793436725057,9.808704700771221,5.480510873548022
1201,60,45,10,Mode,40,"[   0  197  348  507  567  722  843  920 1054 1125 1200 1416 1646 1746
 1812 2017]",15,230,60,134.46666666666667,24101.758354106925,20.32537646916317,-0.07063996811801532,39.07856980313374,7.187705907611109,0.028177170484775603,9.69547681357612,5.50353487462596
1202,60,45,10,Median,40,"[   0  197  350  423  507  567  722  843  915 1045 1117 1200 1416 1646
 1746 1812 2017]",16,230,60,126.0625,23372.774398841793,20.959382127816557,-0.07058466481679695,37.10798873107331,6.998736944168934,0.0313034841414755,9.41661159202376,5.332877980666127
1203,60,45,10,Mode,40,"[   0  197  348  423  507  567  722  843  920 1054 1125 1200 1416 1646
 1746 1812 2017]",16,230,60,126.0625,23148.78918255414,20.861023981660576,-0.07024021018267505,37.07599110136422,7.055231849919465,0.030956820482821293,9.330019914656264,5.357872787155062
1204,60,45,15,Median,40,[   0  567 1339 2017],3,772,567,672.3333333333334,447400.2297121554,33.95383718956562,0.02022425278420242,153.03238783201132,4.253591968429703,0.08065949006725899,153.7303187477788,3.5824200731335725
1205,60,45,15,Mode,40,[   0  843 1812 2017],3,969,205,672.3333333333334,166903.32544534892,20.128873466093896,-0.011003339292264162,64.48591943939913,5.847447036347724,0.019524177167961173,55.42927053700516,5.409201386003561
1206,60,45,15,Median,40,[   0  498 1052 2017],3,965,498,672.3333333333334,465706.70868072234,37.2153903503462,0.028029322105199928,161.22274588146192,4.416654479675066,0.106175342170685,162.29718477746508,3.6176141366239003
1207,60,45,15,Mode,40,[   0  197  843 1812 2017],4,969,197,504.25,137027.4629833672,24.404334227439154,-0.039925356238498654,73.98618578281747,5.422714340507792,0.02424158945803501,46.479647719187064,4.988973008331706
1208,60,45,15,Median,40,[   0  490  811 1125 1795 2017],5,670,222,403.4,189574.74134833907,28.7852112119301,-0.0015912183781450217,96.61039274178869,5.097523665624809,0.0713328527039514,69.9459444763224,4.128256367292252
1209,60,45,15,Mode,40,[   0  197  843 1125 1812 2017],5,687,197,403.4,224745.01831192695,34.29729010988244,-0.03314953020833293,81.98762025675259,5.5182340599964155,0.07073242115466755,78.12638481423164,3.1494187144524375
1210,60,45,15,Median,40,[   0  313  507  838 1125 1795 2017],6,670,194,336.1666666666667,123652.46453699346,27.551150867999798,-0.015151371392572503,88.62701973137214,4.9093322816284966,0.06074093947707865,46.191358340412044,3.8555455706822186
1211,60,45,15,Mode,40,[   0  197  498  843 1125 1812 2017],6,687,197,336.1666666666667,145702.13465620147,28.57770716271957,-0.02726561739710689,88.1465612096433,4.880025064611213,0.06132386457840746,54.185477124788534,3.69059660990884
1212,60,45,15,Median,40,[   0  313  507  838 1117 1375 1795 2017],7,420,194,288.14285714285717,87881.80013760854,24.55815407471834,-0.02040697679539945,75.90286846526621,5.988715460492794,0.04925574659009074,32.139872794875714,4.51242619265614
1213,60,45,15,Mode,40,[   0  197  498  843 1125 1270 1812 2017],7,542,145,288.14285714285717,102804.00240344806,26.491569211020657,-0.03151800949859828,76.19959858341976,5.0346479562552,0.05123211849576644,37.43035872263302,4.047588937278443
1214,60,45,15,Median,40,[   0  313  507  776  994 1126 1416 1795 2017],8,379,132,252.125,63101.800904885466,21.691571749323355,-0.025998724418218364,61.99600993026632,6.681947232467613,0.04313424247876625,23.314445174386233,5.596344268520265
1215,60,45,15,Mode,40,[   0  197  498  843  995 1125 1416 1812 2017],8,396,130,252.125,82215.40585818037,24.028396354188203,-0.03861241790851077,65.55462331816373,6.296423663165564,0.04588685133697516,30.273845709505583,4.749925639470722
1216,60,45,15,Median,40,[   0  197  357  507  776  994 1126 1416 1795 2017],9,379,132,224.11111111111111,47524.284894953984,20.204894482854165,-0.04340838086276993,56.01055615428174,6.955233182856777,0.03581290275089395,17.418685696049458,5.744222624647467
1217,60,45,15,Mode,40,[   0  197  348  498  843  995 1125 1416 1812 2017],9,396,130,224.11111111111111,53422.38761264978,21.87874957418243,-0.04525512229495391,59.97099273929435,6.641931298308719,0.038980301474263554,19.68978501144003,5.062353196225165
1218,60,45,15,Median,40,[   0  197  357  507  722  843 1109 1201 1812 2017],9,611,92,224.11111111111111,53335.45864822099,24.244610454448754,-0.035828878809510446,62.45228004258333,5.740529227873099,0.04163161020795663,19.777191619858698,4.316473461673693
1219,60,45,15,Mode,40,[   0  197  348  498  722  843 1125 1200 1646 1812 2017],10,446,75,201.7,45565.24289463196,23.020192382468434,-0.04602175308318888,55.668802683879456,6.10582123801512,0.03497118686184532,17.06785116888854,4.620339794177522
1220,60,45,15,Median,40,[   0  197  357  507  722  843  995 1125 1321 1646 1812 2017],11,325,121,183.36363636363637,44617.6498765323,22.043239785253466,-0.04837793751368702,51.087846750412076,6.447630739603864,0.036117264623985415,16.97923748629846,4.8550849107209935
1221,60,45,15,Mode,40,[   0  197  348  498  722  843  995 1125 1270 1646 1812 2017],11,376,121,183.36363636363637,42545.145448813535,21.88179339449739,-0.04941378962996442,51.04941345035751,6.417823589375676,0.03479570091252139,16.16209501331376,4.876781619726655
1222,60,45,15,Median,40,[   0  197  357  507  722  843  995 1125 1289 1521 1746 1812 2017],12,232,66,168.08333333333334,41555.43645572553,22.836764712896297,-0.0681608099132569,47.62027327476077,6.7633509087356,0.03394207959870741,16.158344511981365,5.00191519392454
1223,60,45,15,Mode,40,[   0  197  348  498  722  843  995 1125 1270 1746 1812 2017],11,476,66,183.36363636363637,44973.00485534664,24.139851431248832,-0.06858041826995802,51.950002699026996,5.988021648122935,0.033397458057292634,17.395678955773604,4.396245500454566
1224,60,45,15,Median,40,[   0  197  350  499  567  722  843  995 1125 1321 1646 1746 1812 2017],13,325,66,155.15384615384616,33849.364716987766,21.880393007298096,-0.06824445146362408,44.395325224982905,6.722642604237358,0.03411767107930071,13.43996474804092,4.975517394960571
1225,60,45,15,Mode,40,[   0  197  348  498  567  722  843  995 1125 1270 1646 1746 1812 2017],13,376,66,155.15384615384616,32830.09810781363,21.89529535416058,-0.06839956771869016,44.53740478542494,6.709621952682322,0.03386296088711443,13.041880219220154,4.987744005911318
1226,60,45,15,Median,40,"[   0  197  350  499  567  722  843  920  995 1125 1321 1544 1746 1812
 2017]",14,223,66,144.07142857142858,32606.095401838687,22.43786176782372,-0.06927669088602802,42.03943885337092,6.655042941753601,0.03402779664518251,12.960235565696234,4.87515879567596
1227,60,45,15,Mode,40,"[   0  197  348  498  567  722  843  920  995 1125 1270 1561 1746 1812
 2017]",14,291,66,144.07142857142858,31851.026084019468,22.498114144576512,-0.06944103858063855,42.174931781945425,6.635594099122479,0.03439475908820623,12.660626471355167,4.840564709653557
1228,60,45,15,Median,40,"[   0  197  350  498  567  722  843  920  995 1117 1200 1326 1646 1746
 1812 2017]",15,320,66,134.46666666666667,26490.87958577684,21.428959192488104,-0.07026477413487592,39.48402729157198,6.75300758427526,0.032048278579920104,10.567751498944276,5.001668919778237
1229,60,45,15,Mode,40,"[   0  197  348  498  567  722  843  920  995 1125 1200 1270 1646 1746
 1812 2017]",15,376,66,134.46666666666667,25734.602275570134,21.33421924698885,-0.07063528931399923,39.328981142167166,6.791496203159105,0.03181189663427084,10.233921899455312,5.069205079945431
1230,60,45,15,Median,40,"[   0  197  350  499  567  722  843  920  995 1117 1200 1289 1521 1646
 1746 1812 2017]",16,232,66,126.0625,24965.375409248085,20.79503725370306,-0.07060771103305308,37.13915987468898,7.44449131784001,0.03139220998364573,9.978262793433865,5.2122604261149785
1231,60,45,15,Mode,40,"[   0  197  348  498  567  722  843  920  995 1125 1200 1270 1646 1746
 1812 2017]",15,376,66,134.46666666666667,25734.602275570134,21.33421924698885,-0.07063528931399923,39.328981142167166,6.791496203159105,0.03181189663427084,10.233921899455312,5.069205079945431
1232,60,45,20,Median,40,[   0  567 1416 2017],3,849,567,672.3333333333334,436446.98530061,32.9612861297688,0.01582617258230146,149.82569716261105,4.383178353987322,0.07259969512927318,150.12525653800478,3.7032321733134625
1233,60,45,20,Mode,40,[   0  843 1812 2017],3,969,205,672.3333333333334,166903.32544534892,20.128873466093896,-0.011003339292264162,64.48591943939913,5.847447036347724,0.019524177167961173,55.42927053700516,5.409201386003561
1234,60,45,20,Median,40,[   0  498 1015 2017],3,1002,498,672.3333333333334,422183.2130701238,35.613891500893835,0.02803609947467513,154.95336237869654,4.859707494479639,0.10236009208238794,146.82682716246106,3.9857630123845955
1235,60,45,20,Mode,40,[   0  197  843 1812 2017],4,969,197,504.25,137027.4629833672,24.404334227439154,-0.039925356238498654,73.98618578281747,5.422714340507792,0.02424158945803501,46.479647719187064,4.988973008331706
1236,60,45,20,Median,40,[   0  441  795 1125 1746 2017],5,621,271,403.4,175570.25642069292,27.264017387105326,-0.003624603656223241,90.2782464721234,5.665458355779004,0.06326729277044037,63.37688580322402,4.435954114901893
1237,60,45,20,Mode,40,[   0  197  843  995 1812 2017],5,817,152,403.4,175754.20188268236,34.44199053896462,-0.03847000770009779,70.96000132943193,5.259525823555723,0.06909835580227348,59.48547660334958,3.3185601011682273
1238,60,45,20,Median,40,[   0  322  507  838 1125 1746 2017],6,621,185,336.1666666666667,113001.91161589995,26.36898995068386,-0.014700157400156823,86.71724408453456,5.362737755644872,0.05597352754385769,41.65420466454456,4.156141871263417
1239,60,45,20,Mode,40,[   0  197  498  843  995 1812 2017],6,817,152,336.1666666666667,122208.38979834129,28.849638507911113,-0.03436721751913183,78.46544569887197,5.70699310518328,0.0600785706460627,44.288661510392984,3.7239635289230053
1240,60,45,20,Median,40,[   0  332  507  838 1117 1416 1795 2017],7,379,175,288.14285714285717,87194.60971985412,24.31429230539362,-0.020224753394095484,75.04383364386297,6.010363935351359,0.04906934021873783,31.685017363576367,4.696814584294208
1241,60,45,20,Mode,40,[   0  197  498  843  995 1326 1812 2017],7,486,152,288.14285714285717,102133.19366426919,26.347771941848062,-0.03627333151550684,70.72016073767232,7.181134640239402,0.052356239672155226,37.05720260331349,4.040816059869169
1242,60,45,20,Median,40,[   0  313  507  838 1109 1201 1812 2017],7,611,92,288.14285714285717,84318.96182578996,27.20460381981532,-0.019862684106938668,78.07800509169827,4.755688784179712,0.05368276312401419,31.097645526764893,3.785366961697582
1243,60,45,20,Mode,40,[   0  197  498  843  995 1174 1646 1812 2017],8,472,152,252.125,88531.22873020549,25.37624556089528,-0.043854289849053284,66.27350328310014,5.756096255313521,0.0476329504426596,32.982820600409035,4.281025009719872
1244,60,45,20,Median,40,[   0  197  357  516  776  994 1171 1554 1812 2017],9,383,159,224.11111111111111,51775.37592352348,20.133360132314095,-0.04222473037811789,57.393948636731125,7.672079495883133,0.036761925341346,19.233894384579788,6.059642324230197
1245,60,45,20,Mode,40,[   0  197  348  498  843  995 1125 1646 1812 2017],9,521,130,224.11111111111111,56615.91010672137,22.96438296794457,-0.05159967208134516,60.07943984610481,6.339291135823678,0.03919542992910355,21.241846382266772,4.696025131020002
1246,60,45,20,Median,40,[   0  197  357  516  924 1125 1289 1812 2017],8,523,159,252.125,70865.7229909923,24.26826716105968,-0.0381438720714366,68.08137045056026,5.432173373015042,0.047117761910347264,25.7213524678169,4.477305409816987
1247,60,45,20,Mode,40,[   0  197  348  498  843  995 1125 1270 1646 1812 2017],10,376,130,201.7,50209.462044857275,22.379572937549984,-0.05124212902923028,55.06180316214456,6.3192926819626765,0.03726164151886272,18.798470829374104,4.80738984914637
1248,60,45,20,Median,40,[   0  197  357  509  722  843  995 1125 1289 1812 2017],10,523,121,201.7,45196.76543605152,22.100186929001897,-0.040318570964623886,55.739272582023915,6.159988187125682,0.03844427137132044,16.91492256065171,4.817717354906605
1249,60,45,20,Mode,40,[   0  197  348  498  776  843  995 1125 1270 1646 1812 2017],11,376,67,183.36363636363637,51725.71293771055,24.84601247768114,-0.052341168526593145,51.33149923969039,6.488266303939626,0.03803452328399732,19.24086420775256,4.516547113094996
1250,60,45,20,Median,40,[   0  197  357  509  722  843  995 1125 1278 1544 1746 1812 2017],12,266,66,168.08333333333334,43307.376194851095,23.495750559064735,-0.06790148798682266,48.000394978060655,6.376258717216737,0.03706964120375899,16.923560804091192,4.722223164880521
1251,60,45,20,Mode,40,[   0  197  348  498  776  843  995 1125 1270 1561 1746 1812 2017],12,291,66,168.08333333333334,50180.661610036695,25.862248452907274,-0.07009041741233103,47.93938695687175,6.777153564377116,0.03893637502622916,19.128615177730282,4.528245440769485
1252,60,45,20,Median,40,[   0  197  350  499  569  726  843  995 1125 1278 1544 1746 1812 2017],13,266,66,155.15384615384616,34473.05647024948,22.291590288854433,-0.06771015813795235,44.7391836868465,6.515832191094701,0.03310891570634964,13.73609429463881,4.876825188842684
1253,60,45,20,Mode,40,[   0  197  348  498  567  776  843  995 1125 1270 1561 1746 1812 2017],13,291,66,155.15384615384616,40404.216057990336,24.81145965668865,-0.06848908747307844,45.318668319324374,7.196174210496192,0.036576463081028646,15.76836707169502,4.63286843645944
1254,60,45,20,Median,40,"[   0  197  350  499  569  726  843  994 1112 1180 1289 1561 1746 1812
 2017]",14,272,66,144.07142857142858,28557.469258542704,21.284207369192018,-0.06793643242348665,41.87915833052544,6.7859074852205765,0.03045351962664289,11.373710294886864,5.2410248864352935
1255,60,45,20,Mode,40,"[   0  197  348  498  567  776  843  995 1125 1174 1270 1646 1746 1812
 2017]",14,376,49,144.07142857142858,32878.18734163187,23.721851377894634,-0.0684905468101747,42.37220069788799,7.6369684485842155,0.034161224566972966,12.877206468932245,4.718703507626982
1256,60,45,20,Median,40,"[   0  197  350  499  569  726  843  920  995 1116 1180 1289 1561 1746
 1812 2017]",15,272,64,134.46666666666667,26586.30021150568,21.504339268016302,-0.06970278256537668,39.61988100987408,6.710158583654531,0.031054856450043238,10.60625253902121,5.097573785918812
1257,60,45,20,Mode,40,"[   0  197  348  498  567  776  843  920  995 1125 1174 1270 1646 1746
 1812 2017]",15,376,49,134.46666666666667,29401.681377577162,23.77158105067482,-0.07006151669802442,40.20889551110306,7.498538320210928,0.03576334435843075,11.737801643137898,4.535753939358539
1258,60,45,20,Median,40,"[   0  197  350  499  569  726  843  920  995 1116 1180 1289 1546 1646
 1746 1812 2017]",16,257,64,126.0625,25804.43747590533,21.622842467683252,-0.07046075465339521,37.72308377966028,7.326694341774497,0.033428517492957145,10.394406478020983,4.830844879207358
1259,60,45,20,Mode,40,"[   0  197  348  498  567  776  843  920  995 1125 1174 1270 1561 1646
 1746 1812 2017]",16,291,49,126.0625,29104.71343129902,23.887028611349912,-0.07004286916540163,38.233800650840664,7.9412597444575255,0.03719546379030784,11.683829616436276,4.297823386606367
1260,60,50,10,Median,40,[   0  517 1213 2017],3,804,517,672.3333333333334,512926.3006950045,37.68479969464113,0.027831279896022736,171.54760708378868,3.9242336524611354,0.09988024609033191,178.5787338419956,3.25526843855139
1261,60,50,10,Mode,40,[   0  507 2017],2,1510,507,1008.5,748766.2769845157,44.41540575872181,0.10915655715211227,268.30566414537515,2.2339711008680037,0.10915655715211227,268.30566414537515,2.2339711008680037
1262,60,50,10,Median,40,[   0  507 1109 2017],3,908,507,672.3333333333334,520452.2400141314,39.071798951337996,0.029089627240061946,171.20239409646723,3.9320026245691078,0.11027866775442871,180.68109957290693,3.2196555525458344
1263,60,50,10,Mode,40,[   0  507 1125 2017],3,892,507,672.3333333333334,525306.6184594315,39.09721724083795,0.029206041823806945,172.40688190474262,3.892494742542326,0.10985014425172365,182.75372198983314,3.190112929373944
1264,60,50,10,Median,40,[   0  498  811 1125 1761 2017],5,636,256,403.4,181683.23506993556,27.709485695336944,9.734269466089763e-05,95.72095861983595,5.495013051866413,0.06724955150100062,66.8182325358679,4.4663606000292795
1265,60,50,10,Mode,40,[   0  507  843 1125 1746 2017],5,621,271,403.4,194678.43129878162,29.50053253358823,0.002084509690117878,99.71026394705974,5.502233480396191,0.0717714762523495,71.56979919524655,4.0502850865385795
1266,60,50,10,Median,40,[   0  206  507  838 1125 1761 2017],6,636,206,336.1666666666667,132732.40833107018,26.898946564292338,-0.026561324328471504,85.3983535516075,5.372566653777878,0.054683536819529685,48.68246269433687,4.103100895988154
1267,60,50,10,Mode,40,[   0  197  507  843 1125 1746 2017],6,621,197,336.1666666666667,134789.54119915288,27.201257708359158,-0.025761005521131496,86.36928725095206,5.38672154635496,0.05576298834487048,49.594535494527314,4.06586438859548
1268,60,50,10,Median,40,[   0  206  507  722  903 1125 1761 2017],7,636,181,288.14285714285717,100623.34049522794,25.594584870787937,-0.02787873603233097,73.14630980843927,5.358628264815841,0.05296883357935491,37.487012688500705,4.408598150562644
1269,60,50,10,Mode,40,[   0  197  507  722  843 1125 1746 2017],7,621,121,288.14285714285717,103956.04352076446,26.194574140923404,-0.025437316977378385,74.27043961949708,5.402942744994502,0.05130867113019206,38.77507309382435,4.227263369138581
1270,60,50,10,Median,40,[   0  197  350  507  722  903 1125 1761 2017],8,636,153,252.125,70427.05822113741,22.995936499894736,-0.034852619880796784,66.33429609322087,5.782396401987573,0.04371659500999522,26.292026585502107,4.770858664525584
1271,60,50,10,Mode,40,[   0  197  348  507  722  843 1125 1746 2017],8,621,121,252.125,72066.98192043665,23.30032530406601,-0.03283334907441088,66.86956398776297,5.913282044917612,0.041549752163421994,26.79298581711723,4.6656143876420915
1272,60,50,10,Median,40,[   0  197  350  507  722  903 1125 1375 1761 2017],9,386,153,224.11111111111111,51975.46642477342,20.972010772175516,-0.03848853648335857,59.147207368976176,6.561321689404923,0.0358257558675188,18.84801880524124,5.385865795985507
1273,60,50,10,Mode,40,[   0  197  348  507  722  843 1125 1416 1746 2017],9,330,121,224.11111111111111,54788.61190517176,21.191750752830828,-0.037003963500623314,59.371267682367964,6.905022699628004,0.03455858184617716,19.82228749838331,5.519079294205241
1274,60,50,10,Median,40,[   0  197  350  507  722  888 1116 1200 1761 2017],9,561,84,224.11111111111111,47878.07869986555,22.765453831927914,-0.03764390134102625,60.36223874257222,5.905181249761274,0.037536603496251854,17.47937433664258,4.783092658845502
1275,60,50,10,Mode,40,[   0  197  348  507  722  843 1125 1200 1746 2017],9,546,75,224.11111111111111,46359.381744041275,22.91302984077162,-0.036058991939346884,60.24833256377432,5.987201987616151,0.036334966308354755,16.890007436808077,4.753642042477406
1276,60,50,10,Median,40,[   0  197  350  507  722  888 1116 1200 1746 1812 2017],10,546,66,201.7,50300.63024219879,25.51651754588713,-0.06574361864159284,56.950635685536305,5.58120528925062,0.03480539468903675,19.199141887677925,4.087995761806117
1277,60,50,10,Mode,40,[   0  197  348  507  722  843 1125 1200 1746 1812 2017],10,546,66,201.7,49328.78754996752,25.75960413576911,-0.06495480259593578,56.9735114957203,5.58599223945982,0.034099536310237516,18.84029379530598,4.010677858531178
1278,60,50,10,Median,40,[   0  197  350  507  721  843  920 1117 1201 1746 1812 2017],11,545,66,183.36363636363637,42942.97305763819,24.098503932505007,-0.07015885248237556,51.93952439060476,6.043978222204998,0.029632577364919137,16.515382178059888,4.474921605487
1279,60,50,10,Mode,40,[   0  197  348  507  722  843  920 1125 1200 1746 1812 2017],11,546,66,183.36363636363637,42244.420133529566,24.092317937000267,-0.07023767994521223,51.77535878805812,6.053278061896235,0.029722314737665394,16.24565654876218,4.496706413743048
1280,60,50,10,Median,40,[   0  197  350  507  567  722  843  920 1117 1200 1416 1746 1812 2017],13,330,60,155.15384615384616,30740.668072620367,21.597223043247308,-0.06957767356722734,44.39148324011874,7.147417454169005,0.025614548945934037,12.091070820144322,5.329217046349499
1281,60,50,10,Mode,40,[   0  197  348  507  567  722  843  920 1125 1200 1416 1746 1812 2017],13,330,60,155.15384615384616,30135.852650063156,21.541273192414348,-0.06977198233097963,44.22802704490636,7.173941515732532,0.02536017909332458,11.86459583692415,5.360113844689615
1282,60,50,10,Median,40,"[   0  197  350  507  567  722  843  920 1117 1200 1416 1646 1746 1812
 2017]",14,230,60,144.07142857142858,28047.761222659352,20.669930787635263,-0.07005728230823231,41.17978889687871,7.241453707227458,0.028141713056019455,11.100218501280294,5.614057160031063
1283,60,50,10,Mode,40,"[   0  197  348  507  567  722  843  920 1125 1200 1416 1646 1746 1812
 2017]",14,230,60,144.07142857142858,27489.470063375775,20.61828477148176,-0.07026678498906294,41.02863587072552,7.266083192965019,0.027906910115149192,10.89116467061552,5.642577281575784
1284,60,50,10,Median,40,"[   0  197  350  507  567  722  843  920 1045 1117 1200 1416 1646 1746
 1812 2017]",15,230,60,134.46666666666667,24463.36628322208,20.45491842690951,-0.07070813997655868,39.118239911258726,7.14665814028626,0.029013095885159407,9.831872521555672,5.474335291097015
1285,60,50,10,Mode,40,"[   0  197  348  507  567  722  843  920 1054 1125 1200 1416 1646 1746
 1812 2017]",15,230,60,134.46666666666667,24101.758354106925,20.32537646916317,-0.07063996811801532,39.07856980313374,7.187705907611109,0.028177170484775603,9.69547681357612,5.50353487462596
1286,60,50,10,Median,40,"[   0  197  350  423  507  567  722  843  920 1045 1117 1201 1416 1646
 1746 1812 2017]",16,230,60,126.0625,23469.146236693072,20.975738711203572,-0.07039259929325674,37.11341129453341,7.0241427709334054,0.03161446911483094,9.449417549271484,5.3325480368796425
1287,60,50,10,Mode,40,"[   0  197  348  423  507  567  722  843  920 1054 1125 1200 1416 1646
 1746 1812 2017]",16,230,60,126.0625,23148.78918255414,20.861023981660576,-0.07024021018267505,37.07599110136422,7.055231849919465,0.030956820482821293,9.330019914656264,5.357872787155062
1288,60,50,15,Median,40,[   0  567 1326 2017],3,759,567,672.3333333333334,448029.496538881,34.08862459343538,0.021044926447514604,153.46356343762082,4.2347465095163095,0.08188413704131983,153.88383080759746,3.5669112304079036
1289,60,50,15,Mode,40,[   0  843 1746 2017],3,903,271,672.3333333333334,189575.11964941665,21.508608706607653,-0.01312889487358618,67.11568977100775,5.468951079878586,0.02348750264437709,62.799102356629255,5.062442118936684
1290,60,50,15,Median,40,[   0  499 1052 2017],3,965,499,672.3333333333334,465903.0293637596,37.230729150251776,0.02801984226541997,161.2439686991882,4.411484179138646,0.10625475609333143,162.37321026222602,3.613079674372644
1291,60,50,15,Mode,40,[   0  197  843 1746 2017],4,903,197,504.25,147163.79354952645,25.199096521283206,-0.03379736280790197,75.89425701144962,5.101453101712976,0.025935236111393534,49.88828009368199,4.707947801696505
1292,60,50,15,Median,40,[   0  490 1125 2017],3,892,490,672.3333333333334,515766.6724029622,38.67346061555974,0.028318408162144284,170.1170243790293,3.98066992049319,0.10729030729423651,178.6794432381139,3.2712573397339755
1293,60,50,15,Mode,40,[   0  197  843 1125 2017],4,892,197,504.25,271508.80541992304,38.25930488087217,-0.009996867259470917,100.89980424020496,4.832729885893771,0.0819315830891386,92.57015677002288,2.6791592697130278
1294,60,50,15,Median,40,[   0  206  507  838 1125 1795 2017],6,670,206,336.1666666666667,138850.84927617348,27.66799374491213,-0.026559530148542523,86.44245366889052,5.043584018505156,0.05808228768303926,51.29117673547512,3.887914017378995
1295,60,50,15,Mode,40,[   0  197  498  843 1125 1746 2017],6,621,197,336.1666666666667,134482.4136836054,27.159845225780906,-0.02622588275654986,86.2104924368056,5.465711102081766,0.05554618388525775,49.41363498299549,4.066044224858087
1296,60,50,15,Median,40,[   0  206  507  776  994 1163 1795 2017],7,632,169,288.14285714285717,93936.60155882139,23.9548666734449,-0.030361662994024364,69.61125262775145,6.060972214725465,0.051144717659458695,34.82255014308381,5.040094556660054
1297,60,50,15,Mode,40,[   0  197  498  843 1125 1746 2017],6,621,197,336.1666666666667,134482.4136836054,27.159845225780906,-0.02622588275654986,86.2104924368056,5.465711102081766,0.05554618388525775,49.41363498299549,4.066044224858087
1298,60,50,15,Median,40,[   0  197  357  515  838 1117 1326 1795 2017],8,469,158,252.125,69974.9332801788,23.088456767857526,-0.03690070493419383,67.8841712369736,5.797424917682777,0.041720853807407816,25.354149481425754,4.757268496620954
1299,60,50,15,Mode,40,[   0  197  348  498  843 1125 1270 1746 2017],8,476,145,252.125,62701.189324878695,22.609542182566287,-0.03648032297441399,66.55995163989495,6.364829417919491,0.03867005218993804,22.43173525327248,5.003136690900749
1300,60,50,15,Median,40,[   0  197  357  507  776  994 1128 1557 1812 2017],9,429,134,224.11111111111111,49266.142019219275,20.36617649561193,-0.04402435043042216,56.16856492204325,7.210933744972625,0.037186656851961555,18.245879416963014,5.826332635454865
1301,60,50,15,Mode,40,[   0  348  498  843 1125 1746 2017],6,621,150,336.1666666666667,112422.59106461806,27.11841855700363,-0.008949845041988402,88.92668811207986,5.331716056565592,0.060347248197116565,41.98520199951072,4.038202258779236
1302,60,50,15,Median,40,[   0  197  357  507  722  843 1109 1201 1812 2017],9,611,92,224.11111111111111,53335.45864822099,24.244610454448754,-0.035828878809510446,62.45228004258333,5.740529227873099,0.04163161020795663,19.777191619858698,4.316473461673693
1303,60,50,15,Mode,40,[   0  197  348  498  722  843 1125 1200 1746 2017],9,546,75,224.11111111111111,45447.77019166673,22.792899358614,-0.036295204881594434,59.976053689994096,6.022302098774481,0.03568979071599007,16.542205612605077,4.767274231901627
1304,60,50,15,Median,40,[   0  197  357  507  722  843  995 1125 1289 1646 1812 2017],11,357,121,183.36363636363637,42904.686446275155,21.810333496709813,-0.04842742209538478,51.065987696090836,6.413943556733653,0.035271973287671905,16.27049077832487,4.909766891366048
1305,60,50,15,Mode,40,[   0  197  348  498  722  843  995 1125 1270 1746 2017],10,476,121,201.7,41085.40460275873,21.25603030582342,-0.041975495262961335,54.28584367908592,6.563813461539563,0.03461113023403204,15.156413511847026,5.204278949627635
1306,60,50,15,Median,40,[   0  197  357  507  716  843  922 1117 1203 1486 1746 1812 2017],12,283,66,168.08333333333334,39364.81059049662,22.710620881979047,-0.06981390623648522,47.61542810616889,6.550237354383146,0.030000094822761694,15.269866156210753,4.985722152680656
1307,60,50,15,Mode,40,[   0  197  348  498  722  843  920 1125 1200 1746 1812 2017],11,546,66,183.36363636363637,41515.13089162993,23.996213551274174,-0.07057428541431164,51.55136754798318,6.081996334662142,0.02920617426377365,15.967415089399779,4.507612165282426
1308,60,50,15,Median,40,[   0  197  357  507  716  843  922 1117 1200 1389 1746 1812 2017],12,357,66,168.08333333333334,37989.930776889065,22.358698385057743,-0.06995313014095675,47.40898076409166,6.848565616293034,0.028362322955339855,14.648179758262591,5.161094608005119
1309,60,50,15,Mode,40,[   0  197  348  498  722  843  920 1125 1200 1746 1812 2017],11,546,66,183.36363636363637,41515.13089162993,23.996213551274174,-0.07057428541431164,51.55136754798318,6.081996334662142,0.02920617426377365,15.967415089399779,4.507612165282426
1310,60,50,15,Median,40,"[   0  197  350  499  567  722  843  920  995 1117 1237 1486 1746 1812
 2017]",14,260,66,144.07142857142858,29309.24983620343,21.88653529835547,-0.07069377235791187,41.97284475154463,6.640380887358818,0.029721603395932026,11.672273049799173,4.900674088128152
1311,60,50,15,Mode,40,"[   0  197  348  498  567  722  843  920  995 1125 1200 1416 1746 1812
 2017]",14,330,66,144.07142857142858,28590.684506347574,22.074976536704146,-0.0704460263065121,41.975417989005805,7.063661329904266,0.03006151134400764,11.292416075807788,5.070167682811556
1312,60,50,15,Median,40,"[   0  197  350  499  567  721  843  920  995 1117 1200 1283 1521 1746
 1812 2017]",15,238,66,134.46666666666667,26574.00007786359,21.18165530770293,-0.07016154757695037,39.39197709655585,7.01467532688061,0.02968912614417529,10.565039269477634,5.309815823321898
1313,60,50,15,Mode,40,"[   0  197  348  498  567  722  843  920  995 1125 1200 1270 1416 1746
 1812 2017]",15,330,66,134.46666666666667,26206.301663228638,21.213671610506815,-0.07026239062759997,39.28677675577394,7.082836240618277,0.02797135169835321,10.355068475372756,5.266659276381647
1314,60,50,15,Median,40,"[   0  197  350  499  567  721  843  920  995 1117 1200 1278 1646 1746
 1812 2017]",15,368,66,134.46666666666667,25865.981715660473,21.340211412926248,-0.07043806739210302,39.40302672656438,6.778136905819335,0.032163189005994394,10.304089687092922,5.041087811066808
1315,60,50,15,Mode,40,"[   0  197  348  498  567  722  843  920  995 1125 1200 1270 1646 1746
 1812 2017]",15,376,66,134.46666666666667,25734.602275570134,21.33421924698885,-0.07063528931399923,39.328981142167166,6.791496203159105,0.03181189663427084,10.233921899455312,5.069205079945431
1316,60,50,20,Median,40,[   0  572 1416 2017],3,844,572,672.3333333333334,434156.03344281006,32.87582080900896,0.015526326315179879,148.7890816424361,4.382320083388861,0.07222731748661283,149.186402220697,3.7030505518663563
1317,60,50,20,Mode,40,[   0  843 1812 2017],3,969,205,672.3333333333334,166903.32544534892,20.128873466093896,-0.011003339292264162,64.48591943939913,5.847447036347724,0.019524177167961173,55.42927053700516,5.409201386003561
1318,60,50,20,Median,40,[   0  499  999 2017],3,1018,499,672.3333333333334,404467.5914758149,34.95471742530358,0.028196427724081635,152.60768551796738,5.073221097976856,0.10108658371617055,140.49903298061975,4.160361938217736
1319,60,50,20,Mode,40,[   0  197  843 1812 2017],4,969,197,504.25,137027.4629833672,24.404334227439154,-0.039925356238498654,73.98618578281747,5.422714340507792,0.02424158945803501,46.479647719187064,4.988973008331706
1320,60,50,20,Median,40,[   0  490 1125 2017],3,892,490,672.3333333333334,515766.6724029622,38.67346061555974,0.028318408162144284,170.1170243790293,3.98066992049319,0.10729030729423651,178.6794432381139,3.2712573397339755
1321,60,50,20,Mode,40,[   0  197  843  995 1812 2017],5,817,152,403.4,175754.20188268236,34.44199053896462,-0.03847000770009779,70.96000132943193,5.259525823555723,0.06909835580227348,59.48547660334958,3.3185601011682273
1322,60,50,20,Median,40,[   0  313  507  838 1125 1746 2017],6,621,194,336.1666666666667,115661.30161775164,26.588485412577334,-0.01475090662780386,87.44641965701234,5.3295567756937965,0.05661542370936792,42.81162280447179,4.121835137321172
1323,60,50,20,Mode,40,[   0  197  498  843  995 1812 2017],6,817,152,336.1666666666667,122208.38979834129,28.849638507911113,-0.03436721751913183,78.46544569887197,5.70699310518328,0.0600785706460627,44.288661510392984,3.7239635289230053
1324,60,50,20,Median,40,[   0  206  507  776  995 1174 1761 2017],7,587,179,288.14285714285717,89738.74802747036,23.0231078961824,-0.03152114659695694,68.96073527885034,6.446017934882046,0.046738883488588116,33.2497905310133,5.339822271329176
1325,60,50,20,Mode,40,[   0  197  498  843 1117 1812 2017],6,695,197,336.1666666666667,146439.51881629095,28.766898231797093,-0.02725216552778765,88.19895716505502,4.889831339106906,0.06213059317951926,54.423188509100086,3.6652721169577993
1326,60,50,20,Median,40,[   0  206  507 1168 1812 2017],5,661,205,403.4,206892.7599771052,29.188220723524683,-0.027585146902011807,101.54933901115093,4.481254706122503,0.05848403037229526,72.76518050718092,3.71608687153495
1327,60,50,20,Mode,40,[   0  197  498  843 1117 1646 1812 2017],7,529,166,288.14285714285717,116116.92808018212,26.73939916401663,-0.040982256406346416,75.430088155475,5.533846670128471,0.050128815984940824,43.08989520236795,3.983529372654939
1328,60,50,20,Median,40,[   0  197  364  517  776  994 1168 1812 2017],8,644,153,252.125,64991.39384384377,22.439573891625724,-0.035688593061527246,64.44983549368219,6.31522454611456,0.045738149257604506,24.51835684821437,5.161461768763126
1329,60,50,20,Mode,40,[   0  197  348  498  843  995 1117 1646 1812 2017],9,529,122,224.11111111111111,56324.064989462306,22.958825792044806,-0.05179012665087219,60.025710987196526,6.445389161094095,0.03942140195986736,21.144311954864058,4.728397062805047
1330,60,50,20,Median,40,[   0  197  357  517  776  994 1125 1278 1812 2017],9,534,131,224.11111111111111,50714.869902937266,21.525204547694443,-0.04091687429268582,58.084280761806944,6.326869190388055,0.03926993384015235,18.728184806494667,5.287319507185248
1331,60,50,20,Mode,40,[   0  197  348  498  843  995 1117 1270 1646 1812 2017],10,376,122,201.7,50259.38986118173,22.3422967302169,-0.051341085423402134,55.115633198808624,6.4182707097022345,0.037317232470274,18.84185946743124,4.844227488808927
1332,60,50,20,Median,40,[   0  197  357  515  722  843  995 1125 1278 1812 2017],10,534,121,201.7,46388.984525568994,22.405687834102935,-0.03985035501677073,56.16758018579803,6.0550796330836905,0.03946368700726415,17.390075547178608,4.764072403987676
1333,60,50,20,Mode,40,[   0  197  348  498  776  843  995 1117 1270 1646 1812 2017],11,376,67,183.36363636363637,51770.647972402556,24.812463891081364,-0.052458444539231854,51.3806218558222,6.518910760741838,0.03808455514026746,19.279913982003983,4.5497009887912965
1334,60,50,20,Median,40,[   0  197  357  514  722  843  995 1125 1278 1544 1746 1812 2017],12,266,66,168.08333333333334,43638.05159176063,23.531875716532394,-0.06766921057862876,48.11721543559433,6.367410303734929,0.03723836139268631,17.05943404513114,4.718596220819067
1335,60,50,20,Mode,40,[   0  197  348  498  776  843  995 1117 1270 1561 1746 1812 2017],12,291,66,168.08333333333334,50222.76349192905,25.843415529778564,-0.07020201591380447,47.984529145314674,6.805244316445809,0.039006164513114894,19.165647871829243,4.553484412657406
1336,60,50,20,Median,40,[   0  197  357  509  709  843  920  995 1125 1278 1561 1746 1812 2017],13,283,66,155.15384615384616,38897.82819810873,23.31300652011456,-0.07003678773347599,44.55277957559783,6.551534282934603,0.03747711036245708,15.203612309952915,4.7961240649375485
1337,60,50,20,Mode,40,[   0  197  348  498  722  843  920  995 1117 1270 1746 1812 2017],12,476,66,168.08333333333334,41231.2022409697,24.236642861204476,-0.07027117586365168,48.34622788020514,6.082653101670435,0.034542676690610376,15.971632574258432,4.323185014816155
1338,60,50,20,Median,40,"[   0  197  350  499  567  717  843  920  995 1125 1278 1546 1746 1812
 2017]",14,268,66,144.07142857142858,32124.340159155327,22.519121853040946,-0.06923944532663584,42.15393408340314,6.515490234348822,0.03434090264481642,12.797298691265949,4.788321777456252
1339,60,50,20,Mode,40,"[   0  197  348  498  567  722  843  920  995 1117 1270 1561 1746 1812
 2017]",14,291,66,144.07142857142858,31844.259603354676,22.475995818220365,-0.06943560138101472,42.21374133313305,6.647843707996364,0.034234755247033,12.674398488476367,4.842787905777263
1340,60,50,20,Median,40,"[   0  197  350  499  567  717  843  920  995 1117 1180 1289 1561 1746
 1812 2017]",15,272,63,134.46666666666667,26406.57697224248,21.450660603243428,-0.06979340574094739,39.48147407200733,6.690712262595404,0.03089435404895812,10.529359460971886,5.105985575841218
1341,60,50,20,Mode,40,"[   0  197  348  498  567  722  843  920  995 1117 1174 1270 1646 1746
 1812 2017]",15,376,57,134.46666666666667,25577.715253634542,21.609923492169845,-0.07029230183919462,39.76420020720902,6.700908194420015,0.03163215411224836,10.253700797820338,4.9090300670171105
1342,60,50,20,Median,40,"[   0  197  350  499  570  726  843  920  995 1117 1174 1278 1544 1646
 1746 1812 2017]",16,266,57,126.0625,25812.090416227784,21.830615236946052,-0.0702876461162438,37.894220206659334,7.206776251741465,0.03337750225017382,10.443782095396498,4.657925865808162
1343,60,50,20,Mode,40,"[   0  197  348  498  567  776  843  920  995 1117 1174 1270 1561 1646
 1746 1812 2017]",16,291,57,126.0625,29201.96887885236,23.848154809917688,-0.07008413493607009,38.32769940073349,7.907208505101376,0.03656479225874058,11.735855470175517,4.301180410013421
