[0,376,605,697,1103,1151,1291,1339,1427]
[0,376,605,697,1103,1151,1427]
[0,697,1427]
[0,386,605,744,1103,1151,1291,1339,1427]
[0,605,697,1103,1151,1427]
[0,386,744,1427]
[0,376,605,697,1103,1291,1339,1427]
[0,605,744,1103,1291,1339,1427]
[0,386,605,744,1103,1427]
[0,697,1103,1294,1427]
[0,744,1103,1151,1427]
[0,1103,1291,1427]
[0,386,744,1103,1427]
[0,605,744,1103,1294,1427]
[0,697,1103,1151,1427]
[0,605,744,1103,1427]
[0,605,697,1103,1427]
[0,386,605,744,1103,1291,1339,1427]
[0,605,697,1103,1291,1427]
[0,376,605,697,1103,1427]
[0,605,697,1103,1291,1339,1427]
[0,605,697,1103,1151,1291,1427]
[0,744,1103,1291,1427]
[0,605,744,1103,1151,1427]
[0,376,605,697,1103,1291,1427]
[0,744,1103,1151,1291,1339,1427]
[0,744,1103,1291,1339,1427]
[0,386,605,744,1103,1291,1427]
[0,1103,1291,1339,1427]
[0,1103,1151,1291,1427]
[0,1103,1427]
[0,697,1103,1291,1427]
[0,605,697,1103,1151,1291,1339,1427]
[0,1103,1151,1427]
[0,376,697,1103,1427]
[0,697,1103,1427]
[0,605,744,1103,1291,1427]
[0,1127,1427]
[0,744,1427]
[0,605,744,1103,1151,1291,1339,1427]
[0,1103,1151,1291,1339,1427]
[0,1103,1294,1427]
[0,744,1103,1427]
[0,376,697,1103,1291,1427]
