[0,803,1221,1562]
[0,203,478,803,1138,1562]
[0,1205,1562]
[0,224,478,1013,1138,1221,1436,1562]
[0,224,478,1013,1221,1436,1562]
[0,47,167,1562]
[0,478,1205,1562]
[0,224,478,1013,1205,1415,1562]
[0,167,224,478,1562]
[0,47,478,798,1221,1436,1562]
[0,224,478,1013,1205,1562]
[0,478,1013,1138,1436,1562]
[0,847,1138,1562]
[0,47,167,803,847,1205,1415,1562]
[0,167,224,478,1221,1562]
[0,47,478,1138,1415,1562]
[0,47,167,478,1013,1138,1415,1562]
[0,47,478,803,1115,1221,1436,1562]
[0,47,803,1562]
[0,224,478,1221,1562]
[0,203,478,1138,1562]
[0,803,1205,1562]
[0,478,1562]
[0,47,167,224,478,1221,1562]
[0,1013,1138,1436,1562]
[0,47,167,478,1138,1415,1562]
[0,1138,1562]
[0,224,478,1562]
[0,224,478,798,847,1221,1436,1562]
[0,224,478,1205,1562]
[0,167,224,478,1013,1221,1436,1562]
[0,478,803,1138,1415,1562]
[0,47,478,803,1221,1436,1562]
[0,1138,1436,1562]
[0,203,478,1221,1562]
[0,167,1562]
[0,798,1221,1562]
[0,798,1221,1436,1562]
[0,167,803,1205,1562]
[0,803,1205,1415,1562]
[0,47,167,224,478,1221,1436,1562]
[0,224,478,1221,1436,1562]
[0,224,478,1013,1221,1562]
[0,803,1562]
[0,167,224,478,1205,1415,1562]
[0,1221,1436,1562]
[0,47,167,224,478,1205,1415,1562]
[0,917,1562]
[0,1013,1138,1415,1562]
[0,478,798,1221,1436,1562]
[0,167,478,1138,1415,1562]
[0,798,847,1221,1436,1562]
[0,47,167,224,478,1013,1221,1436,1562]
[0,47,167,224,478,1013,1205,1415,1562]
[0,798,1562]
[0,47,167,224,478,1562]
[0,47,478,1221,1436,1562]
[0,47,478,1205,1415,1562]
[0,803,1221,1436,1562]
[0,1436,1562]
[0,167,478,1013,1138,1415,1562]
[0,1138,1415,1562]
[0,478,803,1221,1562]
[0,224,917,1562]
[0,167,224,478,1013,1138,1221,1436,1562]
[0,47,478,1205,1562]
[0,224,478,798,847,1115,1221,1436,1562]
[0,803,1115,1221,1436,1562]
[0,167,478,1138,1562]
[0,224,478,1205,1415,1562]
[0,47,478,798,847,1221,1436,1562]
[0,478,798,847,1221,1436,1562]
[0,167,803,1205,1415,1562]
[0,478,803,1115,1221,1436,1562]
[0,47,167,224,1562]
[0,224,478,798,1115,1221,1436,1562]
[0,47,803,1205,1562]
[0,167,224,478,1013,1205,1415,1562]
[0,47,1562]
[0,47,478,1013,1138,1436,1562]
[0,803,1138,1415,1562]
[0,47,224,478,798,847,1221,1436,1562]
[0,478,1138,1436,1562]
[0,47,167,224,478,1013,1138,1221,1436,1562]
[0,478,803,1221,1436,1562]
[0,478,1205,1415,1562]
[0,203,478,803,1138,1415,1562]
[0,167,224,1562]
[0,224,478,798,1221,1436,1562]
[0,47,167,224,478,1205,1562]
[0,47,478,1138,1562]
[0,478,1138,1562]
[0,1221,1562]
[0,167,224,478,1205,1562]
[0,224,1562]
[0,478,798,1221,1562]
[0,47,224,478,798,847,1115,1221,1436,1562]
[0,47,478,1138,1436,1562]
[0,47,478,1221,1562]
[0,803,1138,1562]
[0,167,478,1205,1415,1562]
[0,47,478,803,1138,1415,1562]
[0,167,224,478,1221,1436,1562]
[0,478,1221,1436,1562]
[0,167,478,1205,1562]
[0,478,1013,1138,1415,1562]
[0,47,478,1013,1138,1415,1562]
[0,224,478,798,1221,1562]
[0,47,478,1562]
[0,47,167,803,1205,1415,1562]
[0,478,1138,1415,1562]
[0,478,1221,1562]
[0,203,478,1138,1415,1562]
[0,47,803,1205,1415,1562]
[0,478,803,1138,1562]
[0,47,167,478,1205,1415,1562]
[0,1205,1415,1562]
[0,224,803,1221,1562]
[0,1013,1138,1562]
