[0,344,800,997]
[0,410,772,839,997]
[0,286,410,484,772,839,997]
[0,62,772,880,997]
[0,344,484,839,997]
[0,410,582,839,997]
[0,62,219,286,344,484,772,857,997]
[0,344,857,997]
[0,636,772,859,997]
[0,410,484,772,857,997]
[0,62,286,344,484,582,772,839,997]
[0,286,410,857,997]
[0,286,344,772,839,997]
[0,410,857,997]
[0,344,484,772,880,997]
[0,62,484,636,772,859,997]
[0,219,344,484,857,997]
[0,62,219,286,344,410,484,772,857,997]
[0,484,582,997]
[0,344,484,582,772,839,997]
[0,344,484,880,997]
[0,484,582,839,997]
[0,62,286,410,484,772,857,997]
[0,286,344,857,997]
[0,62,636,772,859,997]
[0,62,772,859,997]
[0,286,484,772,997]
[0,62,582,997]
[0,636,820,997]
[0,582,839,997]
[0,344,484,636,772,857,997]
[0,286,410,484,582,839,997]
[0,344,484,772,857,997]
[0,62,344,484,772,880,997]
[0,62,286,344,410,484,582,772,839,997]
[0,62,286,410,484,582,772,839,997]
[0,286,344,484,582,772,839,997]
[0,484,636,997]
[0,344,484,582,857,997]
[0,286,410,772,857,997]
[0,62,410,484,582,772,839,997]
[0,344,772,857,997]
[0,62,344,772,839,997]
[0,484,772,997]
[0,62,286,344,484,582,772,857,997]
[0,410,484,839,997]
[0,62,344,484,636,772,857,997]
[0,62,344,484,772,857,997]
[0,286,344,772,857,997]
[0,62,286,344,484,772,880,997]
[0,484,582,857,997]
[0,62,286,344,410,484,772,857,997]
[0,344,997]
[0,344,484,636,772,880,997]
[0,410,636,857,997]
[0,410,484,582,839,997]
[0,286,484,997]
[0,62,324,820,997]
[0,286,410,484,636,772,857,997]
[0,62,344,772,880,997]
[0,772,839,997]
[0,839,997]
[0,286,410,636,857,997]
[0,286,410,839,997]
[0,62,772,857,997]
[0,286,344,484,772,839,997]
[0,324,820,997]
[0,286,344,772,880,997]
[0,801,997]
[0,880,997]
[0,484,997]
[0,410,636,997]
[0,219,344,484,772,857,997]
[0,484,582,772,839,997]
[0,62,344,772,857,997]
[0,62,344,484,636,772,880,997]
[0,286,344,839,997]
[0,484,636,820,997]
[0,286,344,410,484,772,857,997]
[0,219,286,410,484,772,857,997]
[0,62,582,772,839,997]
[0,772,880,997]
[0,636,857,997]
[0,286,344,997]
[0,62,344,484,582,772,839,997]
[0,344,484,772,839,997]
[0,582,772,839,997]
[0,344,484,857,997]
[0,286,410,582,839,997]
[0,219,286,410,484,636,772,857,997]
[0,62,219,286,344,410,484,636,772,857,997]
[0,820,997]
[0,772,857,997]
[0,344,839,997]
[0,859,997]
[0,286,410,484,839,997]
[0,410,484,772,839,997]
[0,62,286,344,410,484,636,772,857,997]
[0,582,997]
[0,62,219,286,410,484,772,857,997]
[0,410,997]
[0,772,859,997]
[0,410,839,997]
[0,62,219,344,484,772,857,997]
[0,344,880,997]
[0,344,484,997]
[0,344,484,636,997]
[0,62,286,344,484,772,857,997]
[0,62,484,582,997]
[0,410,772,857,997]
[0,62,484,582,772,839,997]
[0,344,484,636,857,997]
[0,62,636,820,997]
[0,286,410,636,772,857,997]
[0,286,344,484,772,880,997]
[0,62,410,484,772,839,997]
[0,484,636,859,997]
[0,636,859,997]
[0,286,344,410,484,582,772,839,997]
[0,62,286,344,484,636,772,880,997]
[0,344,772,839,997]
[0,286,410,484,582,772,839,997]
[0,410,484,582,772,839,997]
[0,286,344,880,997]
[0,800,997]
[0,286,344,484,772,857,997]
[0,344,484,582,839,997]
[0,62,484,636,820,997]
[0,344,484,636,880,997]
[0,344,484,582,772,857,997]
[0,410,582,997]
[0,857,997]
[0,324,997]
[0,62,997]
[0,344,772,880,997]
[0,62,286,344,484,636,772,857,997]
[0,62,344,484,772,839,997]
[0,582,857,997]
[0,62,410,484,772,857,997]
[0,62,219,286,410,484,636,772,857,997]
[0,62,286,410,484,636,772,857,997]
[0,636,997]
[0,286,997]
[0,286,344,484,582,772,857,997]
[0,410,484,997]
[0,286,410,484,772,857,997]
[0,484,636,772,859,997]
[0,62,772,839,997]
[0,62,344,484,582,772,857,997]
[0,286,344,410,484,772,839,997]
[0,484,636,857,997]
