[0,85,655,907,976,1166,1370,1419]
[0,655,800,1166,1419]
[0,190,1419]
[0,85,655,786,976,1166,1419]
[0,486,1166,1419]
[0,85,907,976,1166,1370,1419]
[0,85,1166,1419]
[0,85,655,907,976,1166,1419]
[0,190,976,1419]
[0,85,655,786,976,1166,1236,1419]
[0,486,800,1268,1419]
[0,655,786,976,1166,1419]
[0,486,976,1166,1419]
[0,85,486,907,976,1166,1370,1419]
[0,486,800,1419]
[0,85,800,1419]
[0,85,486,976,1166,1419]
[0,487,907,1419]
[0,976,1166,1419]
[0,85,655,786,907,976,1166,1419]
[0,85,655,786,907,976,1166,1236,1419]
[0,85,655,976,1166,1419]
[0,907,1419]
[0,85,976,1419]
[0,85,655,786,907,976,1166,1236,1370,1419]
[0,85,655,800,976,1166,1419]
[0,655,800,976,1166,1419]
[0,190,907,1419]
[0,85,655,786,907,976,1166,1370,1419]
[0,85,486,907,976,1166,1419]
[0,655,1166,1419]
[0,85,486,800,976,1166,1370,1419]
[0,486,1419]
[0,85,847,976,1166,1419]
[0,85,976,1166,1370,1419]
[0,85,487,907,1268,1419]
[0,85,907,976,1166,1419]
[0,655,976,1166,1419]
[0,85,655,800,907,976,1166,1419]
[0,85,976,1166,1419]
[0,1166,1419]
[0,800,976,1166,1419]
[0,85,800,976,1166,1419]
[0,85,786,976,1166,1419]
[0,655,786,1166,1419]
[0,655,1419]
[0,85,486,800,976,1166,1419]
[0,486,800,976,1166,1419]
[0,85,486,800,1419]
[0,85,907,1419]
[0,190,907,1268,1419]
[0,85,487,907,1419]
[0,85,486,800,1268,1419]
[0,85,486,847,976,1166,1419]
[0,85,1419]
[0,85,800,976,1166,1370,1419]
[0,486,847,976,1166,1419]
[0,847,976,1166,1419]
[0,976,1419]
[0,800,1419]
[0,786,976,1166,1419]
[0,487,907,1268,1419]
