[0,1045,1427]
[0,1078,1427]
[0,262,1045,1119,1427]
[0,827,1427]
[0,51,237,473,827,1078,1271,1427]
[0,51,288,473,827,1271,1427]
[0,178,288,473,827,1271,1427]
[0,178,288,1427]
[0,237,1427]
[0,262,1045,1427]
[0,288,473,1271,1427]
[0,288,1045,1271,1427]
[0,168,288,473,1427]
[0,168,288,1045,1427]
[0,168,288,473,1271,1427]
[0,288,1045,1119,1427]
[0,237,473,1427]
[0,168,288,473,1045,1119,1271,1427]
[0,262,473,1045,1271,1427]
[0,827,1078,1271,1427]
[0,178,288,473,1119,1427]
[0,288,473,827,1078,1271,1427]
[0,1271,1427]
[0,505,1427]
[0,288,473,827,1119,1271,1427]
[0,168,262,1045,1427]
[0,473,1119,1427]
[0,178,288,473,1045,1271,1427]
[0,288,827,1078,1427]
[0,168,262,473,1045,1271,1427]
[0,168,262,1045,1271,1427]
[0,473,1271,1427]
[0,178,288,827,1271,1427]
[0,51,237,473,1078,1271,1427]
[0,51,178,288,473,1045,1119,1271,1427]
[0,288,473,827,1078,1427]
[0,168,288,1045,1271,1427]
[0,237,473,1271,1427]
[0,178,288,473,1427]
[0,237,1119,1427]
[0,168,288,1045,1119,1427]
[0,178,288,1045,1427]
[0,473,1077,1271,1427]
[0,288,473,1045,1271,1427]
[0,168,288,1427]
[0,1077,1271,1427]
[0,168,262,1045,1119,1271,1427]
[0,288,473,1045,1427]
[0,288,473,1078,1427]
[0,178,288,1045,1119,1427]
[0,178,1427]
[0,51,168,288,473,827,1078,1271,1427]
[0,288,1427]
[0,262,473,1427]
[0,288,1078,1427]
[0,237,473,827,1078,1427]
[0,288,1045,1427]
[0,51,168,288,473,1045,1119,1271,1427]
[0,288,827,1427]
[0,288,473,827,1271,1427]
[0,237,473,1078,1271,1427]
[0,178,288,1045,1271,1427]
[0,1045,1271,1427]
[0,168,288,473,1045,1271,1427]
[0,262,1045,1271,1427]
[0,237,827,1078,1427]
[0,1045,1119,1427]
[0,168,288,473,1045,1119,1427]
[0,168,288,473,827,1078,1271,1427]
[0,51,288,827,1271,1427]
[0,168,288,473,1119,1427]
[0,288,473,1078,1271,1427]
[0,51,178,288,473,827,1119,1271,1427]
[0,288,473,1119,1427]
[0,178,288,473,827,1119,1271,1427]
[0,1119,1427]
[0,178,288,473,1045,1119,1271,1427]
[0,237,473,827,1078,1271,1427]
[0,237,1078,1427]
[0,237,827,1427]
[0,168,288,473,1078,1271,1427]
[0,237,473,1078,1427]
[0,51,178,288,473,827,1271,1427]
[0,178,288,473,1045,1119,1427]
[0,237,473,827,1427]
[0,168,262,1045,1119,1427]
[0,1077,1427]
[0,51,237,473,1271,1427]
[0,168,262,1427]
[0,168,1427]
[0,473,1077,1427]
[0,827,1078,1427]
[0,827,1271,1427]
[0,168,262,473,1045,1119,1271,1427]
[0,288,473,1427]
[0,262,473,1045,1427]
[0,51,168,288,473,1078,1271,1427]
[0,51,168,262,473,1045,1119,1271,1427]
[0,288,827,1271,1427]
[0,473,1427]
[0,505,1119,1427]
[0,288,473,827,1427]
