[0,914,1065,1343]
[0,107,468,696,914,1343]
[0,340,544,696,914,1185,1343]
[0,340,914,1343]
[0,708,1025,1343]
[0,914,1343]
[0,340,696,914,1065,1343]
[0,468,696,914,1185,1343]
[0,340,914,1065,1343]
[0,107,914,1185,1343]
[0,696,1343]
[0,480,914,1065,1343]
[0,107,468,696,914,1018,1185,1343]
[0,107,340,914,1185,1343]
[0,544,696,914,1343]
[0,107,696,914,1185,1343]
[0,340,696,1018,1185,1343]
[0,107,480,696,914,1065,1343]
[0,107,340,708,1025,1343]
[0,107,468,914,1185,1343]
[0,107,468,696,914,1065,1343]
[0,480,696,914,1185,1343]
[0,340,696,914,1343]
[0,107,480,914,1018,1185,1343]
[0,107,468,544,914,1343]
[0,107,468,914,1018,1065,1343]
[0,107,340,544,696,914,1185,1343]
[0,107,480,544,914,1343]
[0,107,480,914,1343]
[0,107,340,696,914,1065,1343]
[0,107,340,544,696,1018,1185,1343]
[0,696,914,1065,1343]
[0,107,340,696,914,1018,1065,1343]
[0,468,696,914,1343]
[0,468,914,1343]
[0,107,480,914,1185,1343]
[0,107,480,544,696,914,1018,1065,1185,1343]
[0,340,544,696,914,1065,1343]
[0,340,544,696,1018,1185,1343]
[0,107,480,696,914,1185,1343]
[0,480,914,1185,1343]
[0,107,340,544,708,1025,1343]
[0,107,468,544,914,1065,1343]
[0,107,708,1025,1343]
[0,708,1343]
[0,107,480,696,914,1343]
[0,107,696,914,1065,1343]
[0,468,1343]
[0,624,1343]
[0,696,1018,1185,1343]
[0,107,1018,1343]
[0,340,1343]
[0,107,468,544,696,914,1018,1065,1343]
[0,340,544,696,914,1343]
[0,340,1018,1343]
[0,107,340,696,914,1185,1343]
[0,107,480,696,914,1018,1185,1343]
[0,107,468,544,696,914,1343]
[0,136,624,1018,1343]
[0,544,708,1025,1343]
[0,107,468,914,1065,1343]
[0,624,1018,1343]
[0,480,696,914,1065,1343]
[0,107,480,914,1065,1343]
[0,107,914,1018,1065,1343]
[0,107,914,1343]
[0,107,340,914,1343]
[0,340,696,1018,1343]
[0,107,696,914,1343]
[0,107,468,544,914,1185,1343]
[0,107,696,1343]
[0,107,480,544,914,1065,1343]
[0,107,468,544,696,914,1065,1343]
[0,107,340,696,914,1343]
[0,468,914,1065,1343]
[0,107,480,544,696,914,1018,1185,1343]
[0,544,696,1018,1185,1343]
[0,696,1018,1343]
[0,107,480,544,914,1018,1065,1343]
[0,107,340,544,696,914,1018,1065,1343]
[0,107,696,914,1018,1065,1343]
[0,107,468,544,696,914,1018,1185,1343]
[0,480,1343]
[0,107,696,914,1018,1065,1185,1343]
[0,136,624,1343]
[0,107,480,544,696,914,1343]
[0,107,468,914,1343]
[0,696,914,1343]
[0,340,914,1185,1343]
[0,107,480,544,696,914,1065,1343]
[0,480,914,1343]
[0,107,468,544,696,914,1185,1343]
[0,468,914,1185,1343]
[0,468,696,914,1065,1343]
[0,544,696,914,1185,1343]
[0,107,914,1065,1343]
[0,340,544,708,1025,1343]
[0,107,480,544,914,1185,1343]
[0,480,696,914,1343]
[0,107,708,1343]
[0,107,340,696,1018,1185,1343]
[0,914,1185,1343]
[0,340,708,1343]
[0,107,340,914,1018,1065,1343]
[0,107,340,544,696,914,1018,1065,1185,1343]
[0,107,340,544,696,914,1018,1185,1343]
[0,340,696,914,1185,1343]
[0,107,340,544,696,914,1065,1343]
[0,107,696,1018,1343]
[0,107,340,914,1065,1343]
[0,107,468,696,914,1185,1343]
[0,107,480,544,696,914,1018,1065,1343]
[0,107,468,544,696,914,1018,1065,1185,1343]
[0,107,340,696,1018,1343]
[0,107,696,914,1018,1185,1343]
[0,1018,1343]
[0,107,696,1018,1185,1343]
[0,107,480,544,696,914,1185,1343]
[0,696,914,1185,1343]
[0,340,708,1025,1343]
[0,107,340,544,696,914,1343]
[0,544,696,914,1065,1343]
[0,107,468,544,914,1018,1065,1343]
