[0,241,593,672,738,1046,1120,1374,1427]
[0,593,1046,1134,1427]
[0,593,672,1046,1120,1374,1427]
[0,633,1427]
[0,712,1427]
[0,241,593,672,1120,1427]
[0,593,674,1134,1427]
[0,593,672,738,1046,1120,1427]
[0,241,593,672,1046,1120,1427]
[0,633,1120,1427]
[0,593,1427]
[0,593,674,1046,1134,1427]
[0,593,1120,1427]
[0,593,674,1134,1374,1427]
[0,674,1427]
[0,241,593,1120,1374,1427]
[0,241,593,1120,1427]
[0,593,672,1120,1427]
[0,593,672,1046,1120,1427]
[0,672,1427]
[0,593,712,1427]
[0,1134,1427]
[0,672,1046,1374,1427]
[0,593,672,986,1046,1120,1374,1427]
[0,593,712,1134,1374,1427]
[0,593,674,966,1046,1134,1374,1427]
[0,593,674,966,1046,1134,1427]
[0,672,1374,1427]
[0,672,1046,1427]
[0,593,672,1427]
[0,593,672,986,1046,1120,1427]
[0,593,1134,1427]
[0,593,672,738,1046,1120,1374,1427]
[0,593,674,1427]
[0,241,593,672,738,1046,1120,1427]
[0,593,1120,1374,1427]
[0,593,672,1134,1427]
[0,1120,1427]
[0,593,712,1134,1427]
