[0,769,1139,2019]
[0,628,1139,2019]
[0,628,986,1646,1829,2019]
[0,628,1139,1339,2019]
[0,628,819,986,1151,1339,1611,1829,2019]
[0,498,628,819,936,1151,2019]
[0,628,819,1151,1339,1611,2019]
[0,628,819,1139,1339,2019]
[0,628,819,986,1139,1339,1646,1829,2019]
[0,628,819,1139,1646,1829,2019]
[0,628,819,1151,1611,1829,2019]
[0,628,1611,1829,2019]
[0,769,2019]
[0,628,819,1151,1339,2019]
[0,819,1139,2019]
[0,628,2019]
[0,628,819,1151,2019]
[0,628,1151,1339,2019]
[0,628,819,986,2019]
[0,498,628,819,986,1151,1339,1611,2019]
[0,498,628,819,986,1139,1646,1829,2019]
[0,628,1151,1339,1611,2019]
[0,628,819,1151,1829,2019]
[0,628,1151,1611,2019]
[0,628,819,986,1151,2019]
[0,628,1151,1339,1611,1829,2019]
[0,628,1151,2019]
[0,628,819,986,1829,2019]
[0,628,986,2019]
[0,628,1611,2019]
[0,628,819,1139,1829,2019]
[0,628,1139,1339,1646,2019]
[0,628,1646,2019]
[0,819,2019]
[0,498,628,819,1151,2019]
[0,628,819,1139,1339,1646,2019]
[0,628,986,1829,2019]
[0,628,1646,1829,2019]
[0,628,819,1151,1611,2019]
[0,628,1139,1339,1646,1829,2019]
[0,628,1139,1646,2019]
[0,628,1151,1611,1829,2019]
[0,770,2019]
[0,628,819,1139,2019]
[0,628,819,1151,1339,1611,1829,2019]
[0,628,819,986,1151,1339,1611,2019]
[0,628,819,986,1646,1829,2019]
[0,628,819,986,1139,1646,1829,2019]
[0,628,819,1139,1339,1646,1829,2019]
