[0,508,2144,2824]
[0,2031,2824]
[0,109,508,686,963,2017,2163,2824]
[0,538,963,2031,2824]
[0,2163,2824]
[0,109,508,686,963,2031,2442,2824]
[0,508,963,2163,2824]
[0,259,508,963,1183,2031,2442,2824]
[0,508,686,963,2017,2163,2824]
[0,508,963,2031,2442,2824]
[0,109,508,686,963,1183,2031,2442,2824]
[0,109,508,686,963,2144,2824]
[0,508,686,963,1183,2163,2824]
[0,259,508,686,963,2031,2824]
[0,508,2031,2824]
[0,508,963,2031,2824]
[0,109,508,963,2144,2824]
[0,109,508,686,963,1183,2017,2163,2824]
[0,508,686,963,2144,2824]
[0,508,2163,2824]
[0,508,686,963,1183,2017,2163,2824]
[0,508,963,1183,2163,2824]
[0,109,508,686,963,2163,2824]
[0,109,508,686,963,2031,2824]
[0,686,2031,2824]
[0,2144,2824]
[0,259,538,963,2031,2824]
[0,109,508,963,2031,2824]
[0,259,508,686,963,2031,2442,2824]
[0,508,963,1183,2031,2442,2824]
[0,508,686,963,2031,2442,2824]
[0,259,508,963,2031,2824]
[0,508,686,963,1183,2031,2442,2824]
[0,259,508,686,963,1183,2031,2442,2824]
[0,109,508,963,2163,2824]
[0,508,963,2144,2824]
[0,538,963,2031,2442,2824]
[0,259,538,963,2031,2442,2824]
[0,508,686,963,2031,2824]
[0,508,686,963,2163,2824]
[0,538,2031,2824]
[0,259,508,963,2031,2442,2824]
