[0,247,491,689,1935,2020]
[0,491,1935,2020]
[0,247,600,1559,1724,1944,2020]
[0,247,600,2020]
[0,600,1944,2020]
[0,247,491,689,1317,1944,2020]
[0,247,491,689,1666,2020]
[0,247,600,1204,1317,2020]
[0,247,600,1724,1935,2020]
[0,247,600,1944,2020]
[0,247,491,689,2020]
[0,258,454,600,1317,1724,2020]
[0,247,491,600,1559,1724,2020]
[0,247,491,600,1204,1317,1724,2020]
[0,491,2020]
[0,258,600,1317,2020]
[0,156,258,600,1204,1317,1944,2020]
[0,156,247,600,1317,1724,2020]
[0,156,258,600,2020]
[0,258,600,1944,2020]
[0,247,491,689,1317,1666,2020]
[0,600,1204,2020]
[0,156,247,491,600,1559,1724,1935,2020]
[0,689,2020]
[0,247,491,689,1559,1724,2020]
[0,247,454,600,1559,1724,2020]
[0,156,247,600,2020]
[0,600,1897,2020]
[0,449,1897,2020]
[0,156,247,600,1559,1724,1935,2020]
[0,156,247,600,1204,2020]
[0,247,600,1559,1724,2020]
[0,156,247,600,1317,1935,2020]
[0,156,258,600,1559,1724,1944,2020]
[0,247,491,689,1317,1666,1944,2020]
[0,247,491,689,1724,1935,2020]
[0,258,454,600,1559,1724,2020]
[0,247,491,1317,1666,2020]
[0,156,247,491,600,1559,1724,2020]
[0,600,2020]
[0,156,258,454,600,1204,1317,1724,1944,2020]
[0,247,491,1317,2020]
[0,156,258,600,1317,1944,2020]
[0,247,491,689,1724,2020]
[0,600,1317,2020]
[0,156,247,491,600,1204,1317,1724,1935,2020]
[0,156,247,600,1204,1317,1724,2020]
[0,689,1935,2020]
[0,247,491,689,1559,1724,1935,2020]
[0,156,258,600,1944,2020]
[0,156,247,600,1204,1317,1935,2020]
[0,247,491,1724,2020]
[0,1317,2020]
[0,491,1944,2020]
[0,247,491,1935,2020]
[0,247,600,1317,2020]
[0,156,247,600,1724,1935,2020]
[0,156,247,600,1204,1317,1724,1935,2020]
[0,600,1724,2020]
[0,247,600,1559,1724,1935,2020]
[0,247,600,1724,1944,2020]
[0,600,1935,2020]
[0,156,258,454,600,1559,1724,2020]
[0,258,600,1724,2020]
[0,247,600,1724,2020]
[0,258,600,1317,1724,2020]
[0,258,454,600,1204,1317,1724,2020]
[0,247,600,1935,2020]
[0,156,258,600,1204,1317,2020]
[0,156,258,600,1204,2020]
[0,258,600,1204,1317,2020]
[0,247,600,1317,1724,2020]
[0,156,247,491,600,1204,1317,1724,2020]
[0,491,1666,2020]
[0,156,247,600,1724,2020]
[0,156,247,600,1317,2020]
[0,449,2020]
[0,156,258,600,1559,1724,2020]
[0,247,600,1204,2020]
[0,156,258,600,1204,1317,1724,2020]
[0,247,491,1666,2020]
[0,600,1317,1724,2020]
[0,1204,2020]
[0,156,258,600,1204,1317,1724,1944,2020]
[0,247,491,689,1724,1944,2020]
[0,156,247,600,1204,1317,2020]
[0,247,600,1204,1317,1724,2020]
[0,247,454,600,1559,1724,1944,2020]
[0,247,600,1897,2020]
[0,491,1317,1666,2020]
[0,258,600,2020]
[0,156,247,600,1935,2020]
[0,258,600,1204,1317,1724,2020]
[0,258,600,1204,2020]
[0,247,491,2020]
[0,258,600,1559,1724,2020]
[0,156,258,454,600,1204,1317,1724,2020]
[0,156,258,600,1317,2020]
[0,156,258,454,600,1559,1724,1944,2020]
[0,247,491,689,1317,2020]
[0,491,1724,2020]
[0,491,1317,2020]
[0,247,491,689,1944,2020]
[0,156,258,600,1724,1944,2020]
[0,156,247,600,1559,1724,2020]
[0,247,491,689,1559,1724,1944,2020]
[0,247,491,600,1559,1724,1935,2020]
[0,156,258,600,1724,2020]
[0,247,491,1944,2020]
[0,156,258,600,1317,1724,2020]
