[0,503,864,1215,1327]
[0,133,363,1009,1161,1327]
[0,363,755,1009,1161,1327]
[0,864,1096,1327]
[0,133,1327]
[0,133,755,864,1009,1096,1327]
[0,278,1327]
[0,133,222,503,755,864,1193,1327]
[0,278,455,755,1327]
[0,133,363,755,1009,1161,1327]
[0,133,755,864,1193,1327]
[0,755,864,1096,1327]
[0,133,222,278,755,864,1009,1096,1193,1327]
[0,755,864,1215,1327]
[0,1009,1096,1327]
[0,455,755,1009,1193,1327]
[0,755,864,1009,1080,1327]
[0,133,222,278,503,755,864,1009,1080,1193,1327]
[0,363,1327]
[0,503,864,1009,1327]
[0,755,864,1009,1161,1327]
[0,755,1009,1096,1327]
[0,363,455,755,864,1009,1193,1237,1327]
[0,133,503,864,1193,1327]
[0,133,755,864,1009,1080,1193,1327]
[0,133,222,503,755,864,1009,1080,1193,1327]
[0,278,455,755,1009,1327]
[0,363,755,1009,1327]
[0,133,222,755,864,1009,1096,1193,1327]
[0,133,755,1009,1215,1327]
[0,363,455,755,864,1193,1327]
[0,133,864,1193,1327]
[0,133,251,363,755,864,1009,1161,1327]
[0,133,755,1009,1193,1327]
[0,1161,1327]
[0,133,222,278,455,755,864,1009,1096,1193,1327]
[0,363,1161,1327]
[0,864,1215,1327]
[0,133,455,755,1009,1327]
[0,133,503,755,864,1009,1215,1327]
[0,363,455,755,864,1009,1193,1327]
[0,755,1080,1327]
[0,755,864,1009,1193,1327]
[0,133,755,864,1096,1327]
[0,133,755,1009,1327]
[0,1193,1327]
[0,133,222,755,864,1193,1327]
[0,1009,1215,1327]
[0,133,503,864,1009,1193,1327]
[0,1096,1327]
[0,133,455,755,864,1009,1193,1327]
[0,755,1327]
[0,363,755,1327]
[0,133,222,755,864,1096,1327]
[0,363,755,1161,1327]
[0,503,864,1009,1193,1327]
[0,133,503,864,1215,1327]
[0,755,864,1009,1080,1193,1327]
[0,755,1009,1215,1327]
[0,363,755,864,1193,1327]
[0,133,755,864,1009,1215,1327]
[0,133,222,755,864,1009,1080,1193,1327]
[0,133,455,864,1096,1327]
[0,133,455,755,864,1096,1193,1327]
[0,503,864,1327]
[0,455,1327]
[0,133,455,864,1215,1327]
[0,503,1009,1327]
[0,133,864,1096,1327]
[0,755,864,1096,1193,1327]
[0,864,1327]
[0,363,864,1327]
[0,503,864,1193,1327]
[0,1064,1327]
[0,133,363,455,755,864,1009,1193,1327]
[0,133,222,755,864,1009,1193,1327]
[0,133,755,1327]
[0,133,503,864,1009,1327]
[0,133,455,864,1327]
[0,133,222,278,755,864,1009,1096,1327]
[0,133,222,278,755,864,1009,1080,1193,1327]
[0,755,864,1009,1096,1327]
[0,133,755,864,1215,1327]
[0,133,251,363,755,1009,1161,1327]
[0,133,222,755,864,1096,1193,1327]
[0,133,222,455,755,864,1096,1193,1327]
[0,133,455,755,1009,1193,1327]
[0,503,1215,1327]
[0,864,1080,1327]
[0,133,755,864,1009,1161,1327]
[0,278,755,1009,1327]
[0,133,363,455,755,864,1009,1193,1237,1327]
[0,133,503,864,1327]
[0,755,1161,1327]
[0,1215,1327]
[0,133,222,455,755,864,1009,1096,1193,1327]
[0,133,503,864,1009,1215,1327]
[0,133,222,503,755,864,1009,1193,1327]
[0,133,455,755,864,1009,1215,1327]
[0,1009,1080,1327]
[0,864,1161,1327]
[0,755,864,1080,1327]
[0,363,755,864,1009,1193,1327]
[0,503,1327]
[0,133,864,1215,1327]
[0,133,363,755,864,1009,1161,1327]
[0,755,1009,1080,1327]
[0,755,864,1161,1327]
[0,133,251,363,1009,1161,1327]
[0,755,1096,1327]
[0,278,755,1009,1193,1327]
[0,363,1009,1161,1327]
[0,1009,1327]
[0,864,1193,1327]
[0,133,755,864,1009,1193,1327]
[0,455,755,1327]
[0,363,1009,1327]
[0,133,455,755,864,1215,1327]
[0,133,1215,1327]
[0,133,455,755,864,1096,1327]
[0,133,755,864,1096,1193,1327]
[0,133,222,755,864,1009,1096,1327]
[0,133,503,755,864,1009,1193,1327]
[0,455,755,1009,1327]
[0,503,1009,1193,1327]
[0,455,755,1064,1327]
[0,133,503,755,864,1193,1327]
[0,755,864,1193,1327]
[0,363,864,1193,1327]
[0,755,1009,1161,1327]
[0,503,755,1009,1327]
[0,278,755,1327]
[0,1009,1193,1327]
[0,133,455,755,1009,1215,1327]
[0,755,864,1327]
[0,755,1009,1327]
[0,133,755,1009,1161,1327]
[0,755,1064,1327]
[0,455,864,1327]
[0,363,755,1009,1193,1327]
[0,755,1009,1193,1327]
[0,133,864,1327]
[0,133,503,755,1009,1215,1327]
[0,133,503,755,1009,1327]
[0,1080,1327]
[0,455,864,1096,1327]
[0,278,455,755,1009,1193,1327]
[0,1009,1161,1327]
