[0,93,346,480,544,922]
[0,93,205,390,922]
[0,346,390,922]
[0,346,480,922]
[0,93,922]
[0,93,205,480,544,922]
[0,480,922]
[0,480,590,922]
[0,93,480,590,922]
[0,93,390,922]
[0,93,346,390,480,922]
[0,205,390,922]
[0,205,480,922]
[0,93,346,480,590,922]
[0,93,480,922]
[0,93,205,390,480,922]
[0,93,205,480,922]
[0,93,346,390,480,544,922]
[0,346,480,590,922]
[0,405,922]
[0,93,205,390,480,544,922]
[0,93,405,922]
[0,93,346,390,922]
[0,93,480,544,922]
[0,390,922]
[0,93,346,390,480,590,922]
[0,93,346,480,922]
