[0,144,281,676,932,1237,1437,1891,2120]
[0,281,676,1210,2120]
[0,144,281,676,932,1237,1437,1693,1891,2120]
[0,676,1891,2120]
[0,676,932,1437,2120]
[0,144,677,932,1437,2120]
[0,281,676,932,1210,1891,2120]
[0,144,281,521,677,932,1210,1437,1693,1891,2120]
[0,144,2120]
[0,281,676,932,1237,1437,1759,1891,2120]
[0,370,1237,2120]
[0,281,679,1437,2120]
[0,679,1437,2120]
[0,521,676,932,1237,1437,2120]
[0,676,1437,2120]
[0,144,676,1437,2120]
[0,281,676,932,2120]
[0,370,1237,1759,2120]
[0,144,677,932,1210,1437,2120]
[0,246,677,1759,2120]
[0,1759,2120]
[0,281,676,932,1153,1237,1437,1891,2120]
[0,281,676,932,1237,1437,1891,2120]
[0,1891,2120]
[0,677,1437,2120]
[0,521,677,1437,2120]
[0,281,679,1437,1891,2120]
[0,676,932,1237,1891,2120]
[0,521,677,932,1210,1437,1891,2120]
[0,144,676,932,1237,1437,2120]
[0,144,281,676,932,1153,1237,1437,1759,1891,2120]
[0,144,676,1237,1437,1891,2120]
[0,281,676,932,1237,1891,2120]
[0,676,1210,2120]
[0,144,281,521,676,932,1153,1237,1437,1693,1891,2120]
[0,144,281,676,932,1153,1237,1437,1891,2120]
[0,1237,2120]
[0,281,676,932,1237,2120]
[0,677,1210,2120]
[0,144,521,677,932,1210,1437,1891,2120]
[0,281,676,1891,2120]
[0,677,932,2120]
[0,1437,1891,2120]
[0,281,676,2120]
[0,281,679,1210,1437,1891,2120]
[0,281,676,932,1437,2120]
[0,676,932,1237,1437,1891,2120]
[0,281,676,932,1210,2120]
[0,281,2120]
[0,246,2120]
[0,677,932,1210,1437,1891,2120]
[0,144,281,676,932,1237,1437,1759,1891,2120]
[0,281,676,1437,2120]
[0,281,676,932,1153,1237,1437,1759,1891,2120]
[0,281,676,932,1237,1437,2120]
[0,281,676,932,1210,1437,1693,1891,2120]
[0,144,676,1891,2120]
[0,676,932,1237,1437,1693,1891,2120]
[0,246,676,2120]
[0,679,2120]
[0,144,521,676,932,1237,1437,1891,2120]
[0,677,932,1210,2120]
[0,246,676,1437,2120]
[0,677,932,1210,1437,1693,1891,2120]
[0,677,2120]
[0,370,1759,2120]
[0,677,1891,2120]
[0,676,1237,2120]
[0,144,281,521,676,932,1237,1437,1759,1891,2120]
[0,932,2120]
[0,281,676,1237,1437,2120]
[0,144,677,2120]
[0,676,1437,1891,2120]
[0,281,676,1437,1891,2120]
[0,144,281,676,932,1210,1437,1891,2120]
[0,281,676,932,1210,1437,2120]
[0,144,676,1437,1891,2120]
[0,1237,1437,1891,2120]
[0,281,676,932,1237,1437,1693,1891,2120]
[0,144,281,521,676,932,1237,1437,1693,1891,2120]
[0,144,676,1237,1437,2120]
[0,521,676,932,1237,1437,1693,1891,2120]
[0,521,677,932,1210,1437,1693,1891,2120]
[0,144,677,1437,2120]
[0,677,932,1891,2120]
[0,144,1891,2120]
[0,676,1237,1437,2120]
[0,676,2120]
[0,370,2120]
[0,281,676,932,1210,1437,1891,2120]
[0,144,281,521,676,932,1153,1237,1437,1759,1891,2120]
[0,144,676,932,1237,1437,1891,2120]
[0,144,281,521,676,932,1237,1437,1891,2120]
[0,281,679,2120]
[0,677,932,1210,1891,2120]
[0,144,676,2120]
[0,246,677,2120]
[0,370,1434,2120]
[0,144,677,932,1210,1437,1891,2120]
[0,281,676,932,1891,2120]
[0,144,521,677,932,1210,1437,1693,1891,2120]
[0,676,1237,1437,1891,2120]
[0,144,281,676,932,1153,1237,1437,1693,1891,2120]
[0,281,676,1237,1437,1891,2120]
[0,676,932,1891,2120]
[0,677,932,1437,2120]
[0,676,932,2120]
[0,677,932,1210,1437,2120]
[0,144,281,679,1437,1891,2120]
[0,521,677,932,1210,1437,2120]
[0,281,676,1237,2120]
[0,1437,2120]
[0,676,932,1237,1437,2120]
[0,144,281,676,932,1210,1437,1693,1891,2120]
[0,144,521,676,932,1237,1437,1693,1891,2120]
[0,676,932,1237,2120]
[0,144,1437,2120]
[0,521,677,932,1437,2120]
[0,521,676,932,1237,1437,1891,2120]
[0,144,281,679,1210,1437,1891,2120]
[0,1237,1437,2120]
[0,1434,2120]
[0,677,1759,2120]
[0,144,281,676,1237,1437,1891,2120]
[0,281,679,1891,2120]
