[0,202,680,1046]
[0,202,679,780,979,1046]
[0,679,1046]
[0,202,679,780,1046]
[0,170,679,1046]
[0,679,780,979,1046]
[0,202,680,780,1046]
[0,170,490,680,780,979,1046]
[0,163,490,679,780,1046]
[0,202,490,679,780,1046]
[0,202,490,680,774,979,1046]
[0,170,679,780,1046]
[0,202,490,679,780,998,1046]
[0,170,490,680,780,1046]
[0,202,490,680,780,1046]
[0,202,490,680,780,839,979,1046]
[0,170,680,780,979,1046]
[0,170,680,774,979,1046]
[0,490,680,1046]
[0,202,679,1046]
[0,202,490,680,774,839,979,1046]
[0,202,490,680,1046]
[0,170,1046]
[0,202,680,774,979,1046]
[0,170,680,774,1046]
[0,680,774,1046]
[0,163,679,1046]
[0,202,679,780,998,1046]
[0,170,679,780,979,1046]
[0,679,780,998,1046]
[0,163,679,780,1046]
[0,170,680,1046]
[0,202,490,680,780,979,1046]
[0,170,682,1046]
[0,679,780,1046]
[0,163,1046]
[0,680,1046]
[0,202,680,774,1046]
[0,163,490,679,1046]
[0,170,680,780,1046]
[0,680,780,1046]
[0,170,490,680,774,979,1046]
[0,202,490,679,1046]
[0,170,490,680,774,1046]
[0,202,490,680,774,1046]
[0,202,1046]
[0,202,680,780,979,1046]
[0,680,780,979,1046]
[0,163,679,839,1046]
[0,163,679,780,998,1046]
[0,680,774,979,1046]
[0,490,679,1046]
[0,170,682,974,1046]
[0,679,839,1046]
[0,170,490,680,774,839,979,1046]
[0,682,1046]
[0,163,490,679,780,998,1046]
[0,170,490,680,1046]
