[0,110,192,613,1180]
[0,110,192,395,559,680,846,1038,1180]
[0,192,395,680,1180]
[0,192,613,1180]
[0,192,395,680,846,1180]
[0,110,192,613,846,1038,1180]
[0,110,192,613,846,1180]
[0,192,395,613,846,1180]
[0,192,680,1038,1180]
[0,192,395,680,846,1038,1180]
[0,186,613,846,1038,1180]
[0,613,1180]
[0,613,846,1180]
[0,613,846,1038,1180]
[0,846,1180]
[0,110,192,395,559,613,846,1038,1180]
[0,110,192,680,846,1038,1180]
[0,110,192,680,1038,1180]
[0,110,192,395,680,846,1038,1079,1180]
[0,110,192,395,613,846,1038,1180]
[0,110,192,680,846,1038,1079,1180]
[0,192,680,846,1180]
[0,395,613,846,1180]
[0,192,395,613,846,1038,1180]
[0,680,1038,1180]
[0,110,192,559,613,846,1038,1180]
[0,110,192,680,1180]
[0,110,192,395,680,846,1038,1180]
[0,192,395,559,680,846,1038,1180]
[0,395,680,1180]
[0,186,613,846,1180]
[0,215,613,846,1038,1180]
[0,192,680,1180]
[0,110,192,395,559,680,846,1038,1079,1180]
[0,192,613,846,1038,1180]
[0,192,680,846,1038,1180]
[0,680,1180]
[0,192,613,846,1180]
[0,680,846,1180]
[0,680,846,1038,1180]
[0,110,192,395,559,613,680,846,1038,1180]
[0,215,613,846,1180]
