[0,253,780,941,1289,1651]
[0,253,1289,1570,1651]
[0,176,253,780,941,1136,1289,1451,1651]
[0,74,176,253,780,1289,1451,1570,1651]
[0,176,253,1289,1451,1570,1651]
[0,253,780,941,1136,1289,1651]
[0,253,780,1289,1451,1651]
[0,253,1289,1451,1570,1651]
[0,176,253,780,941,1136,1289,1537,1651]
[0,780,1289,1651]
[0,74,176,253,1289,1651]
[0,253,780,941,1289,1451,1570,1651]
[0,253,1289,1451,1651]
[0,176,253,780,941,1289,1651]
[0,176,253,780,941,1289,1451,1570,1651]
[0,253,1651]
[0,176,253,780,1289,1451,1570,1651]
[0,176,253,1289,1570,1651]
[0,176,1651]
[0,176,253,780,941,1136,1289,1451,1570,1651]
[0,224,1651]
[0,253,780,941,1136,1289,1537,1651]
[0,74,176,253,780,941,1289,1451,1570,1651]
[0,253,780,941,1136,1289,1451,1651]
[0,74,176,253,780,941,1136,1289,1451,1570,1651]
[0,176,253,780,1289,1651]
[0,176,253,780,941,1136,1289,1651]
[0,1331,1651]
[0,1289,1651]
[0,176,1331,1651]
[0,1322,1651]
[0,176,1289,1651]
[0,253,780,941,1289,1451,1651]
[0,74,253,1289,1651]
[0,253,780,1289,1651]
[0,253,780,941,1136,1289,1451,1570,1651]
[0,176,253,1289,1651]
[0,74,176,253,1289,1570,1651]
[0,224,1322,1651]
[0,74,176,253,1289,1451,1570,1651]
[0,780,1651]
[0,253,1289,1651]
[0,253,780,1289,1451,1570,1651]
