[0,344,607,990,1337,1632]
[0,164,344,607,990,1079,1337,1632]
[0,61,164,1337,1632]
[0,164,1632]
[0,1337,1632]
[0,607,990,1323,1632]
[0,607,1337,1632]
[0,344,607,1337,1632]
[0,164,1337,1632]
[0,164,344,607,990,1337,1632]
[0,61,164,607,1337,1632]
[0,164,607,1323,1632]
[0,75,1337,1632]
[0,61,164,344,607,990,1079,1337,1632]
[0,164,275,344,607,990,1079,1337,1632]
[0,344,607,990,1323,1632]
[0,61,164,344,607,990,1337,1632]
[0,233,1323,1632]
[0,164,344,607,990,1079,1323,1632]
[0,43,164,344,607,990,1079,1323,1632]
[0,1323,1632]
[0,75,1632]
[0,607,1323,1632]
[0,164,1323,1632]
[0,344,607,1323,1632]
[0,164,344,607,990,1323,1632]
[0,607,990,1337,1632]
[0,164,344,607,1337,1632]
[0,43,164,344,607,990,1323,1632]
[0,43,164,1323,1632]
[0,233,1632]
[0,61,164,275,344,607,990,1079,1337,1632]
[0,43,164,344,607,1323,1632]
[0,75,607,1337,1632]
[0,607,1632]
[0,43,164,607,1323,1632]
[0,607,990,1632]
[0,61,1632]
[0,61,164,344,607,1337,1632]
[0,61,1337,1632]
[0,164,607,1337,1632]
[0,164,344,607,1323,1632]
