[0,108,416,945,1054,1264]
[0,416,1264]
[0,416,736,927,1264]
[0,416,571,736,927,1115,1264]
[0,945,1054,1264]
[0,736,1054,1264]
[0,108,336,416,874,927,1054,1264]
[0,108,336,416,736,927,1054,1264]
[0,108,351,416,927,1054,1264]
[0,108,416,736,927,1054,1264]
[0,108,416,874,927,1054,1264]
[0,416,874,1115,1264]
[0,108,945,1054,1264]
[0,416,736,1264]
[0,108,416,736,927,1115,1264]
[0,108,874,927,1054,1264]
[0,927,1054,1264]
[0,1115,1264]
[0,736,927,1054,1264]
[0,416,736,1115,1264]
[0,108,874,945,1054,1264]
[0,108,736,927,1054,1264]
[0,108,416,1023,1264]
[0,108,1023,1264]
[0,108,927,1054,1264]
[0,108,1264]
[0,108,416,874,945,1054,1264]
[0,416,571,736,927,1264]
[0,108,1115,1264]
[0,108,351,416,874,945,1054,1264]
[0,416,1023,1264]
[0,416,736,927,1054,1264]
[0,1054,1264]
[0,416,1115,1264]
[0,416,736,1054,1264]
[0,108,351,416,945,1054,1264]
[0,1023,1264]
[0,416,736,927,1115,1264]
[0,108,416,736,1115,1264]
[0,416,945,1054,1264]
[0,336,1264]
[0,108,351,416,736,927,1054,1264]
[0,108,351,416,1054,1264]
[0,108,416,1054,1264]
[0,416,927,1054,1264]
[0,108,336,416,927,1054,1264]
[0,416,874,1264]
[0,108,336,416,1054,1264]
[0,108,416,571,736,927,1115,1264]
[0,108,416,927,1054,1264]
[0,736,1264]
[0,416,571,736,1264]
[0,108,1054,1264]
[0,336,1023,1264]
[0,416,1054,1264]
[0,108,416,874,1115,1264]
[0,108,416,1115,1264]
