[0,263,332,486,997]
[0,263,332,486,864,925,997]
[0,264,542,618,925,997]
[0,263,486,864,925,997]
[0,263,486,997]
[0,264,332,542,618,808,864,925,997]
[0,264,332,542,618,864,997]
[0,264,542,997]
[0,263,997]
[0,264,509,997]
[0,264,542,618,864,925,997]
[0,263,332,542,618,808,864,925,997]
[0,263,542,618,925,997]
[0,263,332,542,618,764,808,864,925,997]
[0,264,542,618,997]
[0,263,486,618,997]
[0,509,997]
[0,542,997]
[0,263,542,997]
[0,263,332,486,618,997]
[0,264,542,864,997]
[0,263,542,618,864,925,997]
[0,264,332,542,618,764,808,864,925,997]
[0,264,332,542,618,925,997]
[0,263,332,486,864,997]
[0,263,332,542,618,925,997]
[0,264,332,542,618,997]
[0,263,486,864,997]
[0,264,332,542,618,808,864,997]
[0,264,486,997]
[0,264,997]
[0,332,997]
[0,486,997]
[0,263,332,542,618,864,925,997]
[0,264,332,542,618,864,925,997]
[0,264,542,618,864,997]
[0,263,542,618,997]
[0,263,332,542,618,997]
