[0,149,2725,3312,4758]
[0,988,3312,4120,4758]
[0,1330,3312,4758]
[0,181,988,1330,1656,2725,3312,4416,4758]
[0,1422,2725,3312,4758]
[0,149,988,1330,2725,3312,4416,4758]
[0,2725,3312,4120,4758]
[0,3312,4758]
[0,1330,2725,3312,4120,4758]
[0,988,1422,2725,3312,4416,4758]
[0,181,3117,4758]
[0,181,988,1330,2725,3312,4758]
[0,149,988,1330,2725,3312,4354,4758]
[0,181,988,1330,2725,3312,4416,4758]
[0,181,988,1422,2725,3312,4416,4758]
[0,988,1330,1656,2725,3312,4416,4758]
[0,988,1330,1656,2725,3312,4354,4758]
[0,1330,3312,4120,4758]
[0,2725,3312,4758]
[0,988,1330,2725,3312,4416,4758]
[0,988,1330,2725,3312,4354,4758]
[0,149,988,1330,1656,2725,3312,4416,4758]
[0,3113,4758]
[0,3312,4120,4758]
[0,1422,2725,3312,4416,4758]
[0,1422,3312,4758]
[0,149,988,1330,2725,3312,4120,4758]
[0,181,988,1422,2725,3312,4758]
[0,149,3312,4758]
[0,1330,2725,3312,4416,4758]
[0,1330,2725,3312,4758]
[0,2725,3312,4416,4758]
[0,988,2725,3312,4758]
[0,988,3312,4758]
[0,149,988,1330,1656,2725,3312,4354,4758]
[0,3117,4758]
[0,181,1330,2725,3312,4758]
[0,988,1422,2725,3312,4758]
[0,181,4758]
[0,149,988,3312,4120,4758]
[0,149,3312,4120,4758]
[0,988,1330,2725,3312,4120,4758]
[0,1330,2725,3312,4354,4758]
[0,181,2725,3312,4758]
[0,149,988,1330,2725,3312,4758]
[0,149,2725,3312,4120,4758]
[0,988,1330,2725,3312,4758]
[0,181,988,2725,3312,4758]
