[0,837,1501,1911]
[0,198,440,837,1501,1911]
[0,198,1309,1501,1911]
[0,1070,1911]
[0,198,1501,1603,1911]
[0,198,851,1315,1501,1603,1911]
[0,440,851,1911]
[0,198,851,1341,1501,1911]
[0,198,440,837,1070,1501,1911]
[0,198,440,1501,1911]
[0,198,440,851,1341,1501,1911]
[0,198,837,1501,1911]
[0,198,440,1070,1309,1501,1911]
[0,1501,1603,1911]
[0,198,1341,1501,1791,1911]
[0,198,851,1501,1911]
[0,198,440,1501,1789,1911]
[0,198,440,851,1501,1911]
[0,198,1309,1501,1603,1911]
[0,184,1501,1911]
[0,198,851,1315,1501,1911]
[0,851,1911]
[0,198,1501,1789,1911]
[0,198,837,1309,1501,1603,1911]
[0,184,1070,1341,1501,1791,1911]
[0,198,851,1501,1791,1911]
[0,198,837,1309,1501,1911]
[0,198,1501,1791,1911]
[0,440,837,1501,1911]
[0,184,1070,1501,1911]
[0,198,675,851,1315,1501,1911]
[0,198,440,851,1341,1501,1791,1911]
[0,198,1309,1501,1789,1911]
[0,184,1501,1791,1911]
[0,440,837,1070,1501,1911]
[0,440,1501,1911]
[0,198,837,1309,1501,1789,1911]
[0,1070,1501,1911]
[0,837,1501,1789,1911]
[0,198,1070,1309,1501,1911]
[0,1501,1911]
[0,198,440,1070,1309,1501,1789,1911]
[0,523,1501,1911]
[0,198,440,837,1309,1501,1603,1911]
[0,184,1341,1501,1911]
[0,440,1070,1501,1911]
[0,198,1070,1501,1911]
[0,440,1911]
[0,198,851,1341,1501,1791,1911]
[0,198,440,837,1501,1789,1911]
[0,184,1341,1501,1791,1911]
[0,198,440,1070,1501,1911]
[0,198,1315,1501,1603,1911]
[0,198,440,837,1070,1309,1501,1911]
[0,184,1070,1341,1501,1911]
[0,1501,1789,1911]
[0,198,1341,1501,1911]
[0,523,1911]
[0,198,1501,1911]
[0,851,1501,1911]
[0,198,675,851,1315,1501,1603,1911]
[0,198,1070,1309,1501,1789,1911]
[0,198,440,837,1309,1501,1911]
[0,198,440,566,1070,1309,1501,1911]
[0,851,1501,1791,1911]
[0,837,1911]
[0,198,440,837,1309,1501,1789,1911]
[0,440,1070,1911]
[0,1501,1791,1911]
[0,198,1315,1501,1911]
[0,198,440,837,1070,1309,1501,1789,1911]
[0,440,851,1501,1911]
[0,198,440,566,1070,1309,1501,1789,1911]
