[0,279,397,744,908,1004,1249]
[0,397,1004,1249]
[0,83,908,1004,1249]
[0,83,744,903,1004,1249]
[0,908,1004,1249]
[0,279,397,903,1004,1249]
[0,83,279,475,542,744,1249]
[0,397,542,744,908,1249]
[0,279,475,744,908,1004,1249]
[0,83,282,397,908,1004,1249]
[0,83,397,744,1249]
[0,744,1249]
[0,397,908,1004,1249]
[0,83,279,475,744,908,1004,1249]
[0,282,475,744,908,1249]
[0,83,282,475,908,1249]
[0,397,744,908,1249]
[0,83,279,397,744,908,1004,1249]
[0,83,282,475,542,744,1249]
[0,282,475,908,1249]
[0,107,908,1249]
[0,282,397,542,744,908,1004,1249]
[0,107,475,908,1249]
[0,397,542,744,1249]
[0,83,282,397,475,542,744,908,1004,1249]
[0,475,542,744,1249]
[0,83,282,397,908,1249]
[0,83,279,397,908,1249]
[0,83,282,475,744,908,1249]
[0,279,475,908,1249]
[0,83,397,908,1249]
[0,83,282,475,542,744,908,1004,1249]
[0,83,282,475,542,744,908,1249]
[0,282,475,908,1004,1249]
[0,337,512,744,903,1004,1249]
[0,397,908,1249]
[0,83,279,475,542,744,908,1004,1249]
[0,83,903,1249]
[0,83,744,908,1004,1249]
[0,282,475,744,1249]
[0,83,279,397,475,542,744,908,1004,1062,1249]
[0,83,279,397,903,1249]
[0,282,397,744,908,1004,1249]
[0,397,903,1004,1249]
[0,337,512,744,903,1249]
[0,282,744,1249]
[0,83,282,397,475,542,744,908,1004,1062,1249]
[0,107,744,1249]
[0,83,279,397,908,1004,1249]
[0,83,397,903,1249]
[0,279,475,908,1004,1249]
[0,83,279,475,744,1249]
[0,903,1249]
[0,397,903,1249]
[0,83,279,397,744,903,1004,1249]
[0,83,279,397,744,903,1004,1062,1249]
[0,744,903,1249]
[0,328,744,1249]
[0,83,279,475,542,744,908,1004,1062,1249]
[0,83,475,744,1249]
[0,279,475,744,908,1249]
[0,83,279,475,744,908,1249]
[0,83,282,744,1249]
[0,337,744,903,1249]
[0,83,328,512,744,1249]
[0,475,744,1249]
[0,475,908,1004,1249]
[0,279,475,744,1249]
[0,744,908,1004,1249]
[0,83,279,744,1249]
[0,83,397,1004,1249]
[0,83,282,397,542,744,908,1004,1062,1249]
[0,282,397,542,744,1249]
[0,279,744,1249]
[0,744,903,1004,1249]
[0,83,328,744,1249]
[0,397,744,1249]
[0,282,475,744,908,1004,1249]
[0,279,397,908,1249]
[0,397,744,908,1004,1249]
[0,279,397,744,903,1004,1249]
[0,83,397,744,908,1004,1249]
[0,328,512,744,1249]
[0,337,512,744,1249]
[0,83,279,475,542,744,908,1249]
[0,83,279,475,908,1004,1249]
[0,475,1249]
[0,83,908,1249]
[0,512,744,903,1004,1249]
[0,83,279,397,542,744,908,1004,1249]
[0,512,744,903,1249]
[0,83,337,744,903,1004,1249]
[0,512,744,1249]
[0,83,282,397,744,908,1004,1249]
[0,377,908,1249]
[0,337,744,1249]
[0,279,397,542,744,1249]
[0,83,475,542,744,1249]
[0,83,279,397,744,908,1004,1062,1249]
[0,279,397,542,744,908,1249]
[0,279,397,903,1249]
[0,83,279,397,903,1004,1249]
[0,83,397,1249]
[0,475,908,1249]
[0,83,282,475,908,1004,1249]
[0,908,1249]
[0,279,397,908,1004,1249]
[0,282,397,908,1249]
[0,83,279,475,908,1249]
[0,279,397,542,744,908,1004,1249]
[0,744,908,1249]
[0,282,397,542,744,908,1249]
[0,279,397,744,1249]
[0,279,397,744,908,1249]
[0,83,475,908,1249]
[0,83,282,475,744,908,1004,1249]
[0,279,397,744,903,1249]
[0,397,744,903,1249]
[0,83,397,542,744,908,1004,1249]
[0,397,1249]
[0,83,282,475,744,1249]
[0,397,542,744,908,1004,1249]
[0,282,397,908,1004,1249]
[0,337,744,903,1004,1249]
[0,83,279,397,475,542,744,908,1004,1249]
[0,83,282,397,542,744,908,1004,1249]
[0,83,282,475,542,744,908,1004,1062,1249]
[0,83,744,1249]
[0,377,1249]
[0,282,397,744,908,1249]
[0,107,475,744,1249]
[0,83,337,512,744,903,1004,1249]
[0,83,744,903,1249]
[0,83,397,542,744,1249]
[0,282,397,744,1249]
