[0,474,1126,1283,1786,2189]
[0,1129,2189]
[0,827,1126,1840,2189]
[0,1283,2189]
[0,474,1126,1786,2189]
[0,423,1126,2189]
[0,1246,1889,2189]
[0,423,514,827,1126,1840,2189]
[0,423,1126,1840,2189]
[0,474,1126,2189]
[0,423,827,1126,1840,2189]
[0,423,474,827,1126,1840,2189]
[0,340,1126,2189]
[0,1126,2189]
[0,474,1126,1840,2189]
[0,1126,1840,2189]
[0,340,1126,1840,2189]
[0,340,1126,1786,2189]
[0,171,827,1126,1840,2189]
[0,1126,1786,2189]
[0,827,1126,2189]
[0,423,474,1126,1840,2189]
[0,423,474,1126,2189]
[0,340,1126,1283,1786,2189]
[0,1246,2189]
[0,423,514,1126,1840,2189]
[0,474,1126,1283,1840,2189]
