[0,293,515,691,981,1215,1465]
[0,886,1215,1465]
[0,333,763,1465]
[0,333,515,691,981,1215,1465]
[0,691,886,1465]
[0,333,981,1215,1465]
[0,981,1465]
[0,259,333,515,691,981,1215,1465]
[0,763,1465]
[0,333,691,886,1215,1465]
[0,691,981,1215,1465]
[0,259,333,691,981,1215,1465]
[0,293,691,981,1465]
[0,293,691,981,1215,1465]
[0,333,691,981,1465]
[0,333,886,1465]
[0,333,515,691,886,1215,1465]
[0,981,1215,1465]
[0,333,886,1215,1465]
[0,886,1465]
[0,1215,1465]
[0,259,333,515,691,886,1215,1465]
[0,691,886,1215,1465]
[0,259,333,691,886,1215,1465]
[0,333,763,1215,1465]
[0,293,981,1465]
[0,259,333,981,1215,1465]
[0,333,981,1465]
[0,691,981,1465]
[0,763,1215,1465]
[0,333,691,981,1215,1465]
