[0,191,417,741,847,1005,1142,1264]
[0,104,417,847,1005,1142,1264]
[0,191,431,659,741,847,1142,1264]
[0,191,441,670,917,1264]
[0,441,1142,1264]
[0,441,847,1264]
[0,191,1142,1264]
[0,191,431,1264]
[0,191,417,847,1005,1142,1264]
[0,191,279,441,741,847,1142,1264]
[0,417,1005,1264]
[0,191,279,441,847,1005,1142,1264]
[0,417,847,1005,1264]
[0,191,441,847,1005,1142,1264]
[0,191,659,847,1005,1142,1264]
[0,191,417,847,1142,1264]
[0,191,514,1264]
[0,191,659,847,1264]
[0,191,670,1264]
[0,191,441,1005,1264]
[0,191,431,741,847,1005,1142,1264]
[0,417,469,670,1142,1264]
[0,191,279,431,847,1142,1264]
[0,431,847,1142,1264]
[0,191,279,431,847,1005,1142,1264]
[0,104,417,1142,1264]
[0,191,417,670,741,847,1005,1142,1264]
[0,441,670,1264]
[0,191,441,670,847,1005,1142,1264]
[0,191,659,1264]
[0,441,917,1142,1264]
[0,191,441,659,741,847,1005,1142,1264]
[0,441,1264]
[0,892,1264]
[0,191,436,1264]
[0,191,670,741,847,1142,1264]
[0,191,279,431,741,847,1142,1264]
[0,191,431,741,847,1142,1264]
[0,431,1005,1264]
[0,441,847,1142,1264]
[0,417,1142,1264]
[0,417,469,670,741,847,1142,1264]
[0,417,670,847,1142,1264]
[0,417,847,1142,1264]
[0,191,441,659,741,847,1142,1264]
[0,191,659,847,1005,1264]
[0,104,417,741,847,1005,1142,1264]
[0,441,670,1005,1264]
[0,847,1264]
[0,431,741,847,1142,1264]
[0,659,1142,1264]
[0,417,670,1142,1264]
[0,441,917,1264]
[0,417,670,847,1264]
[0,417,741,847,1142,1264]
[0,191,279,441,847,1142,1264]
[0,104,417,670,741,847,1005,1142,1264]
[0,191,417,1264]
[0,417,670,1264]
[0,191,417,469,670,741,847,1142,1264]
[0,436,1142,1264]
[0,191,436,917,1264]
[0,191,279,431,741,847,1005,1142,1264]
[0,191,670,1142,1264]
[0,191,670,847,1264]
[0,191,441,1264]
[0,431,1142,1264]
[0,104,670,847,1142,1264]
[0,670,1142,1264]
[0,191,441,670,1264]
[0,191,441,917,1142,1264]
[0,104,670,741,847,1142,1264]
[0,191,659,1005,1264]
[0,436,917,1142,1264]
[0,191,659,847,1142,1264]
[0,191,417,847,1264]
[0,191,436,670,1264]
[0,191,441,670,1005,1264]
[0,104,417,741,847,1142,1264]
[0,191,436,917,1142,1264]
[0,191,514,1005,1264]
[0,191,431,847,1005,1264]
[0,191,441,741,847,1142,1264]
[0,417,469,670,847,1142,1264]
[0,191,417,741,847,1142,1264]
[0,191,279,441,659,741,847,1142,1264]
[0,417,741,847,1005,1142,1264]
[0,514,1005,1264]
[0,191,441,847,1264]
[0,431,1264]
[0,191,279,431,659,741,847,1005,1142,1264]
[0,417,670,1005,1264]
[0,191,441,917,1264]
[0,104,670,1142,1264]
[0,441,1005,1264]
[0,104,417,670,741,847,1142,1264]
[0,191,441,670,847,1005,1264]
[0,191,441,847,1005,1264]
[0,191,431,847,1264]
[0,191,417,847,1005,1264]
[0,191,417,469,670,741,847,1005,1142,1264]
[0,514,1264]
[0,670,1264]
[0,659,1264]
[0,191,892,1264]
[0,191,441,741,847,1005,1142,1264]
[0,436,670,917,1264]
[0,191,279,431,659,741,847,1142,1264]
[0,431,847,1005,1264]
[0,417,670,847,1005,1142,1264]
[0,436,917,1264]
[0,431,847,1264]
[0,670,847,1264]
[0,191,431,847,1142,1264]
[0,191,431,847,1005,1142,1264]
[0,436,1264]
[0,191,417,1005,1264]
[0,191,670,847,1142,1264]
[0,191,279,441,659,741,847,1005,1142,1264]
[0,191,436,670,917,1264]
[0,417,847,1264]
[0,441,847,1005,1264]
[0,436,670,1264]
[0,441,670,917,1264]
[0,191,1264]
[0,191,441,847,1142,1264]
[0,417,670,741,847,1142,1264]
[0,417,670,847,1005,1264]
[0,191,436,670,917,1142,1264]
[0,191,417,670,741,847,1142,1264]
[0,417,847,1005,1142,1264]
[0,659,1005,1264]
[0,191,659,1142,1264]
[0,191,279,441,741,847,1005,1142,1264]
[0,670,847,1142,1264]
[0,191,892,1142,1264]
[0,431,659,741,847,1142,1264]
[0,417,1264]
[0,191,431,1005,1264]
[0,191,670,1005,1264]
[0,191,659,741,847,1142,1264]
[0,191,441,670,917,1142,1264]
[0,104,417,670,847,1005,1142,1264]
[0,670,1005,1264]
[0,104,417,847,1142,1264]
[0,191,659,741,847,1005,1142,1264]
