[0,381,623,765,919,1687,2343,2956]
[0,199,919,1301,1687,2351,2956]
[0,381,623,765,919,1301,1687,2343,2956]
[0,148,876,2956]
[0,199,381,919,1301,1687,2351,2956]
[0,919,1925,2351,2956]
[0,1687,2343,2956]
[0,148,381,765,919,1301,1687,2343,2956]
[0,765,2956]
[0,381,765,919,1925,2343,2956]
[0,919,2343,2956]
[0,919,1687,2956]
[0,148,876,1925,2343,2956]
[0,381,876,1716,2343,2956]
[0,199,765,919,1301,1687,2351,2956]
[0,381,765,919,1301,1687,2351,2956]
[0,381,765,919,1687,2343,2956]
[0,876,1716,2956]
[0,381,919,2956]
[0,765,919,1925,2343,2956]
[0,148,919,1687,2343,2956]
[0,1716,2343,2956]
[0,876,1925,2343,2956]
[0,148,381,765,919,1925,2343,2956]
[0,876,1716,2343,2956]
[0,381,919,1301,1687,2351,2956]
[0,199,919,1687,2351,2956]
[0,919,1925,2343,2956]
[0,765,919,1687,2343,2956]
[0,148,919,2343,2956]
[0,199,765,919,1687,2351,2956]
[0,381,612,765,919,1687,2351,2956]
[0,148,765,919,1687,2343,2956]
[0,919,1301,1687,2351,2956]
[0,1925,2956]
[0,1687,2956]
[0,919,2956]
[0,381,876,2956]
[0,381,612,765,919,1301,1687,2351,2956]
[0,148,765,919,2343,2956]
[0,148,765,919,2956]
[0,199,381,919,1687,2351,2956]
[0,765,919,2343,2956]
[0,381,876,2343,2956]
[0,919,1687,2343,2956]
[0,381,919,1687,2351,2956]
[0,148,876,2343,2956]
[0,1687,2351,2956]
[0,381,876,1925,2343,2956]
[0,765,919,2956]
[0,148,381,623,765,919,1301,1687,2343,2956]
[0,381,919,1301,1687,2343,2956]
[0,919,2351,2956]
[0,381,919,2343,2956]
[0,148,765,919,1925,2343,2956]
[0,199,919,2956]
[0,919,1301,1687,2343,2956]
[0,381,765,919,1301,1687,2343,2956]
[0,148,919,2956]
[0,919,1687,2351,2956]
[0,199,919,2351,2956]
[0,876,2956]
[0,765,919,1301,1687,2343,2956]
[0,381,919,1925,2343,2956]
[0,381,765,919,1687,2351,2956]
[0,148,765,919,1301,1687,2343,2956]
[0,876,2343,2956]
[0,1716,2956]
[0,1925,2343,2956]
[0,381,919,2351,2956]
[0,381,919,1925,2351,2956]
[0,199,381,765,919,1301,1687,2351,2956]
[0,199,381,612,765,919,1301,1687,2351,2956]
[0,381,919,1687,2343,2956]
