[0,315,853,1274,1495,1875]
[0,315,853,1495,1875]
[0,210,350,503,1495,1875]
[0,853,1495,1875]
[0,42,210,315,386,496,853,1274,1495,1806,1875]
[0,210,350,503,853,1471,1875]
[0,386,1495,1875]
[0,210,350,503,1471,1806,1875]
[0,210,350,496,853,1274,1495,1875]
[0,42,210,350,496,853,1274,1495,1806,1875]
[0,210,350,496,1495,1806,1875]
[0,210,350,1495,1875]
[0,210,350,1471,1875]
[0,1806,1875]
[0,350,503,1471,1875]
[0,210,350,503,853,1495,1875]
[0,210,350,496,853,1274,1495,1806,1875]
[0,350,496,853,1495,1875]
[0,210,315,496,853,1875]
[0,210,350,503,853,1471,1806,1875]
[0,315,496,853,1274,1495,1806,1875]
[0,210,350,1471,1806,1875]
[0,315,496,1495,1875]
[0,315,496,853,1274,1495,1875]
[0,315,853,1875]
[0,350,1806,1875]
[0,240,392,1471,1875]
[0,210,350,503,1495,1806,1875]
[0,350,503,853,1274,1495,1875]
[0,350,853,1471,1875]
[0,350,1495,1806,1875]
[0,210,315,386,496,853,1274,1495,1875]
[0,210,315,496,853,1806,1875]
[0,210,350,1495,1806,1875]
[0,315,1274,1495,1875]
[0,42,210,350,503,853,1274,1495,1806,1875]
[0,1495,1875]
[0,315,1471,1806,1875]
[0,315,1471,1875]
[0,315,1875]
[0,350,503,853,1471,1875]
[0,853,1471,1875]
[0,350,1471,1875]
[0,315,1495,1875]
[0,350,1875]
[0,210,350,503,853,1495,1806,1875]
[0,315,496,853,1495,1806,1875]
[0,210,350,496,853,1495,1875]
[0,315,496,853,1875]
[0,315,496,853,1495,1875]
[0,42,210,315,496,853,1274,1495,1806,1875]
[0,392,1471,1875]
[0,210,350,503,853,1274,1495,1806,1875]
[0,210,315,390,496,853,1274,1495,1875]
[0,42,210,315,390,496,853,1274,1495,1806,1875]
[0,350,503,1495,1875]
[0,240,392,1471,1806,1875]
[0,210,315,386,496,853,1274,1495,1806,1875]
[0,210,350,503,853,1274,1495,1875]
[0,315,1495,1806,1875]
[0,210,315,390,496,853,1274,1495,1806,1875]
[0,240,392,853,1471,1806,1875]
[0,853,1875]
[0,386,1875]
[0,315,1806,1875]
[0,350,1471,1806,1875]
[0,210,315,496,853,1274,1495,1806,1875]
[0,240,392,853,1471,1875]
[0,853,1806,1875]
[0,350,496,853,1274,1495,1875]
[0,1471,1875]
[0,350,853,1495,1875]
[0,350,496,1495,1875]
[0,315,853,1806,1875]
[0,210,350,496,1495,1875]
[0,350,853,1274,1495,1875]
[0,315,496,853,1806,1875]
[0,210,350,496,853,1495,1806,1875]
[0,392,1875]
[0,210,350,503,1471,1875]
[0,392,1471,1806,1875]
[0,350,503,853,1495,1875]
[0,210,315,496,853,1274,1495,1875]
[0,350,1274,1495,1875]
[0,350,1495,1875]
[0,315,496,1495,1806,1875]
[0,392,853,1471,1875]
