[0,350,694,866,1562]
[0,362,1232,1562]
[0,350,1232,1562]
[0,350,694,866,1351,1562]
[0,362,1562]
[0,350,694,866,1461,1562]
[0,350,694,866,1125,1232,1351,1562]
[0,51,362,694,866,1232,1351,1562]
[0,362,866,1232,1351,1562]
[0,52,350,866,1125,1232,1351,1562]
[0,350,866,1562]
[0,350,866,1232,1351,1562]
[0,51,362,866,1351,1562]
[0,350,1232,1351,1562]
[0,362,1232,1351,1562]
[0,362,866,1562]
[0,52,350,866,1461,1562]
[0,51,362,866,1562]
[0,52,350,694,866,1125,1232,1351,1562]
[0,52,350,866,1232,1351,1562]
[0,52,350,866,1351,1562]
[0,51,362,1232,1351,1562]
[0,362,866,1351,1562]
[0,350,1562]
[0,362,694,866,1351,1562]
[0,52,350,694,866,1461,1562]
[0,350,694,866,1232,1351,1562]
[0,52,350,866,1562]
[0,350,866,1125,1232,1351,1562]
[0,362,694,866,1232,1351,1562]
[0,51,362,694,866,1351,1562]
[0,866,1562]
[0,350,866,1351,1562]
[0,350,866,1461,1562]
[0,51,362,866,1232,1351,1562]
