[0,468,1020,1197]
[0,446,833,1125,1197]
[0,446,833,1197]
[0,656,837,965,1147,1197]
[0,46,656,837,965,1147,1197]
[0,631,837,1197]
[0,46,359,837,1147,1197]
[0,468,837,1197]
[0,487,837,965,1147,1197]
[0,46,468,626,676,837,1070,1147,1197]
[0,359,837,1147,1197]
[0,468,626,676,837,1070,1147,1197]
[0,468,626,676,837,1147,1197]
[0,46,468,837,965,1147,1197]
[0,46,487,837,1147,1197]
[0,46,359,837,1197]
[0,46,446,833,1125,1197]
[0,46,446,833,1197]
[0,837,1197]
[0,359,656,837,965,1147,1197]
[0,46,468,631,676,837,1147,1197]
[0,656,837,1147,1197]
[0,359,837,1197]
[0,46,468,626,676,837,965,1147,1197]
[0,468,626,676,837,965,1147,1197]
[0,46,468,626,676,837,1147,1197]
[0,46,468,631,676,837,1070,1147,1197]
[0,468,631,837,1070,1197]
[0,468,626,837,965,1147,1197]
[0,359,656,837,1147,1197]
[0,468,631,837,1070,1147,1197]
[0,468,631,837,1147,1197]
[0,656,837,1197]
[0,359,815,1197]
[0,631,837,1147,1197]
[0,468,837,1147,1197]
[0,46,359,656,837,965,1147,1197]
[0,46,468,626,837,1070,1147,1197]
[0,487,837,965,1197]
[0,46,837,1197]
[0,487,837,1147,1197]
[0,468,837,1070,1197]
[0,46,468,631,837,1147,1197]
[0,46,468,631,837,965,1147,1197]
[0,46,468,837,1070,1147,1197]
[0,468,626,837,1070,1147,1197]
[0,46,631,837,1147,1197]
[0,446,1197]
[0,468,1197]
[0,46,468,631,676,837,965,1147,1197]
[0,46,487,837,1197]
[0,468,626,837,965,1197]
[0,833,1197]
[0,468,837,1070,1147,1197]
[0,468,626,837,1147,1197]
[0,656,837,965,1197]
[0,46,631,837,1197]
[0,1020,1197]
[0,46,468,837,1147,1197]
[0,46,468,631,837,1070,1147,1197]
[0,359,656,837,1197]
[0,46,656,837,1147,1197]
[0,46,468,837,1197]
[0,468,626,837,1197]
[0,468,626,837,1070,1197]
[0,359,656,837,965,1197]
[0,359,815,1125,1197]
[0,46,656,837,1197]
[0,468,631,837,965,1197]
[0,46,468,626,837,1147,1197]
[0,815,1197]
[0,468,631,837,1197]
[0,468,631,837,965,1147,1197]
[0,468,837,965,1197]
[0,46,487,837,965,1147,1197]
[0,487,837,1197]
[0,468,837,965,1147,1197]
