[0,258,399,961,1268,1651]
[0,961,1268,1651]
[0,88,258,399,961,1268,1421,1651]
[0,258,405,961,1333,1651]
[0,88,258,405,689,961,1268,1421,1651]
[0,258,405,689,961,1268,1651]
[0,689,961,1333,1651]
[0,258,961,1333,1421,1651]
[0,88,258,405,961,1268,1651]
[0,320,961,1421,1651]
[0,1268,1651]
[0,258,399,961,1268,1421,1651]
[0,258,1651]
[0,88,258,405,689,961,1333,1421,1651]
[0,88,258,399,467,961,1268,1333,1651]
[0,258,404,472,961,1268,1651]
[0,258,1421,1651]
[0,88,258,404,961,1268,1651]
[0,88,258,399,467,961,1268,1333,1421,1651]
[0,88,258,399,961,1268,1651]
[0,320,961,1651]
[0,88,258,405,961,1333,1421,1651]
[0,151,961,1333,1651]
[0,258,405,961,1333,1421,1651]
[0,88,258,399,467,961,1268,1421,1651]
[0,258,1333,1651]
[0,258,961,1651]
[0,258,405,689,961,1333,1651]
[0,258,961,1421,1651]
[0,88,258,961,1268,1651]
[0,258,404,961,1268,1651]
[0,961,1333,1651]
[0,258,961,1333,1651]
[0,258,961,1268,1421,1651]
[0,320,1421,1651]
[0,258,405,961,1268,1421,1651]
[0,258,399,467,961,1268,1651]
[0,88,258,405,689,961,1268,1333,1421,1651]
[0,258,689,961,1268,1651]
[0,88,258,404,472,961,1268,1651]
[0,88,258,961,1333,1421,1651]
[0,88,258,405,961,1268,1333,1421,1651]
[0,258,404,961,1268,1421,1651]
[0,258,405,689,961,1333,1421,1651]
[0,88,258,405,961,1268,1421,1651]
[0,258,405,961,1268,1651]
[0,88,258,961,1268,1333,1651]
[0,88,258,961,1333,1651]
[0,689,961,1268,1651]
[0,88,258,961,1268,1421,1651]
[0,88,258,399,467,961,1268,1651]
[0,88,258,405,689,961,1268,1651]
[0,88,258,961,1268,1333,1421,1651]
[0,258,405,689,961,1268,1421,1651]
[0,961,1651]
[0,1333,1651]
[0,88,258,404,961,1268,1421,1651]
[0,258,961,1268,1651]
[0,258,689,961,1333,1651]
[0,88,258,404,472,961,1268,1333,1421,1651]
[0,320,1651]
[0,399,1333,1651]
[0,88,258,404,472,961,1268,1421,1651]
[0,399,1651]
[0,88,258,404,472,961,1268,1333,1651]
[0,258,689,961,1268,1421,1651]
