[0,489,590,734,969]
[0,188,489,550,734,927,969]
[0,473,550,969]
[0,188,489,550,927,969]
[0,473,969]
[0,188,481,539,590,734,969]
[0,481,590,969]
[0,533,927,969]
[0,188,489,590,734,969]
[0,481,590,734,969]
[0,188,395,590,734,969]
[0,550,734,969]
[0,590,734,927,969]
[0,489,550,927,969]
[0,188,590,734,969]
[0,590,927,969]
[0,188,473,550,927,969]
[0,188,550,734,969]
[0,522,734,927,969]
[0,489,590,927,969]
[0,489,590,969]
[0,734,969]
[0,188,395,590,969]
[0,395,969]
[0,481,590,927,969]
[0,522,734,969]
[0,188,734,969]
[0,188,395,969]
[0,188,969]
[0,923,969]
[0,188,395,590,734,927,969]
[0,522,923,969]
[0,395,590,734,969]
[0,395,590,969]
[0,188,473,550,969]
[0,188,489,590,927,969]
[0,188,522,734,969]
[0,188,481,590,734,927,969]
[0,188,489,590,734,927,969]
[0,489,550,969]
[0,56,188,481,539,590,734,927,969]
[0,188,489,590,969]
[0,473,550,927,969]
[0,533,969]
[0,927,969]
[0,188,489,550,734,969]
[0,550,927,969]
[0,522,969]
[0,188,522,734,927,969]
[0,188,489,550,969]
[0,489,969]
[0,522,927,969]
[0,188,481,590,734,969]
[0,395,590,734,927,969]
[0,489,550,734,969]
[0,56,188,481,539,590,734,969]
[0,188,481,539,590,734,927,969]
[0,590,969]
[0,188,489,969]
[0,590,734,969]
[0,550,969]
[0,481,590,734,927,969]
[0,188,473,969]
[0,56,188,481,590,734,969]
