[0,167,1020,2213,2531,2606,2824]
[0,167,1020,1408,1505,1703,2263,2606,2699,2824]
[0,1020,2213,2824]
[0,167,1020,1408,1505,1703,2263,2606,2824]
[0,167,1020,1703,2606,2824]
[0,1703,2824]
[0,1408,2824]
[0,1408,2531,2824]
[0,1020,2213,2606,2824]
[0,167,1020,1408,1505,1703,2213,2606,2699,2824]
[0,167,1020,1505,2531,2824]
[0,167,1020,1703,2213,2606,2824]
[0,167,1020,1408,2213,2531,2606,2824]
[0,1020,1408,1703,2824]
[0,1020,2606,2824]
[0,167,1020,1408,1505,1703,2263,2531,2606,2824]
[0,167,1020,1408,1505,2213,2531,2606,2824]
[0,167,1020,1408,1703,2213,2606,2824]
[0,1020,2531,2824]
[0,1020,1703,2213,2824]
[0,1020,1505,2531,2824]
[0,1020,1703,2213,2593,2824]
[0,167,1020,1408,1505,1703,2213,2531,2606,2699,2824]
[0,1020,1505,2824]
[0,167,1020,1408,2263,2606,2824]
[0,1020,1408,1703,2263,2606,2824]
[0,1020,1408,2824]
[0,167,1020,1408,1505,2213,2606,2824]
[0,1020,2213,2593,2824]
[0,167,1020,1703,2213,2531,2606,2824]
[0,167,1020,1408,1505,1703,2263,2531,2606,2699,2824]
[0,1020,1703,2606,2824]
[0,1020,1703,2593,2824]
[0,167,1020,2531,2824]
[0,1020,1408,2606,2824]
[0,167,1020,1408,1505,1703,2606,2699,2824]
[0,1020,1408,1703,2606,2824]
[0,167,1020,1408,2606,2824]
[0,1408,2606,2824]
[0,167,1020,1408,1505,1703,2213,2606,2824]
[0,167,1020,1408,1703,2606,2824]
[0,167,1020,1703,2213,2593,2824]
[0,1020,2593,2824]
[0,2213,2824]
[0,1020,2824]
[0,167,1020,1408,1703,2263,2606,2824]
[0,1020,1408,2263,2606,2824]
[0,1020,1408,2213,2824]
[0,167,1020,2213,2593,2824]
[0,1020,1408,1703,2213,2824]
[0,1020,1703,2824]
[0,1020,1703,2213,2606,2824]
[0,1020,1408,2213,2606,2824]
[0,167,1020,2213,2606,2824]
[0,167,1020,1408,2213,2606,2824]
[0,1020,1408,2263,2824]
[0,1020,1408,1703,2263,2824]
[0,167,1020,1408,1505,1703,2606,2824]
[0,1020,1408,1505,1703,2606,2824]
[0,1020,1408,1703,2213,2606,2824]
[0,167,1020,1703,2593,2824]
[0,1408,2263,2824]
[0,167,1020,1408,1505,1703,2213,2531,2606,2824]
[0,167,1020,1408,2263,2531,2606,2824]
