[0,73,570,613,814,1074,1343,1642]
[0,157,570,962,1642]
[0,570,814,1343,1642]
[0,157,467,570,814,1074,1343,1642]
[0,73,570,814,1074,1343,1642]
[0,570,814,1013,1343,1642]
[0,73,570,613,814,1013,1343,1642]
[0,73,157,467,570,814,1074,1343,1642]
[0,73,570,814,1013,1343,1642]
[0,570,1013,1642]
[0,157,467,570,814,1013,1343,1642]
[0,962,1642]
[0,1074,1642]
[0,467,570,814,1074,1343,1642]
[0,73,467,570,613,814,1074,1343,1642]
[0,814,1642]
[0,157,1080,1642]
[0,157,570,814,1642]
[0,73,157,467,570,613,814,1074,1343,1642]
[0,570,814,1074,1343,1642]
[0,157,467,570,613,814,1074,1343,1642]
[0,814,1343,1642]
[0,1080,1642]
[0,570,962,1642]
[0,570,1074,1642]
[0,570,814,1642]
[0,73,570,814,1642]
[0,157,570,814,1074,1343,1642]
[0,157,570,814,1013,1343,1642]
[0,73,467,570,814,1074,1343,1642]
[0,570,1074,1343,1642]
[0,73,570,814,1343,1642]
[0,157,1013,1642]
[0,566,1013,1642]
[0,1013,1642]
[0,157,570,613,814,1013,1343,1642]
[0,157,570,1013,1642]
[0,157,570,814,1343,1642]
