[0,116,238,734,848,968,1186,1249]
[0,116,238,734,864,968,1107,1186,1249]
[0,238,707,864,968,1249]
[0,116,238,734,968,1249]
[0,238,734,968,1249]
[0,116,238,848,968,1249]
[0,238,848,968,1249]
[0,238,848,968,1107,1249]
[0,238,707,1112,1249]
[0,116,238,734,864,968,1249]
[0,680,1249]
[0,73,238,734,864,968,1249]
[0,707,968,1249]
[0,238,680,1249]
[0,238,680,848,1249]
[0,116,238,848,968,1107,1249]
[0,116,238,734,1249]
[0,73,238,707,864,968,1249]
[0,73,238,707,1249]
[0,116,238,734,864,968,1107,1249]
[0,116,238,734,848,968,1107,1186,1249]
[0,214,701,1249]
[0,214,864,1249]
[0,214,734,1249]
[0,214,734,970,1249]
[0,116,238,734,864,968,1186,1249]
[0,238,864,968,1249]
[0,238,864,1249]
[0,238,680,848,1107,1249]
[0,116,238,680,848,1107,1249]
[0,864,1249]
[0,214,701,1112,1249]
[0,238,734,1249]
[0,88,238,707,1112,1249]
[0,238,680,968,1249]
[0,238,707,968,1249]
[0,238,680,848,968,1249]
[0,701,1249]
[0,734,1249]
[0,116,238,734,1107,1249]
[0,238,848,1249]
[0,734,970,1249]
[0,116,238,734,848,968,1249]
[0,238,734,1107,1249]
[0,680,968,1249]
[0,116,238,734,848,968,1107,1249]
[0,116,238,734,864,1107,1249]
[0,116,238,848,1107,1249]
[0,73,238,707,1112,1249]
[0,848,1249]
[0,238,707,1249]
[0,238,734,864,1107,1249]
[0,707,1249]
[0,864,968,1249]
[0,116,238,680,848,968,1249]
[0,238,734,864,968,1249]
[0,238,848,1107,1249]
