[0,696,809,933,1072,1264]
[0,1072,1264]
[0,236,551,1264]
[0,412,805,1072,1264]
[0,696,809,933,1072,1183,1264]
[0,412,952,1072,1264]
[0,111,236,440,819,952,1072,1264]
[0,236,696,952,1072,1264]
[0,112,236,440,696,809,933,1072,1264]
[0,111,236,412,696,805,952,1072,1264]
[0,236,476,1264]
[0,111,236,412,1072,1264]
[0,111,236,933,1072,1264]
[0,236,440,696,1264]
[0,111,236,752,933,1103,1264]
[0,236,696,1264]
[0,111,236,752,1103,1264]
[0,296,1042,1264]
[0,111,236,440,933,1072,1264]
[0,236,440,819,1264]
[0,236,752,1103,1264]
[0,111,236,440,952,1072,1183,1264]
[0,111,236,412,805,952,1072,1183,1264]
[0,111,236,752,1264]
[0,236,696,1072,1264]
[0,236,440,696,819,952,1072,1264]
[0,236,412,805,1072,1264]
[0,111,236,752,933,1072,1183,1264]
[0,696,1072,1264]
[0,952,1072,1264]
[0,752,1264]
[0,236,412,952,1072,1264]
[0,236,933,1072,1183,1264]
[0,236,752,933,1072,1264]
[0,236,551,1072,1264]
[0,236,440,1264]
[0,752,1072,1264]
[0,111,236,1264]
[0,696,805,952,1072,1264]
[0,236,933,1072,1264]
[0,236,933,1264]
[0,111,236,412,952,1072,1183,1264]
[0,1042,1264]
[0,236,696,805,952,1072,1264]
[0,296,1264]
[0,236,696,809,933,1072,1264]
[0,236,440,952,1072,1183,1264]
[0,236,440,933,1072,1183,1264]
[0,440,952,1072,1264]
[0,551,1264]
[0,111,236,440,933,1072,1183,1264]
[0,236,440,696,819,1072,1264]
[0,111,236,476,1264]
[0,236,440,819,1072,1264]
[0,476,1264]
[0,696,805,952,1072,1183,1264]
[0,236,440,819,952,1072,1264]
[0,236,440,809,933,1072,1264]
[0,236,412,805,952,1072,1264]
[0,111,236,412,952,1072,1264]
[0,111,236,933,1072,1183,1264]
[0,933,1264]
[0,111,236,440,696,819,952,1072,1264]
[0,933,1072,1264]
[0,236,440,696,809,933,1072,1183,1264]
[0,236,696,809,933,1072,1183,1264]
[0,236,752,933,1103,1264]
[0,236,440,1072,1264]
[0,111,236,752,933,1072,1264]
[0,952,1072,1183,1264]
[0,236,752,1072,1264]
[0,236,412,696,805,952,1072,1183,1264]
[0,111,236,440,819,952,1072,1183,1264]
[0,236,440,696,1072,1264]
[0,440,1264]
[0,412,1072,1264]
[0,236,412,1264]
[0,236,440,933,1072,1264]
[0,440,952,1072,1183,1264]
[0,111,236,440,696,819,952,1072,1183,1264]
[0,809,933,1072,1264]
[0,111,236,440,952,1072,1264]
[0,111,236,412,805,952,1072,1264]
[0,236,440,952,1072,1264]
[0,236,752,933,1264]
[0,236,412,952,1072,1183,1264]
[0,412,805,1264]
[0,236,412,1072,1264]
[0,236,696,805,952,1072,1183,1264]
[0,440,1072,1264]
[0,111,1264]
[0,236,752,1264]
[0,111,236,412,696,805,952,1072,1183,1264]
[0,551,1072,1264]
[0,236,412,696,805,952,1072,1264]
[0,933,1072,1183,1264]
[0,236,440,696,809,933,1072,1264]
[0,440,819,1264]
[0,236,1264]
[0,112,236,440,696,809,933,1072,1183,1264]
[0,696,1264]
[0,696,952,1072,1264]
[0,412,1264]
[0,236,696,933,1072,1264]
