[0,288,543,739,810,917,997]
[0,288,497,543,684,808,917,997]
[0,155,288,498,543,810,917,997]
[0,681,997]
[0,155,288,543,808,997]
[0,498,543,810,997]
[0,155,288,543,681,739,810,917,997]
[0,155,288,497,543,684,808,917,997]
[0,155,200,288,497,543,681,739,808,917,997]
[0,288,497,543,808,997]
[0,196,764,997]
[0,155,288,543,684,808,917,997]
[0,288,764,997]
[0,288,740,917,997]
[0,288,498,740,997]
[0,764,997]
[0,288,810,997]
[0,155,200,288,497,543,681,808,917,997]
[0,155,288,497,543,808,917,997]
[0,288,497,543,681,739,808,917,997]
[0,810,997]
[0,155,288,497,543,681,808,917,997]
[0,288,997]
[0,288,543,681,739,810,917,997]
[0,155,288,543,810,917,997]
[0,155,288,543,681,808,917,997]
[0,288,543,997]
[0,155,288,764,997]
[0,155,288,543,681,739,808,917,997]
[0,155,288,543,681,917,997]
[0,288,810,917,997]
[0,543,997]
[0,155,288,543,681,997]
[0,543,810,997]
[0,288,543,808,997]
[0,288,498,543,681,739,810,917,997]
[0,155,196,288,498,543,681,739,810,917,997]
[0,155,288,498,740,917,997]
[0,288,543,684,808,997]
[0,155,288,543,808,917,997]
[0,288,681,997]
[0,288,498,543,810,997]
[0,288,543,810,997]
[0,288,498,543,810,917,997]
[0,155,288,497,543,681,739,808,917,997]
[0,288,543,684,808,917,997]
[0,288,543,681,808,917,997]
[0,155,196,288,498,543,810,917,997]
[0,288,497,543,681,808,917,997]
[0,288,740,997]
[0,288,543,681,808,997]
[0,288,808,917,997]
[0,155,288,498,543,739,810,917,997]
[0,155,288,543,684,808,997]
[0,155,288,498,543,681,739,810,917,997]
[0,288,543,810,917,997]
[0,288,543,681,739,808,917,997]
[0,155,288,543,681,808,997]
[0,155,288,543,810,997]
[0,155,288,543,739,810,917,997]
[0,155,200,288,497,543,684,808,917,997]
[0,288,808,997]
[0,155,200,288,497,543,808,917,997]
[0,155,288,740,917,997]
[0,288,498,543,739,810,917,997]
[0,288,497,543,808,917,997]
[0,196,543,997]
[0,196,997]
[0,155,288,498,740,997]
[0,288,543,808,917,997]
[0,155,288,740,997]
[0,288,543,681,997]
[0,155,196,288,498,543,739,810,917,997]
