[0,1122,1427]
[0,586,702,786,1122,1427]
[0,222,340,586,702,801,1046,1275,1427]
[0,340,1427]
[0,340,586,702,786,1046,1122,1427]
[0,340,586,702,1122,1427]
[0,222,340,586,702,786,1046,1275,1427]
[0,586,702,786,1046,1122,1427]
[0,340,702,1122,1427]
[0,222,340,692,1275,1427]
[0,586,966,1122,1427]
[0,222,340,586,702,786,966,1046,1275,1427]
[0,222,340,586,702,966,1046,1275,1427]
[0,340,1275,1427]
[0,702,1122,1427]
[0,340,702,966,1122,1427]
[0,340,586,702,1275,1427]
[0,340,702,1046,1275,1427]
[0,222,340,702,1275,1427]
[0,222,340,586,702,786,1046,1122,1427]
[0,340,586,702,966,1122,1427]
[0,222,340,586,702,801,1046,1122,1427]
[0,340,702,1427]
[0,340,586,702,1046,1275,1427]
[0,702,1427]
[0,222,340,586,702,966,1046,1122,1275,1427]
[0,340,702,1275,1427]
[0,340,702,1046,1427]
[0,586,702,1122,1427]
[0,702,1046,1427]
[0,340,586,702,966,1046,1275,1427]
[0,222,340,586,702,801,1046,1122,1275,1427]
[0,222,340,586,702,801,1275,1427]
[0,222,340,586,702,966,1046,1122,1427]
[0,586,702,966,1046,1275,1427]
[0,222,340,586,702,966,1122,1427]
[0,222,340,1275,1427]
[0,222,340,586,702,1046,1275,1427]
[0,340,692,1427]
[0,692,1427]
[0,222,340,586,702,1122,1427]
[0,222,340,702,1122,1427]
[0,222,340,586,702,786,1275,1427]
[0,222,340,586,702,786,966,1046,1122,1275,1427]
[0,586,702,1275,1427]
[0,222,340,586,702,786,1046,1122,1275,1427]
[0,586,702,966,1122,1427]
[0,340,586,702,1046,1122,1427]
[0,586,702,1427]
[0,586,702,1046,1275,1427]
[0,222,340,702,966,1122,1427]
[0,340,586,702,786,1122,1427]
[0,1275,1427]
[0,222,340,702,1046,1275,1427]
[0,586,1427]
[0,222,340,586,702,801,1122,1427]
[0,586,702,966,1046,1122,1427]
[0,586,1122,1427]
[0,222,340,586,702,1046,1122,1427]
[0,340,586,702,966,1046,1122,1427]
[0,222,340,586,702,1275,1427]
[0,702,1046,1275,1427]
[0,222,340,586,702,786,1122,1427]
[0,702,1275,1427]
[0,586,702,1046,1122,1427]
[0,340,692,1275,1427]
