[0,222,395,723,956,1224,1343]
[0,238,663,1343]
[0,169,1224,1343]
[0,128,956,1224,1343]
[0,727,1343]
[0,663,1343]
[0,128,956,1343]
[0,401,1343]
[0,524,1343]
[0,128,1343]
[0,238,1343]
[0,395,723,956,1343]
[0,80,395,487,723,956,1224,1343]
[0,80,395,723,956,1224,1343]
[0,128,727,956,1343]
[0,128,727,793,956,1165,1224,1343]
[0,395,487,723,956,1224,1343]
[0,80,222,395,487,723,956,1343]
[0,395,487,723,956,1343]
[0,128,1224,1343]
[0,169,723,956,1343]
[0,80,723,956,1343]
[0,128,727,793,956,1224,1343]
[0,128,727,956,1224,1343]
[0,169,487,723,956,1343]
[0,169,1343]
[0,395,487,723,956,1165,1224,1343]
[0,727,956,1343]
[0,238,663,1165,1343]
[0,80,723,956,1224,1343]
[0,80,395,487,723,956,1343]
[0,169,395,487,723,956,1224,1343]
[0,395,956,1343]
[0,80,222,395,487,723,956,1224,1343]
[0,723,956,1343]
[0,222,395,723,956,1343]
[0,401,727,956,1343]
[0,487,723,956,1343]
[0,401,956,1343]
[0,723,956,1224,1343]
[0,723,1343]
[0,395,1343]
[0,395,723,956,1224,1343]
[0,169,487,723,956,1224,1343]
[0,487,956,1343]
[0,956,1343]
[0,222,395,487,723,956,1224,1343]
[0,222,395,487,723,956,1343]
[0,47,395,487,723,956,1165,1224,1343]
[0,169,723,956,1224,1343]
[0,487,1343]
[0,80,395,723,956,1343]
