0.000000000000000000e+00
6.000000000000000000e+01
9.600000000000000000e+01
1.260000000000000000e+02
1.300000000000000000e+02
1.760000000000000000e+02
1.980000000000000000e+02
2.220000000000000000e+02
2.620000000000000000e+02
2.740000000000000000e+02
2.960000000000000000e+02
3.040000000000000000e+02
3.080000000000000000e+02
3.640000000000000000e+02
3.680000000000000000e+02
3.720000000000000000e+02
3.740000000000000000e+02
3.960000000000000000e+02
4.020000000000000000e+02
4.060000000000000000e+02
4.240000000000000000e+02
4.420000000000000000e+02
4.500000000000000000e+02
5.020000000000000000e+02
5.060000000000000000e+02
5.240000000000000000e+02
5.620000000000000000e+02
5.640000000000000000e+02
5.840000000000000000e+02
5.920000000000000000e+02
5.940000000000000000e+02
6.040000000000000000e+02
6.060000000000000000e+02
6.460000000000000000e+02
6.700000000000000000e+02
6.780000000000000000e+02
7.060000000000000000e+02
7.080000000000000000e+02
7.500000000000000000e+02
7.520000000000000000e+02
7.560000000000000000e+02
7.580000000000000000e+02
7.780000000000000000e+02
7.800000000000000000e+02
8.800000000000000000e+02
8.920000000000000000e+02
8.940000000000000000e+02
8.960000000000000000e+02
9.040000000000000000e+02
9.060000000000000000e+02
9.140000000000000000e+02
9.180000000000000000e+02
9.260000000000000000e+02
9.340000000000000000e+02
9.380000000000000000e+02
9.580000000000000000e+02
9.640000000000000000e+02
9.680000000000000000e+02
9.900000000000000000e+02
9.940000000000000000e+02
9.980000000000000000e+02
1.000000000000000000e+03
1.006000000000000000e+03
1.044000000000000000e+03
1.048000000000000000e+03
1.072000000000000000e+03
1.074000000000000000e+03
1.078000000000000000e+03
1.184000000000000000e+03
1.188000000000000000e+03
1.276000000000000000e+03
1.278000000000000000e+03
1.290000000000000000e+03
1.292000000000000000e+03
1.322000000000000000e+03
1.324000000000000000e+03
1.350000000000000000e+03
1.354000000000000000e+03
1.358000000000000000e+03
1.360000000000000000e+03
1.420000000000000000e+03
1.474000000000000000e+03
1.478000000000000000e+03
1.496000000000000000e+03
1.508000000000000000e+03
1.510000000000000000e+03
1.512000000000000000e+03
1.518000000000000000e+03
1.540000000000000000e+03
1.544000000000000000e+03
1.622000000000000000e+03
1.626000000000000000e+03
1.668000000000000000e+03
1.670000000000000000e+03
1.678000000000000000e+03
1.680000000000000000e+03
1.686000000000000000e+03
1.688000000000000000e+03
1.692000000000000000e+03
1.694000000000000000e+03
1.704000000000000000e+03
1.706000000000000000e+03
1.716000000000000000e+03
1.764000000000000000e+03
1.770000000000000000e+03
1.828000000000000000e+03
1.842000000000000000e+03
1.868000000000000000e+03
1.870000000000000000e+03
1.874000000000000000e+03
1.894000000000000000e+03
1.896000000000000000e+03
1.904000000000000000e+03
1.908000000000000000e+03
1.920000000000000000e+03
1.922000000000000000e+03
1.928000000000000000e+03
1.930000000000000000e+03
1.936000000000000000e+03
1.948000000000000000e+03
1.950000000000000000e+03
1.960000000000000000e+03
1.962000000000000000e+03
2.054000000000000000e+03
2.058000000000000000e+03
2.060000000000000000e+03
2.064000000000000000e+03
2.066000000000000000e+03
2.080000000000000000e+03
2.104000000000000000e+03
2.108000000000000000e+03
2.112000000000000000e+03
2.114000000000000000e+03
2.118000000000000000e+03
2.138000000000000000e+03
2.142000000000000000e+03
2.166000000000000000e+03
2.168000000000000000e+03
2.206000000000000000e+03
2.216000000000000000e+03
2.232000000000000000e+03
2.234000000000000000e+03
2.236000000000000000e+03
2.248000000000000000e+03
2.252000000000000000e+03
2.254000000000000000e+03
2.268000000000000000e+03
2.270000000000000000e+03
2.274000000000000000e+03
2.284000000000000000e+03
2.286000000000000000e+03
2.290000000000000000e+03
2.296000000000000000e+03
2.298000000000000000e+03
2.322000000000000000e+03
2.326000000000000000e+03
2.330000000000000000e+03
2.338000000000000000e+03
2.342000000000000000e+03
2.344000000000000000e+03
2.354000000000000000e+03
2.356000000000000000e+03
2.368000000000000000e+03
2.380000000000000000e+03
2.384000000000000000e+03
2.394000000000000000e+03
2.396000000000000000e+03
2.400000000000000000e+03
2.416000000000000000e+03
2.426000000000000000e+03
2.428000000000000000e+03
2.430000000000000000e+03
2.434000000000000000e+03
2.442000000000000000e+03
2.450000000000000000e+03
2.456000000000000000e+03
2.592000000000000000e+03
2.594000000000000000e+03
2.608000000000000000e+03
2.610000000000000000e+03
2.614000000000000000e+03
2.646000000000000000e+03
2.656000000000000000e+03
2.662000000000000000e+03
2.678000000000000000e+03
2.686000000000000000e+03
2.696000000000000000e+03
2.704000000000000000e+03
2.710000000000000000e+03
2.770000000000000000e+03
