[0,294,921,1079,1249]
[0,116,255,730,1249]
[0,255,898,1079,1249]
[0,116,564,1249]
[0,116,255,898,1079,1249]
[0,564,957,1249]
[0,116,255,898,995,1249]
[0,116,294,921,1249]
[0,116,255,564,898,995,1249]
[0,995,1249]
[0,898,1249]
[0,294,900,1249]
[0,900,1249]
[0,255,921,1249]
[0,255,1249]
[0,116,995,1249]
[0,255,564,898,1249]
[0,116,255,564,898,1249]
[0,232,564,957,1249]
[0,116,294,564,921,1079,1249]
[0,116,294,564,900,1249]
[0,255,564,900,1249]
[0,116,255,921,1249]
[0,564,921,1249]
[0,116,255,564,1249]
[0,957,1249]
[0,116,294,564,1249]
[0,294,564,921,1249]
[0,255,564,1249]
[0,116,255,921,1036,1249]
[0,116,1249]
[0,730,1249]
[0,294,1249]
[0,116,255,1249]
[0,255,928,1249]
[0,294,921,1249]
[0,116,294,564,900,1036,1249]
[0,116,294,921,1079,1249]
[0,116,255,900,1079,1249]
[0,928,1249]
[0,116,255,898,1249]
[0,294,564,921,1079,1249]
[0,255,898,1249]
[0,255,900,1079,1249]
[0,921,1249]
[0,232,1249]
[0,116,255,564,898,1079,1249]
[0,255,564,898,1079,1249]
[0,294,564,1249]
[0,116,255,564,921,1036,1249]
[0,255,564,921,1249]
[0,116,255,564,921,1249]
[0,116,255,900,1249]
[0,564,900,1249]
[0,255,900,1249]
[0,232,564,1249]
[0,116,255,564,900,1079,1249]
[0,564,1249]
[0,255,564,900,1079,1249]
[0,294,564,900,1249]
[0,294,564,900,1036,1249]
[0,255,730,1249]
[0,564,898,1249]
