[0,172,1264]
[0,172,751,1264]
[0,174,1264]
[0,172,251,751,1264]
[0,172,251,676,751,1069,1264]
[0,172,251,751,1069,1264]
[0,174,751,1264]
[0,172,238,1264]
[0,172,1069,1264]
[0,174,751,1138,1264]
[0,172,251,751,1138,1264]
[0,751,1069,1264]
[0,172,238,751,1069,1264]
[0,172,251,1264]
[0,172,751,1069,1264]
[0,172,238,751,1138,1264]
[0,172,580,751,1069,1264]
[0,172,251,751,848,1138,1264]
[0,172,251,580,676,751,1069,1264]
[0,172,238,751,1264]
[0,172,251,580,751,1069,1264]
[0,172,751,1138,1264]
[0,172,751,848,1138,1264]
[0,751,1264]
[0,1069,1264]
