[0,1022,1283,1597,1922,2693,3353]
[0,1022,1597,1861,2693,3202,3353]
[0,1022,1283,1597,1923,2693,3202,3353]
[0,1022,3353]
[0,1022,2693,3353]
[0,1022,1597,1861,2693,3353]
[0,1022,1283,1597,1923,2693,3353]
[0,1022,1648,2699,3353]
[0,1597,1922,3353]
[0,1597,1923,3353]
[0,1022,1283,1597,1922,2693,3202,3353]
[0,1022,1597,2693,3202,3353]
[0,1022,1648,2693,3202,3353]
[0,1597,1922,2693,3353]
[0,1531,3353]
[0,1022,1283,1597,1861,2693,3202,3353]
[0,1597,3353]
[0,1597,2693,3353]
[0,1022,1597,1923,2693,3202,3353]
[0,1022,2699,3353]
[0,1022,1597,2693,3353]
[0,1597,1861,3353]
[0,1022,1597,1923,2693,3353]
[0,1597,1923,2693,3353]
[0,1531,2699,3353]
[0,1022,1597,1922,2693,3353]
[0,1022,2693,3202,3353]
[0,1022,1648,2693,3353]
[0,1597,1861,2693,3353]
[0,1022,1597,1922,2693,3202,3353]
[0,1022,1283,1597,1861,2693,3353]
