[0,94,196,891,1465]
[0,94,196,271,382,915,1258,1465]
[0,94,196,453,915,1465]
[0,94,196,915,1465]
[0,915,1258,1465]
[0,196,915,1465]
[0,196,891,1465]
[0,196,382,891,1258,1465]
[0,94,196,915,1258,1465]
[0,94,196,271,382,453,915,1465]
[0,94,196,271,915,1465]
[0,94,196,1465]
[0,94,196,1258,1465]
[0,94,196,271,915,1258,1465]
[0,94,891,1465]
[0,94,453,1465]
[0,94,196,453,1258,1465]
[0,94,196,271,382,915,1465]
[0,196,382,915,1258,1465]
[0,94,196,271,382,453,891,1258,1465]
[0,94,196,271,382,453,1258,1465]
[0,196,1258,1465]
[0,196,1465]
[0,94,196,382,915,1258,1465]
[0,94,196,271,382,453,915,1258,1465]
[0,453,1465]
[0,103,1465]
[0,169,1465]
[0,196,382,915,1465]
[0,94,1465]
[0,94,196,271,891,1258,1465]
[0,196,891,1258,1465]
[0,103,453,1465]
[0,453,1258,1465]
[0,891,1465]
[0,519,1465]
[0,915,1465]
[0,453,915,1465]
[0,94,196,382,891,1258,1465]
[0,196,915,1258,1465]
[0,94,196,519,1258,1465]
[0,196,519,1258,1465]
[0,196,453,915,1465]
[0,94,196,271,453,1258,1465]
[0,196,453,1258,1465]
[0,94,196,382,453,1258,1465]
[0,1258,1465]
[0,94,196,382,453,915,1465]
[0,94,196,271,382,891,1258,1465]
[0,94,196,382,915,1465]
[0,891,1258,1465]
[0,94,196,891,1258,1465]
[0,519,1258,1465]
