[0,135,378,1562]
[0,135,378,943,1100,1562]
[0,135,378,943,1100,1438,1562]
[0,135,335,1438,1562]
[0,135,335,1100,1415,1562]
[0,943,1562]
[0,135,271,378,1438,1562]
[0,135,271,378,464,943,1438,1562]
[0,135,378,943,1562]
[0,135,378,1438,1562]
[0,135,335,937,1438,1562]
[0,209,378,1100,1415,1562]
[0,209,378,1415,1562]
[0,135,335,1415,1562]
[0,135,1438,1562]
[0,135,378,943,1438,1562]
[0,135,271,378,464,1438,1562]
[0,209,378,937,1100,1415,1562]
[0,937,1100,1562]
[0,135,378,937,1100,1562]
[0,135,335,1562]
[0,135,271,378,943,1100,1438,1562]
[0,135,378,464,1438,1562]
[0,209,378,937,1562]
[0,335,937,1100,1415,1562]
[0,1100,1562]
[0,378,1562]
[0,135,271,378,474,943,1100,1343,1438,1562]
[0,209,378,937,1100,1562]
[0,135,378,937,1100,1438,1562]
[0,378,1047,1562]
[0,335,1100,1562]
[0,135,378,1100,1562]
[0,1047,1562]
[0,135,271,378,937,1100,1438,1562]
[0,135,378,937,1562]
[0,135,378,464,943,1438,1562]
[0,335,1100,1415,1562]
[0,135,271,378,474,937,1100,1438,1562]
[0,937,1100,1415,1562]
[0,209,378,1562]
[0,1438,1562]
[0,135,335,937,1100,1438,1562]
[0,135,1562]
[0,335,1562]
[0,135,335,937,1100,1343,1438,1562]
[0,335,937,1100,1562]
[0,937,1415,1562]
[0,378,937,1100,1562]
[0,135,271,378,474,937,1100,1343,1438,1562]
[0,378,1415,1562]
[0,135,378,474,943,1100,1438,1562]
[0,209,378,1100,1562]
[0,1415,1562]
[0,135,335,937,1562]
[0,937,1562]
[0,135,335,937,1100,1415,1562]
[0,378,1100,1562]
[0,335,1415,1562]
[0,135,271,378,943,1438,1562]
[0,378,937,1562]
[0,335,937,1562]
[0,135,378,474,937,1100,1438,1562]
[0,378,943,1562]
[0,135,378,1100,1438,1562]
[0,135,1415,1562]
[0,135,335,937,1100,1562]
[0,135,271,378,474,943,1100,1438,1562]
[0,378,943,1100,1562]
[0,378,1438,1562]
