[0,763,1623,2605,2942,3717,3931,4601,4758]
[0,708,2117,2605,4758]
[0,98,2942,3931,4758]
[0,738,1623,2605,3717,4758]
[0,98,708,1623,2117,2605,2942,3717,3931,4758]
[0,98,708,1623,2942,4758]
[0,738,1623,2057,2942,3931,4758]
[0,738,1623,2605,2942,4758]
[0,2390,4758]
[0,98,763,1623,2117,4601,4758]
[0,2117,4758]
[0,3717,4758]
[0,708,1623,2117,2605,2942,3717,3931,4601,4758]
[0,763,1623,2605,2942,3931,4758]
[0,763,1623,3717,3931,4758]
[0,763,1623,2605,2942,4758]
[0,98,738,1623,2057,2605,2942,3717,3931,4601,4758]
[0,738,1623,4758]
[0,708,1623,2942,3931,4601,4758]
[0,708,1623,2117,4758]
[0,2117,3717,4758]
[0,2942,3931,4601,4758]
[0,708,2117,2605,3717,4758]
[0,695,2390,4758]
[0,738,1623,2057,2605,2942,3717,3931,4758]
[0,98,3717,3931,4758]
[0,738,1623,3717,4758]
[0,98,763,1623,2605,3717,3931,4758]
[0,98,738,1623,2605,3717,3931,4758]
[0,763,1623,4758]
[0,98,708,1623,2942,3931,4758]
[0,1906,2886,4758]
[0,708,2117,4758]
[0,708,2117,2605,2942,4758]
[0,98,708,2117,3717,3931,4758]
[0,763,1623,2057,2605,2942,3931,4758]
[0,708,2117,2942,3931,4758]
[0,98,738,1623,2605,2942,3717,3931,4601,4758]
[0,708,1623,2942,4758]
[0,738,1623,2057,2605,2942,3931,4758]
[0,98,708,1623,2942,3931,4601,4758]
[0,3717,3931,4758]
[0,98,763,1623,3717,3931,4601,4758]
[0,1906,2886,3931,4758]
[0,98,1906,4758]
[0,98,2117,4758]
[0,98,708,2117,2605,2942,3717,3931,4758]
[0,708,1623,2117,2605,4758]
[0,738,1623,2605,2942,3717,3931,4601,4758]
[0,763,1623,2942,3931,4758]
[0,98,738,1623,3717,3931,4758]
[0,763,1906,4758]
[0,763,1623,3717,4758]
[0,2117,2605,4758]
[0,763,1623,2057,2942,3931,4758]
[0,738,1623,2605,3717,3931,4758]
[0,708,1623,2117,2605,2942,3931,4758]
[0,98,708,2117,2942,3931,4601,4758]
[0,708,2117,2605,2942,3931,4758]
[0,708,2117,3717,4758]
[0,2117,2942,3931,4758]
[0,763,1623,2942,4758]
[0,763,1623,2117,4758]
[0,763,1623,2605,2942,3717,3931,4758]
[0,708,1623,4758]
[0,763,1623,2605,3717,3931,4758]
[0,1906,4758]
[0,98,2117,2942,3931,4601,4758]
[0,763,1623,2117,4601,4758]
[0,98,708,2117,4758]
[0,98,2117,2942,3931,4758]
[0,680,1906,2886,3931,4758]
[0,738,1623,3717,3931,4758]
[0,708,1623,2117,2605,2942,4758]
[0,98,708,1623,2117,2605,2942,3717,3931,4601,4758]
[0,708,3717,3931,4758]
[0,98,708,3717,3931,4758]
[0,98,2942,3931,4601,4758]
[0,98,708,2117,2605,3717,3931,4758]
[0,98,763,1623,2605,2942,3717,3931,4758]
[0,708,2117,4601,4758]
[0,763,1623,2605,3717,4758]
[0,708,1623,3717,3931,4758]
[0,2942,4758]
[0,763,1623,3717,3931,4601,4758]
[0,98,763,1623,3717,3931,4758]
[0,98,708,2117,4601,4758]
[0,708,2117,3717,3931,4758]
[0,738,1623,2605,2942,3717,3931,4758]
[0,708,1623,3717,4758]
[0,2117,3931,4758]
[0,2117,3717,3931,4758]
[0,98,763,1906,4758]
[0,98,708,1623,4758]
[0,708,2117,3931,4601,4758]
[0,98,4758]
[0,1623,3717,3931,4758]
[0,708,1623,2117,2942,3931,4758]
[0,1623,3717,4758]
[0,98,708,2117,3931,4601,4758]
[0,98,763,1623,2605,2942,3717,3931,4601,4758]
[0,708,3717,4758]
[0,98,763,1623,2057,2605,2942,3717,3931,4601,4758]
[0,708,2117,2605,2942,3717,3931,4758]
[0,680,1906,4758]
[0,1623,2942,4758]
[0,2117,2605,2942,4758]
[0,763,1623,2057,2605,2942,3717,3931,4601,4758]
[0,1623,4758]
[0,1623,2942,3931,4758]
[0,98,763,1623,2117,4758]
[0,738,1623,2942,3931,4758]
[0,708,1623,2117,2605,2942,3717,3931,4758]
[0,2117,2942,4758]
[0,2117,2942,3931,4601,4758]
[0,738,1623,2942,4758]
[0,708,2117,3931,4758]
[0,708,2117,2942,3931,4601,4758]
[0,738,1623,2057,2605,2942,3717,3931,4601,4758]
[0,2942,3931,4758]
[0,98,738,1623,2605,2942,3717,3931,4758]
[0,708,2117,2605,3717,3931,4758]
[0,2117,4601,4758]
[0,2117,3931,4601,4758]
[0,738,1623,2605,2942,3931,4758]
[0,98,763,1623,4758]
[0,3896,4758]
[0,98,2942,4758]
[0,708,1623,2942,3931,4758]
[0,98,708,1623,3717,3931,4758]
[0,708,2117,2942,4758]
[0,680,1906,2886,4758]
[0,763,1623,2057,2605,2942,3717,3931,4758]
[0,1623,2605,3717,4758]
