[0,437,1033,1219,2554]
[0,437,1033,2554]
[0,465,1003,1975,2554]
[0,1003,1975,2554]
[0,1033,1490,2433,2554]
[0,1033,2554]
[0,1003,1975,2442,2554]
[0,465,1003,1219,1975,2442,2554]
[0,1033,1219,2554]
[0,465,1003,2554]
[0,1033,1219,1975,2554]
[0,437,1033,1219,1975,2442,2554]
[0,437,1033,1219,1975,2554]
[0,1003,1497,2554]
[0,721,1219,1975,2442,2554]
[0,465,1003,1219,2554]
[0,1003,1219,1975,2442,2554]
[0,1033,2442,2554]
[0,1003,1219,1975,2554]
[0,465,1003,1219,1975,2554]
[0,1219,2554]
[0,1033,2433,2554]
[0,437,1033,1975,2554]
[0,1219,2442,2554]
[0,1003,1497,2433,2554]
[0,1003,1219,2554]
[0,721,1219,2554]
[0,1003,1219,1497,2433,2554]
[0,1033,1975,2554]
[0,1003,2554]
[0,1003,1219,1497,2554]
[0,721,1219,1975,2554]
[0,1219,1975,2554]
[0,1033,1219,1975,2442,2554]
[0,1003,2442,2554]
[0,1003,2433,2554]
[0,1219,1975,2442,2554]
[0,1033,1975,2442,2554]
[0,1033,1490,2554]
