[0,520,771,1311,1618,2211]
[0,464,2211]
[0,129,770,1311,2211]
[0,771,1311,1723,2211]
[0,577,1311,1723,2211]
[0,770,1311,2211]
[0,577,770,1311,1723,2211]
[0,1311,2211]
[0,129,771,1311,2211]
[0,129,771,1311,1723,2211]
[0,741,2211]
[0,129,2211]
[0,577,2211]
[0,129,755,2211]
[0,770,1311,1723,2211]
[0,129,577,770,1311,1723,2211]
[0,771,1311,2211]
[0,129,520,771,1311,1723,2211]
[0,129,770,2211]
[0,129,741,1311,1618,2211]
[0,771,1311,1618,2211]
[0,755,2211]
[0,741,1311,1618,2211]
[0,770,1311,1593,2211]
[0,129,771,1311,1618,2211]
[0,129,770,1311,1723,2211]
[0,741,1311,2211]
[0,770,2211]
[0,129,771,2211]
[0,129,770,1311,1593,2211]
[0,771,2211]
[0,520,771,1311,1723,2211]
[0,129,741,2211]
[0,129,741,1311,2211]
[0,129,520,771,1311,1618,2211]
[0,577,1311,2211]
