[0,307,559,934,1328,1442,1527,1806,1875]
[0,559,934,1274,1527,1875]
[0,559,1208,1527,1806,1875]
[0,307,559,934,1330,1442,1527,1875]
[0,307,559,934,1208,1330,1442,1527,1875]
[0,559,934,1527,1875]
[0,307,559,934,1208,1330,1442,1527,1806,1875]
[0,307,559,934,1328,1527,1806,1875]
[0,307,559,934,1527,1875]
[0,559,1328,1527,1806,1875]
[0,559,1330,1527,1875]
[0,1806,1875]
[0,307,559,934,1208,1527,1875]
[0,559,934,1208,1527,1875]
[0,307,559,934,1208,1330,1527,1806,1875]
[0,307,559,934,1330,1527,1806,1875]
[0,559,1527,1806,1875]
[0,559,934,1328,1527,1806,1875]
[0,559,1208,1527,1875]
[0,559,1527,1875]
[0,307,559,934,1208,1527,1806,1875]
[0,307,559,934,1274,1442,1527,1875]
[0,559,1328,1527,1875]
[0,307,559,934,1330,1442,1527,1806,1875]
[0,307,559,934,1328,1527,1875]
[0,307,559,1527,1875]
[0,559,934,1208,1527,1806,1875]
[0,559,1806,1875]
[0,307,559,934,1330,1527,1875]
[0,559,1330,1527,1806,1875]
[0,559,934,1330,1527,1875]
[0,307,559,934,1274,1527,1806,1875]
[0,559,934,1328,1527,1875]
[0,559,1274,1527,1875]
[0,559,1274,1527,1806,1875]
[0,307,559,934,1274,1527,1875]
[0,559,934,1875]
[0,307,559,934,1274,1330,1442,1527,1806,1875]
[0,307,559,934,1328,1442,1527,1875]
[0,559,934,1330,1527,1806,1875]
[0,307,559,934,1274,1442,1527,1806,1875]
[0,559,934,1274,1527,1806,1875]
[0,307,559,934,1208,1330,1527,1875]
[0,559,1875]
