[0,134,1122,1596,1886,2056,2221,2759]
[0,862,2056,2759]
[0,1122,1977,2715,2759]
[0,134,862,2056,2759]
[0,812,2056,2759]
[0,134,1122,1977,2221,2759]
[0,134,1122,1596,2056,2221,2759]
[0,1122,1629,1886,2054,2221,2759]
[0,134,862,1697,2759]
[0,134,862,1846,2288,2759]
[0,1122,1722,2054,2221,2759]
[0,1122,1629,2054,2759]
[0,134,1122,2054,2221,2759]
[0,134,1122,1722,1886,2054,2221,2715,2759]
[0,812,2759]
[0,1122,1596,2221,2759]
[0,1122,1697,1886,2759]
[0,134,1122,1596,2759]
[0,134,1122,1697,2715,2759]
[0,862,1846,2759]
[0,134,1122,1697,2759]
[0,862,1596,2715,2759]
[0,134,1122,1697,1886,2056,2221,2715,2759]
[0,1122,1722,2759]
[0,862,2056,2715,2759]
[0,654,1596,2759]
[0,134,1122,2759]
[0,134,1122,2054,2221,2715,2759]
[0,1122,1697,2715,2759]
[0,134,862,1596,2715,2759]
[0,1122,2056,2759]
[0,1122,1596,2715,2759]
[0,862,1596,2759]
[0,1122,1886,2054,2221,2759]
[0,134,1122,1596,1886,2056,2221,2715,2759]
[0,1122,2054,2759]
[0,1122,1722,1886,2054,2221,2759]
[0,1122,2054,2221,2715,2759]
[0,1122,2056,2221,2759]
[0,1122,1697,2759]
[0,1122,2054,2221,2759]
[0,134,1122,1886,2054,2221,2759]
[0,862,1697,2759]
[0,1122,1697,2221,2759]
[0,134,862,1596,2759]
[0,134,1122,1722,1886,2054,2221,2759]
[0,1596,2759]
[0,134,1122,1697,2056,2221,2715,2759]
[0,134,1122,2056,2221,2715,2759]
[0,1122,1722,2221,2759]
[0,862,1846,2288,2759]
[0,1122,1596,2056,2759]
[0,134,1122,1977,2759]
[0,1122,1596,2056,2221,2759]
[0,134,1122,1697,2056,2221,2759]
[0,1122,1977,2221,2759]
[0,1846,2759]
[0,134,1122,1977,2221,2715,2759]
[0,1122,2759]
[0,862,2759]
[0,134,1122,1596,2715,2759]
[0,1122,1697,2056,2221,2759]
[0,862,1697,2715,2759]
[0,134,1122,1977,2715,2759]
[0,134,862,1697,2715,2759]
[0,1122,1697,1886,2056,2759]
[0,1122,1697,1886,2056,2221,2759]
[0,134,1122,1697,1886,2056,2221,2759]
[0,134,862,2056,2715,2759]
[0,1122,1886,2054,2759]
[0,1122,1722,1886,2054,2221,2715,2759]
[0,1122,1977,2759]
[0,1122,1596,1886,2056,2221,2759]
[0,1122,1629,1886,2054,2759]
[0,1122,1596,2759]
[0,134,1122,1629,1886,2054,2221,2759]
[0,1122,1596,1886,2056,2759]
[0,134,1122,2056,2221,2759]
[0,134,1122,1886,2054,2221,2715,2759]
[0,1122,2056,2221,2715,2759]
[0,134,1122,1629,1886,2054,2221,2715,2759]
[0,134,1122,1596,2056,2221,2715,2759]
[0,1122,2221,2759]
