[0,300,659,1073,1968,2759]
[0,433,1102,2759]
[0,766,2759]
[0,1968,2759]
[0,300,659,1073,1968,2481,2759]
[0,285,659,1073,1505,1968,2759]
[0,433,1102,2017,2759]
[0,285,659,1073,1248,1505,1968,2759]
[0,300,659,1073,1505,1968,2572,2759]
[0,1073,1505,1968,2759]
[0,300,659,1073,1248,1505,1968,2759]
[0,285,659,1073,1968,2759]
[0,285,659,1073,1248,1505,1794,1968,2481,2759]
[0,285,659,1073,1248,1505,1968,2481,2759]
[0,300,659,1073,1248,1505,1968,2572,2759]
[0,300,1073,1968,2759]
[0,300,659,1073,1505,1968,2759]
[0,1102,2759]
[0,766,1968,2759]
[0,300,659,1073,1505,1968,2325,2759]
[0,300,659,1073,1248,1505,1968,2325,2572,2759]
[0,659,1073,1968,2759]
[0,1073,1968,2759]
[0,659,1073,1505,1968,2759]
[0,1073,2759]
[0,659,1073,1505,1968,2325,2759]
[0,300,659,1073,1248,1505,1794,1968,2325,2572,2759]
[0,285,1073,1968,2759]
[0,1102,2017,2759]
[0,433,1073,1968,2759]
[0,285,659,1073,1505,1968,2481,2759]
[0,300,659,1073,1505,1968,2325,2572,2759]
