[0,190,385,1036,1533,1981,2331,2638,2956]
[0,385,1036,1533,2956]
[0,385,1036,1981,2331,2641,2956]
[0,1036,1981,2956]
[0,385,1036,2638,2956]
[0,1533,2956]
[0,1533,1981,2641,2956]
[0,1027,1912,2956]
[0,190,352,1014,1533,2851,2956]
[0,385,1036,1533,1981,2956]
[0,1027,2638,2956]
[0,1036,1533,2641,2956]
[0,385,1036,1981,2641,2956]
[0,2048,2851,2956]
[0,237,1027,1981,2331,2641,2956]
[0,237,1036,2956]
[0,190,1533,2956]
[0,352,1014,1533,2638,2956]
[0,190,1014,2048,2851,2956]
[0,1036,2638,2956]
[0,352,1014,1533,1786,2956]
[0,190,2048,2851,2956]
[0,1533,2638,2956]
[0,1014,1533,2956]
[0,385,1036,1981,2331,2638,2956]
[0,352,1014,2956]
[0,352,1014,1533,2851,2956]
[0,190,1014,1533,2956]
[0,385,1533,2641,2956]
[0,237,1027,2641,2956]
[0,237,1027,1981,2641,2956]
[0,1014,2048,2956]
[0,2641,2956]
[0,190,716,1014,1533,1786,2851,2956]
[0,1036,1533,1981,2331,2641,2956]
[0,385,1036,1981,2956]
[0,385,1036,1533,1981,2641,2956]
[0,1036,1533,1981,2641,2956]
[0,190,716,1014,1533,2851,2956]
[0,237,1036,2641,2956]
[0,1533,1981,2956]
[0,237,1036,1981,2331,2641,2956]
[0,237,1027,2638,2956]
[0,385,1036,1533,1981,2331,2641,2956]
[0,1027,1981,2956]
[0,190,716,1014,1533,2956]
[0,1027,2641,2956]
[0,1912,2956]
[0,385,1036,2956]
[0,1533,2331,2641,2956]
[0,1027,2956]
[0,385,1533,2638,2956]
[0,1036,1533,1981,2956]
[0,237,1027,1981,2638,2956]
[0,1027,1981,2641,2956]
[0,1036,1981,2641,2956]
[0,2638,2956]
[0,190,1014,2956]
[0,385,1036,1533,1981,2331,2638,2956]
[0,1036,2641,2956]
[0,1027,1912,2638,2956]
[0,385,1533,2956]
[0,385,1036,1533,1981,2638,2956]
[0,190,352,1014,1533,1786,2956]
[0,190,352,1014,1533,2956]
[0,190,1014,1533,2851,2956]
[0,1014,1533,1786,2956]
[0,237,1027,2956]
[0,190,2048,2956]
[0,1981,2331,2641,2956]
[0,1981,2641,2956]
[0,190,1533,2851,2956]
[0,385,1036,1533,2641,2956]
[0,352,1014,2638,2956]
[0,237,1036,1533,1981,2331,2641,2956]
[0,1014,2638,2956]
[0,1981,2956]
[0,237,1027,1912,2638,2956]
[0,1027,1981,2331,2641,2956]
[0,1036,1533,2956]
[0,1533,1981,2331,2641,2956]
[0,1027,1981,2638,2956]
[0,190,352,1014,1533,1786,2851,2956]
[0,190,1014,2048,2956]
[0,352,1014,1533,2956]
[0,352,1533,2956]
[0,190,385,1036,1533,1981,2331,2641,2956]
[0,1036,1981,2331,2641,2956]
[0,385,1036,2641,2956]
[0,385,1036,1981,2638,2956]
[0,190,716,1014,1533,1786,2956]
[0,716,1014,1533,1786,2956]
[0,385,1036,1533,2638,2956]
[0,1912,2638,2956]
[0,716,1014,1533,2956]
[0,1014,2956]
[0,1036,2956]
[0,237,1036,1981,2641,2956]
[0,2048,2956]
[0,1533,2641,2956]
[0,190,1014,1533,1786,2956]
