[0,469,2189]
[0,134,247,477,2189]
[0,134,477,1112,1456,1568,2189]
[0,469,1097,1456,2189]
[0,134,2189]
[0,477,1112,1568,1887,2189]
[0,134,469,1097,1456,2189]
[0,134,1112,2189]
[0,469,1097,1568,2189]
[0,134,477,1112,1568,2189]
[0,267,1456,2189]
[0,477,1112,2189]
[0,134,469,1097,1568,2189]
[0,1097,1568,2189]
[0,134,247,477,1097,2189]
[0,134,247,477,1112,2189]
[0,1456,2189]
[0,134,247,469,1097,1456,1568,2189]
[0,134,247,469,1097,1456,2189]
[0,134,477,1456,2189]
[0,134,247,469,1097,1568,2189]
[0,134,477,2189]
[0,134,247,469,1456,1568,2189]
[0,134,247,469,1456,2189]
[0,134,243,477,1112,2189]
[0,1112,2189]
[0,134,243,477,1112,1456,1568,1887,2189]
[0,134,1097,2189]
[0,134,477,1112,2189]
[0,469,1097,2189]
[0,134,247,477,1456,1568,2189]
[0,134,477,1097,1456,2189]
[0,134,1456,1568,2189]
[0,134,247,477,1097,1456,1568,2189]
[0,477,1456,2189]
[0,134,243,477,1456,1568,2189]
[0,134,247,2189]
[0,477,1097,2189]
[0,134,477,1112,1456,2189]
[0,134,477,1112,1456,1568,1887,2189]
[0,134,469,1456,2189]
[0,134,469,2189]
[0,134,469,1097,2189]
[0,477,2189]
[0,134,247,477,1456,2189]
[0,134,477,1456,1568,2189]
[0,134,469,1456,1568,2189]
[0,477,1097,1456,2189]
[0,134,477,1112,1568,1887,2189]
[0,134,247,469,1097,1568,1887,2189]
[0,469,1097,1568,1887,2189]
[0,1097,2189]
[0,134,243,477,1112,1456,1568,2189]
[0,134,247,469,2189]
[0,477,1112,1456,2189]
[0,134,477,1097,2189]
[0,477,1112,1568,2189]
[0,134,247,477,1097,1456,2189]
[0,134,247,469,1097,2189]
[0,134,1456,2189]
[0,134,469,1097,1568,1887,2189]
[0,469,1456,2189]
[0,134,247,469,1097,1456,1568,1887,2189]
