[0,195,410,489,1651,2046,2120]
[0,294,549,2120]
[0,410,1053,1651,2120]
[0,348,1661,2120]
[0,348,554,2120]
[0,195,410,489,1651,2120]
[0,489,1651,2120]
[0,195,410,489,700,2120]
[0,195,489,2120]
[0,294,410,549,2120]
[0,195,410,489,700,1651,2120]
[0,1053,2120]
[0,410,1053,2120]
[0,700,1651,2120]
[0,410,489,1651,2046,2120]
[0,348,549,1661,2120]
[0,195,410,700,2120]
[0,315,489,700,1651,2120]
[0,294,549,1661,2120]
[0,410,700,1651,2120]
[0,315,489,700,1651,2046,2120]
[0,410,489,700,1651,2120]
[0,348,549,2120]
[0,410,489,700,1651,2046,2120]
[0,348,554,1661,2120]
[0,410,2120]
[0,348,554,1661,2054,2120]
[0,315,2120]
[0,489,2120]
[0,410,489,2120]
[0,326,2120]
[0,700,2120]
[0,1053,1651,2120]
[0,294,410,549,1661,2120]
[0,1651,2120]
[0,348,2120]
[0,410,489,1651,2120]
[0,315,489,1651,2120]
[0,294,549,1661,2054,2120]
[0,1184,2120]
[0,410,1651,2120]
[0,315,1651,2120]
[0,315,489,2120]
[0,348,549,2054,2120]
[0,410,700,2120]
[0,315,700,2120]
[0,410,489,700,2120]
[0,326,554,2120]
[0,294,549,2054,2120]
[0,294,1661,2120]
[0,195,410,489,700,1651,2046,2120]
[0,195,410,700,1651,2120]
[0,315,489,1651,2046,2120]
[0,410,1184,2120]
[0,315,489,700,2120]
[0,294,410,549,1661,2054,2120]
[0,348,554,2054,2120]
[0,1661,2120]
[0,315,700,1651,2120]
[0,195,489,1651,2120]
[0,348,549,1661,2054,2120]
[0,294,2120]
[0,195,2120]
