[0,42,340,398,497,588,720,829,922]
[0,105,340,398,497,588,670,720,829,922]
[0,105,497,588,715,829,922]
[0,42,340,424,588,715,829,922]
[0,340,588,922]
[0,340,497,588,829,922]
[0,588,922]
[0,340,398,497,588,829,922]
[0,340,398,497,588,715,829,922]
[0,105,340,398,497,588,829,922]
[0,720,922]
[0,105,398,588,715,922]
[0,105,398,497,588,922]
[0,42,340,424,588,922]
[0,105,497,588,720,922]
[0,497,588,922]
[0,42,340,398,588,720,829,922]
[0,340,497,588,720,829,922]
[0,340,497,588,922]
[0,105,497,922]
[0,42,340,398,497,588,829,922]
[0,398,548,922]
[0,105,340,398,497,588,715,829,922]
[0,660,922]
[0,105,497,829,922]
[0,398,588,720,829,922]
[0,499,922]
[0,424,588,922]
[0,340,398,922]
[0,340,497,922]
[0,105,340,398,497,588,670,720,922]
[0,398,588,720,922]
[0,588,829,922]
[0,340,398,497,588,922]
[0,42,398,922]
[0,829,922]
[0,42,340,398,497,588,715,829,922]
[0,105,922]
[0,105,398,497,588,670,720,922]
[0,424,588,829,922]
[0,105,398,588,720,922]
[0,340,424,588,829,922]
[0,105,398,497,588,829,922]
[0,105,398,497,588,720,829,922]
[0,340,588,720,829,922]
[0,340,588,720,922]
[0,105,497,720,922]
[0,398,588,829,922]
[0,42,340,398,588,922]
[0,42,340,424,588,829,922]
[0,42,398,660,922]
[0,42,497,829,922]
[0,340,398,588,829,922]
[0,340,398,497,588,720,829,922]
[0,105,340,398,497,588,922]
[0,588,720,922]
[0,105,398,588,922]
[0,42,340,398,497,588,922]
[0,105,497,720,829,922]
[0,42,340,588,922]
[0,497,588,829,922]
[0,105,398,588,829,922]
[0,42,588,922]
[0,340,424,588,715,829,922]
[0,398,588,922]
[0,340,588,715,922]
[0,105,497,715,922]
[0,340,398,588,922]
[0,105,398,588,720,829,922]
[0,42,340,398,588,829,922]
[0,588,720,829,922]
[0,105,398,497,588,720,922]
[0,42,922]
[0,424,588,715,829,922]
[0,497,588,720,829,922]
[0,105,829,922]
[0,588,715,922]
[0,105,499,922]
[0,105,398,588,715,829,922]
[0,424,588,715,922]
[0,340,398,588,720,829,922]
[0,340,424,588,922]
[0,105,497,588,720,829,922]
[0,497,720,922]
[0,105,398,497,588,715,829,922]
[0,105,497,715,829,922]
[0,340,588,715,829,922]
[0,398,660,922]
[0,715,922]
[0,398,922]
[0,497,922]
[0,398,588,715,922]
[0,105,340,398,497,588,720,922]
[0,497,715,922]
[0,105,497,588,922]
[0,340,497,588,715,829,922]
[0,42,398,548,922]
[0,105,497,588,829,922]
[0,588,715,829,922]
[0,105,340,398,497,588,720,829,922]
[0,42,829,922]
[0,105,497,588,670,720,922]
[0,497,588,715,829,922]
[0,497,829,922]
[0,340,497,829,922]
