[0,137,837,965,1177,1419]
[0,911,1419]
[0,137,516,594,709,837,965,1164,1306,1419]
[0,594,837,1177,1306,1419]
[0,137,965,1306,1419]
[0,74,594,837,1177,1306,1419]
[0,516,837,965,1164,1419]
[0,516,709,837,965,1419]
[0,594,837,965,1419]
[0,137,1419]
[0,137,837,1306,1419]
[0,74,516,594,837,965,1164,1306,1419]
[0,74,1164,1306,1419]
[0,137,911,1164,1306,1419]
[0,1164,1306,1419]
[0,137,516,594,837,1177,1306,1419]
[0,137,594,837,1164,1419]
[0,1177,1306,1419]
[0,74,137,516,594,1419]
[0,516,837,1164,1419]
[0,137,516,965,1419]
[0,516,594,1419]
[0,74,837,1164,1419]
[0,137,516,594,709,837,965,1177,1306,1419]
[0,137,516,594,709,837,911,965,1177,1306,1419]
[0,74,594,837,1164,1306,1419]
[0,137,516,709,837,1177,1419]
[0,137,594,837,965,1164,1419]
[0,594,837,1419]
[0,594,837,965,1164,1419]
[0,74,137,516,594,837,1177,1306,1419]
[0,837,965,1164,1306,1419]
[0,137,594,837,1177,1419]
[0,137,837,1419]
[0,137,516,594,709,837,1177,1306,1419]
[0,516,594,837,1419]
[0,74,137,594,837,1177,1306,1419]
[0,837,1177,1419]
[0,516,837,1177,1419]
[0,137,911,1306,1419]
[0,709,837,1177,1419]
[0,709,837,1164,1419]
[0,74,137,516,594,837,1164,1306,1419]
[0,137,594,837,965,1177,1419]
[0,516,709,837,965,1164,1306,1419]
[0,74,137,1419]
[0,137,516,594,837,911,965,1177,1306,1419]
[0,516,594,837,965,1164,1306,1419]
[0,137,516,837,965,1419]
[0,516,594,837,1164,1419]
[0,74,516,594,837,1419]
[0,516,1020,1419]
[0,74,137,516,594,837,1419]
[0,516,837,965,1419]
[0,516,709,837,1164,1419]
[0,137,516,709,837,965,1177,1419]
[0,74,837,1177,1306,1419]
[0,74,594,837,1419]
[0,709,837,965,1419]
[0,74,137,837,1177,1306,1419]
[0,137,516,709,837,965,1164,1306,1419]
[0,594,837,1164,1306,1419]
[0,74,137,516,594,837,1164,1419]
[0,594,837,1177,1419]
[0,137,911,1419]
[0,516,594,837,1164,1306,1419]
[0,74,137,1177,1419]
[0,516,965,1419]
[0,516,1419]
[0,137,837,965,1164,1419]
[0,74,1164,1419]
[0,137,594,911,1306,1419]
[0,516,837,1419]
[0,137,516,837,965,1164,1419]
[0,137,911,1164,1419]
[0,74,594,837,1164,1419]
[0,137,594,837,1177,1306,1419]
[0,516,594,837,1177,1306,1419]
[0,137,837,965,1419]
[0,516,709,837,1164,1306,1419]
[0,516,709,837,965,1164,1419]
[0,74,1177,1306,1419]
[0,74,137,1177,1306,1419]
[0,74,1177,1419]
[0,709,837,1419]
[0,137,516,837,965,1177,1419]
[0,74,137,516,1419]
[0,709,837,1164,1306,1419]
[0,837,1164,1419]
[0,594,837,965,1164,1306,1419]
[0,74,516,594,837,1164,1306,1419]
[0,137,965,1419]
[0,911,1164,1306,1419]
[0,137,516,837,1177,1419]
[0,137,516,594,837,965,1164,1306,1419]
[0,74,137,516,594,837,965,1164,1306,1419]
[0,137,594,837,965,1164,1306,1419]
[0,137,516,594,837,965,1177,1306,1419]
[0,137,516,837,1164,1419]
[0,137,594,837,965,1177,1306,1419]
[0,74,516,594,1419]
[0,74,516,1419]
[0,137,516,709,837,1177,1306,1419]
[0,1164,1419]
[0,137,516,1419]
[0,137,1306,1419]
[0,594,837,965,1177,1419]
[0,837,1164,1306,1419]
[0,74,516,594,837,1164,1419]
[0,74,516,594,837,1177,1306,1419]
[0,837,1177,1306,1419]
[0,137,516,594,709,837,911,965,1164,1306,1419]
[0,594,1419]
[0,137,594,911,1419]
[0,1177,1419]
[0,137,516,709,837,965,1419]
[0,137,516,709,837,965,1177,1306,1419]
[0,137,1164,1306,1419]
[0,594,837,1164,1419]
[0,137,837,1164,1419]
[0,74,1419]
[0,837,965,1419]
[0,594,911,1419]
[0,74,837,1164,1306,1419]
[0,137,516,709,837,965,1164,1419]
[0,594,837,965,1177,1306,1419]
[0,709,837,1177,1306,1419]
[0,516,709,837,1177,1419]
[0,137,837,1177,1419]
[0,137,516,594,837,911,965,1164,1306,1419]
[0,837,965,1164,1419]
[0,516,709,837,1177,1306,1419]
[0,911,1164,1419]
[0,965,1419]
[0,137,1164,1419]
[0,74,594,1419]
[0,837,1419]
