[0,125,314,522,603,719,1046]
[0,125,309,717,838,1046]
[0,125,309,522,705,853,1046]
[0,125,314,603,1046]
[0,125,314,719,838,1046]
[0,52,125,309,522,603,717,838,925,1046]
[0,125,309,522,705,1046]
[0,125,314,522,719,1046]
[0,309,522,705,838,1046]
[0,52,125,309,522,603,705,1046]
[0,309,653,1046]
[0,52,125,309,522,603,1046]
[0,314,522,719,1046]
[0,522,705,1046]
[0,125,309,705,838,925,1046]
[0,125,309,705,1046]
[0,125,309,522,603,838,925,1046]
[0,125,314,719,1046]
[0,309,705,1046]
[0,603,1046]
[0,125,522,603,1046]
[0,522,705,853,1046]
[0,309,522,705,853,1046]
[0,125,314,522,719,838,1046]
[0,314,719,1046]
[0,125,309,522,603,705,1046]
[0,125,309,522,603,705,853,1046]
[0,52,125,314,522,603,1046]
[0,522,603,1046]
[0,125,309,522,717,1046]
[0,125,309,603,1046]
[0,125,309,838,925,1046]
[0,125,309,522,603,717,838,925,1046]
[0,125,309,717,1046]
[0,125,309,522,705,838,1046]
[0,717,1046]
[0,719,1046]
[0,125,309,717,838,925,1046]
[0,125,309,522,603,925,1046]
[0,653,1046]
[0,125,314,522,603,1046]
[0,314,1046]
[0,522,653,1046]
[0,125,314,719,838,925,1046]
[0,522,719,1046]
[0,125,309,653,1046]
[0,309,717,1046]
[0,125,309,522,717,838,1046]
[0,52,125,314,522,603,719,838,925,1046]
[0,309,522,705,1046]
[0,705,1046]
[0,309,1046]
[0,125,309,603,838,925,1046]
[0,125,314,522,603,719,838,925,1046]
[0,52,125,309,522,603,705,838,925,1046]
[0,125,314,1046]
[0,125,309,925,1046]
[0,125,309,522,717,838,925,1046]
[0,314,603,1046]
[0,522,1046]
[0,125,309,522,603,1046]
[0,125,309,603,925,1046]
[0,522,705,838,1046]
[0,125,314,522,603,719,838,1046]
[0,125,309,1046]
[0,125,309,522,603,705,838,925,1046]
[0,309,522,717,1046]
[0,52,125,309,522,653,1046]
[0,52,125,309,522,603,705,853,1046]
[0,125,309,522,653,1046]
[0,52,125,314,522,603,719,838,1046]
[0,309,522,653,1046]
[0,125,522,1046]
[0,125,309,522,705,838,925,1046]
[0,125,1046]
[0,125,309,705,838,1046]
[0,125,314,522,719,838,925,1046]
[0,309,705,838,1046]
[0,309,603,1046]
[0,522,717,1046]
