[0,338,432,566,677,783,895,1075,1264]
[0,338,432,566,677,1075,1212,1264]
[0,432,566,677,895,1075,1212,1264]
[0,521,1075,1264]
[0,338,432,566,677,783,881,1056,1212,1264]
[0,338,432,566,677,1056,1264]
[0,432,1212,1264]
[0,185,432,1264]
[0,160,432,566,677,890,1075,1264]
[0,190,338,432,566,677,1056,1212,1264]
[0,160,338,432,566,677,890,1075,1264]
[0,432,677,1264]
[0,190,338,432,566,677,881,1056,1212,1264]
[0,430,881,1075,1264]
[0,338,432,566,677,1056,1212,1264]
[0,229,432,677,881,1264]
[0,190,432,1056,1264]
[0,430,881,1264]
[0,432,566,677,1056,1264]
[0,190,432,566,881,1056,1264]
[0,160,432,890,1075,1264]
[0,190,432,566,677,1056,1264]
[0,190,432,895,1075,1264]
[0,432,881,1056,1212,1264]
[0,190,432,566,677,783,895,1075,1264]
[0,338,432,566,677,881,1056,1212,1264]
[0,266,432,1075,1264]
[0,160,229,432,1056,1264]
[0,432,677,1056,1264]
[0,160,338,432,566,677,1075,1212,1264]
[0,190,338,432,566,677,881,1056,1264]
[0,190,432,566,677,895,1075,1264]
[0,160,338,432,566,677,1075,1264]
[0,185,430,881,1075,1264]
[0,190,432,881,1056,1264]
[0,432,677,1075,1212,1264]
[0,430,1264]
[0,432,566,677,1075,1264]
[0,160,266,432,1075,1264]
[0,430,881,1075,1212,1264]
[0,432,677,1075,1264]
[0,160,432,566,677,1075,1264]
[0,229,432,677,881,1212,1264]
[0,160,432,1056,1264]
[0,160,432,1056,1212,1264]
[0,229,432,1212,1264]
[0,432,566,677,1056,1212,1264]
[0,338,432,566,677,783,881,1056,1264]
[0,432,566,881,1056,1264]
[0,338,432,566,677,783,895,1075,1212,1264]
[0,229,432,677,1264]
[0,432,566,677,895,1075,1264]
[0,432,1056,1264]
[0,432,566,895,1075,1264]
[0,229,432,677,1212,1264]
[0,432,566,677,783,895,1075,1264]
[0,432,677,881,1264]
[0,432,677,1056,1212,1264]
[0,185,432,1124,1264]
[0,185,430,1264]
[0,160,229,432,1056,1212,1264]
[0,190,338,432,566,677,783,895,1075,1264]
[0,160,338,432,566,677,890,1075,1212,1264]
[0,432,881,1056,1264]
[0,432,1056,1212,1264]
[0,185,432,677,1124,1264]
[0,185,432,677,1264]
[0,432,1124,1264]
[0,190,432,1264]
[0,160,266,432,1075,1212,1264]
[0,432,895,1075,1264]
[0,190,338,432,566,677,1056,1264]
[0,677,1212,1264]
[0,432,1075,1212,1264]
[0,430,1075,1264]
[0,266,432,1075,1212,1264]
[0,430,1075,1212,1264]
[0,160,266,432,881,1075,1212,1264]
[0,432,566,677,881,1056,1212,1264]
[0,160,229,432,881,1056,1212,1264]
[0,432,881,1075,1264]
[0,338,432,566,677,1075,1264]
[0,432,1075,1264]
[0,432,881,1264]
[0,338,432,566,677,881,1056,1264]
[0,190,338,432,566,677,783,895,1075,1212,1264]
[0,521,1264]
[0,432,566,677,890,1075,1264]
[0,190,432,566,677,881,1056,1264]
[0,432,566,890,1075,1264]
[0,432,566,677,783,895,1075,1212,1264]
[0,160,432,566,890,1075,1264]
[0,160,432,677,1075,1264]
[0,190,432,1075,1264]
[0,229,432,1264]
[0,160,432,881,1056,1264]
[0,190,432,677,1056,1264]
[0,677,1264]
[0,266,432,881,1075,1264]
[0,432,890,1075,1264]
[0,432,566,677,881,1056,1264]
[0,185,430,881,1075,1212,1264]
[0,432,1264]
[0,160,266,432,881,1075,1264]
[0,432,566,677,783,881,1056,1264]
[0,432,566,677,1075,1212,1264]
[0,432,566,677,783,881,1056,1212,1264]
[0,160,229,432,881,1056,1264]
[0,190,432,566,895,1075,1264]
