[0,205,774,1249]
[0,107,208,703,1093,1249]
[0,205,723,1093,1249]
[0,107,208,723,1249]
[0,280,723,1093,1249]
[0,205,703,879,1093,1249]
[0,107,280,723,879,1093,1249]
[0,879,1093,1249]
[0,658,1249]
[0,107,208,723,1093,1249]
[0,205,723,1249]
[0,205,703,1249]
[0,208,703,1093,1249]
[0,208,723,1249]
[0,205,879,1249]
[0,107,205,774,1093,1249]
[0,280,723,1249]
[0,107,208,723,879,1093,1249]
[0,205,703,1093,1249]
[0,208,703,879,1249]
[0,280,879,1249]
[0,107,205,723,1093,1249]
[0,208,703,879,1093,1249]
[0,205,723,879,1093,1249]
[0,205,729,1249]
[0,208,703,1249]
[0,205,703,879,1249]
[0,208,723,1093,1249]
[0,205,774,1093,1249]
[0,107,205,723,879,1093,1249]
[0,774,1249]
[0,208,723,879,1093,1249]
[0,107,205,280,658,723,879,1093,1249]
[0,280,658,879,1249]
[0,107,205,280,723,879,1093,1249]
[0,107,205,658,774,879,1093,1249]
[0,723,1249]
[0,107,205,658,774,1047,1093,1249]
[0,107,205,280,658,774,879,1093,1249]
[0,879,1249]
[0,107,205,658,774,1093,1249]
[0,280,658,1249]
[0,107,205,723,1249]
[0,280,879,1093,1249]
[0,703,1249]
[0,280,658,879,1093,1249]
[0,107,280,658,879,1093,1249]
[0,205,658,774,879,1093,1249]
[0,107,205,774,1047,1093,1249]
[0,280,723,879,1093,1249]
[0,107,205,774,1249]
[0,729,1249]
[0,107,208,703,1249]
[0,205,658,774,1093,1249]
[0,107,205,280,658,774,1047,1093,1249]
[0,107,208,703,879,1093,1249]
[0,107,205,280,658,774,1093,1249]
