,St_len_min,K_nb_max,N_cl_max,Cl_cen,Len_min,St_edges,N_stages,Longest_stage,Shortest_stage,Avg_stage_length,Ward_dist,Cen_dist,Silh,Cal-Har,Dav-Bold,Avg-Silh,Avg-Cal-Har,Avg-Dav-Bold,AMI,ARI,FMI
0,0,35,10,Median,40,[   0 1329 2507 3314],3,1329,807,1104.6666666666667,410.2467520576388,0.8048113565865943,-0.01229408816409803,11.075574181655876,26.234776251149825,0.0035008497131592256,8.20576288130192,22.26331284962895,0.9212173853226963,0.9461277641481886,0.9647340947972756
1,0,35,10,Mode,40,[   0 1329 2508 3314],3,1329,806,1104.6666666666667,412.03374181916416,0.8116684306482475,-0.01395367994895251,11.024388221236462,25.282802146084986,0.002755122201259774,8.226081515614496,21.55341176717456,0.9203562861181859,0.9453672536837155,0.9642383021121974
2,0,35,10,Median,40,[   0 2507 3314],2,2507,807,1657.0,954.7859087884764,1.2505910553192494,0.006845849843010677,20.31404381908669,10.109662458284031,0.006845849843010677,20.31404381908669,10.109662458284031,0.8922523396306895,0.9428642743318725,0.9786091577341919
3,0,35,10,Mode,40,[   0 1329 2508 3314],3,1329,806,1104.6666666666667,412.03374181916416,0.8116684306482475,-0.01395367994895251,11.024388221236462,25.282802146084986,0.002755122201259774,8.226081515614496,21.55341176717456,0.9203562861181859,0.9453672536837155,0.9642383021121974
4,0,35,10,Median,40,[   0 1329 2473 3314],3,1329,841,1104.6666666666667,436.95603087685663,0.8291083944487752,-0.012930637804443567,11.574168761542321,25.160619548502755,0.004063858062081163,8.741327517172502,21.39317211638599,0.9557321733661505,0.9725117119916866,0.9819750794809387
5,0,35,10,Mode,40,[   0 1329 2508 3314],3,1329,806,1104.6666666666667,412.03374181916416,0.8116684306482475,-0.01395367994895251,11.024388221236462,25.282802146084986,0.002755122201259774,8.226081515614496,21.55341176717456,0.9203562861181859,0.9453672536837155,0.9642383021121974
6,0,35,10,Median,40,[   0 1329 1940 2473 3314],4,1329,533,828.5,258.26597748515525,0.7862940597540659,-0.013983684086517147,8.525873151053869,25.039704887378925,0.009210433373638133,5.159203922885211,21.600881673313282,0.9526553543674859,0.9711591827577682,0.9794328773775811
7,0,35,10,Mode,40,[   0 1329 1940 2508 3314],4,1329,568,828.5,250.18212142090127,0.7757754358734937,-0.01523498166417862,8.255660024494285,24.97534943141706,0.008731440363744557,4.967853269489145,21.48521696976673,0.9268182565034155,0.9505275004857386,0.9646863572949006
8,0,35,10,Median,40,[   0  910 1332 1940 2473 3314],5,910,422,662.8,226.3598731563479,0.7862152751378393,-0.017397359327640347,6.998668055767831,21.588357069610556,0.006838421648433799,4.612864011884783,18.72219528686015,0.8975442785870967,0.8891395831861253,0.9144382941247929
9,0,35,10,Mode,40,[   0  910 1940 2508 3314],4,1030,568,828.5,284.3247747739593,0.8246804261017143,-0.017700389560994633,8.63254044927682,20.947585905944987,0.008043729657059972,5.744076665661253,18.318771485403524,0.8570347018082172,0.8428200851033439,0.8839124462018273
10,0,35,10,Median,40,[   0  910 1332 1940 2473 2886 3314],6,910,413,552.3333333333334,144.47465049955346,0.7255958758293458,-0.02633685494322715,5.974544241197723,22.80773318325601,0.0036287504813139705,2.941139987858104,19.12918754419991,0.9046994655513041,0.8761752909258504,0.9004439577470421
11,0,35,10,Mode,40,[   0  910 1329 1940 2508 2886 3314],6,910,378,552.3333333333334,130.63006068903624,0.6851984909632259,-0.03140657168579317,5.7437601901938615,25.798157186594477,-5.501975723578127e-05,2.650538719278528,21.53597228736232,0.885442770850982,0.8568608426764324,0.8847778428318192
12,0,35,10,Median,40,[   0  910 1332 1940 2416 2507 2886 3314],7,910,91,473.42857142857144,126.81049285742661,0.945198025455582,-0.026552832358036283,5.509592123835316,20.554442183987103,0.023156202840853932,2.4908646072595553,17.300969243525447,0.899254895663556,0.8683694249584188,0.8937231419020988
13,0,35,10,Mode,40,[   0  910 1940 2416 2508 2886 3314],6,1030,92,552.3333333333334,186.88517045196045,1.1599793030992254,-0.026770368787612457,6.806404305768137,19.642356291536835,0.03778911578450401,3.5351282199191716,16.108820035535167,0.8859477848264803,0.8457681907342259,0.8803429825007566
14,0,35,10,Median,40,[   0  910 1332 1728 1940 2416 2507 2886 3314],8,910,91,414.25,128.59511951456622,0.9887189027094474,-0.028976423341849057,4.989290658703692,20.831849212011576,0.020032801633675688,2.585974450955958,15.369732095551722,0.8937634609749128,0.8559481184465353,0.8817178715374193
15,0,35,10,Mode,40,[   0  910 1329 1728 1940 2416 2508 2886 3314],8,910,92,414.25,157.1346312677484,1.0925791291114535,-0.032072125121428284,5.28542291897844,20.940787808566515,0.02638731927063307,3.0369278091491525,15.333859489411429,0.8922447298585593,0.854717690799433,0.8806991993092017
16,0,35,10,Median,40,[   0  910 1332 1728 1940 2199 2416 2507 2886 3314],9,910,91,368.22222222222223,131.16179943398095,1.0328648307407056,-0.030503945494402933,4.786690548930078,19.377047186887285,0.01574849313954462,2.6645614689178583,14.543902198944874,0.894758808712384,0.8479873937170087,0.873592754653282
17,0,35,10,Mode,40,[   0  910 1329 1728 1940 2128 2416 2508 2886 3314],9,910,92,368.22222222222223,165.612999036287,1.1714204382516873,-0.03369682551844143,5.220258766476152,19.229732685548885,0.02345354401779378,3.2690262219241513,14.1328153259011,0.8862700916897946,0.842030029626001,0.8685527821638193
18,0,35,10,Median,40,[   0  910 1332 1728 1940 2199 2416 2507 2596 2886 3314],10,910,89,331.4,200.896609704748,1.3616263136427615,-0.03605822239469264,5.994227243743901,18.463672178230034,0.019113252208959798,3.9198615190839536,13.345233816841947,0.8801217696499342,0.8281687378306247,0.8573006733706318
19,0,35,10,Mode,40,[   0  910 1329 1728 1940 2128 2416 2508 2596 2886 3314],10,910,88,331.4,216.44261375346184,1.44676639169324,-0.044368663439218296,6.214356408283529,18.33390754305842,0.019690819267317288,4.3723205151129925,13.05634972262609,0.8718176589851917,0.8222969469739032,0.852292269682561
20,0,35,10,Median,40,[   0  910 1332 1728 1940 2199 2416 2508 2596 2886 3314],10,910,88,331.4,205.1203255173213,1.3984708334765796,-0.04334583633789691,6.079958865430278,18.354653492646584,0.018047801097108004,4.1318267872165535,13.16462771891769,0.8800198446172354,0.8281078820693759,0.8572491441914596
21,0,35,10,Mode,40,[   0  910 1329 1728 1940 2128 2416 2508 2596 2886 3314],10,910,88,331.4,216.44261375346184,1.44676639169324,-0.044368663439218296,6.214356408283529,18.33390754305842,0.019690819267317288,4.3723205151129925,13.05634972262609,0.8718176589851917,0.8222969469739032,0.852292269682561
22,0,35,10,Median,40,[   0  910 1332 1728 1940 2128 2307 2416 2508 2596 2886 3314],11,910,88,301.27272727272725,191.1643219180105,1.3973879662030617,-0.04581183470905666,5.813379306696707,17.557694167287778,0.013672994674295114,3.935812446680309,12.700210124123217,0.860959762238435,0.8129650878989311,0.8445194534439578
23,0,35,10,Mode,40,[   0  910 1329 1728 1940 2128 2270 2416 2508 2596 2886 3314],11,910,88,301.27272727272725,189.50070312136475,1.3955660890205688,-0.04873610040276762,5.7738621367076455,17.874484553478222,0.012419834207826875,3.847833627758097,12.954341925604913,0.862137768114564,0.8144476026489875,0.8454409180167872
24,0,35,10,Median,40,[   0  910 1332 1728 1940 2128 2307 2416 2508 2596 2886 3161 3314],12,910,88,276.1666666666667,179.2752683631137,1.3487660919251887,-0.04749561235159313,5.430082497954244,17.287546004190638,0.013034230419157916,3.7005422811518827,12.844148835469277,0.843938992929095,0.7863426379462917,0.8216202384553355
25,0,35,10,Mode,40,[   0  910 1329 1728 1940 2128 2270 2416 2508 2596 2886 3161 3314],12,910,88,276.1666666666667,177.7628876388903,1.3471098399411041,-0.05030046771897302,5.3941341510783785,17.577937191531877,0.011894993631459516,3.620561536677144,13.075177745907183,0.8451738530618791,0.787739419893209,0.8224276253920538
26,0,35,10,Median,40,[   0  910 1330 1422 1728 1940 2128 2307 2416 2508 2596 2886 3161 3314],13,910,88,254.92307692307693,169.8867024125534,1.3576783218334152,-0.04736526001946431,5.1041141460438055,17.02486981353829,0.018041306746113258,3.49935524925082,12.172029726091152,0.8480620180664511,0.7849865051855123,0.820043683702525
27,0,35,10,Mode,40,[   0  910 1329 1422 1728 1940 2128 2270 2416 2508 2596 2886 3161 3314],13,910,88,254.92307692307693,180.94983948903075,1.4215784471028527,-0.049900209731816234,5.229208220284896,17.181883321424543,0.022142688740164743,3.674105086709403,11.698630159545848,0.8501179620808167,0.7873358351726735,0.8216645732474346
28,0,35,15,Median,40,[   0 1329 2507 3314],3,1329,807,1104.6666666666667,410.2467520576388,0.8048113565865943,-0.01229408816409803,11.075574181655876,26.234776251149825,0.0035008497131592256,8.20576288130192,22.26331284962895,0.9212173853226963,0.9461277641481886,0.9647340947972756
29,0,35,15,Mode,40,[   0 1329 2508 3314],3,1329,806,1104.6666666666667,412.03374181916416,0.8116684306482475,-0.01395367994895251,11.024388221236462,25.282802146084986,0.002755122201259774,8.226081515614496,21.55341176717456,0.9203562861181859,0.9453672536837155,0.9642383021121974
30,0,35,15,Median,40,[   0 1329 2473 3314],3,1329,841,1104.6666666666667,436.95603087685663,0.8291083944487752,-0.012930637804443567,11.574168761542321,25.160619548502755,0.004063858062081163,8.741327517172502,21.39317211638599,0.9557321733661505,0.9725117119916866,0.9819750794809387
31,0,35,15,Mode,40,[   0 1329 2508 3314],3,1329,806,1104.6666666666667,412.03374181916416,0.8116684306482475,-0.01395367994895251,11.024388221236462,25.282802146084986,0.002755122201259774,8.226081515614496,21.55341176717456,0.9203562861181859,0.9453672536837155,0.9642383021121974
32,0,35,15,Median,40,[   0 1329 2473 3314],3,1329,841,1104.6666666666667,436.95603087685663,0.8291083944487752,-0.012930637804443567,11.574168761542321,25.160619548502755,0.004063858062081163,8.741327517172502,21.39317211638599,0.9557321733661505,0.9725117119916866,0.9819750794809387
33,0,35,15,Mode,40,[   0 1329 2508 3314],3,1329,806,1104.6666666666667,412.03374181916416,0.8116684306482475,-0.01395367994895251,11.024388221236462,25.282802146084986,0.002755122201259774,8.226081515614496,21.55341176717456,0.9203562861181859,0.9453672536837155,0.9642383021121974
34,0,35,15,Median,40,[   0 1329 1940 2473 3314],4,1329,533,828.5,258.26597748515525,0.7862940597540659,-0.013983684086517147,8.525873151053869,25.039704887378925,0.009210433373638133,5.159203922885211,21.600881673313282,0.9526553543674859,0.9711591827577682,0.9794328773775811
35,0,35,15,Mode,40,[   0 1329 1940 2508 3314],4,1329,568,828.5,250.18212142090127,0.7757754358734937,-0.01523498166417862,8.255660024494285,24.97534943141706,0.008731440363744557,4.967853269489145,21.48521696976673,0.9268182565034155,0.9505275004857386,0.9646863572949006
36,0,35,15,Median,40,[   0  910 1332 1940 2473 3314],5,910,422,662.8,226.3598731563479,0.7862152751378393,-0.017397359327640347,6.998668055767831,21.588357069610556,0.006838421648433799,4.612864011884783,18.72219528686015,0.8975442785870967,0.8891395831861253,0.9144382941247929
37,0,35,15,Mode,40,[   0  910 1940 2508 3314],4,1030,568,828.5,284.3247747739593,0.8246804261017143,-0.017700389560994633,8.63254044927682,20.947585905944987,0.008043729657059972,5.744076665661253,18.318771485403524,0.8570347018082172,0.8428200851033439,0.8839124462018273
38,0,35,15,Median,40,[   0  910 1332 1940 2416 2507 3314],6,910,91,552.3333333333334,139.22370052580612,0.9985002070280806,-0.017627623387122413,6.159013393980037,19.841631810349373,0.03172396449352285,2.792353345711674,17.229915029637443,0.8896991392820693,0.8744109275843487,0.902627779500056
39,0,35,15,Mode,40,[   0  910 1940 2416 2508 3314],5,1030,92,662.8,219.16750798837134,1.274959615063897,-0.018544642982173648,7.960769805652398,18.574633048495464,0.053582585095769464,4.2163910455200915,15.74303064132457,0.8734252026469236,0.8511687234975179,0.8892312689761075
40,0,35,15,Median,40,[   0  910 1332 1940 2416 2507 2886 3314],7,910,91,473.42857142857144,126.81049285742661,0.945198025455582,-0.026552832358036283,5.509592123835316,20.554442183987103,0.023156202840853932,2.4908646072595553,17.300969243525447,0.899254895663556,0.8683694249584188,0.8937231419020988
41,0,35,15,Mode,40,[   0  910 1940 2416 2508 2886 3314],6,1030,92,552.3333333333334,186.88517045196045,1.1599793030992254,-0.026770368787612457,6.806404305768137,19.642356291536835,0.03778911578450401,3.5351282199191716,16.108820035535167,0.8859477848264803,0.8457681907342259,0.8803429825007566
42,0,35,15,Median,40,[   0  910 1332 1728 1940 2416 2507 2886 3314],8,910,91,414.25,128.59511951456622,0.9887189027094474,-0.028976423341849057,4.989290658703692,20.831849212011576,0.020032801633675688,2.585974450955958,15.369732095551722,0.8937634609749128,0.8559481184465353,0.8817178715374193
43,0,35,15,Mode,40,[   0  910 1329 1728 1940 2416 2508 2886 3314],8,910,92,414.25,157.1346312677484,1.0925791291114535,-0.032072125121428284,5.28542291897844,20.940787808566515,0.02638731927063307,3.0369278091491525,15.333859489411429,0.8922447298585593,0.854717690799433,0.8806991993092017
44,0,35,15,Median,40,[   0  910 1332 1728 1940 2416 2508 2886 3314],8,910,92,414.25,157.97650303945414,1.0933725620216352,-0.02959810838405712,5.312846469490005,20.66051428725162,0.028300377649805832,3.0810727068043486,15.00785576703237,0.8935513478346458,0.8556867480082001,0.8815041856411516
45,0,35,15,Mode,40,[   0  910 1329 1728 1940 2416 2508 2886 3314],8,910,92,414.25,157.1346312677484,1.0925791291114535,-0.032072125121428284,5.28542291897844,20.940787808566515,0.02638731927063307,3.0369278091491525,15.333859489411429,0.8922447298585593,0.854717690799433,0.8806991993092017
46,0,35,15,Median,40,[   0  910 1332 1728 1940 2199 2416 2508 2886 3314],9,910,92,368.22222222222223,152.8754247706289,1.1170879352579441,-0.03107464052797604,5.070289416747553,19.249076285090624,0.02160514857630834,2.998470778040657,14.254628071729147,0.8945570137535415,0.8477106775554334,0.8733638720992597
47,0,35,15,Mode,40,[   0  910 1329 1728 1940 2128 2416 2508 2886 3314],9,910,92,368.22222222222223,165.612999036287,1.1714204382516873,-0.03369682551844143,5.220258766476152,19.229732685548885,0.02345354401779378,3.2690262219241513,14.1328153259011,0.8862700916897946,0.842030029626001,0.8685527821638193
48,0,35,15,Median,40,[   0  910 1332 1728 1940 2199 2416 2508 2596 2886 3314],10,910,88,331.4,205.1203255173213,1.3984708334765796,-0.04334583633789691,6.079958865430278,18.354653492646584,0.018047801097108004,4.1318267872165535,13.16462771891769,0.8800198446172354,0.8281078820693759,0.8572491441914596
49,0,35,15,Mode,40,[   0  910 1329 1728 1940 2128 2416 2508 2596 2886 3314],10,910,88,331.4,216.44261375346184,1.44676639169324,-0.044368663439218296,6.214356408283529,18.33390754305842,0.019690819267317288,4.3723205151129925,13.05634972262609,0.8718176589851917,0.8222969469739032,0.852292269682561
50,0,35,15,Median,40,[   0  910 1332 1728 1940 2128 2307 2416 2508 2596 2886 3314],11,910,88,301.27272727272725,191.1643219180105,1.3973879662030617,-0.04581183470905666,5.813379306696707,17.557694167287778,0.013672994674295114,3.935812446680309,12.700210124123217,0.860959762238435,0.8129650878989311,0.8445194534439578
51,0,35,15,Mode,40,[   0  910 1329 1728 1940 2128 2270 2416 2508 2596 2886 3314],11,910,88,301.27272727272725,189.50070312136475,1.3955660890205688,-0.04873610040276762,5.7738621367076455,17.874484553478222,0.012419834207826875,3.847833627758097,12.954341925604913,0.862137768114564,0.8144476026489875,0.8454409180167872
52,0,35,15,Median,40,[   0  910 1332 1728 1940 2128 2307 2416 2508 2596 2886 3161 3314],12,910,88,276.1666666666667,179.2752683631137,1.3487660919251887,-0.04749561235159313,5.430082497954244,17.287546004190638,0.013034230419157916,3.7005422811518827,12.844148835469277,0.843938992929095,0.7863426379462917,0.8216202384553355
53,0,35,15,Mode,40,[   0  910 1329 1728 1940 2128 2270 2416 2508 2596 2886 3161 3314],12,910,88,276.1666666666667,177.7628876388903,1.3471098399411041,-0.05030046771897302,5.3941341510783785,17.577937191531877,0.011894993631459516,3.620561536677144,13.075177745907183,0.8451738530618791,0.787739419893209,0.8224276253920538
54,0,35,15,Median,40,[   0  910 1330 1422 1728 1940 2128 2307 2416 2508 2596 2886 3161 3314],13,910,88,254.92307692307693,169.8867024125534,1.3576783218334152,-0.04736526001946431,5.1041141460438055,17.02486981353829,0.018041306746113258,3.49935524925082,12.172029726091152,0.8480620180664511,0.7849865051855123,0.820043683702525
55,0,35,15,Mode,40,[   0  910 1329 1422 1728 1940 2128 2270 2416 2508 2596 2886 3161 3314],13,910,88,254.92307692307693,180.94983948903075,1.4215784471028527,-0.049900209731816234,5.229208220284896,17.181883321424543,0.022142688740164743,3.674105086709403,11.698630159545848,0.8501179620808167,0.7873358351726735,0.8216645732474346
56,0,35,20,Median,40,[   0 1329 2507 3314],3,1329,807,1104.6666666666667,410.2467520576388,0.8048113565865943,-0.01229408816409803,11.075574181655876,26.234776251149825,0.0035008497131592256,8.20576288130192,22.26331284962895,0.9212173853226963,0.9461277641481886,0.9647340947972756
57,0,35,20,Mode,40,[   0 1329 2508 3314],3,1329,806,1104.6666666666667,412.03374181916416,0.8116684306482475,-0.01395367994895251,11.024388221236462,25.282802146084986,0.002755122201259774,8.226081515614496,21.55341176717456,0.9203562861181859,0.9453672536837155,0.9642383021121974
58,0,35,20,Median,40,[   0 2472 3314],2,2472,842,1657.0,1009.1325609357147,1.267564544298139,0.008808906776349658,21.477822566627857,9.984691500753685,0.008808906776349658,21.477822566627857,9.984691500753685,0.9682777676525401,0.9872353546994442,0.9951441674980573
59,0,35,20,Mode,40,[   0 1329 2508 3314],3,1329,806,1104.6666666666667,412.03374181916416,0.8116684306482475,-0.01395367994895251,11.024388221236462,25.282802146084986,0.002755122201259774,8.226081515614496,21.55341176717456,0.9203562861181859,0.9453672536837155,0.9642383021121974
60,0,35,20,Median,40,[   0 2472 3314],2,2472,842,1657.0,1009.1325609357147,1.267564544298139,0.008808906776349658,21.477822566627857,9.984691500753685,0.008808906776349658,21.477822566627857,9.984691500753685,0.9682777676525401,0.9872353546994442,0.9951441674980573
61,0,35,20,Mode,40,[   0 1329 2508 3314],3,1329,806,1104.6666666666667,412.03374181916416,0.8116684306482475,-0.01395367994895251,11.024388221236462,25.282802146084986,0.002755122201259774,8.226081515614496,21.55341176717456,0.9203562861181859,0.9453672536837155,0.9642383021121974
62,0,35,20,Median,40,[   0 1329 1940 2473 3314],4,1329,533,828.5,258.26597748515525,0.7862940597540659,-0.013983684086517147,8.525873151053869,25.039704887378925,0.009210433373638133,5.159203922885211,21.600881673313282,0.9526553543674859,0.9711591827577682,0.9794328773775811
63,0,35,20,Mode,40,[   0 1329 1940 2508 3314],4,1329,568,828.5,250.18212142090127,0.7757754358734937,-0.01523498166417862,8.255660024494285,24.97534943141706,0.008731440363744557,4.967853269489145,21.48521696976673,0.9268182565034155,0.9505275004857386,0.9646863572949006
64,0,35,20,Median,40,[   0  910 1332 1940 2473 3314],5,910,422,662.8,226.3598731563479,0.7862152751378393,-0.017397359327640347,6.998668055767831,21.588357069610556,0.006838421648433799,4.612864011884783,18.72219528686015,0.8975442785870967,0.8891395831861253,0.9144382941247929
65,0,35,20,Mode,40,[   0  910 1940 2508 3314],4,1030,568,828.5,284.3247747739593,0.8246804261017143,-0.017700389560994633,8.63254044927682,20.947585905944987,0.008043729657059972,5.744076665661253,18.318771485403524,0.8570347018082172,0.8428200851033439,0.8839124462018273
66,0,35,20,Median,40,[   0  910 1332 1940 2416 2507 3314],6,910,91,552.3333333333334,139.22370052580612,0.9985002070280806,-0.017627623387122413,6.159013393980037,19.841631810349373,0.03172396449352285,2.792353345711674,17.229915029637443,0.8896991392820693,0.8744109275843487,0.902627779500056
67,0,35,20,Mode,40,[   0  910 1940 2416 2508 3314],5,1030,92,662.8,219.16750798837134,1.274959615063897,-0.018544642982173648,7.960769805652398,18.574633048495464,0.053582585095769464,4.2163910455200915,15.74303064132457,0.8734252026469236,0.8511687234975179,0.8892312689761075
68,0,35,20,Median,40,[   0  910 1332 1940 2416 2507 2886 3314],7,910,91,473.42857142857144,126.81049285742661,0.945198025455582,-0.026552832358036283,5.509592123835316,20.554442183987103,0.023156202840853932,2.4908646072595553,17.300969243525447,0.899254895663556,0.8683694249584188,0.8937231419020988
69,0,35,20,Mode,40,[   0  910 1940 2416 2508 2886 3314],6,1030,92,552.3333333333334,186.88517045196045,1.1599793030992254,-0.026770368787612457,6.806404305768137,19.642356291536835,0.03778911578450401,3.5351282199191716,16.108820035535167,0.8859477848264803,0.8457681907342259,0.8803429825007566
70,0,35,20,Median,40,[   0  910 1332 1940 2416 2508 2886 3314],7,910,92,473.42857142857144,161.08877363646252,1.067293961319801,-0.02724561375774664,5.886763669123174,20.3586308414043,0.03280170819300577,3.0684792390826776,16.878780193586202,0.8990283363891106,0.8681267324703178,0.8935276626312911
71,0,35,20,Mode,40,[   0  910 1940 2416 2508 2886 3314],6,1030,92,552.3333333333334,186.88517045196045,1.1599793030992254,-0.026770368787612457,6.806404305768137,19.642356291536835,0.03778911578450401,3.5351282199191716,16.108820035535167,0.8859477848264803,0.8457681907342259,0.8803429825007566
72,0,35,20,Median,40,[   0  910 1332 1728 1940 2416 2508 2886 3314],8,910,92,414.25,157.97650303945414,1.0933725620216352,-0.02959810838405712,5.312846469490005,20.66051428725162,0.028300377649805832,3.0810727068043486,15.00785576703237,0.8935513478346458,0.8556867480082001,0.8815041856411516
73,0,35,20,Mode,40,[   0  910 1329 1728 1940 2416 2508 2886 3314],8,910,92,414.25,157.1346312677484,1.0925791291114535,-0.032072125121428284,5.28542291897844,20.940787808566515,0.02638731927063307,3.0369278091491525,15.333859489411429,0.8922447298585593,0.854717690799433,0.8806991993092017
74,0,35,20,Median,40,[   0  910 1332 1728 1940 2128 2416 2508 2886 3314],9,910,92,368.22222222222223,166.3496368365295,1.1721146920480963,-0.03180814081390973,5.244315718908431,18.95170833865804,0.02512747009956995,3.3076530073724477,13.847562068819423,0.8875132694796456,0.84304953192692,0.8694102364862992
75,0,35,20,Mode,40,[   0  910 1329 1728 1940 2128 2416 2508 2886 3314],9,910,92,368.22222222222223,165.612999036287,1.1714204382516873,-0.03369682551844143,5.220258766476152,19.229732685548885,0.02345354401779378,3.2690262219241513,14.1328153259011,0.8862700916897946,0.842030029626001,0.8685527821638193
76,0,35,20,Median,40,[   0  910 1332 1728 1940 2128 2416 2508 2596 2886 3314],10,910,88,331.4,217.09740290923295,1.4473835061789369,-0.043422236818833115,6.23591548686498,18.08702234085726,0.021178753562229438,4.406655435511478,12.802791271886822,0.8730418893699616,0.8233291490683617,0.8531636156283682
77,0,35,20,Mode,40,[   0  910 1329 1728 1940 2128 2416 2508 2596 2886 3314],10,910,88,331.4,216.44261375346184,1.44676639169324,-0.044368663439218296,6.214356408283529,18.33390754305842,0.019690819267317288,4.3723205151129925,13.05634972262609,0.8718176589851917,0.8222969469739032,0.852292269682561
78,0,35,20,Median,40,[   0  910 1332 1728 1940 2128 2307 2416 2508 2596 2886 3314],11,910,88,301.27272727272725,191.1643219180105,1.3973879662030617,-0.04581183470905666,5.813379306696707,17.557694167287778,0.013672994674295114,3.935812446680309,12.700210124123217,0.860959762238435,0.8129650878989311,0.8445194534439578
79,0,35,20,Mode,40,[   0  910 1329 1728 1940 2128 2270 2416 2508 2596 2886 3314],11,910,88,301.27272727272725,189.50070312136475,1.3955660890205688,-0.04873610040276762,5.7738621367076455,17.874484553478222,0.012419834207826875,3.847833627758097,12.954341925604913,0.862137768114564,0.8144476026489875,0.8454409180167872
80,0,35,20,Median,40,[   0  910 1332 1728 1940 2128 2307 2416 2508 2596 2886 3161 3314],12,910,88,276.1666666666667,179.2752683631137,1.3487660919251887,-0.04749561235159313,5.430082497954244,17.287546004190638,0.013034230419157916,3.7005422811518827,12.844148835469277,0.843938992929095,0.7863426379462917,0.8216202384553355
81,0,35,20,Mode,40,[   0  910 1329 1728 1940 2128 2270 2416 2508 2596 2886 3161 3314],12,910,88,276.1666666666667,177.7628876388903,1.3471098399411041,-0.05030046771897302,5.3941341510783785,17.577937191531877,0.011894993631459516,3.620561536677144,13.075177745907183,0.8451738530618791,0.787739419893209,0.8224276253920538
82,0,35,20,Median,40,[   0  910 1330 1422 1728 1940 2128 2307 2416 2508 2596 2886 3161 3314],13,910,88,254.92307692307693,169.8867024125534,1.3576783218334152,-0.04736526001946431,5.1041141460438055,17.02486981353829,0.018041306746113258,3.49935524925082,12.172029726091152,0.8480620180664511,0.7849865051855123,0.820043683702525
83,0,35,20,Mode,40,[   0  910 1329 1422 1728 1940 2128 2270 2416 2508 2596 2886 3161 3314],13,910,88,254.92307692307693,180.94983948903075,1.4215784471028527,-0.049900209731816234,5.229208220284896,17.181883321424543,0.022142688740164743,3.674105086709403,11.698630159545848,0.8501179620808167,0.7873358351726735,0.8216645732474346
84,0,40,10,Median,40,[   0 1329 2507 3314],3,1329,807,1104.6666666666667,410.2467520576388,0.8048113565865943,-0.01229408816409803,11.075574181655876,26.234776251149825,0.0035008497131592256,8.20576288130192,22.26331284962895,0.9212173853226963,0.9461277641481886,0.9647340947972756
85,0,40,10,Mode,40,[   0 1329 2508 3314],3,1329,806,1104.6666666666667,412.03374181916416,0.8116684306482475,-0.01395367994895251,11.024388221236462,25.282802146084986,0.002755122201259774,8.226081515614496,21.55341176717456,0.9203562861181859,0.9453672536837155,0.9642383021121974
86,0,40,10,Median,40,[   0 2507 3314],2,2507,807,1657.0,954.7859087884764,1.2505910553192494,0.006845849843010677,20.31404381908669,10.109662458284031,0.006845849843010677,20.31404381908669,10.109662458284031,0.8922523396306895,0.9428642743318725,0.9786091577341919
87,0,40,10,Mode,40,[   0 1329 2508 3314],3,1329,806,1104.6666666666667,412.03374181916416,0.8116684306482475,-0.01395367994895251,11.024388221236462,25.282802146084986,0.002755122201259774,8.226081515614496,21.55341176717456,0.9203562861181859,0.9453672536837155,0.9642383021121974
88,0,40,10,Median,40,[   0 2472 3314],2,2472,842,1657.0,1009.1325609357147,1.267564544298139,0.008808906776349658,21.477822566627857,9.984691500753685,0.008808906776349658,21.477822566627857,9.984691500753685,0.9682777676525401,0.9872353546994442,0.9951441674980573
89,0,40,10,Mode,40,[   0 1329 2508 3314],3,1329,806,1104.6666666666667,412.03374181916416,0.8116684306482475,-0.01395367994895251,11.024388221236462,25.282802146084986,0.002755122201259774,8.226081515614496,21.55341176717456,0.9203562861181859,0.9453672536837155,0.9642383021121974
90,0,40,10,Median,40,[   0 1329 1940 2473 3314],4,1329,533,828.5,258.26597748515525,0.7862940597540659,-0.013983684086517147,8.525873151053869,25.039704887378925,0.009210433373638133,5.159203922885211,21.600881673313282,0.9526553543674859,0.9711591827577682,0.9794328773775811
91,0,40,10,Mode,40,[   0 1329 1940 2508 3314],4,1329,568,828.5,250.18212142090127,0.7757754358734937,-0.01523498166417862,8.255660024494285,24.97534943141706,0.008731440363744557,4.967853269489145,21.48521696976673,0.9268182565034155,0.9505275004857386,0.9646863572949006
92,0,40,10,Median,40,[   0  910 1332 1940 2473 3314],5,910,422,662.8,226.3598731563479,0.7862152751378393,-0.017397359327640347,6.998668055767831,21.588357069610556,0.006838421648433799,4.612864011884783,18.72219528686015,0.8975442785870967,0.8891395831861253,0.9144382941247929
93,0,40,10,Mode,40,[   0  910 1940 2508 3314],4,1030,568,828.5,284.3247747739593,0.8246804261017143,-0.017700389560994633,8.63254044927682,20.947585905944987,0.008043729657059972,5.744076665661253,18.318771485403524,0.8570347018082172,0.8428200851033439,0.8839124462018273
94,0,40,10,Median,40,[   0  910 1332 1940 2473 2858 3314],6,910,385,552.3333333333334,141.06715885475063,0.7378428130431774,-0.026685397303712947,6.19031189116685,21.485343111555164,0.0039059627581314233,2.8835922531622775,18.548777866339712,0.9064768240358648,0.8774807361057378,0.9015221855342771
95,0,40,10,Mode,40,[   0  910 1329 1940 2508 2886 3314],6,910,378,552.3333333333334,130.63006068903624,0.6851984909632259,-0.03140657168579317,5.7437601901938615,25.798157186594477,-5.501975723578127e-05,2.650538719278528,21.53597228736232,0.885442770850982,0.8568608426764324,0.8847778428318192
96,0,40,10,Median,40,[   0  910 1332 1940 2416 2507 2858 3314],7,910,91,473.42857142857144,131.51831667439853,0.9597951658762774,-0.026890219936813838,5.6955143159183095,19.63300950608948,0.022949947525519793,2.5903766689115213,16.825253295467537,0.901194002987077,0.8704142724376209,0.8954039068075139
97,0,40,10,Mode,40,[   0  910 1940 2416 2508 2886 3314],6,1030,92,552.3333333333334,186.88517045196045,1.1599793030992254,-0.026770368787612457,6.806404305768137,19.642356291536835,0.03778911578450401,3.5351282199191716,16.108820035535167,0.8859477848264803,0.8457681907342259,0.8803429825007566
98,0,40,10,Median,40,[   0  910 1332 1926 2275 2416 2507 2858 3314],8,910,91,414.25,126.77710719431538,0.9957032057008119,-0.029068425712928673,5.265006372793347,19.4005070799642,0.01504946051720551,2.5173199734849603,15.354783506644209,0.8932870425568821,0.8573170122342161,0.8832644296804372
99,0,40,10,Mode,40,[   0  910 1329 1940 2281 2416 2508 2886 3314],8,910,92,414.25,139.18137201934152,1.0520572310479988,-0.03257910813356208,5.412733845373768,21.911023105315984,0.017927097863597426,2.6486173140547895,17.074100506439105,0.8798435675880487,0.8464568031842895,0.8742626713988962
100,0,40,10,Median,40,[   0  910 1332 1728 1940 2275 2416 2507 2858 3314],9,910,91,368.22222222222223,126.97887595131294,1.0237646149061883,-0.031236779851375022,4.8807615980704275,19.32989757945038,0.013724024542747721,2.572646804081488,14.362201119085478,0.8802130717384924,0.8369524303305957,0.8642760361003842
101,0,40,10,Mode,40,[   0  910 1329 1728 1940 2281 2416 2508 2886 3314],9,910,92,368.22222222222223,140.44049277469568,1.08751541988945,-0.03331209033983189,5.0274994328681775,19.51321017191985,0.01691068060033452,2.7338126796367344,14.730430244331197,0.8758229087506096,0.8319583114553671,0.8600521714171948
102,0,40,10,Median,40,[   0  910 1332 1728 1940 2275 2416 2507 2596 2872 3314],10,910,89,331.4,191.20461618719744,1.3393107936592532,-0.035947069421094095,5.946131134194091,18.631270339549875,0.017151203730559447,3.7016112650567043,13.53452416204688,0.8624068457168147,0.8155798927812286,0.8465713915745253
103,0,40,10,Mode,40,[   0  910 1329 1728 1940 2281 2416 2508 2596 2886 3314],10,910,88,331.4,194.06705263204734,1.3721841531490293,-0.0444720015719442,6.041611980068132,18.589037280792287,0.013874940674020168,3.896575144190845,13.587562983452843,0.8616354827124091,0.8124711892365755,0.8439367443224742
104,0,40,10,Median,40,[   0  910 1332 1728 1940 2128 2281 2416 2507 2596 2872 3314],11,910,89,301.27272727272725,184.13023184646906,1.354362703104663,-0.040924842114826915,5.716302945542421,17.66869558142421,0.015229092269038319,3.617911949884089,12.977765720313169,0.8602732872586621,0.8149653419505107,0.8458597520511465
105,0,40,10,Mode,40,[   0  910 1329 1728 1940 2128 2281 2416 2508 2596 2886 3314],11,910,88,301.27272727272725,187.00451046546263,1.3839545706340384,-0.04832776875252604,5.780580662979908,17.729160798530504,0.012333569546220011,3.796907649578853,13.019956656813978,0.860683905586725,0.8131589456878974,0.8443451463361805
106,0,40,10,Median,40,[   0  910 1332 1728 1940 2128 2281 2416 2508 2596 2872 3314],11,910,88,301.27272727272725,185.11677939524844,1.380247060429871,-0.04767640668636465,5.793586637864426,17.575793526079718,0.01347511837743722,3.766032598629851,12.822553910404011,0.8601736281734729,0.8149036677729156,0.8458073474874588
107,0,40,10,Mode,40,[   0  910 1329 1728 1940 2128 2281 2416 2508 2596 2886 3314],11,910,88,301.27272727272725,187.00451046546263,1.3839545706340384,-0.04832776875252604,5.780580662979908,17.729160798530504,0.012333569546220011,3.796907649578853,13.019956656813978,0.860683905586725,0.8131589456878974,0.8443451463361805
108,0,40,10,Median,40,[   0  910 1332 1728 1940 2128 2281 2416 2508 2596 2720 2886 3314],12,910,88,276.1666666666667,158.45516063380762,1.357077233389604,-0.05294586625204599,5.443107641387477,17.14466116321203,0.011074689295341085,3.1623776687671823,12.075195226121402,0.853243429629941,0.809453414193455,0.8399187838745723
109,0,40,10,Mode,40,[   0  910 1329 1728 1940 2128 2281 2416 2508 2596 2699 2886 3314],12,910,88,276.1666666666667,158.4093773983941,1.373575834330676,-0.051529325219385,5.4714502555567215,16.53813023960597,0.010261415592224212,3.170388858596942,12.21393520663791,0.8500742146023835,0.8063800901049718,0.8372724292657931
110,0,40,10,Median,40,[   0  910 1332 1728 1940 2128 2281 2416 2508 2596 2720 2886 3161 3314],13,910,88,254.92307692307693,149.88716673073938,1.3147941983819746,-0.05389801943809279,5.12266391716356,16.808772341254485,0.011017067776951656,3.0091429047363394,12.27000936492437,0.8370061438701466,0.7817079652192876,0.8158096575423726
111,0,40,10,Mode,40,[   0  910 1329 1728 1940 2128 2281 2416 2508 2596 2699 2886 3161 3314],13,910,88,254.92307692307693,149.4895130695315,1.3282106465022503,-0.052485916485301945,5.14866176155422,16.32138738808518,0.010106458051681986,3.006423007463789,12.427440284627634,0.8339219361225014,0.7785492383595186,0.8130601183004734
112,0,40,15,Median,40,[   0 1329 2507 3314],3,1329,807,1104.6666666666667,410.2467520576388,0.8048113565865943,-0.01229408816409803,11.075574181655876,26.234776251149825,0.0035008497131592256,8.20576288130192,22.26331284962895,0.9212173853226963,0.9461277641481886,0.9647340947972756
113,0,40,15,Mode,40,[   0 1329 2416 3314],3,1329,898,1104.6666666666667,375.2066140239231,0.767297478893763,-0.00971440347247499,10.381183242473236,26.54345024289862,0.00485943240766879,7.538966331454789,22.662315280458422,0.9727972917841357,0.9815692565585613,0.9878750065118929
114,0,40,15,Median,40,[   0 2472 3314],2,2472,842,1657.0,1009.1325609357147,1.267564544298139,0.008808906776349658,21.477822566627857,9.984691500753685,0.008808906776349658,21.477822566627857,9.984691500753685,0.9682777676525401,0.9872353546994442,0.9951441674980573
115,0,40,15,Mode,40,[   0 1329 2416 3314],3,1329,898,1104.6666666666667,375.2066140239231,0.767297478893763,-0.00971440347247499,10.381183242473236,26.54345024289862,0.00485943240766879,7.538966331454789,22.662315280458422,0.9727972917841357,0.9815692565585613,0.9878750065118929
116,0,40,15,Median,40,[   0 2472 3314],2,2472,842,1657.0,1009.1325609357147,1.267564544298139,0.008808906776349658,21.477822566627857,9.984691500753685,0.008808906776349658,21.477822566627857,9.984691500753685,0.9682777676525401,0.9872353546994442,0.9951441674980573
117,0,40,15,Mode,40,[   0 1329 2416 3314],3,1329,898,1104.6666666666667,375.2066140239231,0.767297478893763,-0.00971440347247499,10.381183242473236,26.54345024289862,0.00485943240766879,7.538966331454789,22.662315280458422,0.9727972917841357,0.9815692565585613,0.9878750065118929
118,0,40,15,Median,40,[   0 1329 1940 2472 3314],4,1329,532,828.5,253.93381842349694,0.7757777236831943,-0.012732832177681425,8.506442449665144,25.296175583838554,0.008004232407259036,5.101069046399071,21.885527169458285,0.953605852952407,0.9717637991614219,0.9798646347967335
119,0,40,15,Mode,40,[   0 1329 1940 2416 3314],4,1329,476,828.5,197.2835535810157,0.7059695099989138,-0.011901832789088579,7.474075990823009,26.015190915325643,0.004986803861794392,3.9912265254126553,23.0140927178213,0.9654417411660133,0.9782410422149338,0.9845549676134503
120,0,40,15,Median,40,[   0  910 1332 1940 2472 3314],5,910,422,662.8,221.060385344436,0.7735920620726207,-0.01604133700775989,6.984078237369922,21.819713557752618,0.005936540083276971,4.530043171578308,19.030111885465328,0.8983502945898102,0.8898595602963574,0.9149971668521198
121,0,40,15,Mode,40,[   0  910 1940 2416 3314],4,1030,476,828.5,223.91387740581447,0.7518056607445276,-0.013840623410868117,7.850426525453201,21.490925180811445,0.0025315160581560036,4.60586516279745,19.79446929447676,0.8938973088130003,0.8732306574195592,0.9069110407181482
122,0,40,15,Median,40,[   0  910 1332 1940 2416 2507 3314],6,910,91,552.3333333333334,139.22370052580612,0.9985002070280806,-0.017627623387122413,6.159013393980037,19.841631810349373,0.03172396449352285,2.792353345711674,17.229915029637443,0.8896991392820693,0.8744109275843487,0.902627779500056
123,0,40,15,Mode,40,[   0  910 1940 2416 2508 3314],5,1030,92,662.8,219.16750798837134,1.274959615063897,-0.018544642982173648,7.960769805652398,18.574633048495464,0.053582585095769464,4.2163910455200915,15.74303064132457,0.8734252026469236,0.8511687234975179,0.8892312689761075
124,0,40,15,Median,40,[   0  910 1332 1940 2416 2507 2858 3314],7,910,91,473.42857142857144,131.51831667439853,0.9597951658762774,-0.026890219936813838,5.6955143159183095,19.63300950608948,0.022949947525519793,2.5903766689115213,16.825253295467537,0.901194002987077,0.8704142724376209,0.8954039068075139
125,0,40,15,Mode,40,[   0  910 1940 2416 2508 2886 3314],6,1030,92,552.3333333333334,186.88517045196045,1.1599793030992254,-0.026770368787612457,6.806404305768137,19.642356291536835,0.03778911578450401,3.5351282199191716,16.108820035535167,0.8859477848264803,0.8457681907342259,0.8803429825007566
126,0,40,15,Median,40,[   0  910 1332 1940 2416 2508 2858 3314],7,910,92,473.42857142857144,164.69883396478363,1.0821177685752301,-0.02750773675129629,6.061092077716827,19.44913074893456,0.032325000520159505,3.1527734251867368,16.38736841327484,0.9009739016945947,0.8701927243285491,0.8952254823523255
127,0,40,15,Mode,40,[   0  910 1940 2416 2508 2886 3314],6,1030,92,552.3333333333334,186.88517045196045,1.1599793030992254,-0.026770368787612457,6.806404305768137,19.642356291536835,0.03778911578450401,3.5351282199191716,16.108820035535167,0.8859477848264803,0.8457681907342259,0.8803429825007566
128,0,40,15,Median,40,[   0  910 1332 1926 2275 2416 2508 2858 3314],8,910,92,414.25,146.92116610983393,1.0829374333273496,-0.029584360648856542,5.578769349318967,18.9574575343636,0.020390025724104664,2.8273993885315654,15.024477835179303,0.893078706057548,0.857083950894955,0.8830740927974148
129,0,40,15,Mode,40,[   0  910 1329 1940 2281 2416 2508 2886 3314],8,910,92,414.25,139.18137201934152,1.0520572310479988,-0.03257910813356208,5.412733845373768,21.911023105315984,0.017927097863597426,2.6486173140547895,17.074100506439105,0.8798435675880487,0.8464568031842895,0.8742626713988962
130,0,40,15,Median,40,[   0  910 1332 1728 1940 2275 2416 2508 2858 3314],9,910,92,368.22222222222223,144.60492750239166,1.1000945640794089,-0.0316370564305314,5.1555831216826675,18.93607576113873,0.01839701909878448,2.8439662922472677,14.073183656553688,0.8800180305522334,0.8366996723067437,0.864066199424075
131,0,40,15,Mode,40,[   0  910 1329 1728 1940 2281 2416 2508 2886 3314],9,910,92,368.22222222222223,140.44049277469568,1.08751541988945,-0.03331209033983189,5.0274994328681775,19.51321017191985,0.01691068060033452,2.7338126796367344,14.730430244331197,0.8758229087506096,0.8319583114553671,0.8600521714171948
132,0,40,15,Median,40,[   0  910 1332 1728 1940 2275 2416 2508 2596 2872 3314],10,910,88,331.4,192.6097973817761,1.368746506212824,-0.043281152617261134,6.031840651853076,18.523986017616128,0.015294388860980172,3.8696528098779024,13.365173713697494,0.8623044679465048,0.8155194274178245,0.8465203088438439
133,0,40,15,Mode,40,[   0  910 1329 1728 1940 2281 2416 2508 2596 2886 3314],10,910,88,331.4,194.06705263204734,1.3721841531490293,-0.0444720015719442,6.041611980068132,18.589037280792287,0.013874940674020168,3.896575144190845,13.587562983452843,0.8616354827124091,0.8124711892365755,0.8439367443224742
134,0,40,15,Median,40,[   0  910 1332 1728 1940 2128 2281 2416 2508 2596 2872 3314],11,910,88,301.27272727272725,185.11677939524844,1.380247060429871,-0.04767640668636465,5.793586637864426,17.575793526079718,0.01347511837743722,3.766032598629851,12.822553910404011,0.8601736281734729,0.8149036677729156,0.8458073474874588
135,0,40,15,Mode,40,[   0  910 1329 1728 1940 2128 2281 2416 2508 2596 2886 3314],11,910,88,301.27272727272725,187.00451046546263,1.3839545706340384,-0.04832776875252604,5.780580662979908,17.729160798530504,0.012333569546220011,3.796907649578853,13.019956656813978,0.860683905586725,0.8131589456878974,0.8443451463361805
136,0,40,15,Median,40,[   0  910 1332 1728 1940 2128 2281 2416 2508 2596 2720 2886 3314],12,910,88,276.1666666666667,158.45516063380762,1.357077233389604,-0.05294586625204599,5.443107641387477,17.14466116321203,0.011074689295341085,3.1623776687671823,12.075195226121402,0.853243429629941,0.809453414193455,0.8399187838745723
137,0,40,15,Mode,40,[   0  910 1329 1728 1940 2128 2281 2416 2508 2596 2699 2886 3314],12,910,88,276.1666666666667,158.4093773983941,1.373575834330676,-0.051529325219385,5.4714502555567215,16.53813023960597,0.010261415592224212,3.170388858596942,12.21393520663791,0.8500742146023835,0.8063800901049718,0.8372724292657931
138,0,40,15,Median,40,[   0  910 1332 1728 1940 2128 2281 2416 2508 2596 2720 2886 3161 3314],13,910,88,254.92307692307693,149.88716673073938,1.3147941983819746,-0.05389801943809279,5.12266391716356,16.808772341254485,0.011017067776951656,3.0091429047363394,12.27000936492437,0.8370061438701466,0.7817079652192876,0.8158096575423726
139,0,40,15,Mode,40,[   0  910 1329 1728 1940 2128 2281 2416 2508 2596 2699 2886 3161 3314],13,910,88,254.92307692307693,149.4895130695315,1.3282106465022503,-0.052485916485301945,5.14866176155422,16.32138738808518,0.010106458051681986,3.006423007463789,12.427440284627634,0.8339219361225014,0.7785492383595186,0.8130601183004734
140,0,40,20,Median,40,[   0 1329 2507 3314],3,1329,807,1104.6666666666667,410.2467520576388,0.8048113565865943,-0.01229408816409803,11.075574181655876,26.234776251149825,0.0035008497131592256,8.20576288130192,22.26331284962895,0.9212173853226963,0.9461277641481886,0.9647340947972756
141,0,40,20,Mode,40,[   0 1329 2416 3314],3,1329,898,1104.6666666666667,375.2066140239231,0.767297478893763,-0.00971440347247499,10.381183242473236,26.54345024289862,0.00485943240766879,7.538966331454789,22.662315280458422,0.9727972917841357,0.9815692565585613,0.9878750065118929
142,0,40,20,Median,40,[   0 2472 3314],2,2472,842,1657.0,1009.1325609357147,1.267564544298139,0.008808906776349658,21.477822566627857,9.984691500753685,0.008808906776349658,21.477822566627857,9.984691500753685,0.9682777676525401,0.9872353546994442,0.9951441674980573
143,0,40,20,Mode,40,[   0 1329 2416 3314],3,1329,898,1104.6666666666667,375.2066140239231,0.767297478893763,-0.00971440347247499,10.381183242473236,26.54345024289862,0.00485943240766879,7.538966331454789,22.662315280458422,0.9727972917841357,0.9815692565585613,0.9878750065118929
144,0,40,20,Median,40,[   0 2472 3314],2,2472,842,1657.0,1009.1325609357147,1.267564544298139,0.008808906776349658,21.477822566627857,9.984691500753685,0.008808906776349658,21.477822566627857,9.984691500753685,0.9682777676525401,0.9872353546994442,0.9951441674980573
145,0,40,20,Mode,40,[   0 1329 2416 3314],3,1329,898,1104.6666666666667,375.2066140239231,0.767297478893763,-0.00971440347247499,10.381183242473236,26.54345024289862,0.00485943240766879,7.538966331454789,22.662315280458422,0.9727972917841357,0.9815692565585613,0.9878750065118929
146,0,40,20,Median,40,[   0 1329 1940 2472 3314],4,1329,532,828.5,253.93381842349694,0.7757777236831943,-0.012732832177681425,8.506442449665144,25.296175583838554,0.008004232407259036,5.101069046399071,21.885527169458285,0.953605852952407,0.9717637991614219,0.9798646347967335
147,0,40,20,Mode,40,[   0 1329 1940 2416 3314],4,1329,476,828.5,197.2835535810157,0.7059695099989138,-0.011901832789088579,7.474075990823009,26.015190915325643,0.004986803861794392,3.9912265254126553,23.0140927178213,0.9654417411660133,0.9782410422149338,0.9845549676134503
148,0,40,20,Median,40,[   0  910 1332 1940 2472 3314],5,910,422,662.8,221.060385344436,0.7735920620726207,-0.01604133700775989,6.984078237369922,21.819713557752618,0.005936540083276971,4.530043171578308,19.030111885465328,0.8983502945898102,0.8898595602963574,0.9149971668521198
149,0,40,20,Mode,40,[   0  910 1940 2416 3314],4,1030,476,828.5,223.91387740581447,0.7518056607445276,-0.013840623410868117,7.850426525453201,21.490925180811445,0.0025315160581560036,4.60586516279745,19.79446929447676,0.8938973088130003,0.8732306574195592,0.9069110407181482
150,0,40,20,Median,40,[   0  910 1332 1940 2416 2507 3314],6,910,91,552.3333333333334,139.22370052580612,0.9985002070280806,-0.017627623387122413,6.159013393980037,19.841631810349373,0.03172396449352285,2.792353345711674,17.229915029637443,0.8896991392820693,0.8744109275843487,0.902627779500056
151,0,40,20,Mode,40,[   0  910 1940 2416 2508 3314],5,1030,92,662.8,219.16750798837134,1.274959615063897,-0.018544642982173648,7.960769805652398,18.574633048495464,0.053582585095769464,4.2163910455200915,15.74303064132457,0.8734252026469236,0.8511687234975179,0.8892312689761075
152,0,40,20,Median,40,[   0  910 1332 1940 2416 2507 2858 3314],7,910,91,473.42857142857144,131.51831667439853,0.9597951658762774,-0.026890219936813838,5.6955143159183095,19.63300950608948,0.022949947525519793,2.5903766689115213,16.825253295467537,0.901194002987077,0.8704142724376209,0.8954039068075139
153,0,40,20,Mode,40,[   0  910 1940 2416 2508 2886 3314],6,1030,92,552.3333333333334,186.88517045196045,1.1599793030992254,-0.026770368787612457,6.806404305768137,19.642356291536835,0.03778911578450401,3.5351282199191716,16.108820035535167,0.8859477848264803,0.8457681907342259,0.8803429825007566
154,0,40,20,Median,40,[   0  910 1332 1940 2416 2508 2858 3314],7,910,92,473.42857142857144,164.69883396478363,1.0821177685752301,-0.02750773675129629,6.061092077716827,19.44913074893456,0.032325000520159505,3.1527734251867368,16.38736841327484,0.9009739016945947,0.8701927243285491,0.8952254823523255
155,0,40,20,Mode,40,[   0  910 1940 2416 2508 2886 3314],6,1030,92,552.3333333333334,186.88517045196045,1.1599793030992254,-0.026770368787612457,6.806404305768137,19.642356291536835,0.03778911578450401,3.5351282199191716,16.108820035535167,0.8859477848264803,0.8457681907342259,0.8803429825007566
156,0,40,20,Median,40,[   0  910 1332 1728 1940 2416 2508 2858 3314],8,910,92,414.25,161.07084046372938,1.106078682526289,-0.02987538248393046,5.462393808653746,19.8647017063406,0.02789177107308046,3.1533248663221136,14.586645669622628,0.8953747352410286,0.8579176445170874,0.8833680368716972
157,0,40,20,Mode,40,[   0  910 1329 1728 1940 2416 2508 2886 3314],8,910,92,414.25,157.1346312677484,1.0925791291114535,-0.032072125121428284,5.28542291897844,20.940787808566515,0.02638731927063307,3.0369278091491525,15.333859489411429,0.8922447298585593,0.854717690799433,0.8806991993092017
158,0,40,20,Median,40,[   0  910 1332 1728 1940 2275 2416 2508 2858 3314],9,910,92,368.22222222222223,144.60492750239166,1.1000945640794089,-0.0316370564305314,5.1555831216826675,18.93607576113873,0.01839701909878448,2.8439662922472677,14.073183656553688,0.8800180305522334,0.8366996723067437,0.864066199424075
159,0,40,20,Mode,40,[   0  910 1329 1728 1940 2281 2416 2508 2886 3314],9,910,92,368.22222222222223,140.44049277469568,1.08751541988945,-0.03331209033983189,5.0274994328681775,19.51321017191985,0.01691068060033452,2.7338126796367344,14.730430244331197,0.8758229087506096,0.8319583114553671,0.8600521714171948
160,0,40,20,Median,40,[   0  910 1332 1728 1940 2092 2281 2416 2508 2858 3314],10,910,92,331.4,165.9790498550454,1.2394347749713666,-0.042517881710893546,5.326135159925689,17.5974649075588,0.01990884523011856,3.4165437326893775,12.862033059955765,0.8861844515941503,0.8391815005123083,0.8656897357315311
161,0,40,20,Mode,40,[   0  910 1329 1728 1940 2128 2281 2416 2508 2886 3314],10,910,92,331.4,138.55173035152953,1.1322235207905245,-0.04006781697033068,4.847508460056716,18.474928752319137,0.014860741577632754,2.752266848351645,13.972771296857086,0.8744820197008066,0.8330515218720286,0.8607421015295891
162,0,40,20,Median,40,[   0  910 1332 1728 1940 2092 2281 2416 2508 2596 2872 3314],11,910,88,301.27272727272725,207.046020511226,1.4672875018022442,-0.04900953869906178,6.102359210817443,17.217306328819845,0.016965295402961274,4.282403854512737,12.345939171044984,0.8689067760265401,0.8175383694587366,0.8477552837334659
163,0,40,20,Mode,40,[   0  910 1329 1728 1940 2128 2281 2416 2508 2596 2886 3314],11,910,88,301.27272727272725,187.00451046546263,1.3839545706340384,-0.04832776875252604,5.780580662979908,17.729160798530504,0.012333569546220011,3.796907649578853,13.019956656813978,0.860683905586725,0.8131589456878974,0.8443451463361805
164,0,40,20,Median,40,[   0  910 1332 1728 1940 2092 2281 2416 2508 2596 2720 2886 3314],12,910,88,276.1666666666667,178.3908343756054,1.4362049073644885,-0.05393121953204568,5.724051944725071,16.81604789905715,0.014247577500362952,3.6318060832061705,11.641909099431377,0.861737867335625,0.8121413709656421,0.8419283375512131
165,0,40,20,Mode,40,[   0  910 1329 1728 1940 2128 2281 2416 2508 2596 2699 2886 3314],12,910,88,276.1666666666667,158.4093773983941,1.373575834330676,-0.051529325219385,5.4714502555567215,16.53813023960597,0.010261415592224212,3.170388858596942,12.21393520663791,0.8500742146023835,0.8063800901049718,0.8372724292657931
166,0,40,20,Median,40,[   0  910 1332 1728 1940 2092 2281 2416 2508 2596 2720 2886 3161 3314],13,910,88,254.92307692307693,168.16153432738736,1.3873278995256186,-0.05478343370324495,5.380365946323982,16.50543702049613,0.013925548631555035,3.439452284638745,11.87283041545851,0.8452945377919524,0.7843864148888231,0.8177795869478223
167,0,40,20,Mode,40,[   0  910 1329 1728 1940 2128 2281 2416 2508 2596 2699 2886 3161 3314],13,910,88,254.92307692307693,149.4895130695315,1.3282106465022503,-0.052485916485301945,5.14866176155422,16.32138738808518,0.010106458051681986,3.006423007463789,12.427440284627634,0.8339219361225014,0.7785492383595186,0.8130601183004734
168,0,45,10,Median,40,[   0 1329 2507 3314],3,1329,807,1104.6666666666667,410.2467520576388,0.8048113565865943,-0.01229408816409803,11.075574181655876,26.234776251149825,0.0035008497131592256,8.20576288130192,22.26331284962895,0.9212173853226963,0.9461277641481886,0.9647340947972756
169,0,45,10,Mode,40,[   0 1329 2416 3314],3,1329,898,1104.6666666666667,375.2066140239231,0.767297478893763,-0.00971440347247499,10.381183242473236,26.54345024289862,0.00485943240766879,7.538966331454789,22.662315280458422,0.9727972917841357,0.9815692565585613,0.9878750065118929
170,0,45,10,Median,40,[   0 2507 3314],2,2507,807,1657.0,954.7859087884764,1.2505910553192494,0.006845849843010677,20.31404381908669,10.109662458284031,0.006845849843010677,20.31404381908669,10.109662458284031,0.8922523396306895,0.9428642743318725,0.9786091577341919
171,0,45,10,Mode,40,[   0 1329 2416 3314],3,1329,898,1104.6666666666667,375.2066140239231,0.767297478893763,-0.00971440347247499,10.381183242473236,26.54345024289862,0.00485943240766879,7.538966331454789,22.662315280458422,0.9727972917841357,0.9815692565585613,0.9878750065118929
172,0,45,10,Median,40,[   0 2472 3314],2,2472,842,1657.0,1009.1325609357147,1.267564544298139,0.008808906776349658,21.477822566627857,9.984691500753685,0.008808906776349658,21.477822566627857,9.984691500753685,0.9682777676525401,0.9872353546994442,0.9951441674980573
173,0,45,10,Mode,40,[   0 1329 2416 3314],3,1329,898,1104.6666666666667,375.2066140239231,0.767297478893763,-0.00971440347247499,10.381183242473236,26.54345024289862,0.00485943240766879,7.538966331454789,22.662315280458422,0.9727972917841357,0.9815692565585613,0.9878750065118929
174,0,45,10,Median,40,[   0 1329 1940 2472 3314],4,1329,532,828.5,253.93381842349694,0.7757777236831943,-0.012732832177681425,8.506442449665144,25.296175583838554,0.008004232407259036,5.101069046399071,21.885527169458285,0.953605852952407,0.9717637991614219,0.9798646347967335
175,0,45,10,Mode,40,[   0 1329 1940 2416 3314],4,1329,476,828.5,197.2835535810157,0.7059695099989138,-0.011901832789088579,7.474075990823009,26.015190915325643,0.004986803861794392,3.9912265254126553,23.0140927178213,0.9654417411660133,0.9782410422149338,0.9845549676134503
176,0,45,10,Median,40,[   0  910 1332 1940 2472 3314],5,910,422,662.8,221.060385344436,0.7735920620726207,-0.01604133700775989,6.984078237369922,21.819713557752618,0.005936540083276971,4.530043171578308,19.030111885465328,0.8983502945898102,0.8898595602963574,0.9149971668521198
177,0,45,10,Mode,40,[   0  910 1940 2416 3314],4,1030,476,828.5,223.91387740581447,0.7518056607445276,-0.013840623410868117,7.850426525453201,21.490925180811445,0.0025315160581560036,4.60586516279745,19.79446929447676,0.8938973088130003,0.8732306574195592,0.9069110407181482
178,0,45,10,Median,40,[   0  910 1332 1940 2472 2858 3314],6,910,386,552.3333333333334,140.6688753037722,0.7364278983339123,-0.026259159778731497,6.219952283000122,21.549714793107622,0.004592691886411983,2.8625892029706796,18.700028001855536,0.9071383687610403,0.878000898547903,0.9019443919242152
179,0,45,10,Mode,40,[   0  910 1329 1940 2416 2886 3314],6,910,419,552.3333333333334,116.60972148505944,0.6505036395933858,-0.03069836001424256,5.464143990614132,25.734447753219133,-2.0658103773357838e-05,2.3477981591914125,22.323765833787768,0.9124621463544906,0.880951681330452,0.904259630743959
180,0,45,10,Median,40,[   0  910 1332 1940 2416 2507 2858 3314],7,910,91,473.42857142857144,131.51831667439853,0.9597951658762774,-0.026890219936813838,5.6955143159183095,19.63300950608948,0.022949947525519793,2.5903766689115213,16.825253295467537,0.901194002987077,0.8704142724376209,0.8954039068075139
181,0,45,10,Mode,40,[   0  910 1940 2416 2508 2886 3314],6,1030,92,552.3333333333334,186.88517045196045,1.1599793030992254,-0.026770368787612457,6.806404305768137,19.642356291536835,0.03778911578450401,3.5351282199191716,16.108820035535167,0.8859477848264803,0.8457681907342259,0.8803429825007566
182,0,45,10,Median,40,[   0  910 1332 1940 2275 2416 2507 2858 3314],8,910,91,414.25,128.31703210482553,1.0016761805315053,-0.02906307108902219,5.310826045358221,19.308472800030245,0.015029393468014378,2.5534208531459854,15.272171173477917,0.884621636119122,0.8514502245257355,0.8784126629831767
183,0,45,10,Mode,40,[   0  910 1329 1940 2281 2416 2508 2886 3314],8,910,92,414.25,139.18137201934152,1.0520572310479988,-0.03257910813356208,5.412733845373768,21.911023105315984,0.017927097863597426,2.6486173140547895,17.074100506439105,0.8798435675880487,0.8464568031842895,0.8742626713988962
184,0,45,10,Median,40,[   0  910 1332 1728 1940 2275 2416 2507 2858 3314],9,910,91,368.22222222222223,126.97887595131294,1.0237646149061883,-0.031236779851375022,4.8807615980704275,19.32989757945038,0.013724024542747721,2.572646804081488,14.362201119085478,0.8802130717384924,0.8369524303305957,0.8642760361003842
185,0,45,10,Mode,40,[   0  910 1329 1728 1940 2281 2416 2508 2886 3314],9,910,92,368.22222222222223,140.44049277469568,1.08751541988945,-0.03331209033983189,5.0274994328681775,19.51321017191985,0.01691068060033452,2.7338126796367344,14.730430244331197,0.8758229087506096,0.8319583114553671,0.8600521714171948
186,0,45,10,Median,40,[   0  910 1332 1728 1940 2275 2416 2507 2596 2872 3314],10,910,89,331.4,191.20461618719744,1.3393107936592532,-0.035947069421094095,5.946131134194091,18.631270339549875,0.017151203730559447,3.7016112650567043,13.53452416204688,0.8624068457168147,0.8155798927812286,0.8465713915745253
187,0,45,10,Mode,40,[   0  910 1329 1728 1940 2281 2416 2508 2596 2886 3314],10,910,88,331.4,194.06705263204734,1.3721841531490293,-0.0444720015719442,6.041611980068132,18.589037280792287,0.013874940674020168,3.896575144190845,13.587562983452843,0.8616354827124091,0.8124711892365755,0.8439367443224742
188,0,45,10,Median,40,[   0  910 1332 1728 1940 2275 2416 2508 2596 2872 3314],10,910,88,331.4,192.6097973817761,1.368746506212824,-0.043281152617261134,6.031840651853076,18.523986017616128,0.015294388860980172,3.8696528098779024,13.365173713697494,0.8623044679465048,0.8155194274178245,0.8465203088438439
189,0,45,10,Mode,40,[   0  910 1329 1728 1940 2281 2416 2508 2596 2886 3314],10,910,88,331.4,194.06705263204734,1.3721841531490293,-0.0444720015719442,6.041611980068132,18.589037280792287,0.013874940674020168,3.896575144190845,13.587562983452843,0.8616354827124091,0.8124711892365755,0.8439367443224742
190,0,45,10,Median,40,[   0  700  910 1332 1728 1940 2275 2416 2508 2596 2872 3314],11,700,88,301.27272727272725,173.8515122246094,1.2913262738229694,-0.04691353806741999,5.520597145263789,18.675187158442586,0.010821568573602433,3.494394665421564,14.129810052794664,0.8854855385530197,0.8552978657426468,0.8731172499581459
191,0,45,10,Mode,40,[   0  700  910 1329 1728 1940 2281 2416 2508 2596 2886 3314],11,700,88,301.27272727272725,175.1406673464516,1.2892945355002177,-0.04734793234372293,5.529393580988073,18.902266847742897,0.011036816465887023,3.5217607076136703,14.46152037096277,0.884865812702205,0.8515372893299551,0.8698000179402113
192,0,45,10,Median,40,[   0  700  910 1332 1728 1940 2081 2281 2416 2508 2596 2872 3314],12,700,88,276.1666666666667,181.3382572663655,1.3668912711611696,-0.04967242516000521,5.51063273695794,17.59897300934076,0.01283189288579806,3.7283011470835192,13.228783917563442,0.889904441193266,0.8578157067849435,0.8747691131832859
193,0,45,10,Mode,40,[   0  700  910 1329 1728 1940 2128 2281 2416 2508 2596 2886 3314],12,700,88,276.1666666666667,170.44075494824696,1.3075303348182998,-0.04980447588335585,5.338711844628568,18.124848882628005,0.009893581277717167,3.4652279340188756,13.866063947881083,0.8833923917102805,0.8529687732588543,0.870643807139382
194,0,45,10,Median,40,[   0  700  910 1332 1728 1940 2128 2281 2416 2508 2596 2720 2886 3314],13,700,88,254.92307692307693,145.6694760651661,1.2935328124666603,-0.05463195169604022,5.0662046965370084,17.38352433471317,0.007698980686329561,2.90860214347946,12.819890382667054,0.8758727220607233,0.8491803197454987,0.8663972992310163
195,0,45,10,Mode,40,[   0  700  910 1329 1728 1940 2128 2281 2416 2508 2596 2699 2886 3314],13,700,88,254.92307692307693,145.60886259653543,1.3043851795248624,-0.05288541211336267,5.0921920647905745,16.99499851407478,0.008197439175596255,2.9185590185821213,13.056702010964095,0.8729532077601246,0.845283561546244,0.8629491312627567
196,0,45,15,Median,40,[   0 1329 2473 3314],3,1329,841,1104.6666666666667,436.95603087685663,0.8291083944487752,-0.012930637804443567,11.574168761542321,25.160619548502755,0.004063858062081163,8.741327517172502,21.39317211638599,0.9557321733661505,0.9725117119916866,0.9819750794809387
197,0,45,15,Mode,40,[   0 1329 2416 3314],3,1329,898,1104.6666666666667,375.2066140239231,0.767297478893763,-0.00971440347247499,10.381183242473236,26.54345024289862,0.00485943240766879,7.538966331454789,22.662315280458422,0.9727972917841357,0.9815692565585613,0.9878750065118929
198,0,45,15,Median,40,[   0 2472 3314],2,2472,842,1657.0,1009.1325609357147,1.267564544298139,0.008808906776349658,21.477822566627857,9.984691500753685,0.008808906776349658,21.477822566627857,9.984691500753685,0.9682777676525401,0.9872353546994442,0.9951441674980573
199,0,45,15,Mode,40,[   0 1329 2416 3314],3,1329,898,1104.6666666666667,375.2066140239231,0.767297478893763,-0.00971440347247499,10.381183242473236,26.54345024289862,0.00485943240766879,7.538966331454789,22.662315280458422,0.9727972917841357,0.9815692565585613,0.9878750065118929
200,0,45,15,Median,40,[   0 2472 3314],2,2472,842,1657.0,1009.1325609357147,1.267564544298139,0.008808906776349658,21.477822566627857,9.984691500753685,0.008808906776349658,21.477822566627857,9.984691500753685,0.9682777676525401,0.9872353546994442,0.9951441674980573
201,0,45,15,Mode,40,[   0 1329 2416 3314],3,1329,898,1104.6666666666667,375.2066140239231,0.767297478893763,-0.00971440347247499,10.381183242473236,26.54345024289862,0.00485943240766879,7.538966331454789,22.662315280458422,0.9727972917841357,0.9815692565585613,0.9878750065118929
202,0,45,15,Median,40,[   0 1329 1940 2472 3314],4,1329,532,828.5,253.93381842349694,0.7757777236831943,-0.012732832177681425,8.506442449665144,25.296175583838554,0.008004232407259036,5.101069046399071,21.885527169458285,0.953605852952407,0.9717637991614219,0.9798646347967335
203,0,45,15,Mode,40,[   0 1329 1940 2416 3314],4,1329,476,828.5,197.2835535810157,0.7059695099989138,-0.011901832789088579,7.474075990823009,26.015190915325643,0.004986803861794392,3.9912265254126553,23.0140927178213,0.9654417411660133,0.9782410422149338,0.9845549676134503
204,0,45,15,Median,40,[   0  910 1332 1940 2472 3314],5,910,422,662.8,221.060385344436,0.7735920620726207,-0.01604133700775989,6.984078237369922,21.819713557752618,0.005936540083276971,4.530043171578308,19.030111885465328,0.8983502945898102,0.8898595602963574,0.9149971668521198
205,0,45,15,Mode,40,[   0  910 1940 2416 3314],4,1030,476,828.5,223.91387740581447,0.7518056607445276,-0.013840623410868117,7.850426525453201,21.490925180811445,0.0025315160581560036,4.60586516279745,19.79446929447676,0.8938973088130003,0.8732306574195592,0.9069110407181482
206,0,45,15,Median,40,[   0  910 1332 1940 2416 2507 3314],6,910,91,552.3333333333334,139.22370052580612,0.9985002070280806,-0.017627623387122413,6.159013393980037,19.841631810349373,0.03172396449352285,2.792353345711674,17.229915029637443,0.8896991392820693,0.8744109275843487,0.902627779500056
207,0,45,15,Mode,40,[   0  910 1940 2416 2508 3314],5,1030,92,662.8,219.16750798837134,1.274959615063897,-0.018544642982173648,7.960769805652398,18.574633048495464,0.053582585095769464,4.2163910455200915,15.74303064132457,0.8734252026469236,0.8511687234975179,0.8892312689761075
208,0,45,15,Median,40,[   0  910 1332 1940 2416 2507 2858 3314],7,910,91,473.42857142857144,131.51831667439853,0.9597951658762774,-0.026890219936813838,5.6955143159183095,19.63300950608948,0.022949947525519793,2.5903766689115213,16.825253295467537,0.901194002987077,0.8704142724376209,0.8954039068075139
209,0,45,15,Mode,40,[   0  910 1940 2416 2508 2886 3314],6,1030,92,552.3333333333334,186.88517045196045,1.1599793030992254,-0.026770368787612457,6.806404305768137,19.642356291536835,0.03778911578450401,3.5351282199191716,16.108820035535167,0.8859477848264803,0.8457681907342259,0.8803429825007566
210,0,45,15,Median,40,[   0  910 1332 1940 2275 2416 2507 2858 3314],8,910,91,414.25,128.31703210482553,1.0016761805315053,-0.02906307108902219,5.310826045358221,19.308472800030245,0.015029393468014378,2.5534208531459854,15.272171173477917,0.884621636119122,0.8514502245257355,0.8784126629831767
211,0,45,15,Mode,40,[   0  910 1329 1940 2281 2416 2508 2886 3314],8,910,92,414.25,139.18137201934152,1.0520572310479988,-0.03257910813356208,5.412733845373768,21.911023105315984,0.017927097863597426,2.6486173140547895,17.074100506439105,0.8798435675880487,0.8464568031842895,0.8742626713988962
212,0,45,15,Median,40,[   0  910 1332 1940 2275 2416 2508 2858 3314],8,910,92,414.25,148.4610910203441,1.0889104081580432,-0.029539462513203992,5.624649253937504,18.865423254429643,0.020369958674913532,2.8635002681925905,14.941865502013012,0.8844140833602183,0.8512169562420527,0.8782218642451365
213,0,45,15,Mode,40,[   0  910 1329 1940 2281 2416 2508 2886 3314],8,910,92,414.25,139.18137201934152,1.0520572310479988,-0.03257910813356208,5.412733845373768,21.911023105315984,0.017927097863597426,2.6486173140547895,17.074100506439105,0.8798435675880487,0.8464568031842895,0.8742626713988962
214,0,45,15,Median,40,[   0  910 1332 1728 1940 2275 2416 2508 2858 3314],9,910,92,368.22222222222223,144.60492750239166,1.1000945640794089,-0.0316370564305314,5.1555831216826675,18.93607576113873,0.01839701909878448,2.8439662922472677,14.073183656553688,0.8800180305522334,0.8366996723067437,0.864066199424075
215,0,45,15,Mode,40,[   0  910 1329 1728 1940 2281 2416 2508 2886 3314],9,910,92,368.22222222222223,140.44049277469568,1.08751541988945,-0.03331209033983189,5.0274994328681775,19.51321017191985,0.01691068060033452,2.7338126796367344,14.730430244331197,0.8758229087506096,0.8319583114553671,0.8600521714171948
216,0,45,15,Median,40,[   0  910 1332 1728 1940 2275 2416 2508 2596 2872 3314],10,910,88,331.4,192.6097973817761,1.368746506212824,-0.043281152617261134,6.031840651853076,18.523986017616128,0.015294388860980172,3.8696528098779024,13.365173713697494,0.8623044679465048,0.8155194274178245,0.8465203088438439
217,0,45,15,Mode,40,[   0  910 1329 1728 1940 2281 2416 2508 2596 2886 3314],10,910,88,331.4,194.06705263204734,1.3721841531490293,-0.0444720015719442,6.041611980068132,18.589037280792287,0.013874940674020168,3.896575144190845,13.587562983452843,0.8616354827124091,0.8124711892365755,0.8439367443224742
218,0,45,15,Median,40,[   0  700  910 1332 1728 1940 2275 2416 2508 2596 2872 3314],11,700,88,301.27272727272725,173.8515122246094,1.2913262738229694,-0.04691353806741999,5.520597145263789,18.675187158442586,0.010821568573602433,3.494394665421564,14.129810052794664,0.8854855385530197,0.8552978657426468,0.8731172499581459
219,0,45,15,Mode,40,[   0  700  910 1329 1728 1940 2281 2416 2508 2596 2886 3314],11,700,88,301.27272727272725,175.1406673464516,1.2892945355002177,-0.04734793234372293,5.529393580988073,18.902266847742897,0.011036816465887023,3.5217607076136703,14.46152037096277,0.884865812702205,0.8515372893299551,0.8698000179402113
220,0,45,15,Median,40,[   0  700  910 1332 1728 1940 2128 2281 2416 2508 2596 2872 3314],12,700,88,276.1666666666667,168.74497634205395,1.3088195260557265,-0.04945566774815464,5.350538476139245,17.798634264966974,0.009574306341961365,3.4343088501466386,13.567006928064485,0.8829327638895147,0.8551135608119066,0.872546206021326
221,0,45,15,Mode,40,[   0  700  910 1329 1728 1940 2128 2281 2416 2508 2596 2886 3314],12,700,88,276.1666666666667,170.44075494824696,1.3075303348182998,-0.04980447588335585,5.338711844628568,18.124848882628005,0.009893581277717167,3.4652279340188756,13.866063947881083,0.8833923917102805,0.8529687732588543,0.870643807139382
222,0,45,15,Median,40,[   0  700  910 1332 1728 1940 2128 2281 2416 2508 2596 2720 2886 3314],13,700,88,254.92307692307693,145.6694760651661,1.2935328124666603,-0.05463195169604022,5.0662046965370084,17.38352433471317,0.007698980686329561,2.90860214347946,12.819890382667054,0.8758727220607233,0.8491803197454987,0.8663972992310163
223,0,45,15,Mode,40,[   0  700  910 1329 1728 1940 2128 2281 2416 2508 2596 2699 2886 3314],13,700,88,254.92307692307693,145.60886259653543,1.3043851795248624,-0.05288541211336267,5.0921920647905745,16.99499851407478,0.008197439175596255,2.9185590185821213,13.056702010964095,0.8729532077601246,0.845283561546244,0.8629491312627567
224,0,45,20,Median,40,[   0 1329 2473 3314],3,1329,841,1104.6666666666667,436.95603087685663,0.8291083944487752,-0.012930637804443567,11.574168761542321,25.160619548502755,0.004063858062081163,8.741327517172502,21.39317211638599,0.9557321733661505,0.9725117119916866,0.9819750794809387
225,0,45,20,Mode,40,[   0 1329 2416 3314],3,1329,898,1104.6666666666667,375.2066140239231,0.767297478893763,-0.00971440347247499,10.381183242473236,26.54345024289862,0.00485943240766879,7.538966331454789,22.662315280458422,0.9727972917841357,0.9815692565585613,0.9878750065118929
226,0,45,20,Median,40,[   0 2472 3314],2,2472,842,1657.0,1009.1325609357147,1.267564544298139,0.008808906776349658,21.477822566627857,9.984691500753685,0.008808906776349658,21.477822566627857,9.984691500753685,0.9682777676525401,0.9872353546994442,0.9951441674980573
227,0,45,20,Mode,40,[   0 1329 2416 3314],3,1329,898,1104.6666666666667,375.2066140239231,0.767297478893763,-0.00971440347247499,10.381183242473236,26.54345024289862,0.00485943240766879,7.538966331454789,22.662315280458422,0.9727972917841357,0.9815692565585613,0.9878750065118929
228,0,45,20,Median,40,[   0 2472 3314],2,2472,842,1657.0,1009.1325609357147,1.267564544298139,0.008808906776349658,21.477822566627857,9.984691500753685,0.008808906776349658,21.477822566627857,9.984691500753685,0.9682777676525401,0.9872353546994442,0.9951441674980573
229,0,45,20,Mode,40,[   0 1329 2416 3314],3,1329,898,1104.6666666666667,375.2066140239231,0.767297478893763,-0.00971440347247499,10.381183242473236,26.54345024289862,0.00485943240766879,7.538966331454789,22.662315280458422,0.9727972917841357,0.9815692565585613,0.9878750065118929
230,0,45,20,Median,40,[   0 1329 1940 2472 3314],4,1329,532,828.5,253.93381842349694,0.7757777236831943,-0.012732832177681425,8.506442449665144,25.296175583838554,0.008004232407259036,5.101069046399071,21.885527169458285,0.953605852952407,0.9717637991614219,0.9798646347967335
231,0,45,20,Mode,40,[   0 1329 1940 2416 3314],4,1329,476,828.5,197.2835535810157,0.7059695099989138,-0.011901832789088579,7.474075990823009,26.015190915325643,0.004986803861794392,3.9912265254126553,23.0140927178213,0.9654417411660133,0.9782410422149338,0.9845549676134503
232,0,45,20,Median,40,[   0  910 1332 1940 2472 3314],5,910,422,662.8,221.060385344436,0.7735920620726207,-0.01604133700775989,6.984078237369922,21.819713557752618,0.005936540083276971,4.530043171578308,19.030111885465328,0.8983502945898102,0.8898595602963574,0.9149971668521198
233,0,45,20,Mode,40,[   0  910 1940 2416 3314],4,1030,476,828.5,223.91387740581447,0.7518056607445276,-0.013840623410868117,7.850426525453201,21.490925180811445,0.0025315160581560036,4.60586516279745,19.79446929447676,0.8938973088130003,0.8732306574195592,0.9069110407181482
234,0,45,20,Median,40,[   0  910 1332 1940 2416 2507 3314],6,910,91,552.3333333333334,139.22370052580612,0.9985002070280806,-0.017627623387122413,6.159013393980037,19.841631810349373,0.03172396449352285,2.792353345711674,17.229915029637443,0.8896991392820693,0.8744109275843487,0.902627779500056
235,0,45,20,Mode,40,[   0  910 1940 2416 2508 3314],5,1030,92,662.8,219.16750798837134,1.274959615063897,-0.018544642982173648,7.960769805652398,18.574633048495464,0.053582585095769464,4.2163910455200915,15.74303064132457,0.8734252026469236,0.8511687234975179,0.8892312689761075
236,0,45,20,Median,40,[   0  910 1332 1940 2416 2507 2858 3314],7,910,91,473.42857142857144,131.51831667439853,0.9597951658762774,-0.026890219936813838,5.6955143159183095,19.63300950608948,0.022949947525519793,2.5903766689115213,16.825253295467537,0.901194002987077,0.8704142724376209,0.8954039068075139
237,0,45,20,Mode,40,[   0  910 1940 2416 2508 2886 3314],6,1030,92,552.3333333333334,186.88517045196045,1.1599793030992254,-0.026770368787612457,6.806404305768137,19.642356291536835,0.03778911578450401,3.5351282199191716,16.108820035535167,0.8859477848264803,0.8457681907342259,0.8803429825007566
238,0,45,20,Median,40,[   0  910 1332 1940 2416 2508 2858 3314],7,910,92,473.42857142857144,164.69883396478363,1.0821177685752301,-0.02750773675129629,6.061092077716827,19.44913074893456,0.032325000520159505,3.1527734251867368,16.38736841327484,0.9009739016945947,0.8701927243285491,0.8952254823523255
239,0,45,20,Mode,40,[   0  910 1940 2416 2508 2886 3314],6,1030,92,552.3333333333334,186.88517045196045,1.1599793030992254,-0.026770368787612457,6.806404305768137,19.642356291536835,0.03778911578450401,3.5351282199191716,16.108820035535167,0.8859477848264803,0.8457681907342259,0.8803429825007566
240,0,45,20,Median,40,[   0  910 1332 1728 1940 2416 2508 2858 3314],8,910,92,414.25,161.07084046372938,1.106078682526289,-0.02987538248393046,5.462393808653746,19.8647017063406,0.02789177107308046,3.1533248663221136,14.586645669622628,0.8953747352410286,0.8579176445170874,0.8833680368716972
241,0,45,20,Mode,40,[   0  910 1329 1728 1940 2416 2508 2886 3314],8,910,92,414.25,157.1346312677484,1.0925791291114535,-0.032072125121428284,5.28542291897844,20.940787808566515,0.02638731927063307,3.0369278091491525,15.333859489411429,0.8922447298585593,0.854717690799433,0.8806991993092017
242,0,45,20,Median,40,[   0  910 1332 1728 1940 2275 2416 2508 2858 3314],9,910,92,368.22222222222223,144.60492750239166,1.1000945640794089,-0.0316370564305314,5.1555831216826675,18.93607576113873,0.01839701909878448,2.8439662922472677,14.073183656553688,0.8800180305522334,0.8366996723067437,0.864066199424075
243,0,45,20,Mode,40,[   0  910 1329 1728 1940 2281 2416 2508 2886 3314],9,910,92,368.22222222222223,140.44049277469568,1.08751541988945,-0.03331209033983189,5.0274994328681775,19.51321017191985,0.01691068060033452,2.7338126796367344,14.730430244331197,0.8758229087506096,0.8319583114553671,0.8600521714171948
244,0,45,20,Median,40,[   0  910 1332 1728 1940 2099 2281 2416 2508 2858 3314],10,910,92,331.4,158.01642280908777,1.2090679536089541,-0.04151373046792097,5.211167228630817,17.713954604187556,0.01893477850913623,3.227334560660634,13.00974555143697,0.8832130741636793,0.8385186145808583,0.8651355552934117
245,0,45,20,Mode,40,[   0  910 1329 1728 1940 2128 2281 2416 2508 2886 3314],10,910,92,331.4,138.55173035152953,1.1322235207905245,-0.04006781697033068,4.847508460056716,18.474928752319137,0.014860741577632754,2.752266848351645,13.972771296857086,0.8744820197008066,0.8330515218720286,0.8607421015295891
246,0,45,20,Median,40,[   0  910 1332 1728 1940 2099 2281 2416 2508 2596 2872 3314],11,910,88,301.27272727272725,199.87965616986418,1.439957362576073,-0.04854476012021615,5.99810898602958,17.323206053027803,0.016088635354077178,4.112115599686868,12.478880413378068,0.8659795880623842,0.8168661064336475,0.8471926613503253
247,0,45,20,Mode,40,[   0  910 1329 1728 1940 2128 2281 2416 2508 2596 2886 3314],11,910,88,301.27272727272725,187.00451046546263,1.3839545706340384,-0.04832776875252604,5.780580662979908,17.729160798530504,0.012333569546220011,3.796907649578853,13.019956656813978,0.860683905586725,0.8131589456878974,0.8443451463361805
248,0,45,20,Median,40,[   0  700  910 1332 1728 1940 2099 2281 2416 2508 2596 2872 3314],12,700,88,276.1666666666667,182.16577340988644,1.36310161891591,-0.050096847695632454,5.536515375663301,17.56646611321767,0.011950230866179506,3.748929760198472,13.254576476222718,0.888228028546141,0.857676982758823,0.8746554807002713
249,0,45,20,Mode,40,[   0  700  910 1329 1728 1940 2128 2281 2416 2508 2596 2886 3314],12,700,88,276.1666666666667,170.44075494824696,1.3075303348182998,-0.04980447588335585,5.338711844628568,18.124848882628005,0.009893581277717167,3.4652279340188756,13.866063947881083,0.8833923917102805,0.8529687732588543,0.870643807139382
250,0,45,20,Median,40,[   0  700  910 1332 1728 1940 2099 2281 2416 2508 2596 2720 2886 3314],13,700,88,254.92307692307693,157.97187337734587,1.343291397588495,-0.05516544795443188,5.236830482172582,17.169215271559963,0.00987691150019619,3.1970046443603084,12.533495801812101,0.8810432499025425,0.8518149959128806,0.8686083891593832
251,0,45,20,Mode,40,[   0  700  910 1329 1728 1940 2128 2281 2416 2508 2596 2699 2886 3314],13,700,88,254.92307692307693,145.60886259653543,1.3043851795248624,-0.05288541211336267,5.0921920647905745,16.99499851407478,0.008197439175596255,2.9185590185821213,13.056702010964095,0.8729532077601246,0.845283561546244,0.8629491312627567
252,0,50,10,Median,40,[   0 1329 2507 3314],3,1329,807,1104.6666666666667,410.2467520576388,0.8048113565865943,-0.01229408816409803,11.075574181655876,26.234776251149825,0.0035008497131592256,8.20576288130192,22.26331284962895,0.9212173853226963,0.9461277641481886,0.9647340947972756
253,0,50,10,Mode,40,[   0 1329 2416 3314],3,1329,898,1104.6666666666667,375.2066140239231,0.767297478893763,-0.00971440347247499,10.381183242473236,26.54345024289862,0.00485943240766879,7.538966331454789,22.662315280458422,0.9727972917841357,0.9815692565585613,0.9878750065118929
254,0,50,10,Median,40,[   0 2507 3314],2,2507,807,1657.0,954.7859087884764,1.2505910553192494,0.006845849843010677,20.31404381908669,10.109662458284031,0.006845849843010677,20.31404381908669,10.109662458284031,0.8922523396306895,0.9428642743318725,0.9786091577341919
255,0,50,10,Mode,40,[   0 1329 2416 3314],3,1329,898,1104.6666666666667,375.2066140239231,0.767297478893763,-0.00971440347247499,10.381183242473236,26.54345024289862,0.00485943240766879,7.538966331454789,22.662315280458422,0.9727972917841357,0.9815692565585613,0.9878750065118929
256,0,50,10,Median,40,[   0 2472 3314],2,2472,842,1657.0,1009.1325609357147,1.267564544298139,0.008808906776349658,21.477822566627857,9.984691500753685,0.008808906776349658,21.477822566627857,9.984691500753685,0.9682777676525401,0.9872353546994442,0.9951441674980573
257,0,50,10,Mode,40,[   0 1329 2416 3314],3,1329,898,1104.6666666666667,375.2066140239231,0.767297478893763,-0.00971440347247499,10.381183242473236,26.54345024289862,0.00485943240766879,7.538966331454789,22.662315280458422,0.9727972917841357,0.9815692565585613,0.9878750065118929
258,0,50,10,Median,40,[   0 1329 1940 2472 3314],4,1329,532,828.5,253.93381842349694,0.7757777236831943,-0.012732832177681425,8.506442449665144,25.296175583838554,0.008004232407259036,5.101069046399071,21.885527169458285,0.953605852952407,0.9717637991614219,0.9798646347967335
259,0,50,10,Mode,40,[   0 1329 1940 2416 3314],4,1329,476,828.5,197.2835535810157,0.7059695099989138,-0.011901832789088579,7.474075990823009,26.015190915325643,0.004986803861794392,3.9912265254126553,23.0140927178213,0.9654417411660133,0.9782410422149338,0.9845549676134503
260,0,50,10,Median,40,[   0  910 1332 1940 2472 3314],5,910,422,662.8,221.060385344436,0.7735920620726207,-0.01604133700775989,6.984078237369922,21.819713557752618,0.005936540083276971,4.530043171578308,19.030111885465328,0.8983502945898102,0.8898595602963574,0.9149971668521198
261,0,50,10,Mode,40,[   0  910 1940 2416 3314],4,1030,476,828.5,223.91387740581447,0.7518056607445276,-0.013840623410868117,7.850426525453201,21.490925180811445,0.0025315160581560036,4.60586516279745,19.79446929447676,0.8938973088130003,0.8732306574195592,0.9069110407181482
262,0,50,10,Median,40,[   0  910 1332 1940 2472 2858 3314],6,910,386,552.3333333333334,140.6688753037722,0.7364278983339123,-0.026259159778731497,6.219952283000122,21.549714793107622,0.004592691886411983,2.8625892029706796,18.700028001855536,0.9071383687610403,0.878000898547903,0.9019443919242152
263,0,50,10,Mode,40,[   0  910 1329 1940 2416 2886 3314],6,910,419,552.3333333333334,116.60972148505944,0.6505036395933858,-0.03069836001424256,5.464143990614132,25.734447753219133,-2.0658103773357838e-05,2.3477981591914125,22.323765833787768,0.9124621463544906,0.880951681330452,0.904259630743959
264,0,50,10,Median,40,[   0  910 1332 1940 2416 2507 2858 3314],7,910,91,473.42857142857144,131.51831667439853,0.9597951658762774,-0.026890219936813838,5.6955143159183095,19.63300950608948,0.022949947525519793,2.5903766689115213,16.825253295467537,0.901194002987077,0.8704142724376209,0.8954039068075139
265,0,50,10,Mode,40,[   0  910 1940 2416 2508 2886 3314],6,1030,92,552.3333333333334,186.88517045196045,1.1599793030992254,-0.026770368787612457,6.806404305768137,19.642356291536835,0.03778911578450401,3.5351282199191716,16.108820035535167,0.8859477848264803,0.8457681907342259,0.8803429825007566
266,0,50,10,Median,40,[   0  373  910 1332 1940 2416 2507 2858 3314],8,608,91,414.25,118.11542588224208,0.8941142485492202,-0.031007733206079253,5.161762440349871,20.599660833496717,0.019086150621105913,2.355968299665644,18.139157739335346,0.8629300673969397,0.7867976115791298,0.8172927820470312
267,0,50,10,Mode,40,[   0  373  910 1329 1940 2416 2508 2886 3314],8,611,92,414.25,136.32449422612515,0.9528323477063199,-0.033911749209399066,5.23280408515291,23.81796317915126,0.025965538984925835,2.601517504988269,20.48765941687435,0.8596465566364783,0.7822558018737903,0.8133476436475582
268,0,50,10,Median,40,[   0  373  910 1332 1728 1940 2416 2507 2858 3314],9,537,91,368.22222222222223,120.7638575791373,0.9385804882596477,-0.03252600692045883,4.750223564008073,20.76821586433792,0.016861931092293454,2.4560514513492357,16.3445516728821,0.8599441060537687,0.7615502141256622,0.7921564128477009
269,0,50,10,Mode,40,[   0  373  910 1329 1728 1940 2416 2508 2886 3314],9,537,92,368.22222222222223,142.8197954661415,1.016925028400291,-0.03452404804498379,4.869887914736142,22.374304134386858,0.023238956781932132,2.7827570579755108,17.001942850317278,0.8569487186395162,0.7569314604681965,0.7880660976611664
270,0,50,10,Median,40,[   0  373  910 1332 1728 1940 2275 2416 2507 2858 3314],10,537,91,331.4,117.0587876377563,0.9655717404262647,-0.03391037480539605,4.556494136529601,20.042213603130016,0.011743951726289378,2.392299168538032,15.657799261691784,0.8474387155487423,0.7262650392569354,0.7586750051896946
271,0,50,10,Mode,40,[   0  373  910 1329 1728 1940 2281 2416 2508 2886 3314],10,537,92,331.4,129.57109856138425,1.0208299647264174,-0.03538308803852579,4.687042378302072,21.072582734162797,0.015165096018189082,2.5415625818726553,16.280218703478642,0.8434565140308888,0.7195798731408712,0.7527214861367789
272,0,50,10,Median,40,[   0  373  910 1332 1728 1940 2275 2416 2508 2858 3314],10,537,92,331.4,132.72638901649296,1.033420584135794,-0.03423395396976748,4.800994631240022,19.687773966649534,0.01589772466498872,2.633472046907614,15.400894850552412,0.8472644493155534,0.7259143477015179,0.7583614801729465
273,0,50,10,Mode,40,[   0  373  910 1329 1728 1940 2281 2416 2508 2886 3314],10,537,92,331.4,129.57109856138425,1.0208299647264174,-0.03538308803852579,4.687042378302072,21.072582734162797,0.015165096018189082,2.5415625818726553,16.280218703478642,0.8434565140308888,0.7195798731408712,0.7527214861367789
274,0,50,10,Median,40,[   0  373  910 1332 1728 1940 2035 2281 2416 2507 2596 2872 3314],12,537,89,276.1666666666667,163.63181299928485,1.2653767663705542,-0.03949919320260396,5.181836640616324,19.01697317690252,0.015290283136704559,3.2031504310375016,14.378746348132053,0.8363378377002022,0.6923445911578746,0.7272679836403481
275,0,50,10,Mode,40,[   0  373  910 1329 1728 1940 2035 2281 2416 2508 2596 2886 3314],12,537,88,276.1666666666667,166.69187208251444,1.2911255167459206,-0.046763645155966906,5.2402481762669835,19.688021371409626,0.013139539767451818,3.3707868594481627,14.658551015325147,0.836724507722603,0.6896787847886733,0.7248571860440347
276,0,50,10,Median,40,[   0  373  910 1332 1728 1940 2035 2281 2416 2508 2596 2872 3314],12,537,88,276.1666666666667,164.52867440726612,1.2889080003025615,-0.04594217450378368,5.252067185845351,18.935028044665497,0.013695761417067197,3.337805566260921,14.237644702760091,0.836246832141021,0.6922636541665157,0.7271960469901513
277,0,50,10,Mode,40,[   0  373  910 1329 1728 1940 2035 2281 2416 2508 2596 2886 3314],12,537,88,276.1666666666667,166.69187208251444,1.2911255167459206,-0.046763645155966906,5.2402481762669835,19.688021371409626,0.013139539767451818,3.3707868594481627,14.658551015325147,0.836724507722603,0.6896787847886733,0.7248571860440347
278,0,50,10,Median,40,[   0  373  910 1332 1728 1940 2035 2281 2416 2508 2596 2872 3314],12,537,88,276.1666666666667,164.52867440726612,1.2889080003025615,-0.04594217450378368,5.252067185845351,18.935028044665497,0.013695761417067197,3.337805566260921,14.237644702760091,0.836246832141021,0.6922636541665157,0.7271960469901513
279,0,50,10,Mode,40,[   0  373  910 1329 1728 1940 2035 2281 2416 2508 2596 2886 3314],12,537,88,276.1666666666667,166.69187208251444,1.2911255167459206,-0.046763645155966906,5.2402481762669835,19.688021371409626,0.013139539767451818,3.3707868594481627,14.658551015325147,0.836724507722603,0.6896787847886733,0.7248571860440347
280,0,50,15,Median,40,[   0 1329 2473 3314],3,1329,841,1104.6666666666667,436.95603087685663,0.8291083944487752,-0.012930637804443567,11.574168761542321,25.160619548502755,0.004063858062081163,8.741327517172502,21.39317211638599,0.9557321733661505,0.9725117119916866,0.9819750794809387
281,0,50,15,Mode,40,[   0 1329 2416 3314],3,1329,898,1104.6666666666667,375.2066140239231,0.767297478893763,-0.00971440347247499,10.381183242473236,26.54345024289862,0.00485943240766879,7.538966331454789,22.662315280458422,0.9727972917841357,0.9815692565585613,0.9878750065118929
282,0,50,15,Median,40,[   0 2472 3314],2,2472,842,1657.0,1009.1325609357147,1.267564544298139,0.008808906776349658,21.477822566627857,9.984691500753685,0.008808906776349658,21.477822566627857,9.984691500753685,0.9682777676525401,0.9872353546994442,0.9951441674980573
283,0,50,15,Mode,40,[   0 1329 2416 3314],3,1329,898,1104.6666666666667,375.2066140239231,0.767297478893763,-0.00971440347247499,10.381183242473236,26.54345024289862,0.00485943240766879,7.538966331454789,22.662315280458422,0.9727972917841357,0.9815692565585613,0.9878750065118929
284,0,50,15,Median,40,[   0 2472 3314],2,2472,842,1657.0,1009.1325609357147,1.267564544298139,0.008808906776349658,21.477822566627857,9.984691500753685,0.008808906776349658,21.477822566627857,9.984691500753685,0.9682777676525401,0.9872353546994442,0.9951441674980573
285,0,50,15,Mode,40,[   0 1329 2416 3314],3,1329,898,1104.6666666666667,375.2066140239231,0.767297478893763,-0.00971440347247499,10.381183242473236,26.54345024289862,0.00485943240766879,7.538966331454789,22.662315280458422,0.9727972917841357,0.9815692565585613,0.9878750065118929
286,0,50,15,Median,40,[   0 1329 1940 2472 3314],4,1329,532,828.5,253.93381842349694,0.7757777236831943,-0.012732832177681425,8.506442449665144,25.296175583838554,0.008004232407259036,5.101069046399071,21.885527169458285,0.953605852952407,0.9717637991614219,0.9798646347967335
287,0,50,15,Mode,40,[   0 1329 1940 2416 3314],4,1329,476,828.5,197.2835535810157,0.7059695099989138,-0.011901832789088579,7.474075990823009,26.015190915325643,0.004986803861794392,3.9912265254126553,23.0140927178213,0.9654417411660133,0.9782410422149338,0.9845549676134503
288,0,50,15,Median,40,[   0  910 1332 1940 2472 3314],5,910,422,662.8,221.060385344436,0.7735920620726207,-0.01604133700775989,6.984078237369922,21.819713557752618,0.005936540083276971,4.530043171578308,19.030111885465328,0.8983502945898102,0.8898595602963574,0.9149971668521198
289,0,50,15,Mode,40,[   0  910 1940 2416 3314],4,1030,476,828.5,223.91387740581447,0.7518056607445276,-0.013840623410868117,7.850426525453201,21.490925180811445,0.0025315160581560036,4.60586516279745,19.79446929447676,0.8938973088130003,0.8732306574195592,0.9069110407181482
290,0,50,15,Median,40,[   0  910 1332 1940 2416 2507 3314],6,910,91,552.3333333333334,139.22370052580612,0.9985002070280806,-0.017627623387122413,6.159013393980037,19.841631810349373,0.03172396449352285,2.792353345711674,17.229915029637443,0.8896991392820693,0.8744109275843487,0.902627779500056
291,0,50,15,Mode,40,[   0  910 1940 2416 2508 3314],5,1030,92,662.8,219.16750798837134,1.274959615063897,-0.018544642982173648,7.960769805652398,18.574633048495464,0.053582585095769464,4.2163910455200915,15.74303064132457,0.8734252026469236,0.8511687234975179,0.8892312689761075
292,0,50,15,Median,40,[   0  910 1332 1940 2416 2507 2858 3314],7,910,91,473.42857142857144,131.51831667439853,0.9597951658762774,-0.026890219936813838,5.6955143159183095,19.63300950608948,0.022949947525519793,2.5903766689115213,16.825253295467537,0.901194002987077,0.8704142724376209,0.8954039068075139
293,0,50,15,Mode,40,[   0  910 1940 2416 2508 2886 3314],6,1030,92,552.3333333333334,186.88517045196045,1.1599793030992254,-0.026770368787612457,6.806404305768137,19.642356291536835,0.03778911578450401,3.5351282199191716,16.108820035535167,0.8859477848264803,0.8457681907342259,0.8803429825007566
294,0,50,15,Median,40,[   0  373  910 1332 1940 2416 2507 2858 3314],8,608,91,414.25,118.11542588224208,0.8941142485492202,-0.031007733206079253,5.161762440349871,20.599660833496717,0.019086150621105913,2.355968299665644,18.139157739335346,0.8629300673969397,0.7867976115791298,0.8172927820470312
295,0,50,15,Mode,40,[   0  373  910 1329 1940 2416 2508 2886 3314],8,611,92,414.25,136.32449422612515,0.9528323477063199,-0.033911749209399066,5.23280408515291,23.81796317915126,0.025965538984925835,2.601517504988269,20.48765941687435,0.8596465566364783,0.7822558018737903,0.8133476436475582
296,0,50,15,Median,40,[   0  373  910 1332 1728 1940 2416 2507 2858 3314],9,537,91,368.22222222222223,120.7638575791373,0.9385804882596477,-0.03252600692045883,4.750223564008073,20.76821586433792,0.016861931092293454,2.4560514513492357,16.3445516728821,0.8599441060537687,0.7615502141256622,0.7921564128477009
297,0,50,15,Mode,40,[   0  373  910 1329 1728 1940 2416 2508 2886 3314],9,537,92,368.22222222222223,142.8197954661415,1.016925028400291,-0.03452404804498379,4.869887914736142,22.374304134386858,0.023238956781932132,2.7827570579755108,17.001942850317278,0.8569487186395162,0.7569314604681965,0.7880660976611664
298,0,50,15,Median,40,[   0  373  910 1332 1728 1940 2416 2508 2858 3314],9,537,92,368.22222222222223,145.64924554692612,1.0303224402838622,-0.032929601272615856,5.024873411300095,20.593843324348246,0.023893220838273235,2.877849018555647,16.01613801123758,0.8597610704195565,0.7612289316615618,0.7918734776042792
299,0,50,15,Mode,40,[   0  373  910 1329 1728 1940 2416 2508 2886 3314],9,537,92,368.22222222222223,142.8197954661415,1.016925028400291,-0.03452404804498379,4.869887914736142,22.374304134386858,0.023238956781932132,2.7827570579755108,17.001942850317278,0.8569487186395162,0.7569314604681965,0.7880660976611664
300,0,50,15,Median,40,[   0  373  910 1332 1728 1940 2275 2416 2508 2858 3314],10,537,92,331.4,132.72638901649296,1.033420584135794,-0.03423395396976748,4.800994631240022,19.687773966649534,0.01589772466498872,2.633472046907614,15.400894850552412,0.8472644493155534,0.7259143477015179,0.7583614801729465
301,0,50,15,Mode,40,[   0  373  910 1329 1728 1940 2281 2416 2508 2886 3314],10,537,92,331.4,129.57109856138425,1.0208299647264174,-0.03538308803852579,4.687042378302072,21.072582734162797,0.015165096018189082,2.5415625818726553,16.280218703478642,0.8434565140308888,0.7195798731408712,0.7527214861367789
302,0,50,15,Median,40,[   0  373  910 1332 1728 1940 2275 2416 2508 2596 2872 3314],11,537,88,301.27272727272725,177.11862575652884,1.281874730050229,-0.04491183726755801,5.626176141450956,19.24831809221392,0.013355286894344417,3.57763933730915,14.630914782581964,0.8315711896382947,0.695910975231039,0.7315070071932555
303,0,50,15,Mode,40,[   0  373 1329 1728 1940 2281 2416 2508 2596 2886 3314],10,956,88,331.4,200.99790295764336,1.38666583011151,-0.04520694938612216,6.180513899504128,18.151639709370293,0.015634037401674697,4.067500843715765,13.2787880330574,0.843989601298921,0.7341247916318648,0.7737737631685315
304,0,50,15,Median,40,[   0  373  910 1332 1728 1940 2035 2281 2416 2508 2596 2872 3314],12,537,88,276.1666666666667,164.52867440726612,1.2889080003025615,-0.04594217450378368,5.252067185845351,18.935028044665497,0.013695761417067197,3.337805566260921,14.237644702760091,0.836246832141021,0.6922636541665157,0.7271960469901513
305,0,50,15,Mode,40,[   0  373  910 1329 1728 1940 2035 2281 2416 2508 2596 2886 3314],12,537,88,276.1666666666667,166.69187208251444,1.2911255167459206,-0.046763645155966906,5.2402481762669835,19.688021371409626,0.013139539767451818,3.3707868594481627,14.658551015325147,0.836724507722603,0.6896787847886733,0.7248571860440347
306,0,50,15,Median,40,[   0  373  910 1332 1728 1940 2035 2281 2416 2508 2596 2872 3314],12,537,88,276.1666666666667,164.52867440726612,1.2889080003025615,-0.04594217450378368,5.252067185845351,18.935028044665497,0.013695761417067197,3.337805566260921,14.237644702760091,0.836246832141021,0.6922636541665157,0.7271960469901513
307,0,50,15,Mode,40,[   0  373  910 1329 1728 1940 2035 2281 2416 2508 2596 2886 3314],12,537,88,276.1666666666667,166.69187208251444,1.2911255167459206,-0.046763645155966906,5.2402481762669835,19.688021371409626,0.013139539767451818,3.3707868594481627,14.658551015325147,0.836724507722603,0.6896787847886733,0.7248571860440347
308,0,50,20,Median,40,[   0 1329 2473 3314],3,1329,841,1104.6666666666667,436.95603087685663,0.8291083944487752,-0.012930637804443567,11.574168761542321,25.160619548502755,0.004063858062081163,8.741327517172502,21.39317211638599,0.9557321733661505,0.9725117119916866,0.9819750794809387
309,0,50,20,Mode,40,[   0 1329 2416 3314],3,1329,898,1104.6666666666667,375.2066140239231,0.767297478893763,-0.00971440347247499,10.381183242473236,26.54345024289862,0.00485943240766879,7.538966331454789,22.662315280458422,0.9727972917841357,0.9815692565585613,0.9878750065118929
310,0,50,20,Median,40,[   0 2472 3314],2,2472,842,1657.0,1009.1325609357147,1.267564544298139,0.008808906776349658,21.477822566627857,9.984691500753685,0.008808906776349658,21.477822566627857,9.984691500753685,0.9682777676525401,0.9872353546994442,0.9951441674980573
311,0,50,20,Mode,40,[   0 1329 2416 3314],3,1329,898,1104.6666666666667,375.2066140239231,0.767297478893763,-0.00971440347247499,10.381183242473236,26.54345024289862,0.00485943240766879,7.538966331454789,22.662315280458422,0.9727972917841357,0.9815692565585613,0.9878750065118929
312,0,50,20,Median,40,[   0 2472 3314],2,2472,842,1657.0,1009.1325609357147,1.267564544298139,0.008808906776349658,21.477822566627857,9.984691500753685,0.008808906776349658,21.477822566627857,9.984691500753685,0.9682777676525401,0.9872353546994442,0.9951441674980573
313,0,50,20,Mode,40,[   0 1329 2416 3314],3,1329,898,1104.6666666666667,375.2066140239231,0.767297478893763,-0.00971440347247499,10.381183242473236,26.54345024289862,0.00485943240766879,7.538966331454789,22.662315280458422,0.9727972917841357,0.9815692565585613,0.9878750065118929
314,0,50,20,Median,40,[   0 1329 1940 2472 3314],4,1329,532,828.5,253.93381842349694,0.7757777236831943,-0.012732832177681425,8.506442449665144,25.296175583838554,0.008004232407259036,5.101069046399071,21.885527169458285,0.953605852952407,0.9717637991614219,0.9798646347967335
315,0,50,20,Mode,40,[   0 1329 1940 2416 3314],4,1329,476,828.5,197.2835535810157,0.7059695099989138,-0.011901832789088579,7.474075990823009,26.015190915325643,0.004986803861794392,3.9912265254126553,23.0140927178213,0.9654417411660133,0.9782410422149338,0.9845549676134503
316,0,50,20,Median,40,[   0  910 1332 1940 2472 3314],5,910,422,662.8,221.060385344436,0.7735920620726207,-0.01604133700775989,6.984078237369922,21.819713557752618,0.005936540083276971,4.530043171578308,19.030111885465328,0.8983502945898102,0.8898595602963574,0.9149971668521198
317,0,50,20,Mode,40,[   0  910 1940 2416 3314],4,1030,476,828.5,223.91387740581447,0.7518056607445276,-0.013840623410868117,7.850426525453201,21.490925180811445,0.0025315160581560036,4.60586516279745,19.79446929447676,0.8938973088130003,0.8732306574195592,0.9069110407181482
318,0,50,20,Median,40,[   0  910 1332 1940 2416 2507 3314],6,910,91,552.3333333333334,139.22370052580612,0.9985002070280806,-0.017627623387122413,6.159013393980037,19.841631810349373,0.03172396449352285,2.792353345711674,17.229915029637443,0.8896991392820693,0.8744109275843487,0.902627779500056
319,0,50,20,Mode,40,[   0  910 1940 2416 2508 3314],5,1030,92,662.8,219.16750798837134,1.274959615063897,-0.018544642982173648,7.960769805652398,18.574633048495464,0.053582585095769464,4.2163910455200915,15.74303064132457,0.8734252026469236,0.8511687234975179,0.8892312689761075
320,0,50,20,Median,40,[   0  910 1332 1940 2416 2507 2858 3314],7,910,91,473.42857142857144,131.51831667439853,0.9597951658762774,-0.026890219936813838,5.6955143159183095,19.63300950608948,0.022949947525519793,2.5903766689115213,16.825253295467537,0.901194002987077,0.8704142724376209,0.8954039068075139
321,0,50,20,Mode,40,[   0  910 1940 2416 2508 2886 3314],6,1030,92,552.3333333333334,186.88517045196045,1.1599793030992254,-0.026770368787612457,6.806404305768137,19.642356291536835,0.03778911578450401,3.5351282199191716,16.108820035535167,0.8859477848264803,0.8457681907342259,0.8803429825007566
322,0,50,20,Median,40,[   0  373  910 1332 1940 2416 2507 2858 3314],8,608,91,414.25,118.11542588224208,0.8941142485492202,-0.031007733206079253,5.161762440349871,20.599660833496717,0.019086150621105913,2.355968299665644,18.139157739335346,0.8629300673969397,0.7867976115791298,0.8172927820470312
323,0,50,20,Mode,40,[   0  373  910 1329 1940 2416 2508 2886 3314],8,611,92,414.25,136.32449422612515,0.9528323477063199,-0.033911749209399066,5.23280408515291,23.81796317915126,0.025965538984925835,2.601517504988269,20.48765941687435,0.8596465566364783,0.7822558018737903,0.8133476436475582
324,0,50,20,Median,40,[   0  373  910 1332 1728 1975 2416 2507 2858 3314],9,537,91,368.22222222222223,118.31598860581852,0.9184741504714548,-0.03150049760910884,4.74778935511733,20.565717227645226,0.016112660614410988,2.389173137003783,16.931002683351565,0.8637784715866599,0.7620475166390148,0.7922040266680607
325,0,50,20,Mode,40,[   0  373  910 1329 1728 1940 2416 2508 2886 3314],9,537,92,368.22222222222223,142.8197954661415,1.016925028400291,-0.03452404804498379,4.869887914736142,22.374304134386858,0.023238956781932132,2.7827570579755108,17.001942850317278,0.8569487186395162,0.7569314604681965,0.7880660976611664
326,0,50,20,Median,40,[   0  373  910 1332 1728 1975 2416 2508 2858 3314],9,537,92,368.22222222222223,142.78035729297488,1.0079742840234385,-0.031832911784626466,5.022436001583755,20.47425664745242,0.02302644976233601,2.7965820396484764,16.624057123883162,0.8635957403041459,0.7617226990742663,0.7919174572617935
327,0,50,20,Mode,40,[   0  373  910 1329 1728 1940 2416 2508 2886 3314],9,537,92,368.22222222222223,142.8197954661415,1.016925028400291,-0.03452404804498379,4.869887914736142,22.374304134386858,0.023238956781932132,2.7827570579755108,17.001942850317278,0.8569487186395162,0.7569314604681965,0.7880660976611664
328,0,50,20,Median,40,[   0  373  910 1332 1728 1940 2058 2416 2508 2858 3314],10,537,92,331.4,158.78751929032782,1.1611853887742418,-0.03558261847124991,4.981905142413709,19.47587829607453,0.025183251835128012,3.201737916565426,14.572455039230098,0.8633339645563385,0.7493019360967246,0.779380618456356
329,0,50,20,Mode,40,[   0  373  910 1329 1728 1940 2035 2416 2508 2886 3314],10,537,92,331.4,138.03078990361334,1.088435059398845,-0.03573543182625544,4.538114319595956,22.477205304543183,0.022420175402560163,2.7100603563065455,15.886725529562373,0.8621306571920789,0.7483925304203302,0.7788240011865422
330,0,50,20,Median,40,[   0  373  910 1332 1728 1940 2058 2281 2416 2508 2858 3314],11,537,92,301.27272727272725,138.55437669587263,1.1304791978677113,-0.039739634566166186,4.736412311657165,18.79000517900869,0.017780458077069586,2.8220389028571597,14.334221815585508,0.8505335625693035,0.7226565552797036,0.7543754919470995
331,0,50,20,Mode,40,[   0  373  910 1329 1728 1940 2035 2281 2416 2508 2886 3314],11,537,92,301.27272727272725,121.05310614167983,1.0552846664979465,-0.03665065476098278,4.346997906500881,20.537529734029103,0.015494591617846465,2.3879980593306067,15.679943627215062,0.8489940185768025,0.7183936067391425,0.7506207402529352
332,0,50,20,Median,40,[   0  373  910 1332 1728 1940 2058 2281 2416 2508 2596 2872 3314],12,537,88,276.1666666666667,178.38113848868892,1.347523092905205,-0.04752317932676878,5.49494006804527,18.345363211039253,0.01529799342993105,3.6632303617722344,13.731210211518457,0.8352046392502251,0.6915831653022114,0.7265062460391672
333,0,50,20,Mode,40,[   0  373  910 1329 1728 1940 2035 2281 2416 2508 2596 2886 3314],12,537,88,276.1666666666667,166.69187208251444,1.2911255167459206,-0.046763645155966906,5.2402481762669835,19.688021371409626,0.013139539767451818,3.3707868594481627,14.658551015325147,0.836724507722603,0.6896787847886733,0.7248571860440347
334,0,50,20,Median,40,[   0  373  910 1332 1728 1940 2058 2281 2416 2508 2596 2872 3314],12,537,88,276.1666666666667,178.38113848868892,1.347523092905205,-0.04752317932676878,5.49494006804527,18.345363211039253,0.01529799342993105,3.6632303617722344,13.731210211518457,0.8352046392502251,0.6915831653022114,0.7265062460391672
335,0,50,20,Mode,40,[   0  373  910 1329 1728 1940 2035 2281 2416 2508 2596 2886 3314],12,537,88,276.1666666666667,166.69187208251444,1.2911255167459206,-0.046763645155966906,5.2402481762669835,19.688021371409626,0.013139539767451818,3.3707868594481627,14.658551015325147,0.836724507722603,0.6896787847886733,0.7248571860440347
336,40,35,10,Median,40,[   0 1182 2416 3314],3,1234,898,1104.6666666666667,446.4301377270196,0.8247287270590491,-0.011666092609104863,10.650666297673792,23.68542156292425,0.004218732443170201,9.060716797422016,20.233863568178602,0.8859607930478824,0.8830763430722613,0.9229780064877309
337,40,35,10,Mode,40,[   0 1332 1940 3314],3,1374,608,1104.6666666666667,196.97186802835293,0.6411731763728972,-0.007468272472435093,6.445363162413981,25.975146347949025,0.00019447738255902512,4.121284129102578,22.87477010082689,0.9580914435059075,0.978782835395907,0.9866225144237125
338,40,35,10,Median,40,[   0  259 1329 2416 3314],4,1087,259,828.5,283.91180227039416,0.7538192542810007,-0.024302019590213206,7.728253061962304,24.60590806024545,0.0016248116624184717,5.835744142102627,21.010910950601595,0.8988817161578835,0.9040450033975248,0.934182224472541
339,40,35,10,Mode,40,[   0  126 1332 1940 3314],4,1374,126,828.5,155.88929455747225,0.6991561064044592,-0.02756911390158835,4.833342434447517,23.293739723541176,-0.006164597751813144,3.289365967168745,20.25601736457847,0.9420268888577003,0.9681642339566786,0.9791434207666229
340,40,35,10,Median,40,[   0  259 1329 1940 2507 3314],5,1070,259,662.8,210.5838823815986,0.7552995415230213,-0.027343858624542042,6.775101166373253,24.082100509910777,0.00453148357061642,4.314441843140082,20.82262730591907,0.8699528351482835,0.8599227134150101,0.8963458601664817
341,40,35,10,Mode,40,[   0  126 1332 1940 2416 3314],5,1206,126,662.8,170.97362201498547,0.7482644569613235,-0.029289040777403654,6.073102226130894,22.24280017965024,-0.002519436074052436,3.5395320357292412,19.857298348453288,0.9542815024133452,0.968140221248979,0.976611478720029
342,40,35,10,Median,40,[   0  259 1329 1940 2472 3161 3314],6,1070,153,552.3333333333334,180.10118366489164,0.7728112388286785,-0.033909415416110734,5.947297324685025,23.580610831407018,0.0034721974298770873,3.7167787959917207,19.86031883883491,0.86341202550445,0.8450872956792791,0.8843111383775951
343,40,35,10,Mode,40,[   0  126 1332 1940 2416 3161 3314],6,1206,126,552.3333333333334,142.47906598553388,0.7521715551923644,-0.03780438304169075,5.205214610976536,22.013401561654888,-0.0033883396987296416,2.941346377770916,19.126669336215826,0.9191415304882897,0.9325016689018464,0.9497923035995203
344,40,35,10,Median,40,[   0  126  910 1332 1940 2472 3161 3314],7,784,126,473.42857142857144,160.1815996141666,0.7689424862998888,-0.03800270278997813,5.166249923500623,20.96046590556413,0.001256546614440447,3.3183220446585255,18.23545358385762,0.8660028679448671,0.8364443697838273,0.8694338536775034
345,40,35,10,Mode,40,[   0  126  910 1332 1940 2416 3161 3314],7,784,126,473.42857142857144,129.28502719936813,0.7219730829995511,-0.03802601463642994,4.639909161923857,21.317934154531393,-0.0010409937068154862,2.688138127958041,19.028198655155013,0.8740170943026707,0.8430122410230154,0.8751334393072365
346,40,35,10,Median,40,[   0  126  910 1332 1940 2270 2473 3161 3314],8,784,126,414.25,131.57741382181075,0.8617287013209225,-0.04005692192000425,5.061281976966817,19.471118390613018,0.008983584231538957,2.6855612437805307,16.72279523572029,0.852571406996333,0.8157442743183972,0.8504713618651593
347,40,35,10,Mode,40,[   0  126  910 1332 1940 2270 2416 3161 3314],8,784,126,414.25,88.80875404822893,0.759216550312497,-0.03935109783616867,4.3744998686979555,20.18030163301758,0.0005683721223477195,1.9161334417850304,17.742793540974407,0.8596363390521423,0.8247711460379132,0.8586279531223279
348,40,35,10,Median,40,[   0  126  910 1332 1940 2167 2473 2886 3193 3314],9,784,121,368.22222222222223,131.07975259470362,0.9035334644503584,-0.049172502253459115,4.8905968318250315,18.56707950216297,0.004618128266001147,2.719477505190034,15.639280362187062,0.8826852097888586,0.836927305384719,0.8633601114478695
349,40,35,10,Mode,40,[   0  126  910 1332 1940 2270 2416 2886 3161 3314],9,784,126,368.22222222222223,89.596056456806,0.7635917164492673,-0.04670103848533509,4.20056219438689,19.845843747805887,-0.0003874646754999562,1.9136855869947331,17.594353098076734,0.8734966294325192,0.8272215565130161,0.8553598182471975
350,40,35,10,Median,40,[   0  126  666  910 1332 1940 2270 2473 2886 3193 3314],10,608,121,331.4,119.10217399649689,0.891672683306228,-0.050114818125002444,4.425222463550711,18.730386490604285,0.006211086564650799,2.4575525289496714,15.500717962873349,0.8917125104020129,0.8596763154237057,0.8769072804248327
351,40,35,10,Mode,40,[   0  126  666  910 1332 1940 2270 2416 2886 3161 3314],10,608,126,331.4,89.54303784217124,0.7836837575325741,-0.047607064804947634,3.9101069777247597,19.7222164993125,-0.0013806868871709434,1.9215168002883223,16.856009952080967,0.8940443410856465,0.8614890890778645,0.8787614669299335
352,40,35,10,Median,40,[   0   87  277  666  910 1332 1940 2167 2473 2886 3193 3314],11,608,87,301.27272727272725,132.64916847556165,0.9844436424211522,-0.05082024739986848,4.473435567475549,17.793200497380827,0.004952872153288558,2.8256518554759227,13.891902721407813,0.8859604217573748,0.8186140802085536,0.8409070355868197
353,40,35,10,Mode,40,[   0  126  259  666  910 1332 1940 2270 2416 2886 3161 3314],11,608,126,301.27272727272725,91.93786313620387,0.8312262996196523,-0.04873143026725665,3.7414473622328654,19.009056001033873,0.00044251992477221307,1.9975278134996095,15.893218417554298,0.8748488297471717,0.8096498642007545,0.8332699125041929
354,40,35,10,Median,40,[   0  126  666  910 1329 1445 1940 2167 2416 2508 2886 3193 3314],12,540,92,276.1666666666667,164.9976467435835,1.2269601409729949,-0.05005526012090825,4.520903467802542,18.208044082030895,0.026764810201072478,3.34739153454686,11.863348335624119,0.8968759192240606,0.8539417307859102,0.8704137150165004
355,40,35,10,Mode,40,[   0  126  666  910 1332 1422 1940 2270 2416 2508 2886 3161 3314],12,540,90,276.1666666666667,115.02571575129811,1.0315652386810186,-0.04677041641912695,4.001208471728802,17.926085784660035,0.012684355935743479,2.2840301340998823,13.87469274482628,0.8867153492345242,0.8376413570641328,0.8560606851078307
356,40,35,10,Median,40,[   0  126  666  910 1329 1445 1707 1940 2167 2416 2508 2886 3193 3314],13,540,92,254.92307692307693,155.50693240209227,1.2058241392416595,-0.050150534568486595,4.367763019044119,17.792447981645417,0.023848559128540284,3.166943809117385,11.910998502771015,0.9000459684086919,0.843466133805277,0.8594787360242745
357,40,35,10,Mode,40,[   0  126  666  910 1332 1422 1707 1940 2270 2416 2508 2886 3161 3314],13,540,90,254.92307692307693,121.5438547958221,1.0638353546826333,-0.04708366770365991,3.9573625463903515,17.498938772108062,0.013267039072385625,2.465395227532564,13.299220764616647,0.8902162181807027,0.8233391422511807,0.8414162992370986
358,40,35,10,Median,40,"[   0   87  277  666  910 1329 1445 1707 1940 2167 2416 2508 2886 3193
 3314]",14,419,87,236.71428571428572,158.0629202998463,1.2416644841007343,-0.050759122477036005,4.342599894160461,17.993284105984646,0.02369945150214605,3.2707582858469646,11.214423197363,0.8850983752168886,0.7747393741255332,0.7989294358662106
359,40,35,10,Mode,40,"[   0  126  259  666  910 1332 1422 1707 1940 2270 2416 2508 2886 3161
 3314]",14,422,90,236.71428571428572,120.92442679479714,1.0788564180457658,-0.04793479755193043,3.8248178179098717,18.361542174991797,0.013542757700068315,2.482028435599381,12.832211060170307,0.8728469680705541,0.75788746767376,0.7835431085543101
360,40,35,10,Median,40,"[   0   87  277  666  910 1329 1445 1707 1940 2128 2281 2416 2508 2886
 3193 3314]",15,419,87,220.93333333333334,138.24200271317588,1.205496648198083,-0.05369641991372112,4.133163845873026,18.181544285244204,0.018944274407993622,2.8763298011345575,11.370240447058146,0.8725858128193817,0.7537197832483821,0.7796472788129472
361,40,35,10,Mode,40,"[   0  126  259  666  910 1332 1422 1707 1940 2128 2270 2416 2508 2886
 3161 3314]",15,422,90,220.93333333333334,120.00766943961546,1.1088307404789755,-0.0515911615516468,3.821835610285683,18.296908071513453,0.01206931314097647,2.486804220854497,12.497477269277484,0.8711110452827121,0.7538933306235629,0.7800276734958767
362,40,35,10,Median,40,"[   0   87  277  666  910 1182 1332 1445 1707 1940 2128 2333 2473 2596
 2886 3193 3314]",16,389,87,207.125,157.80045817332706,1.2398504538658057,-0.05282593325928774,4.570729403323371,18.19377134431535,0.01196682858689785,3.3058782495195165,11.525665863744278,0.8563669807917494,0.7150923934230784,0.7496787418702082
363,40,35,10,Mode,40,"[   0  126  259  666  910 1182 1332 1422 1707 1940 2128 2270 2416 2596
 2886 3161 3314]",16,407,90,207.125,138.12772851500048,1.1166006041362975,-0.051842583935167316,4.19841333311674,18.79390300736378,0.007477991247717962,2.820553898711982,12.33552264213235,0.8568819137486781,0.7131627595896576,0.7475189061686545
364,40,35,15,Median,40,[   0 1035 2416 3314],3,1381,898,1104.6666666666667,414.65527331486174,0.7854091242688527,-0.011479111557862662,10.603129414025224,23.898842963056058,0.0034215616497503846,8.537787087264116,20.689453102038577,0.9750934784622649,0.9835374688450252,0.9892001678976818
365,40,35,15,Mode,40,[   0 1332 2416 3314],3,1332,898,1104.6666666666667,393.3665565403817,0.7871256030671788,-0.008883565377086731,10.439719219961825,25.69251762988777,0.004437167924177021,8.215577583110777,21.927896308052055,0.976326103809293,0.9844614044294141,0.9897786001117348
366,40,35,15,Median,40,[   0  868 1445 2473 3314],4,1028,577,828.5,328.06445354769386,0.7651324203064312,-0.01718604985816818,8.319175929857684,24.643917436439693,0.0034845853563649277,6.813020865024435,20.981989819447904,0.8867591421059853,0.8840868986103759,0.9139535835388946
367,40,35,15,Mode,40,[   0  910 1332 2416 3314],4,1084,422,828.5,294.15647442221757,0.7675528032138438,-0.013293158622138436,7.678968666310468,22.895075332806567,0.005785603112483668,6.16734863325345,18.822478323492536,0.9047053564911455,0.9137096182601308,0.9380491184043501
368,40,35,15,Median,40,[   0  686 1332 2383 3128 3314],5,1051,186,662.8,187.43691470423371,0.6359349400854486,-0.01584685170767516,5.360521695236233,27.556250613572253,0.0032111955628826424,3.9618690362954094,23.361830081428256,0.9245465279845478,0.9312296029294257,0.9482406297408718
369,40,35,15,Mode,40,[   0  910 1332 2416 3161 3314],5,1084,153,662.8,212.80220306831697,0.7655479371796298,-0.02343010028887244,6.192539673172101,22.53544612401505,0.002872853682345372,4.454262288989855,18.189976118628323,0.8702650984058036,0.8775333470190771,0.9107299004853547
370,40,35,15,Median,40,[   0  308 1329 1940 2473 3161 3314],6,1021,153,552.3333333333334,183.81352613863874,0.7746045552198753,-0.030921041671777255,5.961418569641246,23.042647070732595,0.005595088741908511,3.7936540710145517,19.571423041121466,0.8529186186108617,0.8186544286465555,0.8645070238480831
371,40,35,15,Mode,40,[   0  666 1332 1940 2416 3161 3314],6,745,153,552.3333333333334,141.9617923455617,0.6931204661023245,-0.02472519964398912,5.20357857621279,22.85536763816101,0.0002127438973689553,2.9258946313735863,20.76994501885023,0.9418713516249948,0.9395367151955776,0.9515582620633974
372,40,35,15,Median,40,[   0  259  868 1332 1940 2473 3161 3314],7,688,153,473.42857142857144,174.6370667640127,0.7911919888857836,-0.03465134492064027,5.3785535137313705,20.40795320352162,0.004069566917767331,3.6389654838722136,17.600461712153614,0.8338961902741422,0.7810627915664156,0.8204663085053358
373,40,35,15,Mode,40,[   0  259  910 1332 1940 2416 3161 3314],7,745,153,473.42857142857144,132.81125490776503,0.7125128724958975,-0.033998165508262866,4.746507686034922,21.78794853825392,0.00043241649415102145,2.7720985006281738,19.315864808955784,0.8402539960218482,0.7805272823951432,0.8254572655554551
374,40,35,15,Median,40,[   0  259  868 1332 1940 2417 2742 3162 3314],8,609,152,414.25,146.34332165854227,0.8333662810349693,-0.041939795755495994,5.217904140409656,19.397493690953677,0.006397299656901327,3.041568699509956,16.98191678341435,0.8379161964610793,0.7595068460048073,0.7960806919599084
375,40,35,15,Mode,40,[   0  259  910 1332 1940 2416 2596 3161 3314],8,651,153,414.25,207.13209444115316,1.0038471926372747,-0.03859002687463529,6.3263550415201175,20.008316241948524,0.018395692892889535,4.097029552703452,16.879208068064685,0.8120427639229113,0.7196673243455042,0.7756204202308219
376,40,35,15,Median,40,[   0  259  868 1332 1940 2167 2438 2742 3162 3314],9,609,152,368.22222222222223,153.37055836335435,0.9350732520680131,-0.04310336794168918,5.327952252646653,18.142640477355275,0.006282348413764495,3.225322815667295,15.223074737729961,0.8276410207464314,0.7325526756919657,0.7703484814428786
377,40,35,15,Mode,40,[   0  259  910 1332 1940 2270 2416 2596 3161 3314],9,651,146,368.22222222222223,177.07498250894005,1.0014451350245313,-0.0398227212246159,5.8860404093302225,19.209861362446023,0.011793230111597197,3.55565608216912,15.785579188579733,0.8013991179543085,0.6937038732386499,0.7512664575410664
378,40,35,15,Median,40,[   0  259  666  910 1332 1940 2167 2473 2747 3162 3314],10,608,152,331.4,139.06250851884425,0.9348614976004038,-0.043956036329082834,4.906905058003236,18.386716204785177,0.004227131575892063,2.933168044653556,14.576305645420657,0.8589884795961223,0.78055847441643,0.8073960974846578
379,40,35,15,Mode,40,[   0  259  666  910 1332 1940 2270 2416 2886 3161 3314],10,608,146,331.4,97.29204447329555,0.803409596395613,-0.044385535604574894,4.029280333944583,19.77172993707112,0.0002412366144556321,2.1036816438522714,16.440179710624694,0.8698169227941025,0.8021197569811893,0.8265347585383029
380,40,35,15,Median,40,[   0  259  666  910 1329 1481 1940 2167 2438 2742 3162 3314],11,459,152,301.27272727272725,148.78892743436342,1.0051530326353428,-0.04475676344490418,4.6271947349632105,19.16053919245169,0.011835489684419786,3.1499213137570647,13.233715495597243,0.848172765555769,0.7461118903960674,0.7751781275105117
381,40,35,15,Mode,40,[   0  259  666  910 1332 1422 1940 2270 2416 2596 3161 3314],11,565,90,301.27272727272725,162.54585978844267,1.0537869339619477,-0.04086704604059038,5.057131205819584,17.98399642184522,0.010586250267777628,3.3147914943139414,13.345802394927563,0.8375400491398997,0.7236884670416908,0.7635045753963798
382,40,35,15,Median,40,[   0  259  666  910 1329 1481 1940 2167 2417 2596 2788 3162 3314],12,459,152,276.1666666666667,162.94697464498816,1.1043058967420103,-0.04452354129559168,4.855248176484989,19.665813779819583,0.012445568948899149,3.2792549868954315,13.08204049439135,0.8551939294274239,0.7441561765799797,0.7733978303561124
383,40,35,15,Mode,40,[   0  259  666  910 1332 1422 1940 2270 2416 2596 2886 3161 3314],12,518,90,276.1666666666667,144.03198902523516,1.0256887073995926,-0.04502615892679095,4.706210143032314,18.494706828622565,0.006783130376603743,2.8472043092525214,13.855253416484821,0.8542906278325091,0.7442912041684576,0.773519593548789
384,40,35,15,Median,40,[   0  259  666  910 1329 1481 1728 1940 2167 2416 2507 2747 3162 3314],13,419,91,254.92307692307693,141.70987065386933,1.1133949753285521,-0.04439208120394228,4.301884736306923,19.336633032493243,0.016312629539887293,2.9691616380909296,12.347328848151994,0.8488327604433163,0.7187510415995016,0.7475946631633303
385,40,35,15,Mode,40,[   0  259  666  910 1332 1422 1728 1940 2270 2416 2473 2886 3161 3314],13,422,57,254.92307692307693,119.00888494135079,1.109764842122994,-0.043738537074195796,3.883968901635394,19.03360688886934,0.02013760737039744,2.3895367726229666,13.534574824401133,0.8679960319988873,0.7569928202816334,0.7818748892186539
386,40,35,15,Median,40,"[   0   87  259  666  910 1329 1481 1728 1940 2128 2416 2507 2747 3162
 3314]",14,419,87,236.71428571428572,136.16935476271433,1.1389586724034433,-0.04965038057149901,4.137690859064248,19.042285381140207,0.016225000625681774,2.883670549551818,11.997954482001289,0.8542920840555527,0.7252182896645301,0.7537755779600004
387,40,35,15,Mode,40,"[   0   87  259  666  910 1332 1422 1728 1940 2128 2416 2473 2886 3161
 3314]",14,422,57,236.71428571428572,132.98313873478693,1.1968580748569122,-0.048758445533515646,3.9392653638050588,18.493081591074574,0.02310982062247149,2.7557681700296333,12.677746863401289,0.8828531440350842,0.7785286157310657,0.801709409716028
388,40,35,15,Median,40,"[   0   87  259  666  910 1035 1329 1481 1728 1940 2167 2416 2507 2747
 3162 3314]",15,415,87,220.93333333333334,131.31076340130988,1.1289993312766406,-0.05026498152451893,3.9586263982336827,18.481833190630752,0.014073968091518483,2.7812103496925986,12.030072053703,0.8672650280385994,0.7546098509866092,0.783004026115933
389,40,35,15,Mode,40,"[   0   87  259  666  910 1035 1332 1422 1728 1940 2270 2416 2473 2886
 3161 3314]",15,413,57,220.93333333333334,111.44921873402855,1.12502852337571,-0.049489683924102974,3.6159033663309876,18.295229252077693,0.017293689171464312,2.276393429704779,13.080880983238663,0.886162340149628,0.7941355281200545,0.8176133058548221
390,40,35,15,Median,40,"[   0   87  259  666  910 1182 1332 1481 1728 1940 2128 2333 2473 2596
 2788 3162 3314]",16,407,87,207.125,144.0505139868793,1.1885261111278338,-0.05003106665384309,4.347971912916793,19.426065822507653,0.009747434188491002,3.003642368950392,12.300631299724232,0.8425689669851206,0.7004847851182279,0.7358035446147532
391,40,35,15,Mode,40,"[   0   87  259  666  910 1182 1332 1422 1728 1940 2128 2270 2416 2596
 2886 3161 3314]",16,407,87,207.125,136.82941048435072,1.120457553745637,-0.053201402177608846,4.160157601148932,18.74739410287377,0.006861868406501147,2.801388040362079,12.537893434586135,0.8527301495632275,0.7045818003841029,0.7389662113850193
392,40,35,20,Median,40,[   0 1035 2473 3314],3,1438,841,1104.6666666666667,461.4599477611246,0.8256643652297248,-0.014700428160261063,11.636223690770482,24.213592812376934,0.0006656277541817865,9.445334533811724,20.712902148266537,0.9575307825906889,0.973331084851777,0.9826401613539065
393,40,35,20,Mode,40,[   0 1332 2416 3314],3,1332,898,1104.6666666666667,393.3665565403817,0.7871256030671788,-0.008883565377086731,10.439719219961825,25.69251762988777,0.004437167924177021,8.215577583110777,21.927896308052055,0.976326103809293,0.9844614044294141,0.9897786001117348
394,40,35,20,Median,40,[   0  868 1499 2507 3314],4,1008,631,828.5,312.5617585567299,0.7696494153191157,-0.016817718508927475,8.04559938799605,25.40909487645698,0.0034374258969569475,6.491208958203548,20.03920449456646,0.8589338614095393,0.8491399088052045,0.8875682735797035
395,40,35,20,Mode,40,[   0  910 1332 2416 3314],4,1084,422,828.5,294.15647442221757,0.7675528032138438,-0.013293158622138436,7.678968666310468,22.895075332806567,0.005785603112483668,6.16734863325345,18.822478323492536,0.9047053564911455,0.9137096182601308,0.9380491184043501
396,40,35,20,Median,40,[   0  666 1332 2374 3026 3314],5,1042,288,662.8,184.28777342192257,0.6720582918438687,-0.02159122049013372,5.416344055146261,23.97234542187072,0.0014180928432289313,3.8532208494287534,21.169144907445343,0.9145152721896497,0.9204115110139545,0.9382304121682926
397,40,35,20,Mode,40,[   0  910 1332 2416 3161 3314],5,1084,153,662.8,212.80220306831697,0.7655479371796298,-0.02343010028887244,6.192539673172101,22.53544612401505,0.002872853682345372,4.454262288989855,18.189976118628323,0.8702650984058036,0.8775333470190771,0.9107299004853547
398,40,35,20,Median,40,[   0  428 1245 1940 2473 3095 3314],6,817,219,552.3333333333334,199.15409557411942,0.7663422957381705,-0.02703372218486866,6.265839652749776,24.05977710224066,0.0064596496198058555,4.193865073324979,19.45920755644224,0.810125769685602,0.7367002113043198,0.7873902322247843
399,40,35,20,Mode,40,[   0  666 1332 1940 2416 3161 3314],6,745,153,552.3333333333334,141.9617923455617,0.6931204661023245,-0.02472519964398912,5.20357857621279,22.85536763816101,0.0002127438973689553,2.9258946313735863,20.76994501885023,0.9418713516249948,0.9395367151955776,0.9515582620633974
400,40,35,20,Median,40,[   0  259  868 1332 1940 2473 3095 3314],7,622,219,473.42857142857144,169.56328057876544,0.7503824157370791,-0.032474804598059015,5.242018859001748,22.749486532730433,0.004616721052019082,3.537105602578483,18.915923708497218,0.8232208374382133,0.7529071287967178,0.7972993468467807
401,40,35,20,Mode,40,[   0   87  910 1332 1940 2416 3161 3314],7,823,87,473.42857142857144,138.59446560684339,0.7988712103010377,-0.03728580243028161,4.83210653222001,20.462604801787784,0.0009930016284175529,2.9109816521874254,17.965047446533323,0.8842385723140168,0.8535080082703852,0.883906212822927
402,40,35,20,Median,40,[   0  259  886 1332 1940 2417 2747 3161 3314],8,627,153,414.25,141.11147665908808,0.819721515603766,-0.04183843267957848,5.102441117646651,19.515377982301548,0.005786671168897916,2.9276953413275537,17.101848110335713,0.8331679733260343,0.7406299152753626,0.7855503467323294
403,40,35,20,Mode,40,[   0   87  910 1332 1940 2416 2742 3161 3314],8,823,87,414.25,156.7788513632706,0.9106222485753417,-0.04553799019101702,5.378257656851757,18.87854892443682,0.007276008294601679,3.186490868150727,16.35382462652149,0.8771377811806316,0.8365812538777823,0.8653306505108933
404,40,35,20,Median,40,[   0  252  666  910 1332 1940 2417 2742 3161 3314],9,608,153,368.22222222222223,135.48450169683852,0.8411166519377942,-0.04373589199940877,4.671274902966486,19.788969451272436,0.00459799829905965,2.8249380127406534,16.42660316659925,0.8642777895399352,0.8023314086069359,0.8287141172332394
405,40,35,20,Mode,40,[   0   87  666  910 1332 1940 2416 2596 3161 3314],9,608,87,368.22222222222223,200.95757852530264,1.080602790722178,-0.04298710004436793,5.848578509339528,18.469736593897778,0.015517879615805382,4.036470066313177,14.913490925841652,0.8773112165942477,0.8228186571744828,0.8515130282493079
406,40,35,20,Median,40,[   0  252  666  910 1332 1913 2162 2473 2747 3161 3314],10,581,153,331.4,148.192654886102,0.9462555085772713,-0.043823878835567695,4.954235293963003,19.13701331330783,0.004689800112570648,3.116475588262446,14.520252077569998,0.8682817309241897,0.790478560233909,0.8160032740774752
407,40,35,20,Mode,40,[   0   87  666  910 1332 1940 2270 2416 2742 3161 3314],10,608,87,331.4,130.00153505249872,0.9175435110828443,-0.04675398178736552,4.7137601940136635,19.195011977587917,0.0030678939174418347,2.7492599399016147,15.515472692163248,0.8850261011209226,0.8436774019691222,0.863431247291834
408,40,35,20,Median,40,[   0  252  666  910 1329 1499 1913 2167 2473 2747 3161 3314],11,419,153,301.27272727272725,143.5900259531126,0.9799711150297934,-0.044571482724164155,4.645686204355926,18.90553117306767,0.009766516599123568,3.019740354172917,13.545263864370138,0.8673921812275497,0.7677681165930139,0.7934641261983549
409,40,35,20,Mode,40,[   0   87  666  910 1332 1685 1940 2270 2416 2742 3161 3314],11,579,87,301.27272727272725,138.2619349588349,0.972960326174076,-0.04664963655094293,4.59390141225815,18.283293782972486,0.00392019044393708,2.955026506805935,14.114561226692945,0.890113515980302,0.8306577006526219,0.8494525657117333
410,40,35,20,Median,40,[   0  252  666  910 1329 1499 1913 2167 2417 2676 2886 3161 3314],12,419,153,276.1666666666667,137.67024760199092,0.9836071145155646,-0.04641979472130268,4.330474691816356,19.65616198409272,0.00793317019618783,2.870576234453616,14.031282138627331,0.8680660590420828,0.7520358144199352,0.7781691904366609
411,40,35,20,Mode,40,[   0   87  666  910 1332 1685 1940 2270 2416 2596 2882 3161 3314],12,579,87,276.1666666666667,160.73814347552212,1.0845966991042628,-0.047265440099090644,4.958526792548081,17.798674908694093,0.006386030816946924,3.2268156905008585,13.295334731738746,0.8834476323098123,0.8115683480846783,0.8318040687143319
412,40,35,20,Median,40,[   0  252  666  910 1093 1332 1528 1940 2167 2416 2507 2747 3161 3314],13,414,91,254.92307692307693,131.43127274624376,1.0535466656380288,-0.04586479066083336,4.201001120137126,18.386011540444667,0.011052828522549712,2.7476269404498233,13.233054564808496,0.870097827522712,0.771212811417266,0.7979625612890018
413,40,35,20,Mode,40,[   0   87  666  910 1035 1332 1685 1940 2270 2416 2473 2742 3161 3314],13,579,57,254.92307692307693,139.31589953645744,1.1929563314496818,-0.04731403683451801,4.421825811103581,17.518687186341662,0.01965107471003608,2.833522333674114,12.230285562060663,0.8978910669747172,0.8513328527227536,0.8676501196364826
414,40,35,20,Median,40,"[   0  251  658  910 1095 1329 1476 1728 1940 2167 2416 2508 2788 3161
 3314]",14,407,92,236.71428571428572,133.56384223540007,1.101885413372804,-0.045836903661574384,4.0007128511447165,20.587834662608575,0.01626741319544446,2.7278394590314528,12.81709391000134,0.866079301938116,0.7576223239804094,0.7855217744492133
415,40,35,20,Mode,40,"[   0   87  666  910 1035 1332 1422 1685 1940 2270 2416 2507 2742 3161
 3314]",14,579,87,236.71428571428572,121.24093593665924,1.0926777603976798,-0.04839755428186469,4.039724723756578,17.115563084696493,0.010230286972853888,2.5525972978711806,12.258469336571599,0.8935674313563693,0.8399060999740553,0.8571138501091774
416,40,35,20,Median,40,"[   0   87  259  666  910 1095 1329 1476 1728 1940 2167 2417 2676 2886
 3161 3314]",15,407,87,220.93333333333334,119.5942861901219,1.0207623115660385,-0.05311365426486542,3.791189966312556,20.805201622892916,0.005294405447693029,2.5391756552379503,13.301900597302739,0.8670383920087938,0.7409639080919634,0.7708374722038244
417,40,35,20,Mode,40,"[   0   87  259  666  910 1035 1332 1422 1685 1940 2270 2416 2596 2882
 3161 3314]",15,407,87,220.93333333333334,136.73051169620106,1.0828827873209517,-0.05083819498792572,4.246716221447461,18.730814446903768,0.006673806825080399,2.787846628350415,12.778049222053493,0.8754594348784832,0.7522388646874744,0.7817541050984674
418,40,35,20,Median,40,"[   0   87  259  666  910 1065 1329 1476 1728 1940 2128 2401 2507 2742
 2886 3161 3314]",16,407,87,207.125,154.04074747205337,1.2283027034274856,-0.057705569964020195,4.174071668035664,18.47391780460212,0.01320029136376764,3.199689556663999,11.65247588112668,0.8723650312343048,0.7541801246926466,0.78217584277667
419,40,35,20,Mode,40,"[   0   87  259  666  910 1035 1332 1422 1685 1940 2128 2416 2473 2742
 2882 3161 3314]",16,407,57,207.125,141.74607575846855,1.26363404079482,-0.05903476349425359,4.107341724997053,18.14133398465175,0.01874925755658475,2.9620102782214164,11.376486176860055,0.8898169594372874,0.7861497145851197,0.8105113488393809
420,40,40,10,Median,40,[   0 1207 2416 3314],3,1209,898,1104.6666666666667,432.4288417425585,0.8183953431170363,-0.011213221820103389,10.690154816454717,23.283858997210032,0.004335284715264998,8.771692138176363,20.075101656950615,0.8768136431310858,0.869943278205572,0.9142717749660464
421,40,40,10,Mode,40,[   0 2508 3314],2,2508,806,1657.0,941.6547685198901,1.2424840435336915,0.0028833822921827427,20.032975570621332,10.143032857724736,0.0028833822921827427,20.032975570621332,10.143032857724736,0.8903720861247716,0.9416033610575855,0.9781472726036491
422,40,40,10,Median,40,[   0  868 1437 2473 3314],4,1036,569,828.5,326.14141524799646,0.767411276229618,-0.01707345381342844,8.351923880603668,24.02851868450236,0.003760852954234983,6.780343769663973,20.630560429832084,0.8958066103413366,0.8901757967888551,0.9185203071662389
423,40,40,10,Mode,40,[   0  910 1332 2508 3314],4,1176,422,828.5,305.435295845488,0.7791844725797027,-0.01798767117055021,7.933930469780767,24.282012983112942,0.0027935613541162376,6.351036523694777,18.940522005808564,0.8612802004892189,0.873926087764237,0.9096489281903524
424,40,40,10,Median,40,[   0  295 1329 2383 3161 3314],5,1054,153,662.8,189.05513595823885,0.7390867589066585,-0.030067876514571146,5.774146040499983,22.42087771987257,0.00043602731014914537,3.9028211594947275,19.325018605568268,0.8451224821796072,0.8468506585864106,0.8929827957842423
425,40,40,10,Mode,40,[   0  126 1332 2508 3161 3314],5,1206,126,662.8,220.77521151774877,0.8187752340715759,-0.03943249851829691,6.311030723767423,22.95221832184152,-0.002086590291403771,4.667608012965691,18.685522760927743,0.8750351460844124,0.9089338005562224,0.9369023195143408
426,40,40,10,Median,40,[   0  295 1329 1940 2460 3161 3314],6,1034,153,552.3333333333334,169.16261802420607,0.7479390363535616,-0.030203988391885206,5.778497123914023,23.77619215525394,0.004197937857268609,3.499021273941184,20.25440202882347,0.8632619493705814,0.8309222845708799,0.8737985919232735
427,40,40,10,Mode,40,[   0  126 1332 1940 2508 3161 3314],6,1206,126,552.3333333333334,183.794609900102,0.8267336653031802,-0.03936012595306547,5.725383407812023,21.22563789875703,0.0007689456497122514,3.7837943872434847,17.625115796010988,0.8874202228134477,0.907168584364808,0.9305307182184769
428,40,40,10,Median,40,[   0  259  910 1332 1940 2460 3161 3314],7,701,153,473.42857142857144,153.73101058381937,0.7419232701517039,-0.03380418345871812,5.1236805337333875,21.654495680006193,0.002367826973956006,3.197607816345236,18.840459544452152,0.8388324160369777,0.7791533384396011,0.8238065284179036
429,40,40,10,Mode,40,[   0  126  910 1332 1940 2508 3161 3314],7,784,126,473.42857142857144,163.7146471281749,0.7841081747585642,-0.03958737292539016,5.073726015674975,20.5820819027517,0.0024234107502194248,3.390178135851849,17.77690403831765,0.8464595877347848,0.8114445052835767,0.8491813214798544
430,40,40,10,Median,40,[   0  259  910 1332 1940 2417 2858 3224 3314],8,651,90,414.25,148.31927186214278,0.8899603971869118,-0.04583865980910566,5.097156295504153,20.123144022981734,0.010914817013010317,3.128123792175166,17.148885567743168,0.8686763938694809,0.7908346047150743,0.8274283174749902
431,40,40,10,Mode,40,[   0  126  910 1332 1940 2508 2886 3161 3314],8,784,126,414.25,118.6703891341131,0.7546013438031205,-0.04535053647711512,4.602768709737412,20.475695745429434,0.0003312927007487519,2.4600912762742024,17.848800477773608,0.8627765560922634,0.821748262138048,0.852562550748306
432,40,40,10,Median,40,[   0  259  910 1332 1940 2270 2473 2858 3224 3314],9,651,90,368.22222222222223,145.2031957374049,0.9657541994723755,-0.04745225697535932,5.2622167634004064,19.415672970046998,0.014243594839986305,3.0371932529891583,15.577402091728766,0.84985764878219,0.757782839383464,0.7969826938520382
433,40,40,10,Mode,40,[   0  126  910 1332 1940 2281 2508 2886 3161 3314],9,784,126,368.22222222222223,125.19682971455036,0.8563436347418555,-0.04622840903539322,4.7894574176606755,19.197628457141764,0.005247098736307787,2.498736814037181,16.648274750982416,0.8515684832254362,0.8019758284824678,0.8337570942213713
434,40,40,10,Median,40,[   0  126  655  910 1332 1940 2270 2473 2858 3224 3314],10,608,90,331.4,136.6723951599933,0.9679084330459128,-0.052010308618949494,4.8012531086195205,18.77988259647795,0.010614975103677003,2.8674728532193305,14.890117199830573,0.8983108869872695,0.8677610783862482,0.8839835484271958
435,40,40,10,Mode,40,[   0  126  666  910 1332 1940 2281 2508 2886 3161 3314],10,608,126,331.4,121.18816962683289,0.866129907125986,-0.04712902868946495,4.433912161453188,19.037766283763293,0.0036278139233248286,2.441562335437165,16.015051421330462,0.8736583400630229,0.8311725807765277,0.8518001360312077
436,40,40,10,Median,40,[   0   87  295  666  910 1332 1940 2270 2473 2858 3224 3314],11,608,87,301.27272727272725,137.67121139366844,1.01573476774819,-0.05196425705934818,4.640990134207683,18.312584598850904,0.011531286738104041,2.929278292231623,13.971239413944442,0.8820948562422405,0.8111142405761644,0.8341007232712649
437,40,40,10,Mode,40,[   0  126  259  666  910 1332 1940 2281 2508 2886 3161 3314],11,608,126,301.27272727272725,120.41848174239938,0.9054278342537231,-0.048236222320527544,4.213360836420083,18.31394765052956,0.004950170654218407,2.465568795133567,15.136355739878843,0.8550060639577737,0.7771431021897467,0.8043180505826826
438,40,40,10,Median,40,[   0   87  295  666  910 1332 1940 2270 2416 2508 2858 3224 3314],12,608,87,276.1666666666667,146.32588093648053,1.1513182494974465,-0.051646286623216534,4.572377795153282,17.622522827941573,0.018603966235818246,3.022944001974913,13.068088043722945,0.8775368592179228,0.7991902135890446,0.8233816277830697
439,40,40,10,Mode,40,[   0  126  259  666  910 1332 1940 2281 2416 2508 2886 3161 3314],12,608,92,276.1666666666667,119.5013788325336,1.0291364857868095,-0.04789428039013157,4.111225145674497,18.112967293330556,0.012647026136083251,2.404553042436591,14.33335587085176,0.8618557713238836,0.7820054223751786,0.8083465631535323
440,40,40,10,Median,40,[   0   87  295  666  910 1332 1460 1940 2270 2416 2508 2858 3224 3314],13,480,87,254.92307692307693,143.17226936813918,1.167628470766861,-0.051784590313069305,4.338929479003045,17.235908104558032,0.016251419515194657,2.9702530731763304,12.076769627898294,0.8802364767868974,0.7876598832083308,0.8116956260548759
441,40,40,10,Mode,40,[   0  126  259  666  910 1332 1422 1940 2281 2416 2508 2886 3161 3314],13,518,90,254.92307692307693,115.38917857672674,1.0554116790461083,-0.04779368845266846,3.889501165181118,17.210802536154752,0.012848334636539172,2.334155334838122,13.281845311694598,0.8666768180014978,0.7759593777398194,0.8017995908503676
442,40,40,10,Median,40,"[   0   87  295  666  910 1332 1445 1940 2128 2281 2416 2508 2858 3224
 3314]",14,495,87,236.71428571428572,142.2582597296146,1.2015508472863308,-0.05451987446113812,4.297711078277639,16.998503542494205,0.016215865091051575,2.9893492821613554,11.578410877479795,0.8755037276581138,0.7837945466015714,0.8084373561243795
443,40,40,10,Mode,40,"[   0  126  259  666  910 1332 1422 1940 2128 2281 2416 2508 2886 3161
 3314]",14,518,90,236.71428571428572,118.4634551595569,1.097597854472964,-0.05111520926266294,3.852984577980882,16.92459569377452,0.012389571445730488,2.437367080646271,12.65319022997247,0.865672712336172,0.7748649127880379,0.8008067339109627
444,40,40,10,Median,40,"[   0   87  295  666  910 1182 1332 1445 1846 1940 2270 2416 2508 2858
 3224 3314]",15,401,87,220.93333333333334,135.87089736400807,1.2096098072223558,-0.05417828191007137,4.029833693060828,17.83243793225535,0.017307090805597263,2.8135209214500265,11.352688608212143,0.8743559467268875,0.7726889614478543,0.7994852840695422
445,40,40,10,Mode,40,"[   0  126  259  666  910 1182 1332 1422 1846 1940 2281 2416 2508 2886
 3161 3314]",15,424,90,220.93333333333334,111.91840877041942,1.1038302407077938,-0.049207633965306814,3.658143944625759,17.750410300506157,0.012764313218759068,2.277061571093479,12.418190522752246,0.8628388615208916,0.7584933826331208,0.7869379214278072
446,40,40,10,Median,40,"[   0   87  295  666  910 1182 1332 1445 1707 1940 2128 2281 2416 2508
 2858 3224 3314]",16,371,87,207.125,138.490004938891,1.2059286420919075,-0.05548578651998491,4.088200326200438,18.336305283056525,0.016553582432131883,2.900953773263524,11.51439874846938,0.873750542724099,0.7578948955635605,0.7861419686845865
447,40,40,10,Mode,40,"[   0  126  259  666  910 1182 1332 1422 1707 1940 2128 2281 2416 2508
 2886 3161 3314]",16,407,90,207.125,119.84173698885317,1.1250045514694798,-0.05122025357484839,3.755265913296604,18.353895052693467,0.012721200984325139,2.4829077576189196,12.144023158848368,0.8644017221414624,0.7445763878748246,0.7746407895428256
448,40,40,15,Median,40,[   0 1062 2416 3314],3,1354,898,1104.6666666666667,408.66119563799,0.7851541409464552,-0.011274223110801123,10.654705107817076,23.53106694165149,0.003516548281656187,8.410987087985736,20.435330263191943,0.9894762209842551,0.9941557759001957,0.996160533381321
449,40,40,15,Mode,40,[   0 1332 2416 3314],3,1332,898,1104.6666666666667,393.3665565403817,0.7871256030671788,-0.008883565377086731,10.439719219961825,25.69251762988777,0.004437167924177021,8.215577583110777,21.927896308052055,0.976326103809293,0.9844614044294141,0.9897786001117348
450,40,40,15,Median,40,[   0  737 1447 2473 3314],4,1026,710,828.5,329.34377746982733,0.7568252622388548,-0.01724225037774028,8.323469149179545,25.08487833391017,0.0021366919571826526,6.8469817117220595,21.45400880831373,0.9483174067114043,0.9619696318224761,0.9716703117122837
451,40,40,15,Mode,40,[   0  910 1332 2416 3314],4,1084,422,828.5,294.15647442221757,0.7675528032138438,-0.013293158622138436,7.678968666310468,22.895075332806567,0.005785603112483668,6.16734863325345,18.822478323492536,0.9047053564911455,0.9137096182601308,0.9380491184043501
452,40,40,15,Median,40,[   0  666 1332 2356 2875 3314],5,1024,439,662.8,162.66829562885968,0.7015146180809517,-0.02627883452411052,6.071261122077895,21.793929946053044,0.004056075444741359,3.2994896869987267,20.15991022621016,0.9480187907208495,0.9533847179904051,0.9636131903649626
453,40,40,15,Mode,40,[   0  910 1332 2416 3161 3314],5,1084,153,662.8,212.80220306831697,0.7655479371796298,-0.02343010028887244,6.192539673172101,22.53544612401505,0.002872853682345372,4.454262288989855,18.189976118628323,0.8702650984058036,0.8775333470190771,0.9107299004853547
454,40,40,15,Median,40,[   0  373 1329 1940 2472 3161 3314],6,956,153,552.3333333333334,184.81199278915196,0.7689396669337835,-0.028664839600334207,6.062090446441672,24.0741404225351,0.0043240572206998205,3.8310303137684665,20.02855632170422,0.8462036826461585,0.7880259299688405,0.830183827726949
455,40,40,15,Mode,40,[   0  666 1332 1940 2416 3161 3314],6,745,153,552.3333333333334,141.9617923455617,0.6931204661023245,-0.02472519964398912,5.20357857621279,22.85536763816101,0.0002127438973689553,2.9258946313735863,20.76994501885023,0.9418713516249948,0.9395367151955776,0.9515582620633974
456,40,40,15,Median,40,[   0  259  910 1332 1940 2472 3161 3314],7,689,153,473.42857142857144,163.7078273225635,0.7594822757962351,-0.03387538056745285,5.27305045711551,21.497422641531944,0.002729956815406954,3.4022824173286583,18.52311973765839,0.8324784564288379,0.7731512281951416,0.8189179183400448
457,40,40,15,Mode,40,[   0  259  910 1332 1940 2416 3161 3314],7,745,153,473.42857142857144,132.81125490776503,0.7125128724958975,-0.033998165508262866,4.746507686034922,21.78794853825392,0.00043241649415102145,2.7720985006281738,19.315864808955784,0.8402539960218482,0.7805272823951432,0.8254572655554551
458,40,40,15,Median,40,[   0  259  910 1332 1940 2417 2742 3162 3314],8,651,152,414.25,140.45028678916765,0.8148387013711795,-0.041935252027727285,5.140455232484656,20.016076369017068,0.006202321456216756,2.9084291642706153,17.561508152492134,0.8360415691646396,0.7517196485265771,0.7948162117164762
459,40,40,15,Mode,40,[   0  259  910 1332 1940 2416 2596 3161 3314],8,651,153,414.25,207.13209444115316,1.0038471926372747,-0.03859002687463529,6.3263550415201175,20.008316241948524,0.018395692892889535,4.097029552703452,16.879208068064685,0.8120427639229113,0.7196673243455042,0.7756204202308219
460,40,40,15,Median,40,[   0  259  910 1332 1940 2270 2473 2747 3162 3314],9,651,152,368.22222222222223,126.02499675974181,0.8661992140171245,-0.04293749038283627,5.156057783497101,18.52755178820456,0.007600735017392535,2.6191348601410764,16.325214431918837,0.8209233985710829,0.7214951371724783,0.76642216156872
461,40,40,15,Mode,40,[   0  259  910 1332 1940 2281 2416 2742 3161 3314],9,651,135,368.22222222222223,127.9944964327266,0.8373254614067765,-0.043235257940167415,5.044243531070976,20.861907147177266,0.004345808834003967,2.6795707477638704,17.417758132179877,0.8233045767970911,0.7223253285352768,0.7672822351027124
462,40,40,15,Median,40,[   0  259  658  910 1332 1940 2232 2466 2742 3162 3314],10,608,152,331.4,126.73633265188025,0.8795170858725139,-0.04432843000554532,4.684567790383821,18.67591486290248,0.004767924992080993,2.661107788425113,15.466073391657321,0.8596571937604268,0.7796428830017392,0.8064664831647272
463,40,40,15,Mode,40,[   0  259  666  910 1332 1940 2281 2416 2596 3161 3314],10,608,135,331.4,174.72391883544228,1.035155063623582,-0.040901043853475545,5.505352929778046,18.835772878963564,0.01019889400104787,3.5508470838869215,14.53784631718176,0.8291637904981878,0.7280426160523676,0.7684662146597367
464,40,40,15,Median,40,[   0  259  658  910 1329 1481 1940 2232 2466 2742 3162 3314],11,459,152,301.27272727272725,130.0038406387317,0.9417834878850151,-0.04486857515057943,4.432669770888035,19.26256478359521,0.011549107394001695,2.7319929790470963,13.982434278348777,0.8547569406909785,0.7540559572917089,0.7819820607513156
465,40,40,15,Mode,40,[   0  259  666  910 1332 1437 1940 2281 2416 2596 3161 3314],11,565,105,301.27272727272725,167.51686737628714,1.07648121499598,-0.040754976909118584,5.143506413776658,17.68142795018549,0.01044979433930279,3.423833969808675,13.090313154421631,0.8364358989615128,0.7193347236920464,0.7594519974513618
466,40,40,15,Median,40,[   0  259  658  910 1329 1476 1940 2232 2416 2508 2747 3162 3314],12,464,92,276.1666666666667,137.78541481008762,1.0942697654662763,-0.04456305301876179,4.4141143116683486,18.626066105031082,0.019604739251936367,2.779540750150657,12.886665684413417,0.8507624842176535,0.7448678436354881,0.7735336479976377
467,40,40,15,Mode,40,[   0  259  666  910 1332 1437 1940 2281 2416 2508 2742 3161 3314],12,503,92,276.1666666666667,134.77140833601845,1.1046602060340116,-0.043939559387113414,4.519192686639486,17.322202360148015,0.013192945259444866,2.7561855272710605,12.609157013758987,0.8479017556006624,0.7426113082524022,0.7716080549381489
468,40,40,15,Median,40,[   0   87  295  666  910 1329 1481 1940 2128 2383 2508 2747 3162 3314],13,459,87,254.92307692307693,172.9052460241796,1.2196061472692823,-0.047658456417757455,4.693953583008429,17.537930237593137,0.01955289810704331,3.533671696481018,11.601545552363502,0.8507744213138301,0.7347188215242312,0.76479734717529
469,40,40,15,Mode,40,[   0   87  259  666  910 1332 1437 1940 2128 2416 2508 2742 3161 3314],13,503,87,254.92307692307693,151.16477188148437,1.2015031625762382,-0.049201357155116074,4.490965477776355,17.0970221549528,0.017546896770452677,3.152159493029045,11.56917971045845,0.86562198962132,0.7655153076506664,0.792346910373722
470,40,40,15,Median,40,"[   0   87  295  666  910 1062 1332 1525 1940 2232 2416 2508 2747 3162
 3314]",14,415,87,236.71428571428572,116.95333040392478,1.0428093057130972,-0.047461224494814824,3.97018942891217,17.51219313564218,0.011279734878104224,2.382239095446271,13.511576681789021,0.883954380330528,0.7817763267662643,0.8088870426363713
471,40,40,15,Mode,40,"[   0   87  259  666  910 1182 1332 1510 1940 2281 2416 2508 2742 3161
 3314]",14,430,87,236.71428571428572,135.8421006681631,1.157642161512484,-0.05030468746242492,4.247151968787133,17.900408781642334,0.014316758928971397,2.813221933485129,11.847103787739321,0.8531643459973561,0.7363712567997718,0.7665725320447184
472,40,40,15,Median,40,"[   0   87  295  666  910 1059 1332 1476 1707 1940 2128 2333 2473 2747
 3162 3314]",15,415,87,220.93333333333334,141.1176803712199,1.127022392995696,-0.048389270627732246,4.177300943180731,18.558451826446255,0.008297186481014338,2.9760665905345043,12.177353123447435,0.8716195110953481,0.7515073980434992,0.7809047449005408
473,40,40,15,Mode,40,"[   0   87  259  666  910 1182 1332 1437 1728 1940 2128 2281 2416 2742
 3161 3314]",15,419,87,220.93333333333334,121.82814151136255,1.054803859093132,-0.05285019621447393,3.8800714158369938,18.98697004612166,0.00567361268870237,2.625205725126331,12.962070685395842,0.8557406243909823,0.7281908421913758,0.7586855118669122
474,40,40,15,Median,40,"[   0  251  430  666  910 1059 1332 1476 1707 1940 2128 2281 2416 2508
 2747 3162 3314]",16,415,92,207.125,138.10040603984484,1.178756433586643,-0.04735954572496733,4.143196488954674,16.805950597219365,0.011062096857123147,2.9364671264045943,11.580181631508962,0.8451873604227949,0.6853564945051253,0.7185816828352827
475,40,40,15,Mode,40,"[   0  259  373  666  910 1182 1332 1437 1728 1940 2128 2281 2416 2508
 2742 3161 3314]",16,419,92,207.125,130.28126714870763,1.1858327938668645,-0.048210560564204155,3.994155730680379,19.139774636489364,0.013236554849942806,2.7216147750664974,11.474361492745013,0.8225468674637859,0.6404112588131906,0.6760212903292417
476,40,40,20,Median,40,[   0 1035 2417 3314],3,1382,897,1104.6666666666667,403.61562772333355,0.778299885697734,-0.012149063492943129,10.33777178503644,23.746611807173355,0.002338639380740482,8.289685215078174,20.618934699047546,0.9728568304458046,0.9826189912645503,0.9885985217710679
477,40,40,20,Mode,40,[   0 1332 2416 3314],3,1332,898,1104.6666666666667,393.3665565403817,0.7871256030671788,-0.008883565377086731,10.439719219961825,25.69251762988777,0.004437167924177021,8.215577583110777,21.927896308052055,0.976326103809293,0.9844614044294141,0.9897786001117348
478,40,40,20,Median,40,[   0  710 1499 2507 3314],4,1008,710,828.5,305.7622476917952,0.7402158838137615,-0.01637009919077926,7.979087857205811,26.055353450327587,0.002209104325825761,6.356033293455256,21.758055906261536,0.9419228392919284,0.9497699026897101,0.9625044447760585
479,40,40,20,Mode,40,[   0  910 1332 2416 3314],4,1084,422,828.5,294.15647442221757,0.7675528032138438,-0.013293158622138436,7.678968666310468,22.895075332806567,0.005785603112483668,6.16734863325345,18.822478323492536,0.9047053564911455,0.9137096182601308,0.9380491184043501
480,40,40,20,Median,40,[   0  658 1332 2356 2970 3314],5,1024,344,662.8,169.75172040318918,0.6830845064353323,-0.02565340538116627,5.4338435010964545,22.286452464297092,0.001281364578981636,3.512819586272848,20.261830452534532,0.9171836433077585,0.9258029340174537,0.942197186968052
481,40,40,20,Mode,40,[   0  910 1332 2416 3161 3314],5,1084,153,662.8,212.80220306831697,0.7655479371796298,-0.02343010028887244,6.192539673172101,22.53544612401505,0.002872853682345372,4.454262288989855,18.189976118628323,0.8702650984058036,0.8775333470190771,0.9107299004853547
482,40,40,20,Median,40,[   0  448 1251 1940 2473 3087 3314],6,803,227,552.3333333333334,192.23134917167275,0.7464721348661054,-0.027110497272780813,6.055371815352097,24.202422603654938,0.0070655135608440126,4.020608742680006,20.0221002870655,0.815691294738777,0.7475218328509202,0.796011476788876
483,40,40,20,Mode,40,[   0  666 1332 1940 2416 3161 3314],6,745,153,552.3333333333334,141.9617923455617,0.6931204661023245,-0.02472519964398912,5.20357857621279,22.85536763816101,0.0002127438973689553,2.9258946313735863,20.76994501885023,0.9418713516249948,0.9395367151955776,0.9515582620633974
484,40,40,20,Median,40,[   0  259  868 1332 1940 2473 3087 3314],7,614,227,473.42857142857144,173.4883892568472,0.7570954110051366,-0.03284644787207793,5.252900908294105,22.64602697960813,0.005320607374542565,3.625132981923251,18.820496430829845,0.8221965272900814,0.7498861989368445,0.7948132109490534
485,40,40,20,Mode,40,[   0   87  910 1332 1940 2416 3161 3314],7,823,87,473.42857142857144,138.59446560684339,0.7988712103010377,-0.03728580243028161,4.83210653222001,20.462604801787784,0.0009930016284175529,2.9109816521874254,17.965047446533323,0.8842385723140168,0.8535080082703852,0.883906212822927
486,40,40,20,Median,40,[   0  259  868 1332 1940 2416 2742 3161 3314],8,609,153,414.25,157.71484849057802,0.8551283958347256,-0.042066118942052255,5.382029989973108,19.403609535817466,0.006990484951629223,3.2005877020535665,16.93207671094867,0.8388600332662651,0.7598068985236941,0.7963369004925004
487,40,40,20,Mode,40,[   0   87  910 1332 1940 2416 2742 3161 3314],8,823,87,414.25,156.7788513632706,0.9106222485753417,-0.04553799019101702,5.378257656851757,18.87854892443682,0.007276008294601679,3.186490868150727,16.35382462652149,0.8771377811806316,0.8365812538777823,0.8653306505108933
488,40,40,20,Median,40,[   0  252  666  910 1332 1940 2416 2742 3161 3314],9,608,153,368.22222222222223,145.7009644215765,0.8619311025714238,-0.04371467200856442,4.8235183196127105,19.711098038510528,0.005196895770150084,2.9709645173195773,16.35668484190753,0.865290315904095,0.80295806689449,0.8292605805420626
489,40,40,20,Mode,40,[   0   87  666  910 1332 1940 2416 2742 3161 3314],9,608,87,368.22222222222223,152.56108280784656,0.9342622113141312,-0.04647012412245338,4.953407360306806,18.6736802050839,0.005367716741603609,3.135586353660103,15.466893436308204,0.898382761044442,0.8683740619084278,0.8863066140669646
490,40,40,20,Median,40,[   0  226  655  910 1332 1913 2184 2473 2747 3161 3314],10,581,153,331.4,135.28430274326035,0.9020295509989372,-0.04633027024611928,4.818346934303552,19.112901856588287,0.0036388576239409637,2.825773681296183,15.237656279769633,0.8734615199432684,0.8016507863381669,0.8257240956488948
491,40,40,20,Mode,40,[   0   87  666  910 1332 1940 2281 2416 2742 3161 3314],10,608,87,331.4,131.29910428624018,0.9240550742856348,-0.046722402645932894,4.761403194948241,19.559610012780333,0.0033488508164720055,2.783235515965801,15.610615109746606,0.8828888102349639,0.8406111274475633,0.8607800373786795
492,40,40,20,Median,40,[   0  252  662  910 1329 1481 1913 2184 2473 2747 3161 3314],11,432,152,301.27272727272725,141.8135366099944,0.9807194569470429,-0.04450092245875338,4.591325711077755,18.873283817231172,0.0109904825008102,2.976573340225321,13.537020897357724,0.8629925758869726,0.7654200504507674,0.7921488129581827
493,40,40,20,Mode,40,[   0   87  666  910 1332 1437 1940 2281 2416 2742 3161 3314],11,579,87,301.27272727272725,128.43453428200527,0.9764912245918274,-0.046604299141918305,4.4733954019978,18.2269220475122,0.004284755473184512,2.7329835586796665,14.055805067729992,0.8881777832508154,0.8379485877296583,0.8570706851302676
494,40,40,20,Median,40,[   0  252  666  910 1329 1481 1913 2184 2416 2508 2747 3161 3314],12,432,92,276.1666666666667,159.10118519369487,1.1587308098494593,-0.04418213542608864,4.646199503950655,18.245436866827614,0.02173265601293022,3.2567680731297006,12.300900901408665,0.8621220447425665,0.7560467756254879,0.7835662035803075
495,40,40,20,Mode,40,[   0   87  666  910 1332 1437 1940 2281 2416 2508 2742 3161 3314],12,579,87,276.1666666666667,136.59262513233827,1.1445854858820295,-0.046456405170648814,4.5625841051645315,16.64789035526808,0.013096836254709867,2.800973327170102,12.215763853947772,0.878312365515452,0.8240517428238495,0.8442827776438271
496,40,40,20,Median,40,[   0  126  351  666  910 1332 1532 1940 2128 2383 2508 2747 3161 3314],13,422,125,254.92307692307693,167.84852024713408,1.1596781731020933,-0.047329283809266834,4.640829309703927,16.9481831589172,0.012848032834370618,3.432804059486534,12.54025755010449,0.8565083884891367,0.7287307530009571,0.7586833764171099
497,40,40,20,Mode,40,[   0   87  259  666  910 1332 1685 1940 2128 2416 2508 2742 3161 3314],13,422,87,254.92307692307693,154.67255170071306,1.1820790240409054,-0.04903539805819896,4.627850151614365,18.53904274980089,0.016436866426479107,3.2301640089100965,11.99791748977337,0.8659423954284288,0.749013333763267,0.7760435104473956
498,40,40,20,Median,40,"[   0  251  655  910 1062 1329 1476 1707 1913 2128 2383 2508 2747 3161
 3314]",14,414,125,236.71428571428572,166.34097439211052,1.1917979441425284,-0.045669287583665445,4.549977942393387,18.748600145606705,0.016138916693334497,3.395214209300757,11.940452076312546,0.86998301298885,0.7561403364123991,0.7833570723119688
499,40,40,20,Mode,40,"[   0   87  666  910 1035 1332 1437 1685 1940 2128 2416 2508 2742 3161
 3314]",14,579,87,236.71428571428572,137.38564590656,1.1542919525145896,-0.04809635454430384,4.2944396999533865,17.928097658950623,0.015426595273511133,2.844319983960262,12.068038418374027,0.9007113721396547,0.8504542329331006,0.8666901733065748
500,40,40,20,Median,40,"[   0   87  308  666  910 1062 1329 1476 1737 1940 2161 2383 2508 2747
 3161 3314]",15,414,87,220.93333333333334,158.92340332241497,1.1973056840790524,-0.048717896892198465,4.342103368483794,17.879835171646857,0.01456084975942802,3.258890763488022,11.804880019633881,0.8660518575015775,0.7394077826239048,0.7700157850813665
501,40,40,20,Mode,40,"[   0   87  226  666  910 1035 1332 1437 1851 1940 2128 2416 2508 2742
 3161 3314]",15,440,87,220.93333333333334,130.84207403640787,1.187882582451278,-0.0539823315489499,4.059983914553969,16.72981621881555,0.013517731322971255,2.7440223866560074,11.814653340406732,0.8779954910009634,0.7892136729536796,0.813974696410023
502,40,40,20,Median,40,"[   0  126  351  666  910 1062 1329 1476 1737 1940 2161 2383 2508 2742
 2886 3161 3314]",16,315,125,207.125,162.06880244916502,1.2235653587253803,-0.05558231946814272,4.2864461265097855,17.297914310130203,0.012619986781666368,3.369399723500868,11.529071654065556,0.866379286019021,0.7277167916103232,0.7602566823317277
503,40,40,20,Mode,40,"[   0   87  259  666  910 1035 1332 1437 1851 1940 2128 2416 2508 2742
 2882 3161 3314]",16,414,87,207.125,132.84183015715612,1.210211102906561,-0.05961953818055035,4.000701450975765,16.530086492720514,0.011840895309132094,2.8053923902434166,11.487403892528445,0.8799907523631816,0.7815971490611502,0.807099677386915
504,40,45,10,Median,40,[   0 1207 2416 3314],3,1209,898,1104.6666666666667,432.4288417425585,0.8183953431170363,-0.011213221820103389,10.690154816454717,23.283858997210032,0.004335284715264998,8.771692138176363,20.075101656950615,0.8768136431310858,0.869943278205572,0.9142717749660464
505,40,45,10,Mode,40,[   0 2508 3314],2,2508,806,1657.0,941.6547685198901,1.2424840435336915,0.0028833822921827427,20.032975570621332,10.143032857724736,0.0028833822921827427,20.032975570621332,10.143032857724736,0.8903720861247716,0.9416033610575855,0.9781472726036491
506,40,45,10,Median,40,[   0  666 1445 2472 3314],4,1027,666,828.5,322.9386525229131,0.723908237193242,-0.016061572410592542,8.199607871666348,25.99510237420819,0.002434414314264059,6.711382071714851,23.492826097058312,0.976768387732704,0.9834213731090535,0.987666350188463
507,40,45,10,Mode,40,[   0  910 1332 2508 3314],4,1176,422,828.5,305.435295845488,0.7791844725797027,-0.01798767117055021,7.933930469780767,24.282012983112942,0.0027935613541162376,6.351036523694777,18.940522005808564,0.8612802004892189,0.873926087764237,0.9096489281903524
508,40,45,10,Median,40,[   0  295 1329 1940 2473 3314],5,1034,295,662.8,220.9960470794046,0.7654759326628509,-0.02425630598446522,7.01407798646063,23.82434212340198,0.007073822040220315,4.5228141445537995,20.717734149125263,0.8845153726418523,0.8638630102144823,0.8994936561181158
509,40,45,10,Mode,40,[   0  373 1332 1940 2508 3314],5,959,373,662.8,232.96495589404648,0.7947699216119577,-0.0222054426962207,7.031940203880672,21.908431632901635,0.004057704630847073,4.755007917003729,18.87196894977768,0.8527910137015907,0.809489311499499,0.8502409439766234
510,40,45,10,Median,40,[   0  295 1329 1940 2472 3161 3314],6,1034,153,552.3333333333334,180.89497357756687,0.7689774153446246,-0.030271221118461016,5.957595608989953,23.412037014540086,0.004662206213743162,3.7358432663753254,19.8328194539656,0.8560821139008123,0.8259107857357545,0.8699583808480816
511,40,45,10,Mode,40,[   0  373 1332 1940 2508 3161 3314],6,959,153,552.3333333333334,196.77119625121122,0.8113016991848895,-0.029187271265650915,6.023382953337488,21.396440619660073,0.004034810537848798,4.071583237156046,17.966128005126745,0.8276303207485819,0.7656008718939181,0.8121317979913837
512,40,45,10,Median,40,[   0  259  910 1332 1940 2472 3161 3314],7,689,153,473.42857142857144,163.7078273225635,0.7594822757962351,-0.03387538056745285,5.27305045711551,21.497422641531944,0.002729956815406954,3.4022824173286583,18.52311973765839,0.8324784564288379,0.7731512281951416,0.8189179183400448
513,40,45,10,Mode,40,[   0  373  910 1332 1940 2508 3161 3314],7,653,153,473.42857142857144,162.77084405771467,0.7499872463189573,-0.030293565792384698,5.18781047831561,21.713467194339326,0.004214176691562705,3.377198616797233,19.13849314267594,0.8133605826589907,0.7445231955012228,0.7874393595200746
514,40,45,10,Median,40,[   0  259  910 1332 1940 2472 2788 3224 3314],8,651,90,414.25,150.96424386133236,0.906175728108696,-0.04222337771998668,5.388959437598906,19.78735645015781,0.012686109516014885,3.1611953000649877,16.617950661832264,0.8600066908331164,0.7851018449717398,0.82290557710612
515,40,45,10,Mode,40,[   0  373  910 1332 1940 2508 2886 3161 3314],8,608,153,414.25,117.86141507371862,0.7253548337120289,-0.03632138263913595,4.700630533851635,21.46565787556861,0.001866234936185849,2.4489659742273893,19.015876852937854,0.8313492406879104,0.745658082792573,0.7819307847710295
516,40,45,10,Median,40,[   0  259  910 1332 1940 2270 2473 2788 3224 3314],9,651,90,368.22222222222223,138.3891034194711,0.9462805259697967,-0.04397262699532348,5.218073538621844,19.396578717984966,0.014028119691655041,2.8919376044417144,15.721295081640653,0.8480209402167,0.7571014712809679,0.7966163118930091
517,40,45,10,Mode,40,[   0  373  910 1332 1940 2281 2508 2886 3161 3314],9,608,153,368.22222222222223,124.48897741170519,0.8307529384121504,-0.03774735166335129,4.875374184301975,20.2239872237585,0.006590173192315247,2.4890021747462194,17.669466579251132,0.8223049705476106,0.7149958612554415,0.7518642124962135
518,40,45,10,Median,40,[   0   87  373  910 1332 1940 2270 2473 2788 3224 3314],10,608,87,331.4,130.58060965939296,0.9656507947996437,-0.047441266145272165,4.892116620850461,19.31194850229558,0.012742859266392063,2.7569743806861173,15.71691738035962,0.8539964787958849,0.7577383689187569,0.7879009696045253
519,40,45,10,Mode,40,[   0  373  910 1332 1940 2281 2508 2886 3161 3314],9,608,153,368.22222222222223,124.48897741170519,0.8307529384121504,-0.03774735166335129,4.875374184301975,20.2239872237585,0.006590173192315247,2.4890021747462194,17.669466579251132,0.8223049705476106,0.7149958612554415,0.7518642124962135
520,40,45,10,Median,40,[   0   87  373  910 1332 1728 1940 2281 2473 2788 3224 3314],11,537,87,301.27272727272725,131.17785988904575,0.9949506394190178,-0.04795698760169495,4.643105184882703,19.23192899327964,0.012629969826392792,2.78536919617866,14.885595298497702,0.8494785526494757,0.7205971170873823,0.7512550665488563
521,40,45,10,Mode,40,[   0  373  910 1332 1663 1940 2281 2508 2886 3161 3314],10,537,153,331.4,125.21224026259117,0.8668138566575536,-0.0383101445340754,4.589296541370703,19.374227313359025,0.00635146457545679,2.5412382992640072,16.433497971021378,0.8215129215471417,0.675833365123928,0.7128217742671277
522,40,45,10,Median,40,[   0   87  373  666  910 1332 1663 1940 2281 2473 2788 3224 3314],12,436,87,276.1666666666667,134.05671591019095,1.0207470666992835,-0.04814446091185804,4.448079907947155,18.778943084275664,0.011302754033339484,2.861607850971759,13.402856813207324,0.869990186148613,0.7628133881724196,0.7874410069089072
523,40,45,10,Mode,40,[   0  373  666  910 1332 1663 1940 2281 2508 2886 3161 3314],11,422,153,301.27272727272725,129.70830148067202,0.9190131949260781,-0.040633123152557675,4.336617101727283,19.604818254745876,0.005686189724510879,2.673387254926518,14.57849419225155,0.8435838559022547,0.7159210945121451,0.7476558911255544
524,40,45,10,Median,40,[   0   87  373  666  910 1332 1663 1940 2270 2416 2508 2788 3224 3314],13,436,87,254.92307692307693,139.52370839487233,1.136095272677402,-0.048074690582430246,4.345454775272745,18.270126171489554,0.016603346174258845,2.888595332715657,12.644805467127762,0.8683732522960075,0.7551108169560032,0.7802612052690671
525,40,45,10,Mode,40,[   0  373  666  910 1332 1663 1940 2281 2416 2508 2886 3161 3314],12,422,92,276.1666666666667,127.94666950369059,1.0414868136707687,-0.040320175546040754,4.223450362440668,19.197677802968805,0.01331613438180368,2.5934789149756368,13.826209009372404,0.850368450588976,0.7201535373975053,0.7511643682620249
526,40,45,10,Median,40,"[   0   87  373  666  910 1332 1445 1707 1940 2270 2416 2508 2788 3224
 3314]",14,436,87,236.71428571428572,134.71353054012945,1.1409171046756956,-0.048447769172769,4.172147990975991,18.10808377683544,0.01629238665171308,2.800066002210961,12.380745912200629,0.8770507682808443,0.7594358790463621,0.7834182855389974
527,40,45,10,Mode,40,[   0  373  666  910 1332 1422 1663 1940 2281 2416 2508 2886 3161 3314],13,422,90,254.92307692307693,119.76449484302492,1.05305472809101,-0.040810575709660214,3.9702819324995704,18.681251713216533,0.01371136326781852,2.4350782831921056,13.29000476366332,0.8541627197982133,0.7158494310458494,0.7464852600342551
528,40,45,10,Median,40,"[   0   87  373  666  910 1332 1445 1707 1940 2099 2281 2416 2508 2788
 3224 3314]",15,436,87,220.93333333333334,140.37454819103075,1.1965700077908472,-0.051942987934883306,4.295715808292327,17.90192146494814,0.016307678305838038,2.965184042833066,11.888604333309393,0.8787874299410606,0.7559275156190255,0.7796566622072802
529,40,45,10,Mode,40,"[   0  373  666  910 1332 1422 1663 1940 2128 2281 2416 2508 2886 3161
 3314]",14,422,90,236.71428571428572,118.64480263710165,1.081462197590656,-0.04456101704726265,3.9276817046884456,18.686363150875565,0.012434200149962788,2.4391459590888407,12.88390795667081,0.8534605287359617,0.7122662768410395,0.7432458497868891
530,40,45,10,Median,40,"[   0   87  373  666  910 1009 1332 1445 1707 1940 2035 2270 2416 2508
 2788 3224 3314]",16,436,87,207.125,117.6875556002843,1.1305008064154396,-0.04912017176438544,3.773543882018043,18.0280896942879,0.014791506996898091,2.4465807405594737,12.433413005784379,0.8846187809181815,0.7762581031867437,0.7997781865973771
531,40,45,10,Mode,40,"[   0  373  666  910 1009 1332 1422 1663 1940 2128 2281 2416 2508 2886
 3161 3314]",15,378,90,220.93333333333334,110.09966421954344,1.0645146634530336,-0.044865675154515665,3.724753141243534,18.707093347595812,0.011458786904736454,2.266625241566105,13.020398855491203,0.8576072679425106,0.7285126642382692,0.7602258982796057
532,40,45,15,Median,40,[   0 1058 2416 3314],3,1358,898,1104.6666666666667,414.3734163883894,0.7845276063837447,-0.011637430950733867,10.568191212296304,24.27064793130882,0.0033655740729257723,8.507295273246726,20.956293374174667,0.9958796390882799,0.9980489848096427,0.9987184318730647
533,40,45,15,Mode,40,[   0 2508 3314],2,2508,806,1657.0,941.6547685198901,1.2424840435336915,0.0028833822921827427,20.032975570621332,10.143032857724736,0.0028833822921827427,20.032975570621332,10.143032857724736,0.8903720861247716,0.9416033610575855,0.9781472726036491
534,40,45,15,Median,40,[   0  666 1510 2473 3314],4,963,666,828.5,322.35007390041454,0.7349337233914595,-0.017422145099474512,8.12728858555849,25.822701061542656,0.002450792049069773,6.673778072307454,22.980724192312866,0.9869696348822729,0.9905134750945145,0.9929207879465628
535,40,45,15,Mode,40,[   0  910 1332 2508 3314],4,1176,422,828.5,305.435295845488,0.7791844725797027,-0.01798767117055021,7.933930469780767,24.282012983112942,0.0027935613541162376,6.351036523694777,18.940522005808564,0.8612802004892189,0.873926087764237,0.9096489281903524
536,40,45,15,Median,40,[   0  373 1975 2508 3314],4,1602,373,828.5,346.87469182410064,0.9624104841586493,-0.020748065424649954,9.061142863591211,16.31964351834981,0.011643063186778218,7.063896018933953,14.798049180886558,0.8266553399710241,0.7999524607287124,0.8637266838287415
537,40,45,15,Mode,40,[   0  373 1332 1940 2508 3314],5,959,373,662.8,232.96495589404648,0.7947699216119577,-0.0222054426962207,7.031940203880672,21.908431632901635,0.004057704630847073,4.755007917003729,18.87196894977768,0.8527910137015907,0.809489311499499,0.8502409439766234
538,40,45,15,Median,40,[   0  373 1329 1940 2473 3161 3314],6,956,153,552.3333333333334,188.03653648923205,0.777263942302284,-0.029372602557168972,6.080500171635296,23.747133078461815,0.005660835190275868,3.8972788979321584,19.808340589004526,0.8454734498554722,0.7873279512804215,0.8296209162715742
539,40,45,15,Mode,40,[   0  373 1332 1940 2508 3161 3314],6,959,153,552.3333333333334,196.77119625121122,0.8113016991848895,-0.029187271265650915,6.023382953337488,21.396440619660073,0.004034810537848798,4.071583237156046,17.966128005126745,0.8276303207485819,0.7656008718939181,0.8121317979913837
540,40,45,15,Median,40,[   0  308  910 1332 1940 2473 3161 3314],7,688,153,473.42857142857144,164.7781512746208,0.7543835271030881,-0.030921516901317156,5.25637054711342,21.070355543175246,0.00427029458815034,3.415830725839188,18.777505054438592,0.825139357124251,0.7545096974493514,0.8039453570385506
541,40,45,15,Mode,40,[   0  373  910 1332 1940 2508 3161 3314],7,653,153,473.42857142857144,162.77084405771467,0.7499872463189573,-0.030293565792384698,5.18781047831561,21.713467194339326,0.004214176691562705,3.377198616797233,19.13849314267594,0.8133605826589907,0.7445231955012228,0.7874393595200746
542,40,45,15,Median,40,[   0  308  910 1332 1940 2417 2742 3215 3314],8,608,99,414.25,156.12693073031747,0.8794291971798038,-0.0384406181415316,5.3043719490351195,20.046746938147,0.013247917686676705,3.263834924707175,17.35422569904073,0.8399234473392023,0.7465461715817902,0.7904290840537955
543,40,45,15,Mode,40,[   0  373  910 1332 1940 2508 2596 3161 3314],8,608,88,414.25,216.0022264322739,1.2019229726904774,-0.04205831268459625,6.543888950206617,19.832692395910392,0.012346178679079197,4.663296043473562,16.435768102015604,0.7865604019264103,0.6877805253213197,0.7385416930508213
544,40,45,15,Median,40,[   0  308  910 1332 1940 2184 2472 2747 3215 3314],9,608,99,368.22222222222223,146.1313813721079,0.9420663685815496,-0.039683684054378915,5.343741806337975,18.773167617191366,0.011803992786955871,3.063560143660797,15.704194974628134,0.8421645876840035,0.7317377652928218,0.775275743058487
545,40,45,15,Mode,40,[   0  373  910 1332 1940 2281 2508 2742 3161 3314],9,608,153,368.22222222222223,136.67971229706595,0.8879434175518242,-0.038405291932807006,5.343783223441965,19.19461707539789,0.0073634033151929006,2.8233133081152495,16.819858075376718,0.8059232304647237,0.694525262675619,0.734270564401276
546,40,45,15,Median,40,[   0  259  655  910 1332 1940 2184 2472 2747 3215 3314],10,608,99,331.4,148.31848427744833,0.9814162085724614,-0.04482823349287391,5.026781925505166,18.648364294702645,0.009879585217600904,3.1435267669499525,14.19063848402575,0.8726609124277136,0.8036891159519569,0.8276014671713157
547,40,45,15,Mode,40,[   0  373  666  910 1332 1940 2281 2508 2742 3161 3314],10,608,153,331.4,140.40117231332525,0.943594953306377,-0.04115483553602979,4.979415803361168,19.240179439964816,0.006511771398615654,2.9388038134234566,14.71581386514854,0.8298529840178998,0.7317431386570283,0.7653796352668568
548,40,45,15,Median,40,[   0  259  655  910 1332 1647 1940 2184 2472 2747 3215 3314],11,468,99,301.27272727272725,141.3362197397939,0.9778142847790454,-0.044829981521717764,4.720443310764582,18.605718858486878,0.008651140736678217,3.003689788037327,13.853880886046706,0.8646980668621638,0.7644155639993909,0.7896651941639335
549,40,45,15,Mode,40,[   0  373  666  910 1332 1663 1940 2281 2508 2742 3161 3314],11,422,153,301.27272727272725,139.46088938896065,0.9647655782378172,-0.04121410645571775,4.712101927329265,18.981251282304882,0.006304773822813002,2.9408361616217418,13.89880738915202,0.8286692064488891,0.6915098378373331,0.7258531568140209
550,40,45,15,Median,40,[   0  100  373  666  910 1332 1647 1940 2184 2472 2747 3215 3314],12,468,99,276.1666666666667,129.90554889477545,0.965371786336361,-0.04595578833853561,4.394451814123993,18.77077020658737,0.007907691395821728,2.765454128063742,13.944941716641472,0.8679915563418513,0.754867519710349,0.7799585355054669
551,40,45,15,Mode,40,[   0  373  666  910 1332 1663 1940 2281 2508 2742 3161 3314],11,422,153,301.27272727272725,139.46088938896065,0.9647655782378172,-0.04121410645571775,4.712101927329265,18.981251282304882,0.006304773822813002,2.9408361616217418,13.89880738915202,0.8286692064488891,0.6915098378373331,0.7258531568140209
552,40,45,15,Median,40,[   0  100  373  666  910 1332 1647 1940 2184 2416 2508 2747 3215 3314],13,468,92,254.92307692307693,144.8448893347852,1.1242921953163256,-0.04593014084575665,4.440982306600046,18.067623882873836,0.017524070106579127,2.9945356653405093,12.878969038487654,0.8639403395878568,0.7409528318934452,0.7670673321034797
553,40,45,15,Mode,40,[   0  373  666  910 1332 1663 1940 2281 2416 2508 2742 3161 3314],12,422,92,276.1666666666667,137.86186508521976,1.0836614476714657,-0.040876602028538774,4.565330948635122,18.909561845802706,0.012911705535531144,2.8325138904665774,13.093651251401468,0.8357060349926444,0.695312765258872,0.7289005526023711
554,40,45,15,Median,40,"[   0  100  373  666  910 1332 1476 1685 1940 2128 2401 2508 2747 3215
 3314]",14,468,99,236.71428571428572,181.55807774732088,1.26539896052226,-0.048596714710306056,4.758684984025005,17.666222228876556,0.01917389607850693,3.7077678675110906,11.58747239490529,0.8651077187951577,0.7365652065105956,0.7618945524390525
555,40,45,15,Mode,40,[   0  373  666  910 1332 1437 1663 1940 2128 2416 2508 2742 3161 3314],13,422,92,254.92307692307693,142.97586085448108,1.131493308363741,-0.041463916125848765,4.408179957514722,18.709631039864988,0.017115171858745018,2.9477457637307114,12.410578712267842,0.8493625731847689,0.7034821322621139,0.7354309510615313
556,40,45,15,Median,40,"[   0  100  373  666  910 1332 1476 1685 1940 2090 2270 2416 2508 2747
 3215 3314]",15,468,92,220.93333333333334,149.58545471627232,1.218187108056114,-0.05202007090297102,4.412059915840788,17.367255535777723,0.015803474208264775,3.1876371974163153,11.593909993035112,0.8639952550857074,0.7253008050925599,0.7509978624107367
557,40,45,15,Mode,40,"[   0  373  666  910 1332 1437 1663 1940 2128 2281 2416 2508 2742 3161
 3314]",14,422,92,236.71428571428572,125.98245470209561,1.1074282985743167,-0.044624078749723885,4.213121759986,18.285122220018582,0.011653875720098825,2.614703155733856,12.432258739363006,0.8401779584742841,0.6850269558066057,0.7183960077239966
558,40,45,15,Median,40,"[   0  100  373  666  910 1058 1332 1476 1663 1913 2024 2270 2416 2508
 2747 3215 3314]",16,468,92,207.125,116.06061444145999,1.0976345817962627,-0.049550054429806895,3.731795096382635,18.21658003801516,0.013601283722352416,2.417400364658874,12.644094202488601,0.8731797103958738,0.7487458156444733,0.7741333845747052
559,40,45,15,Mode,40,"[   0  373  666  910 1182 1332 1437 1663 1979 2281 2416 2508 2742 3161
 3314]",14,419,92,236.71428571428572,130.8806731706275,1.118221634598191,-0.04332571008333119,4.165463258990659,20.581753231317837,0.01395733858944126,2.6802080671070794,12.683785381417083,0.836973540828736,0.683629745440191,0.7190530768799498
560,40,45,20,Median,40,[   0 1006 2416 3314],3,1410,898,1104.6666666666667,440.57720733931166,0.8126182423631061,-0.011610956757852982,10.755107876740288,22.463242701739077,0.003666369010900808,9.099683021998771,19.553406336195792,0.945327972676311,0.9560532339207711,0.9712193855316016
561,40,45,20,Mode,40,[   0 1332 2416 3314],3,1332,898,1104.6666666666667,393.3665565403817,0.7871256030671788,-0.008883565377086731,10.439719219961825,25.69251762988777,0.004437167924177021,8.215577583110777,21.927896308052055,0.976326103809293,0.9844614044294141,0.9897786001117348
562,40,45,20,Median,40,[   0  666 1532 2508 3314],4,976,666,828.5,279.1136860585544,0.6919918063116285,-0.01910665468282182,7.6433100505049785,27.97702294645523,0.0015936070832942644,5.755826558962649,24.299965763619642,0.9569457334673777,0.9598699659141974,0.9700571926499512
563,40,45,20,Mode,40,[   0  910 1332 2416 3314],4,1084,422,828.5,294.15647442221757,0.7675528032138438,-0.013293158622138436,7.678968666310468,22.895075332806567,0.005785603112483668,6.16734863325345,18.822478323492536,0.9047053564911455,0.9137096182601308,0.9380491184043501
564,40,45,20,Median,40,[   0  439 1329 2356 2970 3314],5,1027,344,662.8,191.43061081221535,0.7469152127316608,-0.029177519874271144,5.974702175713468,21.00427565358462,0.0013080701728966002,4.00698037473226,18.074981141004358,0.8403285883100481,0.825324502588946,0.8649719353762501
565,40,45,20,Mode,40,[   0  373 1332 2416 3161 3314],5,1084,153,662.8,226.24138085735817,0.7777513977151378,-0.02683560404355458,6.428363611292772,22.060231252226796,0.00017207188699324533,4.763157883844693,18.44604953194791,0.8453520547834128,0.8296993394881439,0.8728706496439379
566,40,45,20,Median,40,[   0  439 1265 1940 2473 3095 3314],6,826,219,552.3333333333334,197.63451789032268,0.7611957880099693,-0.026957357339500415,6.219931357370838,24.423899709333593,0.0063656469624384536,4.158694866081222,19.73509026178661,0.8192696435005984,0.7539916751860307,0.8013545502335571
567,40,45,20,Mode,40,[   0  373 1332 1851 2416 3161 3314],6,959,153,552.3333333333334,166.4914049285034,0.7382246343567858,-0.027341963901078258,5.458838915925093,22.416449485419047,-8.588329052197745e-05,3.459485085795868,19.517930722644238,0.8574393648510908,0.7977899187749751,0.838408439916546
568,40,45,20,Median,40,[   0  310  868 1332 1940 2473 3161 3314],7,688,153,473.42857142857144,173.76999042075605,0.7847831830871753,-0.030302590284296577,5.375208698398118,20.26768632383583,0.004734252290040582,3.62142632802299,17.751400255699508,0.8301684750852668,0.7737788906960412,0.8145170699909048
569,40,45,20,Mode,40,[   0  373  910 1332 1851 2416 3161 3314],7,745,153,473.42857142857144,137.3586617430299,0.6874874827899514,-0.028465174498071344,4.71721217056241,22.657984614972555,0.0006968896889074284,2.8626675569103006,20.570146469339136,0.8403120183472589,0.7819525913964641,0.819214061466923
570,40,45,20,Median,40,[   0  310  868 1332 1940 2416 2742 3161 3314],8,608,153,414.25,156.97164019635807,0.8496351337216327,-0.037653029325406026,5.379154570610047,19.307275549800508,0.007560215270720582,3.1855541398970892,17.06145260541658,0.8354127568637005,0.7512073262983918,0.7890381080828893
571,40,45,20,Mode,40,[   0  373  910 1332 1851 2416 2742 3161 3314],8,565,153,414.25,150.94947557384904,0.815645417134377,-0.03667409624777779,5.279294412761239,20.704613653955146,0.007464495453803948,3.0455483135108357,18.577582047208317,0.8371650934240084,0.7487066191757048,0.7841528355507303
572,40,45,20,Median,40,[   0  259  658  966 1332 1940 2417 2742 3161 3314],9,608,153,368.22222222222223,143.4296868214659,0.8647905223815295,-0.043095301864706455,4.842305201784221,18.94602051542477,0.005541585093087631,3.000138393207346,15.78729041687377,0.8706599719012692,0.8182857844024874,0.8426183269718972
573,40,45,20,Mode,40,[   0  373  643  910 1332 1851 2416 2742 3161 3314],9,565,153,368.22222222222223,152.33446280055756,0.88254905001726,-0.040742892311709904,4.870035628327636,20.816306344824593,0.00670785866411096,3.1244499523829736,16.086833531055497,0.861856753272383,0.7891382456141858,0.8187206711599436
574,40,45,20,Median,40,[   0  259  655  939 1332 1911 2162 2460 2742 3161 3314],10,579,153,331.4,157.82175783569724,0.9679729791960308,-0.04402125445021716,5.111446494483175,18.067955060275505,0.006036235318181455,3.339576038162109,14.118436795423568,0.8724382711652308,0.7976600669488687,0.8223559624571776
575,40,45,20,Mode,40,[   0  373  643  910 1332 1851 2281 2416 2742 3161 3314],10,519,135,331.4,129.66555213031117,0.8761346009297455,-0.04100622046062784,4.712141966617691,21.39653708410114,0.00440388435494079,2.7456899235869985,16.08492337315086,0.847492907803819,0.7456139898330153,0.7774829798229312
576,40,45,20,Median,40,[   0  208  373  666  966 1332 1911 2162 2472 2747 3161 3314],11,579,153,301.27272727272725,148.5109213358939,0.9857617273067151,-0.046279480882742405,4.771186580466371,17.649209889871518,0.00725160182526729,3.150732881016802,13.524595336858088,0.8577812335826936,0.7750301580428737,0.8014210986814104
577,40,45,20,Mode,40,[   0   87  373  643  910 1332 1851 2281 2416 2742 3161 3314],11,519,87,301.27272727272725,124.24122238288366,0.9064924087352031,-0.04716847701878777,4.464954662969869,20.21484027232434,0.003839531926461896,2.6511065207275917,15.58509683204609,0.8541918025371782,0.7509412532304135,0.7801145174845057
578,40,45,20,Median,40,[   0  208  373  666  966 1332 1657 1940 2181 2460 2742 3161 3314],12,419,153,276.1666666666667,131.66469049537784,0.9574524342394536,-0.04647175921836518,4.409120645527618,17.814156023610963,0.005860641870202409,2.7951376666497048,13.70286096049951,0.8525813946446114,0.7309484078829902,0.7588271120596991
579,40,45,20,Mode,40,[   0   87  373  643  910 1332 1663 1851 2281 2416 2742 3161 3314],12,430,87,276.1666666666667,120.36134356014033,0.9265520428864069,-0.04710830371303254,4.2172294169720965,20.04504040058745,0.004581025359944096,2.5760307839986356,14.814370910547554,0.8508051079868939,0.7240103732301189,0.7539081592377249
580,40,45,20,Median,40,[   0  101  373  666  966 1332 1657 1940 2171 2416 2508 2747 3161 3314],13,414,92,254.92307692307693,145.63165738932418,1.1090740104947825,-0.044064933521596,4.448087244170816,17.499836807136987,0.014960785826516831,2.9900596613847967,12.822444380007036,0.861291444126844,0.7398811689171523,0.7667398870165802
581,40,45,20,Mode,40,[   0   87  373  643  910 1332 1663 1851 2281 2416 2508 2742 3161 3314],13,430,87,254.92307692307693,128.5123593997677,1.084800047544544,-0.04690769814418571,4.3206076308494215,18.424107259285243,0.012634076919112372,2.651434136338287,13.064452644345721,0.8421056368311394,0.7048682037485094,0.7361025850100852
582,40,45,20,Median,40,"[   0  208  373  666  910 1062 1332 1663 1940 2128 2391 2508 2747 3161
 3314]",14,414,117,236.71428571428572,161.72568981754006,1.167196634631473,-0.04703916038148291,4.493304138148159,18.07453961159683,0.01475426449677562,3.266286323531912,12.382920713696022,0.8485328355928902,0.7120586754072605,0.7429199338309052
583,40,45,20,Mode,40,"[   0   87  373  643  910 1035 1332 1663 1851 2128 2416 2508 2742 3161
 3314]",14,419,87,236.71428571428572,133.2621400126447,1.0990518581417048,-0.04776135287576955,4.2022896834839445,18.179880559223164,0.014775423411448729,2.7572101147286996,12.82723097311419,0.8624458756090575,0.7427566858692243,0.7725712109257374
584,40,45,20,Median,40,"[   0  208  373  666  910 1062 1329 1476 1685 1940 2128 2391 2508 2747
 3161 3314]",15,414,117,220.93333333333334,164.65960157192768,1.214564457149949,-0.048095283639799945,4.440940097982498,17.87781220026326,0.017138692931178073,3.3415029545692683,11.622871936451357,0.8528368059248784,0.7061176994263076,0.7370320361351645
585,40,45,20,Mode,40,"[   0   87  373  643  910 1035 1332 1437 1663 1851 2128 2416 2508 2742
 3161 3314]",15,419,87,220.93333333333334,124.96819090990736,1.0905667599966518,-0.04804914636358003,3.982839164628825,17.721625122926092,0.014214535160707337,2.5858628653220803,12.770437808213334,0.8664817428318583,0.7381508454043801,0.7679716654734192
586,40,45,20,Median,40,"[   0  208  373  666  910 1062 1329 1476 1737 1948 2181 2416 2508 2742
 2886 3161 3314]",16,293,92,207.125,139.8992625898534,1.1781210817724457,-0.05556682777341572,4.033206863959326,17.63359327296849,0.015197272828337192,2.9307326475808497,11.78950713337511,0.8570504200878992,0.7021770048436442,0.7329668569887479
587,40,45,20,Mode,40,"[   0   87  373  643  910 1035 1332 1437 1851 1940 2281 2416 2508 2742
 2882 3161 3314]",16,414,87,207.125,118.23221541975657,1.1515284254019673,-0.05828603226116771,3.873345115914056,16.70569641392225,0.008920903041491228,2.484003217364054,11.988331724634383,0.8663414261820281,0.7438167668109019,0.7717313477081988
588,40,50,10,Median,40,[   0 1245 2416 3314],3,1245,898,1104.6666666666667,434.64405317310377,0.8209372180536474,-0.01102302567807869,10.625690033229713,23.90783483821348,0.004709820943090783,8.784403140133806,20.431959827175227,0.9010359704843447,0.9034239821411217,0.9363548737437726
589,40,50,10,Mode,40,[   0 2508 3314],2,2508,806,1657.0,941.6547685198901,1.2424840435336915,0.0028833822921827427,20.032975570621332,10.143032857724736,0.0028833822921827427,20.032975570621332,10.143032857724736,0.8903720861247716,0.9416033610575855,0.9781472726036491
590,40,50,10,Median,40,[   0  448 1500 2472 3314],4,1052,448,828.5,348.47167905820265,0.8214581065513601,-0.017295477555566357,8.759820073574446,23.27175236224082,0.0029165349622032356,7.288714502646033,19.034199051243103,0.8899946408987386,0.8860410093804554,0.916262314581647
591,40,50,10,Mode,40,[   0  373 1332 2508 3314],4,1176,373,828.5,323.60713955654023,0.7958655355204328,-0.021808684241910986,8.248273331955499,23.12115314880492,0.0005707523542590988,6.7725424573508635,19.361679384228704,0.8346488221363019,0.8285255887743128,0.8756123590384659
592,40,50,10,Median,40,[   0  301 1329 1940 2473 3314],5,1028,301,662.8,218.114651782929,0.7553229761204362,-0.02353803150038504,6.951146753777571,23.962891171942427,0.0068655604024543855,4.453508282275493,20.96340485251844,0.8833044692160219,0.8609467162447547,0.8973351904592405
593,40,50,10,Mode,40,[   0  373 1332 1940 2508 3314],5,959,373,662.8,232.96495589404648,0.7947699216119577,-0.0222054426962207,7.031940203880672,21.908431632901635,0.004057704630847073,4.755007917003729,18.87196894977768,0.8527910137015907,0.809489311499499,0.8502409439766234
594,40,50,10,Median,40,[   0  301 1329 1940 2472 3161 3314],6,1028,153,552.3333333333334,178.58985734038637,0.7608550501106928,-0.02965933169084295,5.907213319795375,23.55863361891687,0.004495596903530418,3.6803985765526805,20.02935601668014,0.8549637976017739,0.8228283215541609,0.8676486320213413
595,40,50,10,Mode,40,[   0  373 1332 1940 2508 3161 3314],6,959,153,552.3333333333334,196.77119625121122,0.8113016991848895,-0.029187271265650915,6.023382953337488,21.396440619660073,0.004034810537848798,4.071583237156046,17.966128005126745,0.8276303207485819,0.7656008718939181,0.8121317979913837
596,40,50,10,Median,40,[   0  294  910 1332 1940 2472 3161 3314],7,689,153,473.42857142857144,163.7324937255216,0.7565320040505288,-0.030494547466817706,5.292331030501281,21.116602928250646,0.0034931745365407874,3.4055669920041094,18.63974004428648,0.827547237891559,0.7600490998053085,0.8084098017484096
597,40,50,10,Mode,40,[   0  373  910 1332 1940 2508 3161 3314],7,653,153,473.42857142857144,162.77084405771467,0.7499872463189573,-0.030293565792384698,5.18781047831561,21.713467194339326,0.004214176691562705,3.377198616797233,19.13849314267594,0.8133605826589907,0.7445231955012228,0.7874393595200746
598,40,50,10,Median,40,[   0  294  910 1332 1940 2472 2818 3263 3314],8,616,51,414.25,142.47149768896165,0.9086730809888355,-0.03816128167243669,5.298849704091511,19.09649291589608,0.016904765595628625,2.9795619701387044,16.761406422801503,0.8456541215867446,0.7620327427414808,0.8036201415230946
599,40,50,10,Mode,40,[   0  373  910 1332 1940 2508 2886 3161 3314],8,608,153,414.25,117.86141507371862,0.7253548337120289,-0.03632138263913595,4.700630533851635,21.46565787556861,0.001866234936185849,2.4489659742273893,19.015876852937854,0.8313492406879104,0.745658082792573,0.7819307847710295
600,40,50,10,Median,40,[   0  294  910 1332 1940 2270 2473 2818 3263 3314],9,616,51,368.22222222222223,129.85766003104015,0.9468480187158792,-0.03977749388748717,5.136980535510222,18.11464009310546,0.01814425319652945,2.7130719232837763,15.877136872327632,0.8343945173919715,0.7325045182544482,0.7757394537520576
601,40,50,10,Mode,40,[   0  373  910 1332 1940 2281 2508 2886 3161 3314],9,608,153,368.22222222222223,124.48897741170519,0.8307529384121504,-0.03774735166335129,4.875374184301975,20.2239872237585,0.006590173192315247,2.4890021747462194,17.669466579251132,0.8223049705476106,0.7149958612554415,0.7518642124962135
602,40,50,10,Median,40,[   0   47  373  910 1332 1940 2270 2473 2818 3263 3314],10,608,47,331.4,119.37916063070189,0.9634319275809461,-0.047857001467908736,4.694365223956242,18.432656372575558,0.014623771081126427,2.5091221301620146,15.750502745293605,0.8377936525427625,0.7425130146054894,0.7754056934311626
603,40,50,10,Mode,40,[   0  373  910 1332 1940 2281 2508 2886 3161 3314],9,608,153,368.22222222222223,124.48897741170519,0.8307529384121504,-0.03774735166335129,4.875374184301975,20.2239872237585,0.006590173192315247,2.4890021747462194,17.669466579251132,0.8223049705476106,0.7149958612554415,0.7518642124962135
604,40,50,10,Median,40,[   0   47  373  910 1332 1707 1963 2281 2473 2818 3263 3314],11,537,47,301.27272727272725,127.56381728513922,1.0119050135755643,-0.04797703109081876,4.621069248504179,17.727281443613357,0.014478708418850373,2.690905080802934,14.470387001269348,0.8478593363391184,0.7194596806072169,0.7509727660791773
605,40,50,10,Mode,40,[   0  373  910 1332 1663 1940 2281 2508 2886 3161 3314],10,537,153,331.4,125.21224026259117,0.8668138566575536,-0.0383101445340754,4.589296541370703,19.374227313359025,0.00635146457545679,2.5412382992640072,16.433497971021378,0.8215129215471417,0.675833365123928,0.7128217742671277
606,40,50,10,Median,40,[   0   47  373  666  910 1332 1659 1940 2281 2473 2818 3263 3314],12,445,47,276.1666666666667,125.91869913734287,1.0234209290222473,-0.048671498793763715,4.277737085169024,18.362632299728745,0.012835487683143137,2.68288441108831,13.36910767588691,0.8541421212950858,0.7426768609151407,0.7698867808891389
607,40,50,10,Mode,40,[   0  373  666  910 1332 1663 1940 2281 2508 2886 3161 3314],11,422,153,301.27272727272725,129.70830148067202,0.9190131949260781,-0.040633123152557675,4.336617101727283,19.604818254745876,0.005686189724510879,2.673387254926518,14.57849419225155,0.8435838559022547,0.7159210945121451,0.7476558911255544
608,40,50,10,Median,40,[   0   47  373  666  910 1332 1663 1940 2099 2399 2508 2818 3263 3314],13,445,47,254.92307692307693,202.82415266624767,1.3457323011837339,-0.04974578601584864,5.011753127677401,17.206252668199674,0.025606390618831607,4.126895517665834,11.487127558433814,0.8670085424310713,0.7568316190708075,0.7823850867738693
609,40,50,10,Mode,40,[   0  373  666  910 1332 1663 1940 2035 2416 2508 2886 3161 3314],12,422,92,276.1666666666667,133.95499372762458,1.0930638765065679,-0.04040892323922979,4.101360579196784,20.547957819597087,0.018834203367827637,2.7088515192725198,13.454946291569861,0.8678770568120632,0.7528797967846551,0.7815308183817155
610,40,50,10,Median,40,"[   0   47  373  666  910 1332 1445 1707 1948 2270 2416 2508 2818 3263
 3314]",14,445,47,236.71428571428572,129.0059554850908,1.1456731806045342,-0.048937671478951075,4.045197718218496,17.918484007386038,0.017673153631050025,2.674730853081878,12.317130385022237,0.86597368324562,0.7444270857066818,0.7702108055017186
611,40,50,10,Mode,40,[   0  373  666  910 1332 1422 1663 1940 2281 2416 2508 2886 3161 3314],13,422,90,254.92307692307693,119.76449484302492,1.05305472809101,-0.040810575709660214,3.9702819324995704,18.681251713216533,0.01371136326781852,2.4350782831921056,13.29000476366332,0.8541627197982133,0.7158494310458494,0.7464852600342551
612,40,50,10,Median,40,"[   0   47  373  666  910 1332 1445 1663 1940 2035 2281 2472 2596 2818
 3263 3314]",15,445,47,220.93333333333334,118.24762264023518,1.1106737643504725,-0.04985123693694352,4.133198734794109,18.50760255657673,0.012510977767773471,2.405766929528313,13.1167492393503,0.8469216354695961,0.704437704972737,0.733300045627693
613,40,50,10,Mode,40,"[   0  373  666  910 1332 1422 1663 1940 2011 2281 2508 2596 2886 3161
 3314]",14,422,71,236.71428571428572,157.61653377025434,1.209810544524661,-0.04878846136528782,4.587842768587681,18.121539768262288,0.01010717061481942,3.3098045960868676,12.707092198499232,0.8301437970291967,0.6640424605832045,0.6990316385228982
614,40,50,10,Median,40,"[   0   47  373  666  910 1058 1332 1445 1663 1940 2035 2270 2416 2508
 2818 3263 3314]",16,445,47,207.125,108.99570746525052,1.1075223130162228,-0.05000001018769838,3.5826860300648193,18.088990922008694,0.015080284555287933,2.253250459387698,12.72838257660831,0.8754926378182154,0.7610058794243209,0.7862710935069922
615,40,50,10,Mode,40,"[   0  373  666  910 1182 1332 1422 1663 1940 2011 2281 2416 2508 2886
 3161 3314]",15,378,71,220.93333333333334,113.9811762742366,1.1045712964960421,-0.043084635811089116,3.6646325522450596,19.835042743553135,0.015673745579193536,2.321490873087749,12.582115885927308,0.8464961307618803,0.6993604737111461,0.7328768631469958
616,40,50,15,Median,40,[   0 1061 2416 3314],3,1355,898,1104.6666666666667,409.81032026843707,0.7847689249761751,-0.011310802058648508,10.632269116362934,23.715964884240705,0.0035101533385435953,8.431692868326497,20.56603559299948,0.9909760428418125,0.9951279733840336,0.9967993508168876
617,40,50,15,Mode,40,[   0 2508 3314],2,2508,806,1657.0,941.6547685198901,1.2424840435336915,0.0028833822921827427,20.032975570621332,10.143032857724736,0.0028833822921827427,20.032975570621332,10.143032857724736,0.8903720861247716,0.9416033610575855,0.9781472726036491
618,40,50,15,Median,40,[   0  655 1510 2473 3314],4,963,655,828.5,327.6458408932872,0.7496556500127759,-0.01737815467462993,8.22313221755593,25.356250845697883,0.0025609578665579083,6.791301108123356,22.120355182531814,0.9852915035244083,0.9897972259970812,0.9923899999557112
619,40,50,15,Mode,40,[   0  373 1332 2508 3314],4,1176,373,828.5,323.60713955654023,0.7958655355204328,-0.021808684241910986,8.248273331955499,23.12115314880492,0.0005707523542590988,6.7725424573508635,19.361679384228704,0.8346488221363019,0.8285255887743128,0.8756123590384659
620,40,50,15,Median,40,[   0  373 1977 2508 3314],4,1604,373,828.5,344.6379613928493,0.9603364352156184,-0.0207787300763359,9.04213368569567,16.419043746378556,0.011830164152447495,7.015754777922646,14.835495695084063,0.8242570016483329,0.7983060176132243,0.8626553425735103
621,40,50,15,Mode,40,[   0  373 1332 1940 2508 3314],5,959,373,662.8,232.96495589404648,0.7947699216119577,-0.0222054426962207,7.031940203880672,21.908431632901635,0.004057704630847073,4.755007917003729,18.87196894977768,0.8527910137015907,0.809489311499499,0.8502409439766234
622,40,50,15,Median,40,[   0  373 1329 1940 2472 2908 3314],6,956,373,552.3333333333334,152.22087361424488,0.7175107640306247,-0.03196203454663073,6.085122954715953,25.400713964499477,0.0036948138806824544,3.11268842599391,20.986214355251303,0.8825007848408999,0.8123137852463714,0.8468139419630896
623,40,50,15,Mode,40,[   0  373 1332 1940 2508 3161 3314],6,959,153,552.3333333333334,196.77119625121122,0.8113016991848895,-0.029187271265650915,6.023382953337488,21.396440619660073,0.004034810537848798,4.071583237156046,17.966128005126745,0.8276303207485819,0.7656008718939181,0.8121317979913837
624,40,50,15,Median,40,[   0  319  910 1332 1940 2472 2908 3314],7,608,319,473.42857142857144,132.7058943652966,0.6975273682062996,-0.03298525352017001,5.253935780063913,22.712150903069016,0.00261599799496386,2.7168072896917757,19.976787933556597,0.8596150103229121,0.7732904282056419,0.8138792863640423
625,40,50,15,Mode,40,[   0  373  910 1332 1940 2508 3161 3314],7,653,153,473.42857142857144,162.77084405771467,0.7499872463189573,-0.030293565792384698,5.18781047831561,21.713467194339326,0.004214176691562705,3.377198616797233,19.13849314267594,0.8133605826589907,0.7445231955012228,0.7874393595200746
626,40,50,15,Median,40,[   0  319  910 1332 1940 2472 2788 3215 3314],8,608,99,414.25,137.69736070319456,0.8437558082734257,-0.037572595406208026,5.1869049319300595,20.117128343629123,0.01094571176924983,2.8672504412954254,17.453257771603404,0.8499425293400621,0.7579660918721254,0.8005370203228553
627,40,50,15,Mode,40,[   0  373  910 1332 1940 2508 2742 3161 3314],8,608,153,414.25,134.10990490412357,0.8191722388685897,-0.03713281001612336,5.234161458599834,20.228133291650394,0.005108249660225094,2.8581259384979782,17.779290958564616,0.8140710675090833,0.726612041023309,0.7658179233518526
628,40,50,15,Median,40,[   0  319  910 1332 1940 2184 2473 2788 3215 3314],9,608,99,368.22222222222223,130.5932504093025,0.8963509122228536,-0.03946807708686923,5.074136594883583,19.37897973737601,0.0094814403965211,2.730459348262686,16.21787739330441,0.855533472659525,0.7429527572852689,0.7851959740580742
629,40,50,15,Mode,40,[   0  373  910 1332 1940 2281 2508 2742 3161 3314],9,608,153,368.22222222222223,136.67971229706595,0.8879434175518242,-0.038405291932807006,5.343783223441965,19.19461707539789,0.0073634033151929006,2.8233133081152495,16.819858075376718,0.8059232304647237,0.694525262675619,0.734270564401276
630,40,50,15,Median,40,[   0  295  655  910 1332 1940 2184 2473 2788 3215 3314],10,608,99,331.4,137.42450576285353,0.9522144655216552,-0.042491791449975606,4.815481904930654,18.940159617616793,0.008396132526742971,2.9188915685280783,14.393444180621417,0.8830042205421786,0.8122409598151793,0.8351646612870168
631,40,50,15,Mode,40,[   0  373  666  910 1332 1940 2281 2508 2742 3161 3314],10,608,153,331.4,140.40117231332525,0.943594953306377,-0.04115483553602979,4.979415803361168,19.240179439964816,0.006511771398615654,2.9388038134234566,14.71581386514854,0.8298529840178998,0.7317431386570283,0.7653796352668568
632,40,50,15,Median,40,[   0  100  373  666  910 1332 1913 2161 2473 2788 3215 3314],11,581,99,301.27272727272725,140.10738736230064,0.9762210825859624,-0.04584458648417603,4.583915311372465,18.971023596947763,0.007884071826195094,2.9750115574078797,14.028740400388475,0.8929285806895383,0.8211618385990347,0.8421226797592964
633,40,50,15,Mode,40,[   0  373  666  910 1332 1940 2281 2508 2742 3161 3314],10,608,153,331.4,140.40117231332525,0.943594953306377,-0.04115483553602979,4.979415803361168,19.240179439964816,0.006511771398615654,2.9388038134234566,14.71581386514854,0.8298529840178998,0.7317431386570283,0.7653796352668568
634,40,50,15,Median,40,[   0  100  373  666  910 1332 1646 1940 2270 2473 2788 3215 3314],12,427,99,276.1666666666667,119.29911656685978,0.9419379184459352,-0.04609398450343413,4.187745279688843,18.796379518011637,0.008797210723099668,2.531954262638965,14.160068250346251,0.8655873393009617,0.7547413016108937,0.7799032707665197
635,40,50,15,Mode,40,[   0  373  666  910 1332 1663 1940 2281 2508 2742 3161 3314],11,422,153,301.27272727272725,139.46088938896065,0.9647655782378172,-0.04121410645571775,4.712101927329265,18.981251282304882,0.006304773822813002,2.9408361616217418,13.89880738915202,0.8286692064488891,0.6915098378373331,0.7258531568140209
636,40,50,15,Median,40,[   0  100  373  666  910 1332 1646 1940 2184 2416 2508 2788 3215 3314],13,427,92,254.92307692307693,138.95668333182664,1.1049590411096792,-0.04561629469015648,4.2848038736793965,18.429843292650745,0.017163934115743896,2.8499930486950666,13.033747553721797,0.8760904036687889,0.761891419830003,0.786209968014646
637,40,50,15,Mode,40,[   0  373  666  910 1332 1663 1940 2281 2416 2508 2742 3161 3314],12,422,92,276.1666666666667,137.86186508521976,1.0836614476714657,-0.040876602028538774,4.565330948635122,18.909561845802706,0.012911705535531144,2.8325138904665774,13.093651251401468,0.8357060349926444,0.695312765258872,0.7289005526023711
638,40,50,15,Median,40,"[   0  100  373  666  910 1329 1476 1663 1940 2099 2416 2508 2788 3215
 3314]",14,427,92,236.71428571428572,153.05374584988718,1.2040595705159862,-0.04721848868906574,4.316760996985494,20.03030974350313,0.023528173670870383,3.1774216877790034,11.774038171337699,0.8759495122394259,0.7619543582127958,0.7856269196461797
639,40,50,15,Mode,40,[   0  373  666  910 1332 1437 1663 1940 2035 2416 2508 2742 3161 3314],13,422,92,254.92307692307693,133.22124845204124,1.128463645089458,-0.04174994592887639,4.166759244511133,19.063595822188166,0.017924241705987855,2.7310234668296816,12.460393953594204,0.8576194877033282,0.7239222428981974,0.7547242349495399
640,40,50,15,Median,40,"[   0  100  373  666  910 1061 1332 1646 1940 2090 2416 2508 2699 2858
 3224 3314]",15,366,90,220.93333333333334,152.78811318550243,1.216264144388635,-0.052901876485391776,4.5664694443274065,18.75425493776671,0.019876890949567516,3.2104823376936658,12.28247935672638,0.8813715007047336,0.7702767936703303,0.7954472974309572
641,40,50,15,Mode,40,"[   0  373  666  910 1010 1332 1663 1940 2035 2416 2508 2596 2788 3161
 3314]",14,381,88,236.71428571428572,157.4457111811771,1.2765688761590634,-0.04688426829482398,4.62325951114361,19.925715884260313,0.015824899658781515,3.2082784493141454,12.747009698651134,0.861156494451458,0.7452211090749764,0.7776964013483361
642,40,50,15,Median,40,"[   0  100  373  666  910 1061 1332 1476 1663 1940 2035 2270 2416 2508
 2788 3215 3314]",16,427,92,207.125,111.29454594298814,1.085979737201413,-0.048111500459806084,3.612897491745695,18.443311596231943,0.012860397803270788,2.296612162233131,12.678460914721251,0.8818638173457256,0.7703262412296985,0.7945982877620135
643,40,50,15,Mode,40,"[   0  373  666  910 1010 1332 1437 1663 1940 2035 2281 2416 2508 2742
 3161 3314]",15,419,92,220.93333333333334,112.14195904483016,1.084290667995053,-0.042313113520200715,3.8381534316686343,18.246543864075495,0.012048888440118364,2.3118527479708493,12.676792849271475,0.8500944735872543,0.7023280758405952,0.7351518068442235
644,40,50,20,Median,40,[   0 1010 2417 3314],3,1407,897,1104.6666666666667,424.6591393559414,0.7966581462889568,-0.012268553329622607,10.389935611092758,23.14309657862266,0.002516013798158024,8.739322838834516,20.102632510195072,0.9467784898741171,0.9588729485972407,0.9730613888520356
645,40,50,20,Mode,40,[   0 2508 3314],2,2508,806,1657.0,941.6547685198901,1.2424840435336915,0.0028833822921827427,20.032975570621332,10.143032857724736,0.0028833822921827427,20.032975570621332,10.143032857724736,0.8903720861247716,0.9416033610575855,0.9781472726036491
646,40,50,20,Median,40,[   0  666 1646 2508 3314],4,980,666,828.5,285.18441733682624,0.6989867438654137,-0.018866603964250477,7.667335339825496,27.555981111273226,0.003193224961359183,5.82523279978973,25.031232159907443,0.9232260841974606,0.9289395976063574,0.9470755253709452
647,40,50,20,Mode,40,[   0  373 1332 2508 3314],4,1176,373,828.5,323.60713955654023,0.7958655355204328,-0.021808684241910986,8.248273331955499,23.12115314880492,0.0005707523542590988,6.7725424573508635,19.361679384228704,0.8346488221363019,0.8285255887743128,0.8756123590384659
648,40,50,20,Median,40,[   0  373 1265 1975 2508 3314],5,892,373,662.8,253.0758912416252,0.8060667848258221,-0.024318910750535726,7.070329455566351,23.784182671070877,0.007620674022599442,5.165561289425081,20.064087719774186,0.825783599895412,0.7755000555301537,0.8230974705429187
649,40,50,20,Mode,40,[   0  373 1332 1851 2508 3314],5,959,373,662.8,237.85111308506302,0.7789129583017611,-0.022404902723526195,6.831380284831052,22.322399730540518,0.002387045790288855,4.873352262921374,19.154888996224127,0.8529241250960795,0.809111660088951,0.8500873926741562
650,40,50,20,Median,40,[   0  373 1265 1940 2473 3077 3314],6,892,237,552.3333333333334,189.51907002152655,0.7461209458889874,-0.028086979281182946,6.0090953292938165,24.891656012983503,0.00710748321144854,3.95976646907832,20.37047018853833,0.8031085346547597,0.7171025298192822,0.771949434290782
651,40,50,20,Mode,40,[   0  373 1332 1851 2508 3161 3314],6,959,153,552.3333333333334,196.95955863243876,0.7963261312035204,-0.02923683487424296,5.862791379005282,21.72151757554484,0.002709978002046352,4.092865766429663,18.209608281350235,0.8277239149465379,0.7653492299973442,0.8121040213591006
652,40,50,20,Median,40,[   0  310  910 1332 1940 2473 3077 3314],7,608,237,473.42857142857144,164.42203167536834,0.7257166017074851,-0.028464454352526418,5.157942762818388,23.17987203438464,0.0057869560871236445,3.4226150984003456,19.796301392536563,0.8119003400394437,0.7202603861345265,0.7765677310116832
653,40,50,20,Mode,40,[   0  373  910 1332 1851 2508 3161 3314],7,657,153,473.42857142857144,162.7487898296427,0.7359053968288968,-0.03034803132728984,5.05394291072925,21.904858670077623,0.0030267740993810363,3.390484790771796,19.479877768260803,0.8134288770573675,0.7443876773935262,0.7874979665389489
654,40,50,20,Median,40,[   0  310  910 1332 1940 2456 2767 3161 3314],8,608,153,414.25,120.45827350234035,0.7653216967104094,-0.03687298729598396,5.0240547068453765,19.778807546827196,0.005693225206064487,2.5004017744031612,18.108140543013626,0.8354929075050503,0.740823445141446,0.7863864095220969
655,40,50,20,Mode,40,[   0  373  910 1332 1851 2508 2742 3161 3314],8,657,153,414.25,129.3208859453376,0.806323453551486,-0.03718053035807975,5.119072657551228,20.395600832921403,0.0045203802606068304,2.7708328066690044,18.07936417826333,0.8141352082039246,0.7266052070385469,0.766007715317956
656,40,50,20,Median,40,[   0  308  666 1001 1332 1940 2456 2767 3161 3314],9,608,153,368.22222222222223,124.52861663189577,0.8193306922399568,-0.03912332350789375,4.6834503868592074,19.02236724859364,0.005362611244812939,2.609074863303544,16.165563261929865,0.881730328294226,0.833163576209944,0.8559867250960316
657,40,50,20,Mode,40,[   0  373  643  910 1332 1851 2508 2742 3161 3314],9,657,153,368.22222222222223,133.40944687561003,0.8743923318822303,-0.04133032396877669,4.72971485147475,20.600045190373343,0.004131757870063481,2.8840738838963706,15.650892895728635,0.8398259487435983,0.7650996687237931,0.7980501145062063
658,40,50,20,Median,40,[   0  294  655 1001 1332 1801 1979 2417 2742 3161 3314],10,469,153,331.4,136.9673681903905,0.8785732884330997,-0.03997271559430094,4.470910278964588,18.962653233768027,0.005409391493170466,2.860617212767812,15.347731560383043,0.8797196531930028,0.8104879032377115,0.8336435045850085
659,40,50,20,Mode,40,[   0  373  643  910 1332 1851 1979 2508 2742 3161 3314],10,529,128,331.4,126.70070147350232,0.9183421112042639,-0.0413424746141332,4.463686276940206,19.96598208786407,0.0009489264703058828,2.7081535387277658,14.740542269577581,0.8433802714013195,0.7508416583174058,0.7830478302830842
660,40,50,20,Median,40,[   0  294  655 1001 1332 1646 1940 2270 2473 2788 3161 3314],11,373,153,301.27272727272725,121.81613166714654,0.9006777399449974,-0.03966537180190239,4.429572545529146,18.559013544849435,0.006463973678928545,2.566562907300496,14.488673831045634,0.8658504221223615,0.7705773361170127,0.7957384688945971
661,40,50,20,Mode,40,[   0  373  643  910 1332 1663 1851 2281 2508 2742 3161 3314],11,430,153,301.27272727272725,137.1972911619947,0.9588818103336111,-0.04121365852202748,4.650417874086545,19.32888942227452,0.008016998221231883,2.8870064540256166,14.050233320807541,0.8284170332765901,0.6980133895280186,0.7328299934550625
662,40,50,20,Median,40,[   0  101  373  666 1001 1332 1646 1940 2270 2473 2788 3161 3314],12,373,101,276.1666666666667,108.60601671165028,0.8780533632294601,-0.043655053814859734,4.0824300928316575,18.31280230293638,0.00532860619939873,2.281312563553017,14.874516923611315,0.872320684089023,0.7724878364206725,0.79649276615259
663,40,50,20,Mode,40,[   0   87  373  643  910 1332 1663 1851 2281 2508 2742 3161 3314],12,430,87,276.1666666666667,131.5813787523621,0.9789573438473123,-0.04725450737603645,4.431641686796682,18.417086052183162,0.007175485662042788,2.788174585022645,13.780817379107136,0.8353262998548416,0.7008388769968839,0.7328458705930114
664,40,50,20,Median,40,[   0  100  373  666 1001 1332 1646 1920 2128 2401 2508 2788 3161 3314],13,373,100,254.92307692307693,172.19119951745847,1.1604943913225019,-0.04458636103415829,4.61831526998275,17.334904186250096,0.01671855848903622,3.4270228216723857,13.314047738878076,0.8799087890170727,0.7752930326619601,0.7991136565370993
665,40,50,20,Mode,40,[   0   87  373  643  910 1332 1663 1851 2035 2416 2508 2742 3161 3314],13,422,87,254.92307692307693,131.32265951742917,1.0804363584200432,-0.046970831127137964,4.17906660221847,19.442388083131426,0.01627677789098927,2.697492017347402,13.297562853809838,0.8613738487909286,0.7359828407621916,0.7646241345564135
666,40,50,20,Median,40,[   0  373  666  910 1062 1332 1647 1920 2128 2401 2508 2788 3161 3314],13,373,107,254.92307692307693,174.26780867736943,1.1802012362521335,-0.041854785994946665,4.609664513535143,18.14754581764364,0.017029871024577082,3.4757024843628215,12.906063499819416,0.8742799281198489,0.7542405033021485,0.7849789800962392
667,40,50,20,Mode,40,"[   0   87  373  643  910 1035 1332 1663 1851 2035 2416 2508 2742 3161
 3314]",14,419,87,236.71428571428572,122.91208242338072,1.0678984415489272,-0.04803111495723014,3.964650143933157,18.897935282749312,0.015213288828247627,2.526538755307767,13.240622532093948,0.8717765507598386,0.7611423421681347,0.7894535128270693
668,40,50,20,Median,40,"[   0  100  373  666  910 1062 1332 1646 1913 2100 2401 2508 2742 2886
 3161 3314]",15,314,100,220.93333333333334,179.45662530102268,1.245632882230782,-0.054236435574712756,4.609266262817808,16.973464366058835,0.015181913677866851,3.7076815188347494,12.223543756700371,0.8779403186922493,0.751168570776101,0.7781881273370949
669,40,50,20,Mode,40,"[   0   87  373  643  910 1035 1332 1663 1851 2035 2416 2508 2742 2882
 3161 3314]",15,381,87,220.93333333333334,126.51350777379373,1.1159949923219945,-0.058124765433831806,3.898626472363826,18.445817405689375,0.01280321791579922,2.643659571657909,12.86035012889174,0.8762695804492798,0.7645061977779964,0.7919295351484072
670,40,50,20,Median,40,"[   0  147  373  666  910 1062 1329 1476 1663 1940 2171 2416 2508 2742
 2882 3161 3314]",16,293,92,207.125,136.77021019399797,1.1543927299468393,-0.05594683986109351,3.956694614135582,19.241967507204066,0.013388355613002563,2.8554785719058433,12.292451682512864,0.8586553478214477,0.7143971883121844,0.7440398008078042
671,40,50,20,Mode,40,"[   0   87  373  643  910 1035 1332 1437 1663 1851 2281 2416 2508 2742
 2882 3161 3314]",16,430,87,207.125,116.97415733303312,1.1104369764075264,-0.05796960830261509,3.8275354627761584,17.200242086387316,0.009497041803982371,2.4544592036091575,12.618647063694477,0.8619358876068963,0.7244166294897187,0.7534771439887118
672,20,35,10,Median,40,[   0 1275 2416 3314],3,1275,898,1104.6666666666667,409.762846077443,0.7928942768559093,-0.010800233234918135,10.433739177369574,25.873662748900415,0.004750804226956475,8.238832279517148,22.02666073189497,0.9228688983476563,0.9306927547454749,0.9543450913456782
673,20,35,10,Mode,40,[   0 2508 3314],2,2508,806,1657.0,941.6547685198901,1.2424840435336915,0.0028833822921827427,20.032975570621332,10.143032857724736,0.0028833822921827427,20.032975570621332,10.143032857724736,0.8903720861247716,0.9416033610575855,0.9781472726036491
674,20,35,10,Median,40,[   0  868 1525 2473 3314],4,948,657,828.5,324.64844161596034,0.7746786071779468,-0.01756043259673637,8.38921280575902,24.106696648206004,0.0032451798883008014,6.721298335959915,20.369983455230763,0.8943379009815072,0.8823546373950784,0.9121373850550935
675,20,35,10,Mode,40,[   0  910 1332 2508 3314],4,1176,422,828.5,305.435295845488,0.7791844725797027,-0.01798767117055021,7.933930469780767,24.282012983112942,0.0027935613541162376,6.351036523694777,18.940522005808564,0.8612802004892189,0.873926087764237,0.9096489281903524
676,20,35,10,Median,40,[   0  259 1329 1940 2507 3314],5,1070,259,662.8,210.5838823815986,0.7552995415230213,-0.027343858624542042,6.775101166373253,24.082100509910777,0.00453148357061642,4.314441843140082,20.82262730591907,0.8699528351482835,0.8599227134150101,0.8963458601664817
677,20,35,10,Mode,40,[   0  126 1332 1940 2508 3314],5,1206,126,662.8,216.74422295515996,0.814059879259821,-0.033178973219706115,6.659773903517042,21.698247889960918,-2.4626479323611433e-05,4.3952718546130285,18.44570368838298,0.9189015623200963,0.9386182413941886,0.954683188174559
678,20,35,10,Median,40,[   0  259 1329 1940 2473 3224 3314],6,1070,90,552.3333333333334,219.79691391695104,0.9084060006337268,-0.030905241201091397,6.227369871850855,22.406958099076217,0.015497222779069031,4.568947914357503,18.382252955427358,0.8823476794831354,0.868960764397276,0.9021314146805661
679,20,35,10,Mode,40,[   0  126 1332 1940 2508 3161 3314],6,1206,126,552.3333333333334,183.794609900102,0.8267336653031802,-0.03936012595306547,5.725383407812023,21.22563789875703,0.0007689456497122514,3.7837943872434847,17.625115796010988,0.8874202228134477,0.907168584364808,0.9305307182184769
680,20,35,10,Median,40,[   0  126  910 1332 1940 2473 3224 3314],7,784,90,473.42857142857144,194.6282871679949,0.8850954284788056,-0.03531108403679777,5.399750841301071,19.936790453516174,0.01127555496568207,4.054609431924592,16.940777030020374,0.8829634995494866,0.8646115232631465,0.891861056214817
681,20,35,10,Mode,40,[   0  126  910 1332 1940 2508 3161 3314],7,784,126,473.42857142857144,163.7146471281749,0.7841081747585642,-0.03958737292539016,5.073726015674975,20.5820819027517,0.0024234107502194248,3.390178135851849,17.77690403831765,0.8464595877347848,0.8114445052835767,0.8491813214798544
682,20,35,10,Median,40,[   0  126  910 1332 1913 2270 2507 3224 3314],8,784,90,414.25,145.88505807018285,0.9292246253979817,-0.03618974550759959,5.119552112548577,19.602573458049637,0.01381966224617413,3.0098037737570142,15.753577812523421,0.8620157986831032,0.8311991452626031,0.8628861142316726
683,20,35,10,Mode,40,[   0  126  910 1332 1940 2270 2508 3161 3314],8,784,126,414.25,142.72778889047328,0.874942382941397,-0.040768696095341145,5.123316361495705,19.1982645095173,0.00819675476386456,2.874907716808346,16.549613405251325,0.8378518209653375,0.7963811872715766,0.8347028597175179
684,20,35,10,Median,40,[   0  126  910 1332 1913 2270 2473 2886 3254 3314],9,784,60,368.22222222222223,118.90028685273629,0.8924126602933561,-0.047059628588150056,4.687883919302676,18.826910878956838,0.014319717883135429,2.4325903814541294,16.083484296044343,0.8952163253542997,0.8458291136757893,0.8706431989408404
685,20,35,10,Mode,40,[   0  126  910 1332 1940 2270 2508 2886 3161 3314],9,784,126,368.22222222222223,121.2955892915215,0.8435898349416091,-0.04633146274236376,4.705484418694168,19.25745652447911,0.00445999046711168,2.432510626861397,16.706160606779527,0.8538668235068362,0.8046527659482942,0.8360418941050533
686,20,35,10,Median,40,[   0  126  910 1329 1445 1913 2270 2507 2886 3254 3314],10,784,60,331.4,132.4135970313939,1.019210877480856,-0.0477592748511087,4.464938667274523,19.227416437776082,0.020959529756312895,2.7124528362356988,13.925998595931553,0.8829259376961502,0.8253157599027634,0.8522789378136446
687,20,35,10,Mode,40,[   0  126  910 1332 1445 1940 2270 2508 2886 3161 3314],10,784,113,331.4,118.21717881651564,0.898912912100028,-0.046313652034548056,4.372724923567339,17.93727306626412,0.004248989591327797,2.3930134395115976,15.0233928870744,0.8561353148276268,0.7975669425830799,0.8288057029370575
688,20,35,10,Median,40,[   0  126  910 1329 1445 1913 2128 2383 2508 2886 3254 3314],11,784,60,301.27272727272725,203.40206654712517,1.321119315795667,-0.048810751607395224,5.0676238456771925,17.857390083248855,0.03166653859329235,4.066289234596184,11.8195717956682,0.8926658894631503,0.8344387500968921,0.859922025551144
689,20,35,10,Mode,40,[   0  126  910 1332 1445 1940 2128 2416 2508 2886 3161 3314],11,784,92,301.27272727272725,142.27189341913441,1.1192215268006414,-0.045738118926044596,4.465814860709093,17.258578751041657,0.019381239935034496,2.854835133196898,13.40577145183202,0.8710653094794072,0.8101185948322513,0.8394754378080201
690,20,35,10,Median,40,[   0  126  655  910 1329 1445 1728 1940 2270 2507 2886 3254 3314],12,529,60,276.1666666666667,118.1911436466943,0.9939329618032562,-0.04870787681383746,3.9377993229877024,19.313133675197744,0.01613033507082109,2.4555929928725035,13.707286233148169,0.8900593872278818,0.8335545574198381,0.8507999340753477
691,20,35,10,Mode,40,[   0  126  655  910 1332 1445 1728 1940 2270 2508 2886 3161 3314],12,529,113,276.1666666666667,109.11190747707714,0.8936276384653096,-0.0477058624120198,3.8500600521704733,18.61392254756975,0.0028007710109853885,2.2404723630998635,14.831586450491846,0.8720590860125108,0.8019535474129931,0.8223337777769227
692,20,35,10,Median,40,[   0  126  655  910 1329 1445 1728 1940 2128 2383 2508 2886 3254 3314],13,529,60,254.92307692307693,168.8053836684238,1.225100075380725,-0.04916474567655526,4.394388479010614,18.199553391542064,0.025033738733500666,3.369841630368984,12.28671634611239,0.8984915226106199,0.8460837676499818,0.8615892936789102
693,20,35,10,Mode,40,[   0  126  655  910 1332 1445 1728 1940 2128 2416 2508 2886 3161 3314],13,529,92,254.92307692307693,128.35134972694888,1.0715780629834042,-0.04700216421340191,3.971647200839909,18.109182507076557,0.014937514462355172,2.5987180743549554,13.681040111135234,0.8849995691166715,0.8186836968637028,0.8371064036885336
694,20,35,10,Median,40,"[   0   87  277  655  910 1329 1445 1728 1940 2242 2416 2508 2886 3254
 3314]",14,419,60,236.71428571428572,132.03994905334125,1.1608818658916424,-0.04938460514112568,3.932351935374325,17.957296049487603,0.02422662564229818,2.683035126781966,12.324873247921234,0.8873874127184791,0.7845718524796363,0.807175532628384
695,20,35,10,Mode,40,"[   0  126  259  655  910 1332 1445 1728 1940 2270 2416 2508 2886 3161
 3314]",14,422,92,236.71428571428572,112.25059141641752,1.03435750237009,-0.048130019717595424,3.6940702839787423,17.916716514770716,0.011262601313551421,2.2826890912645244,13.548722446187186,0.8612914540389872,0.742726021002778,0.7696475306277276
696,20,35,10,Median,40,"[   0   87  277  655  910 1329 1445 1728 1940 2128 2270 2416 2508 2886
 3254 3314]",15,419,60,220.93333333333334,134.6855137543353,1.2061239068625351,-0.0531398545727357,3.9847917960955517,17.767628242856023,0.021815686020889374,2.7889599135465866,11.744053544689379,0.8790481876230236,0.7702284226185099,0.7939777800529116
697,20,35,10,Mode,40,"[   0  126  259  655  910 1332 1445 1728 1940 2128 2270 2416 2508 2886
 3161 3314]",15,422,92,220.93333333333334,115.11594969803706,1.0788542235096974,-0.05205484108036178,3.700188568619347,17.45266209745602,0.010267735578277015,2.374609228263427,13.061729866339729,0.8598077684663157,0.7381222220749162,0.7655189272725212
698,20,35,10,Median,40,"[   0   87  277  655  910 1207 1332 1445 1728 1940 2128 2270 2416 2508
 2886 3254 3314]",16,378,60,207.125,124.84014133456064,1.1735365905429824,-0.05380943665511332,3.7808945874620377,16.83230415127877,0.017770655996096545,2.59111691840969,11.931126752364564,0.8706064124490869,0.7591814685682724,0.7860077436765021
699,20,35,10,Mode,40,"[   0  126  259  655  910 1182 1332 1445 1728 1940 2128 2270 2416 2508
 2886 3161 3314]",16,396,92,207.125,119.16049864081056,1.1194218514357621,-0.052387961203551284,3.6371067374122314,17.805370949910706,0.011878201650398663,2.4489473856845305,12.463855340684667,0.8545087758932225,0.7302680892421521,0.7614301697367419
700,20,35,15,Median,40,[   0 1207 2472 3314],3,1265,842,1104.6666666666667,491.62927189263723,0.869285291959653,-0.013194845217964359,11.935068132089583,23.11203321933449,0.003464217086161012,9.935595055344756,19.728813308970402,0.8597981570860955,0.8593586706268324,0.9076754132028756
701,20,35,15,Mode,40,[   0 2473 3314],2,2473,841,1657.0,994.4314847613074,1.2587909995115212,0.005402613015810275,21.162933650378903,10.026005042925476,0.005402613015810275,21.162933650378903,10.026005042925476,0.9656535974183685,0.9859610540676762,0.9946617945434937
702,20,35,15,Median,40,[   0 1182 2383 3187 3314],4,1201,127,828.5,271.9972219294263,0.7895282120991509,-0.014158564527824389,6.882054495570053,22.702961661951846,0.003888259563128467,5.542938891886866,18.865233149142025,0.8453552723247864,0.8538622394942831,0.9014584931090158
703,20,35,15,Mode,40,[   0 2473 3314],2,2473,841,1657.0,994.4314847613074,1.2587909995115212,0.005402613015810275,21.162933650378903,10.026005042925476,0.005402613015810275,21.162933650378903,10.026005042925476,0.9656535974183685,0.9859610540676762,0.9946617945434937
704,20,35,15,Median,40,[   0  868 1510 2473 3224 3314],5,963,90,662.8,309.97477426319506,0.9586277994758212,-0.02057970398992191,7.106602186736783,21.637715727917147,0.016102392913681936,6.529009602910173,17.03702036629812,0.8853269933696651,0.8715252272939578,0.9027235104711283
705,20,35,15,Mode,40,[   0  910 1332 2473 3314],4,1141,422,828.5,324.476217215762,0.7930356031026665,-0.016761692234989273,8.341795800751873,23.632396042397524,0.0037774656215236236,6.762384078479975,18.789359579026733,0.8904813335925262,0.9040108442265592,0.9312271952215467
706,20,35,15,Median,40,[   0  666 1332 1940 2473 3224 3314],6,751,90,552.3333333333334,220.37370430791378,0.8888672806774298,-0.021523541227440962,6.114663199335002,21.241769255876907,0.014992602304366023,4.565660196133447,18.265039068688665,0.9515659476671283,0.9608330531874134,0.9684700802100806
707,20,35,15,Mode,40,[   0  910 1332 1940 2473 3314],5,910,422,662.8,226.3598731563479,0.7862152751378393,-0.017397359327640347,6.998668055767831,21.588357069610556,0.006838421648433799,4.612864011884783,18.72219528686015,0.8975442785870967,0.8891395831861253,0.9144382941247929
708,20,35,15,Median,40,[   0  259  910 1332 1940 2473 3224 3314],7,751,90,473.42857142857144,198.15451487639177,0.875635217975152,-0.03091312800570507,5.506641053779153,20.4355122523851,0.012748965166648578,4.138569804594725,17.228443183821145,0.8488557318151868,0.8028527384721622,0.8425491038136937
709,20,35,15,Mode,40,[   0  259  910 1332 1940 2473 3314],6,841,259,552.3333333333334,193.99155168556754,0.7585708305507902,-0.02785886664773836,5.981157118854743,21.47448571348781,0.004270584269219439,3.996522696415601,18.893565569327535,0.8561957275488308,0.8218364932435894,0.8592564775353061
710,20,35,15,Median,40,[   0  259  910 1332 1940 2473 2788 3314],7,651,259,473.42857142857144,128.10439937069987,0.7382120705215232,-0.03484381574169534,5.487992176688592,21.16667572576403,0.002787880288112882,2.643018275435384,18.530895626613813,0.866445937718191,0.7987613383888095,0.8351559726390373
711,20,35,15,Mode,40,[   0  259  910 1332 1940 2473 2886 3314],7,651,259,473.42857142857144,131.14858638336892,0.7126620718915538,-0.03599408094938073,5.297475939756581,22.45537575540437,0.0020238311931553097,2.7061428956382323,19.20416407003277,0.866733314648579,0.7960716517295267,0.8325739004822077
712,20,35,15,Median,40,[   0  259  910 1332 1913 2167 2473 2788 3314],8,651,254,414.25,144.79381158767507,0.870232106136122,-0.0364547151600737,5.566331616942381,19.305971656567593,0.00410937749785775,2.9946894486826188,16.356259433181407,0.873558629005202,0.7893237323952363,0.8250160349633414
713,20,35,15,Mode,40,[   0  259  910 1332 1940 2270 2473 2886 3314],8,651,203,414.25,120.76928224770474,0.8051027003687284,-0.03771380263112811,5.160839071963708,20.832708289907536,0.007249383769010602,2.450901047703618,17.753742823385057,0.8546280044147377,0.7701758208910975,0.8082885760938027
714,20,35,15,Median,40,[   0  259  666  910 1332 1913 2184 2473 2788 3314],9,581,244,368.22222222222223,137.526895850787,0.8913218945295059,-0.037480084434795724,5.048128487767278,19.704595876299223,0.0031025277707659145,2.8695101971649075,15.144229128322252,0.9033743435792227,0.8510166893967095,0.869995332639366
715,20,35,15,Mode,40,[   0  259  666  910 1332 1940 2270 2473 2886 3314],9,608,203,368.22222222222223,122.88594476109547,0.8518041001961751,-0.03890817890226556,4.76822438892189,20.0937843629408,0.0058970090139219365,2.534524399577139,16.219624431487397,0.8804064994846178,0.8236060574427121,0.8458258410407455
716,20,35,15,Median,40,[   0  259  666  910 1329 1481 1913 2167 2473 2788 3314],10,526,152,331.4,146.59969162848137,0.978727701694294,-0.03858319407547431,4.80973678978259,19.36953687350274,0.01086040933803645,3.0737713740355925,13.57332203627612,0.8910680563197583,0.8269491107578021,0.8476266757142338
717,20,35,15,Mode,40,[   0  259  666  910 1332 1445 1940 2270 2473 2886 3314],10,495,113,331.4,119.63082812280362,0.9062144812151978,-0.03888298996727055,4.428534392220919,18.967182868763366,0.005526339410714694,2.4836923485922573,14.590916286814727,0.8816087765610805,0.8153080666505709,0.8371516755779533
718,20,35,15,Median,40,[   0  259  666  910 1329 1476 1913 2167 2416 2507 2788 3314],11,526,91,301.27272727272725,155.33938856091916,1.1274483350160183,-0.03824256875741014,4.6476470167859185,18.467988585632483,0.019927010846928432,3.2480614072016665,12.30110498222712,0.888456867353346,0.8189878610898003,0.8403357057717543
719,20,35,15,Mode,40,[   0  259  666  910 1332 1445 1940 2270 2416 2473 2886 3314],11,495,57,301.27272727272725,132.22579423931293,1.1521445102340302,-0.038424464444965035,4.384587697598856,18.61599400324225,0.022515009015230934,2.6249929273674404,13.40625819183592,0.8851926144313511,0.8166745514382104,0.8380656638475501
720,20,35,15,Median,40,[   0  259  666  910 1329 1476 1717 1913 2167 2416 2507 2788 3314],12,526,91,276.1666666666667,146.19815117485635,1.130233963174075,-0.03903882003729951,4.4647432092198445,20.0521989501677,0.01751894256296583,3.0601606577038485,12.196686180253122,0.8872861293969039,0.8043603135692626,0.8255465600876798
721,20,35,15,Mode,40,[   0  259  666  910 1332 1445 1728 1940 2270 2416 2473 2886 3314],12,428,57,276.1666666666667,124.45008713647775,1.1211592616314696,-0.03883238018800492,4.098850883805601,19.20862094153222,0.020662835139290615,2.485866583735184,13.716514718422756,0.8808391931361765,0.7942379415733326,0.816026242245455
722,20,35,15,Median,40,[   0   87  295  666  910 1329 1476 1717 1913 2167 2416 2507 2882 3314],13,432,87,254.92307692307693,139.2255198664408,1.1320691586091647,-0.04192114158906484,4.1774543349391475,19.00700234355268,0.016894538104112716,2.941676914570721,12.271695412894461,0.8908362927089016,0.7932470690364596,0.8158416259611082
723,20,35,15,Mode,40,[   0   87  259  666  910 1332 1445 1728 1940 2270 2416 2473 2886 3314],13,428,57,254.92307692307693,123.04338973712511,1.1536708777165958,-0.044581594698133095,3.9758735640071787,18.37977803046857,0.019367642444708778,2.5005826560367694,13.185121170527161,0.8890749462746672,0.8046972214229161,0.8255395204093909
724,20,35,15,Median,40,"[   0   87  295  666  910 1009 1329 1476 1717 1913 2167 2417 2508 2882
 3314]",14,432,87,236.71428571428572,129.6641973677204,1.1079451703377812,-0.0431874398600735,3.9376114351430136,18.62766795914727,0.01594276899103127,2.709546838800997,12.525893533487723,0.8936830178104823,0.810240360617635,0.8329600686126928
725,20,35,15,Mode,40,[   0   87  259  666  910 1035 1332 1445 1728 1940 2270 2508 2886 3314],13,428,87,254.92307692307693,111.72393268327427,0.9617124544094997,-0.04560925172706587,3.8069218177459736,18.355778736541552,0.0037381594629056244,2.340491748300242,13.891561613958586,0.8854294955683799,0.8089474850322428,0.8311470633512028
726,20,35,15,Median,40,"[   0   87  295  666  910 1329 1476 1717 1913 2167 2416 2507 2742 2886
 3161 3314]",15,419,87,220.93333333333334,144.8860367631073,1.1873028898283227,-0.055154275709791596,4.202100050278119,17.60567288181256,0.013218103699196663,3.0606840957915993,11.571564734641411,0.8695716190022933,0.7283302860938025,0.7557583177200942
727,20,35,15,Mode,40,"[   0   87  259  666  910 1332 1445 1728 1940 2270 2416 2473 2747 2886
 3161 3314]",15,422,57,220.93333333333334,127.73354648095815,1.1942033859462071,-0.057399192474135996,3.9537466996496358,17.154545162048375,0.015069794968100694,2.614532019003343,12.247860097219709,0.8657800012034222,0.7353044565854395,0.7611726203828594
728,20,35,20,Median,40,[   0 1062 2473 3314],3,1411,841,1104.6666666666667,455.0816240191108,0.8250984557501388,-0.014441342383596595,11.683744357352767,23.864861912851435,0.0009181772297305797,9.306667268249178,20.469775798982575,0.9721167100140137,0.9841851335994136,0.9896861800608749
729,20,35,20,Mode,40,[   0 2473 3314],2,2473,841,1657.0,994.4314847613074,1.2587909995115212,0.005402613015810275,21.162933650378903,10.026005042925476,0.005402613015810275,21.162933650378903,10.026005042925476,0.9656535974183685,0.9859610540676762,0.9946617945434937
730,20,35,20,Median,40,[   0 1035 2356 3161 3314],4,1321,153,828.5,213.25554831555462,0.7448732351271586,-0.022295247320072976,6.490755746584069,21.830653904039394,-0.00035991594788042377,4.379356980618394,19.147374480294314,0.8901420667329475,0.9238832156920361,0.9487578814071602
731,20,35,20,Mode,40,[   0 2473 3314],2,2473,841,1657.0,994.4314847613074,1.2587909995115212,0.005402613015810275,21.162933650378903,10.026005042925476,0.005402613015810275,21.162933650378903,10.026005042925476,0.9656535974183685,0.9859610540676762,0.9946617945434937
732,20,35,20,Median,40,[   0  666 1332 2383 3161 3314],5,1051,153,662.8,190.23865616529395,0.7099550467683184,-0.024198264664344174,5.618922148719526,22.049005271721786,0.00011305752421658004,3.979143629650239,20.071465169216452,0.9353601797884472,0.9443085622404772,0.9580876221655372
733,20,35,20,Mode,40,[   0  910 1332 2473 3314],4,1141,422,828.5,324.476217215762,0.7930356031026665,-0.016761692234989273,8.341795800751873,23.632396042397524,0.0037774656215236236,6.762384078479975,18.789359579026733,0.8904813335925262,0.9040108442265592,0.9312271952215467
734,20,35,20,Median,40,[   0  428 1251 1940 2473 3161 3314],6,823,153,552.3333333333334,206.2317165133385,0.8179419338394428,-0.029311427345345458,6.4426815148652805,21.140696003775314,0.005924566053666881,4.339640385172416,17.75497677660663,0.8233948063988903,0.7660512800938972,0.8116021062965789
735,20,35,20,Mode,40,[   0  666 1332 1940 2473 3314],5,841,533,662.8,220.724797677264,0.7458448120725474,-0.018278337335147436,6.860553667556587,22.638909407959922,0.0049555354670089615,4.494873908794222,20.605591021788534,0.964212154189041,0.9729646535477554,0.9785036904625322
736,20,35,20,Median,40,[   0  259  910 1332 1940 2473 3161 3314],7,688,153,473.42857142857144,167.761859416409,0.7695764792780287,-0.034608986855069634,5.2883995484052635,21.255527508973024,0.0038420923503019976,3.4836360260929826,18.276651642744362,0.8317919664723656,0.7724137360442023,0.8183150855464255
737,20,35,20,Mode,40,[   0   87  910 1332 1940 2473 3314],6,841,87,552.3333333333334,200.93140452446158,0.8622008359169586,-0.03149794643160743,6.083994165181036,19.732496642142216,0.004943286430339278,4.163182478286702,17.272584734420583,0.9029776312063519,0.8899936390007142,0.913476115334747
738,20,35,20,Median,40,[   0  259  910 1332 1940 2473 2783 3224 3314],8,651,90,414.25,148.4173863715733,0.9033113278207477,-0.04282292629806103,5.390289800839969,19.778928108791753,0.012099792919852819,3.145269888238586,16.522170081255723,0.8618053832962136,0.7861322555062451,0.8237552084571876
739,20,35,20,Mode,40,[   0   87  910 1332 1940 2473 2742 3314],7,823,87,473.42857142857144,150.2617816742148,0.8842917186333233,-0.03888299689647436,5.944960283701417,18.85645774779827,0.005351073938753126,3.1157008923881597,16.456408848166685,0.8897511242591147,0.8593582671366449,0.8849925728954864
740,20,35,20,Median,40,[   0  259  666  910 1332 1940 2473 2783 3224 3314],9,608,90,368.22222222222223,147.07803586948046,0.9377366492166921,-0.04506757063252273,4.969177176532081,19.195544726991713,0.010141117020908877,3.142097135045236,15.141998282124232,0.887664145506816,0.8404565289850018,0.8620254278546506
741,20,35,20,Mode,40,[   0   87  666  910 1332 1940 2473 2742 3314],8,608,87,414.25,146.37248470930962,0.915070323183657,-0.04032077515355784,5.3782931266125855,18.54931803205172,0.0034451599290194123,3.0676371580792434,15.428118313402182,0.9108347720716796,0.8943147890813977,0.9098766052481508
742,20,35,20,Median,40,[   0  259  666  910 1332 1913 2167 2473 2783 3224 3314],10,581,90,331.4,159.00086417807836,1.0192569041386517,-0.04549479764747576,5.0898765780865025,19.167775859194652,0.010304624089213406,3.381306357064959,13.831362515658599,0.8929182100343963,0.8309658880940737,0.8516179266031457
743,20,35,20,Mode,40,[   0   87  666  910 1332 1940 2270 2473 2742 3314],9,608,87,368.22222222222223,132.97619216726153,0.9398201701866651,-0.040633008541536314,5.2501632562923755,17.92290725112016,0.005853923586898618,2.773394599487472,14.960835048930512,0.8971029753270632,0.8720294372692052,0.8893007378365959
744,20,35,20,Median,40,[   0  259  666  910 1329 1499 1913 2167 2473 2783 3224 3314],11,441,90,301.27272727272725,155.9484668482117,1.0529520068807472,-0.046207513661590156,4.793374704573687,19.20703979738135,0.015059741913187963,3.3137230910759596,12.864533207930876,0.8929581625469675,0.8150635901516682,0.8355917813074858
745,20,35,20,Mode,40,[   0   87  666  910 1332 1445 1940 2270 2473 2742 3314],10,579,87,331.4,128.59993692828456,0.9844509878734109,-0.04095700068443535,4.857236702445837,16.769429289293246,0.005488041253360633,2.6960214151792194,13.471992391208609,0.8977202166182263,0.8674618238659189,0.8840472446328854
746,20,35,20,Median,40,[   0  259  666  910 1329 1481 1913 2167 2416 2507 2788 3224 3314],12,436,90,276.1666666666667,165.57145179442,1.1932307950022334,-0.04540211399755,4.638658991716404,18.08623553492895,0.024084751587480167,3.5038112279427622,11.67699557873335,0.8805039319154909,0.7953437239820432,0.8185068031715295
747,20,35,20,Mode,40,[   0   87  666  910 1332 1445 1940 2270 2416 2473 2742 3314],11,579,57,301.27272727272725,141.7598957287239,1.221436891204876,-0.0404741571456243,4.771227429799953,16.93971424919014,0.021369553127867993,2.8109977401004898,12.193620556228003,0.9011358798625669,0.8693684228309347,0.8855155396643112
748,20,35,20,Median,40,[   0  259  666  910 1329 1476 1707 1913 2167 2473 2676 2987 3314],12,419,147,276.1666666666667,136.0582438455285,1.0113237051957922,-0.04534099736684107,4.510110979769033,20.50713021354435,0.008692484108641093,2.8666376806730813,13.393221262281857,0.855553465743808,0.7211407829862466,0.7491413851788933
749,20,35,20,Mode,40,[   0   87  666  910 1332 1445 1685 1940 2270 2473 2596 2882 3314],12,579,87,276.1666666666667,147.7195526142519,1.099928875119776,-0.046610911628711116,4.913979729171637,17.982436471977724,0.00712213794634936,3.089912371160895,13.22474339502928,0.8938635504645606,0.8382874784939252,0.8556977086562227
750,20,35,20,Median,40,"[   0  259  666  910 1329 1476 1707 1913 2167 2416 2507 2713 2920 3224
 3314]",14,419,90,236.71428571428572,153.80791216084796,1.1951757642204195,-0.05245728032198188,4.584021432887911,19.62942978007052,0.01898773094366221,3.212625202394545,12.014189892137505,0.8676617297515374,0.7393434513185431,0.764393403921669
751,20,35,20,Mode,40,[   0   87  666  910 1332 1445 1685 1940 2270 2416 2473 2596 2882 3314],13,579,57,254.92307692307693,149.93831527233496,1.2510802761422732,-0.04612368091306868,4.839186725585226,17.661747458275485,0.017319570232981717,3.0096862458493248,12.489925450693397,0.9017789038124044,0.8450597684213693,0.8617661541304732
752,20,35,20,Median,40,"[   0  252  666  910 1329 1476 1707 1913 2167 2416 2507 2742 2886 3119
 3314]",14,419,91,236.71428571428572,150.4755640865659,1.1889798819233728,-0.05836827588636224,4.378724493203835,18.040191035773454,0.014306431967048516,3.16659386579709,11.686463395316768,0.8650284465158973,0.7263125072668819,0.7530273109166162
753,20,35,20,Mode,40,"[   0   87  666  910 1332 1445 1685 1940 2270 2416 2473 2742 2882 3161
 3314]",14,579,57,236.71428571428572,138.49858342085102,1.2255874759245637,-0.056554458805273544,4.262694528663259,17.178218474679444,0.016249955632322968,2.8223816628512677,12.07100673818687,0.8913974735663047,0.8271099653701406,0.8439276814739985
754,20,35,20,Median,40,"[   0  126  308  666  910 1062 1329 1476 1707 1913 2150 2401 2507 2783
 3091 3314]",15,358,106,220.93333333333334,141.29778490889288,1.1241286679830909,-0.051626902745516914,3.9279415687592025,18.746023500384922,0.014499509007747251,2.8923463024131446,12.59777733482116,0.8908698322155075,0.7622733289523245,0.7937329079408358
755,20,35,20,Mode,40,"[   0   87  259  666  910 1035 1332 1445 1685 1940 2128 2416 2473 2742
 3161 3314]",15,419,57,220.93333333333334,134.1878656587236,1.1920734303945995,-0.049336033477668725,4.136088201760265,19.386554870880833,0.020504438996748888,2.7824623144934924,12.24311409511767,0.8829171525159577,0.7773960359931796,0.8030562187156421
756,20,40,10,Median,40,[   0 1329 2417 3314],3,1329,897,1104.6666666666667,366.1531465537795,0.7625492194954577,-0.010321391625069298,10.137147758852194,26.0451304773308,0.00466988221342028,7.343894836208786,22.33424970299207,0.9705999553150383,0.9807668196455432,0.9873473400530534
757,20,40,10,Mode,40,[   0 2508 3314],2,2508,806,1657.0,941.6547685198901,1.2424840435336915,0.0028833822921827427,20.032975570621332,10.143032857724736,0.0028833822921827427,20.032975570621332,10.143032857724736,0.8903720861247716,0.9416033610575855,0.9781472726036491
758,20,40,10,Median,40,[   0  868 1510 2473 3314],4,963,642,828.5,340.26462733207484,0.7943460989047152,-0.017270101533685765,8.432586609061167,23.717341685817672,0.003637223778634914,7.056737211511394,19.731695662771173,0.896252921840807,0.884325991024865,0.9136805938544179
759,20,40,10,Mode,40,[   0  910 1332 2508 3314],4,1176,422,828.5,305.435295845488,0.7791844725797027,-0.01798767117055021,7.933930469780767,24.282012983112942,0.0027935613541162376,6.351036523694777,18.940522005808564,0.8612802004892189,0.873926087764237,0.9096489281903524
760,20,40,10,Median,40,[   0  259 1329 2416 3314],4,1087,259,828.5,283.91180227039416,0.7538192542810007,-0.024302019590213206,7.728253061962304,24.60590806024545,0.0016248116624184717,5.835744142102627,21.010910950601595,0.8988817161578835,0.9040450033975248,0.934182224472541
761,20,40,10,Mode,40,[   0  126 1332 2508 3314],4,1206,126,828.5,296.9553804174124,0.8065591961564437,-0.0331224265805934,7.75290949602923,24.034367705291928,-0.004338108585591361,6.190309084953834,20.07546402903751,0.9117879844493326,0.9360225935471678,0.9564699104422733
762,20,40,10,Median,40,[   0  259 1329 1940 2472 3314],5,1070,259,662.8,216.75469039231683,0.7623809599647648,-0.026550689039965627,6.986624755074283,24.17289065168685,0.004681660335603399,4.455382399209689,20.96559250232065,0.8933015839745616,0.8826798051351354,0.9134150241415121
763,20,40,10,Mode,40,[   0  126 1332 1940 2508 3314],5,1206,126,662.8,216.74422295515996,0.814059879259821,-0.033178973219706115,6.659773903517042,21.698247889960918,-2.4626479323611433e-05,4.3952718546130285,18.44570368838298,0.9189015623200963,0.9386182413941886,0.954683188174559
764,20,40,10,Median,40,[   0  259  910 1332 1940 2472 3314],6,842,259,552.3333333333334,189.75196143603802,0.7484722600986154,-0.026556410161171128,5.9694753594558865,21.675267015343962,0.003549079017093977,3.9302660241704204,19.13989884821168,0.8569364540344697,0.8226272825731229,0.8598889094599387
765,20,40,10,Mode,40,[   0  126  910 1332 1940 2508 3314],6,806,126,552.3333333333334,186.05834501783585,0.7654440478149537,-0.03350608136222585,5.690701352207998,20.84603420371039,0.002119446067092169,3.8006368594691557,18.46373200067658,0.8715016569640668,0.8543741602106056,0.8848652462950006
766,20,40,10,Median,40,[   0  259  910 1332 1940 2472 2858 3314],7,651,259,473.42857142857144,127.9771070535512,0.7216887573120259,-0.035975000244464636,5.502156344555836,21.39663856077973,0.0028271156974036525,2.6406839082320452,18.846531118079124,0.8689830679720425,0.7981835427566626,0.8343741376343089
767,20,40,10,Mode,40,[   0  126  910 1332 1940 2508 2886 3314],7,784,126,473.42857142857144,129.29583838817987,0.7342990565012695,-0.040628930657040964,5.1063930642036155,21.45643111951795,-1.9850123661968908e-05,2.6628304229257655,18.501791906190245,0.8825829268171603,0.8449052363095709,0.8723850004857802
768,20,40,10,Median,40,[   0  259  910 1332 1913 2270 2473 2858 3314],8,651,203,414.25,125.7645043437526,0.8211301069270791,-0.03793768921788103,5.327891385525934,19.765139989360218,0.007646928241882255,2.5696096022076413,17.09010135824966,0.8634123599158137,0.776620601863747,0.8137383040188576
769,20,40,10,Mode,40,[   0  126  910 1332 1940 2281 2508 2886 3314],8,784,126,414.25,135.2367063009558,0.8534762871886598,-0.041653232374507916,5.2473059907596244,19.896013498433252,0.005648377177607032,2.678034016561803,17.036478014369365,0.8698702400451518,0.8275006765701135,0.8558986241436913
770,20,40,10,Median,40,[   0   87  295  910 1332 1913 2270 2473 2858 3314],9,615,87,368.22222222222223,118.76843197436907,0.8688139277159355,-0.04172733506670154,4.912330041111734,18.87706507213845,0.0073577937167638476,2.458480763779363,16.336036883040713,0.8700722809439243,0.7702012171066557,0.8090346186820649
771,20,40,10,Mode,40,[   0  126  259  910 1332 1940 2281 2508 2886 3314],9,651,126,368.22222222222223,127.00715996235563,0.8757882337597905,-0.04340196896884259,4.815755116150153,19.327961925927795,0.006624497887592319,2.552100047154919,16.34988679047497,0.84555524226603,0.7590988649627448,0.799357932916617
772,20,40,10,Median,40,[   0  126  655  910 1332 1445 1913 2270 2473 2858 3314],10,529,113,331.4,112.80953782672795,0.884162690811524,-0.04292465999007374,4.4330336879280035,17.920301207651335,0.004062917082595941,2.329126435518874,14.843721678032782,0.9121123544942649,0.8822176818763652,0.8961807791973646
773,20,40,10,Mode,40,[   0  126  655  910 1332 1445 1940 2281 2508 2886 3314],10,529,113,331.4,125.30573226710635,0.9152970152359499,-0.042753674067049836,4.466372473700042,18.108194938706145,0.003612300291917827,2.5321137175793926,14.668693924849435,0.8908992426063906,0.8536376069484279,0.8709931318080207
774,20,40,10,Median,40,[   0  126  655  910 1332 1445 1728 1940 2281 2473 2858 3314],11,529,113,301.27272727272725,108.09509831825991,0.8907346966043928,-0.043292852521730284,4.1797186077976685,18.69362086231838,0.00435722436018871,2.2420184943900496,14.866771472798714,0.8984308192259448,0.8564875331451236,0.8720235648657905
775,20,40,10,Mode,40,[   0  126  655  910 1332 1445 1728 1940 2281 2508 2886 3314],11,529,113,301.27272727272725,117.3588103287068,0.9045058540171051,-0.04307656192825862,4.143757861738219,19.01812802550455,0.003485353560664325,2.3864856642128474,14.87191915932089,0.8862257753424845,0.8353906758248693,0.8531123403612982
776,20,40,10,Median,40,[   0  126  655  910 1332 1445 1728 1940 2270 2416 2508 2858 3314],12,529,92,276.1666666666667,118.32879683245461,1.0317196634873758,-0.043213359393427825,4.1043024457510615,18.483066224722986,0.01123620595606135,2.3640551131667142,13.872600378961126,0.8958184480647824,0.8485054248832021,0.8645760798649711
777,20,40,10,Mode,40,[   0  126  655  910 1332 1445 1728 1940 2281 2416 2508 2886 3314],12,529,92,276.1666666666667,116.71985936554034,1.0282983219353388,-0.0427601356534813,4.047851452470799,18.665974190755893,0.011315374232852267,2.3326592870541183,14.092958979435439,0.8923631827939508,0.8414931958208253,0.8582784545067923
778,20,40,10,Median,40,[   0   87  295  655  910 1332 1445 1728 1940 2270 2416 2508 2858 3314],13,456,87,254.92307692307693,121.17566404767656,1.0670572165144452,-0.04308013648492564,4.048183014484948,17.61403342576611,0.011958350408085778,2.470609182165976,13.189637047937842,0.879889809984478,0.7817101072726167,0.8052124296649453
779,20,40,10,Mode,40,[   0  126  259  655  910 1332 1445 1728 1940 2281 2416 2508 2886 3314],13,428,92,254.92307692307693,117.35850371979876,1.0517950458047594,-0.04359184086463784,3.9053225097661275,18.148768106880784,0.011832189369714826,2.382642734954982,13.473167818042407,0.8746952768319426,0.7816693305610701,0.8050723972641628
780,20,40,10,Median,40,"[   0   87  295  655  910 1332 1445 1728 1913 2128 2281 2438 2508 2858
 3314]",14,456,70,236.71428571428572,114.1273972200276,1.0739225750842456,-0.047507356689470086,3.956685546715402,17.165239220856318,0.010139432817650796,2.4644898055379847,12.892786236707165,0.8767452252972686,0.7790078080469058,0.8026571308094629
781,20,40,10,Mode,40,"[   0  126  259  655  910 1332 1445 1728 1940 2128 2281 2416 2508 2886
 3314]",14,428,92,236.71428571428572,117.82643658490657,1.0854945290504794,-0.04804958087603117,3.867614405580073,17.665602891081534,0.010803653987122809,2.4224317705792853,13.045347194890239,0.8735283413574101,0.7805741750203509,0.8040470142688954
782,20,40,10,Median,40,"[   0   87  295  655  910 1182 1332 1445 1728 1913 2128 2281 2438 2508
 2858 3314]",15,456,70,220.93333333333334,118.53145340714273,1.117740151321133,-0.04885594619638994,3.870799843804046,17.898609446014202,0.01187409666354015,2.537717790112413,12.264273789907639,0.8710385683900068,0.7731724104370054,0.7996955783974385
783,20,40,10,Mode,40,"[   0  126  259  655  910 1182 1332 1445 1728 1940 2128 2281 2416 2508
 2886 3314]",15,428,92,220.93333333333334,121.96627567453037,1.1284855371469216,-0.04874284863880671,3.787979244088609,18.027629614124837,0.01249087346376416,2.498663900507906,12.405937536791924,0.8678743686951902,0.7748042022439906,0.801115130499633
784,20,40,15,Median,40,[   0 1207 2472 3314],3,1265,842,1104.6666666666667,491.62927189263723,0.869285291959653,-0.013194845217964359,11.935068132089583,23.11203321933449,0.003464217086161012,9.935595055344756,19.728813308970402,0.8597981570860955,0.8593586706268324,0.9076754132028756
785,20,40,15,Mode,40,[   0 2508 3314],2,2508,806,1657.0,941.6547685198901,1.2424840435336915,0.0028833822921827427,20.032975570621332,10.143032857724736,0.0028833822921827427,20.032975570621332,10.143032857724736,0.8903720861247716,0.9416033610575855,0.9781472726036491
786,20,40,15,Median,40,[   0 1182 2383 3215 3314],4,1201,99,828.5,290.7069751405382,0.834067793590246,-0.012277979657477268,6.8910943414736385,21.938500552283063,0.01149964954519323,5.94105506559569,18.231796312546038,0.8577513466097132,0.8638100106684248,0.9083500672709334
787,20,40,15,Mode,40,[   0 2508 3314],2,2508,806,1657.0,941.6547685198901,1.2424840435336915,0.0028833822921827427,20.032975570621332,10.143032857724736,0.0028833822921827427,20.032975570621332,10.143032857724736,0.8903720861247716,0.9416033610575855,0.9781472726036491
788,20,40,15,Median,40,[   0  666 1332 2416 3215 3314],5,1084,99,662.8,237.9038443944621,0.7789862864219244,-0.015976512237219954,6.049511702188399,22.529648294527515,0.00946693234282171,5.007361171808921,19.773166077663674,0.9623183226208825,0.9725232386623948,0.9793628648139111
789,20,40,15,Mode,40,[   0  910 1332 2508 3314],4,1176,422,828.5,305.435295845488,0.7791844725797027,-0.01798767117055021,7.933930469780767,24.282012983112942,0.0027935613541162376,6.351036523694777,18.940522005808564,0.8612802004892189,0.873926087764237,0.9096489281903524
790,20,40,15,Median,40,[   0  402 1329 1940 2473 3314],5,927,402,662.8,230.43426479453026,0.7745259527112506,-0.022242370356201385,7.221325202880848,23.722810694008754,0.0069022794930659855,4.749338877198115,20.41733272886366,0.8783089441168782,0.846630211251451,0.8793429230339647
791,20,40,15,Mode,40,[   0  666 1332 1940 2508 3314],5,806,568,662.8,216.09763090519473,0.7402460178972712,-0.01948156944092186,6.657727499397861,22.701096916436825,0.004476728015799634,4.375957171616365,20.499798291675987,0.9428715401526906,0.947020631753236,0.9578431579516707
792,20,40,15,Median,40,[   0  295  910 1332 1940 2473 3314],6,841,295,552.3333333333334,192.9527712295714,0.7509966582281795,-0.024520960900231526,5.977692728437909,21.179326969956605,0.005178426892441792,3.9747488810158855,19.13115771194901,0.8507928063601088,0.8093556273106255,0.8493630860209024
793,20,40,15,Mode,40,[   0  259  910 1332 1940 2508 3314],6,806,259,552.3333333333334,190.28981826791212,0.7540917952105692,-0.028993998986772938,5.818704732806638,21.572781489788454,0.003887538308251978,3.901389306673315,18.8089313852375,0.8360677196908439,0.7948648612554426,0.8376493079158723
794,20,40,15,Median,40,[   0  295  910 1332 1940 2472 2742 3314],7,615,270,473.42857142857144,151.7688307702758,0.8087229625216591,-0.03154358160200835,5.97242316824379,19.934792906990513,0.007680571780058553,3.0854075973713506,18.02579373049885,0.84312812641483,0.7662027097777582,0.8079619194104708
795,20,40,15,Mode,40,[   0  259  910 1332 1940 2508 2596 3314],7,718,88,473.42857142857144,242.80513152600966,1.2796084355246868,-0.0378086113721255,7.313240712597416,19.216032763676914,0.01175866065359965,5.098341606515262,15.686755529916622,0.8046813500355242,0.7387942141405217,0.7918278113149261
796,20,40,15,Median,40,[   0  295  910 1332 1913 2270 2473 2783 3314],8,615,203,414.25,123.28634820728416,0.8184832649310193,-0.03309513823048952,5.373922842812323,19.26670378723439,0.007995874321638537,2.517845249042209,17.17581973015429,0.8592840189043791,0.7643660183224238,0.8039129808213572
797,20,40,15,Mode,40,[   0  259  910 1332 1940 2281 2508 2886 3314],8,651,227,414.25,138.2591871938674,0.845367535328385,-0.03802578997282434,5.339136925058584,20.244091815120484,0.0069113002070068956,2.7500000502790596,17.28304900334145,0.8395586356927313,0.7531345831830873,0.7938854274100499
798,20,40,15,Median,40,[   0  259  666  910 1332 1913 2270 2473 2783 3314],9,581,203,368.22222222222223,125.73761526072505,0.8682459518898114,-0.03800652752152592,4.957018986185722,19.41141705902784,0.0059827866079574105,2.6067092103732277,15.565446635772055,0.8890745961260894,0.8349866687034067,0.8559910767709281
799,20,40,15,Mode,40,[   0  259  666  910 1332 1940 2281 2508 2886 3314],9,608,227,368.22222222222223,138.18961158898782,0.8870358307858746,-0.039177045428361625,4.924377513588335,19.606728820928215,0.005601185897168695,2.79623602683065,15.807767338949242,0.8664367077177071,0.8033796557350134,0.828099704376915
800,20,40,15,Median,40,[   0  259  666  910 1329 1476 1913 2242 2473 2783 3314],10,531,147,331.4,126.14825416803099,0.9268541198324188,-0.0387123013998247,4.51536088458158,19.664868905382185,0.011968773951740104,2.617624254148255,14.107830297820774,0.891656078739489,0.8286035987650964,0.849024588732405
801,20,40,15,Mode,40,[   0  259  666  910 1332 1445 1940 2281 2508 2886 3314],10,495,113,331.4,133.00313135756528,0.9368049704975152,-0.03910718058379785,4.567438271794726,18.537214191569678,0.005261674571373237,2.711022407316179,14.23413366080041,0.8681366584808058,0.7936813820745999,0.81803475814427
802,20,40,15,Median,40,[   0  259  666  910 1329 1476 1913 2232 2416 2507 2788 3314],11,526,91,301.27272727272725,124.7529802342797,1.0287136331502236,-0.038176185841211366,4.2817127425176675,18.878531105017235,0.017112354325617925,2.5553755207818716,13.2326722148019,0.8886621475830729,0.8202738288798928,0.841522325538063
803,20,40,15,Mode,40,[   0  259  666  910 1332 1445 1940 2281 2416 2508 2886 3314],11,495,92,301.27272727272725,130.73585319519637,1.0697467735595312,-0.038801388720781954,4.419613817165804,18.29766593453075,0.013697065209709081,2.6193597181312436,13.44105601277846,0.8748225946555174,0.7988335131041493,0.8223042623734764
804,20,40,15,Median,40,[   0  259  666  910 1329 1445 1707 1940 2232 2416 2507 2788 3314],12,526,91,276.1666666666667,128.17049122720735,1.0835023320607218,-0.03890677331731849,4.2292294587031,19.693338408968614,0.0180711228924149,2.6362066041929406,12.55533352830529,0.8907275243012724,0.8099611828146872,0.8306961112689933
805,20,40,15,Mode,40,[   0  259  666  910 1332 1445 1728 1940 2281 2416 2508 2886 3314],12,428,92,276.1666666666667,123.01773134864311,1.0458957398766198,-0.03918880933125832,4.130707051655441,18.911547545868114,0.01266486227967942,2.4790391241114884,13.737409672486235,0.8709218804485219,0.7745396653048521,0.7984220748792619
806,20,40,15,Median,40,[   0   87  318  666  910 1329 1445 1707 1940 2232 2416 2507 2788 3314],13,526,87,254.92307692307693,122.13445178060329,1.0900001449360728,-0.04222038729850974,4.037606723501781,18.401296070727366,0.016825129147746466,2.530496188791035,12.57224626595484,0.8959489240381793,0.8065148116336576,0.8282121767617389
807,20,40,15,Mode,40,[   0   87  259  666  910 1332 1445 1728 1940 2281 2416 2508 2886 3314],13,428,87,254.92307692307693,121.73039693161003,1.0846793161079833,-0.04484936747279284,4.005112237021702,18.123642087323805,0.012036167323398517,2.4943241513817154,13.204274878418682,0.8792514317101768,0.7848129091199456,0.8078293299296453
808,20,40,15,Median,40,"[   0   87  308  666  910 1329 1445 1707 1913 2090 2270 2416 2507 2788
 3314]",14,526,87,236.71428571428572,141.55683588381186,1.1912769475813716,-0.049115923893792636,4.328251586158861,17.770572795165258,0.01725233416873828,3.0173609107477537,11.801720810194947,0.8955894456281975,0.7985007492341736,0.8203906295809618
809,20,40,15,Mode,40,"[   0   87  259  666  910 1332 1445 1728 1940 2128 2281 2416 2508 2886
 3314]",14,428,87,236.71428571428572,121.86203031888621,1.1158492400996092,-0.04923891740432632,3.959888934963921,17.90957700907851,0.010991941328984678,2.5255223088193466,12.79713832754526,0.8779748088589834,0.7838390656887005,0.8068807298079644
810,20,40,15,Median,40,"[   0   87  308  666  910 1058 1329 1445 1707 1940 2232 2416 2507 2742
 2886 3314]",15,428,87,220.93333333333334,125.67100076372851,1.1342005504587818,-0.055285870239493135,3.9421125128401404,17.400595892348814,0.011644692385848804,2.597523940184186,12.221392118978644,0.9029991847056302,0.8131146015865409,0.8359992332657964
811,20,40,15,Mode,40,"[   0   87  259  666  910 1182 1332 1445 1728 1940 2281 2416 2508 2742
 2886 3314]",15,428,87,220.93333333333334,134.45191522433942,1.1974793676532036,-0.05696370112839687,4.085777974062852,17.867390946229268,0.010695003832422017,2.799793259791847,11.671000914123145,0.8656598219959593,0.7571532219012445,0.7832317721918344
812,20,40,20,Median,40,[   0 1035 2473 3314],3,1438,841,1104.6666666666667,461.4599477611246,0.8256643652297248,-0.014700428160261063,11.636223690770482,24.213592812376934,0.0006656277541817865,9.445334533811724,20.712902148266537,0.9575307825906889,0.973331084851777,0.9826401613539065
813,20,40,20,Mode,40,[   0 2508 3314],2,2508,806,1657.0,941.6547685198901,1.2424840435336915,0.0028833822921827427,20.032975570621332,10.143032857724736,0.0028833822921827427,20.032975570621332,10.143032857724736,0.8903720861247716,0.9416033610575855,0.9781472726036491
814,20,40,20,Median,40,[   0 1009 2356 3161 3314],4,1347,153,828.5,223.81648006602154,0.7565967099352089,-0.022197195734064385,6.520954895097056,21.51072370771935,-0.00022442096328111755,4.605898268129242,18.8092596570637,0.865575652690722,0.8991861244943163,0.9320943243345242
815,20,40,20,Mode,40,[   0 2508 3314],2,2508,806,1657.0,941.6547685198901,1.2424840435336915,0.0028833822921827427,20.032975570621332,10.143032857724736,0.0028833822921827427,20.032975570621332,10.143032857724736,0.8903720861247716,0.9416033610575855,0.9781472726036491
816,20,40,20,Median,40,[   0  658 1329 2383 3161 3314],5,1054,153,662.8,179.6712105819289,0.6957395233920449,-0.028284605226464667,5.589139432206105,22.788280496059492,-0.001391174845165169,3.676342425259927,20.43474248788351,0.9301171301904565,0.9404306833509885,0.9551539932401824
817,20,40,20,Mode,40,[   0  910 1332 2508 3314],4,1176,422,828.5,305.435295845488,0.7791844725797027,-0.01798767117055021,7.933930469780767,24.282012983112942,0.0027935613541162376,6.351036523694777,18.940522005808564,0.8612802004892189,0.873926087764237,0.9096489281903524
818,20,40,20,Median,40,[   0  470 1275 1940 2473 3187 3314],6,805,127,552.3333333333334,201.797502418812,0.8008309503781774,-0.025763202787930355,6.120592683751628,22.58558887384034,0.008712965864568881,4.199161371462617,19.152068886215453,0.8486319244606932,0.8140620675390806,0.850310450806437
819,20,40,20,Mode,40,[   0  686 1332 1940 2508 3314],5,806,568,662.8,211.1433060030098,0.7226721209568667,-0.019025981815864932,6.6415030600432,24.419726340416698,0.004401196183061635,4.269146107182268,21.712851661767562,0.9403358254739937,0.9456978131772349,0.9567913479212483
820,20,40,20,Median,40,[   0  295  868 1332 1940 2473 3187 3314],7,714,127,473.42857142857144,187.0491049240063,0.8176970263336306,-0.028001927716926046,5.414945277381783,19.787709412448113,0.00734332498496239,3.9084648940061153,17.234046553142218,0.8367575442352461,0.7882315103934919,0.8263852902215268
821,20,40,20,Mode,40,[   0   87  910 1332 1940 2508 3314],6,823,87,552.3333333333334,197.22967110680617,0.8577218005767376,-0.032681710840242385,5.92149173165387,19.696902964593406,0.004560240469371815,4.068049088544417,17.187950550330548,0.8822268222684937,0.8642148361404287,0.8930814174630344
822,20,40,20,Median,40,[   0  295  886 1332 1940 2472 2747 3224 3314],8,608,90,414.25,176.59480960352218,0.9794999261148486,-0.03929191132335156,5.80000519606772,18.519799973837973,0.016201301979273976,3.699929482335478,15.593932697396488,0.8348678780023415,0.7427678479606741,0.7873989734623841
823,20,40,20,Mode,40,[   0   87  910 1332 1940 2508 2742 3314],7,823,87,473.42857142857144,148.97870181069703,0.8961023470971906,-0.03957256533128359,5.82858021662883,18.740731086018037,0.004279256712207339,3.1302804829562842,16.24977022335887,0.8739416301426737,0.8438799411336645,0.8723140574918768
824,20,40,20,Median,40,[   0  251  666  939 1332 1940 2472 2742 3224 3314],9,608,90,368.22222222222223,164.94918579457965,0.9740424177584213,-0.044072306408980556,5.297120606740547,19.23515472454945,0.01318770137114515,3.461931762919491,15.202498359130695,0.8746078265533183,0.8302539510152774,0.8531758649306475
825,20,40,20,Mode,40,[   0   87  686  910 1332 1940 2508 2742 3314],8,608,87,414.25,133.91842730552958,0.8772203494265943,-0.04409965973090935,5.151297189527266,18.89734025116719,-0.0005541410024276569,2.815677214914081,16.315281127727676,0.8949795781088405,0.8773146073757419,0.8957345977132386
826,20,40,20,Median,40,[   0  251  666  939 1332 1913 2270 2473 2747 3224 3314],10,581,90,331.4,146.46891487783736,0.9824180870628282,-0.04489797726233038,5.0670478660179405,19.529637517924662,0.013203878569362705,3.0984138531624765,14.559881184166617,0.8708417128588098,0.8080169633529937,0.8313521550483342
827,20,40,20,Mode,40,[   0   87  686  910 1332 1940 2281 2508 2742 3314],9,608,87,368.22222222222223,136.51216939829618,0.9387355142900781,-0.043650600426807594,5.271033101625301,18.26642543271693,0.002408811485371743,2.7861706749793393,15.538849473394396,0.8824060800356195,0.8590890856931279,0.8782649664621416
828,20,40,20,Median,40,[   0  252  666  939 1329 1510 1940 2270 2473 2747 3224 3314],11,477,90,301.27272727272725,147.8994702123719,1.030227480384615,-0.045663710417547715,4.841038001210994,18.085016398785214,0.016334705150884695,3.1272715265532085,13.518687882356272,0.8711020379648768,0.7882319261843608,0.8115667140594459
829,20,40,20,Mode,40,[   0   87  686  910 1332 1437 1940 2281 2508 2742 3314],10,599,87,331.4,132.75008438114006,0.9953667435186873,-0.0435300120967727,4.894398340679399,17.139637121315396,0.003553154362952336,2.730009038104352,13.819256719637293,0.8879077738693173,0.857865724192116,0.8758799202109544
830,20,40,20,Median,40,[   0  259  666  939 1329 1532 1940 2184 2472 2701 2950 3314],11,408,203,301.27272727272725,148.4463314482181,0.992058363142444,-0.047560109855555026,4.907607365476129,18.534209027621362,0.006217898995604361,3.0699621358754157,13.865910984197992,0.873723223580145,0.7791606521052452,0.8027544284721937
831,20,40,20,Mode,40,[   0   87  686  910 1332 1685 1940 2281 2508 2742 2882 3314],11,599,87,301.27272727272725,152.91068226571312,1.0881258560231106,-0.05730621338001321,4.926158004902414,16.393622565145435,0.0012079250424243218,3.2495293399791856,13.187417496767429,0.8917779469203347,0.8505485447670754,0.8669370245583143
832,20,40,20,Median,40,[   0  226  424  666  939 1329 1532 1920 2150 2383 2507 2783 3224 3314],13,441,90,254.92307692307693,169.07323411483358,1.2048221813816584,-0.04823176104458601,4.544885275199532,16.558413454127017,0.018820347110542084,3.5414922963686,11.524018856931521,0.880970331874179,0.7786941064021835,0.8017690042563995
833,20,40,20,Mode,40,[   0   87  373  686  910 1332 1685 1940 2128 2416 2508 2742 3314],12,572,87,276.1666666666667,148.56246867908715,1.1338730742740653,-0.043447444352061285,4.723507941199632,20.06709588871528,0.01548916281316522,3.0321668451919446,13.108820644631185,0.8729902032043713,0.7731490112094261,0.7971895793011496
834,20,40,20,Median,40,[   0  259  666  939 1329 1476 1707 1940 2184 2416 2507 2747 3095 3314],13,407,91,254.92307692307693,145.8360118848502,1.1228831086682303,-0.048496855751437945,4.44264701924022,18.655832806441932,0.015534118974632862,3.0592111222116753,12.33775180400018,0.8600901753193555,0.724830000001554,0.7537550200541008
835,20,40,20,Mode,40,[   0   87  686  910 1332 1437 1685 1940 2281 2416 2508 2742 3161 3314],13,599,87,254.92307692307693,127.09659631720912,1.1051450671774992,-0.04857962475185253,4.332045888866647,16.864996791094715,0.011286048067443856,2.609621742932187,12.835025822369836,0.8807363742455312,0.811502679563494,0.8312447540812924
836,20,40,20,Median,40,"[   0  226  433  666  939 1329 1476 1707 1913 2128 2342 2473 2747 3091
 3314]",14,390,131,236.71428571428572,177.18828554784614,1.2348925315214951,-0.05054961934326996,4.659749580319455,16.763918054188515,0.016050381523375103,3.72563166992564,11.24585090819925,0.837157114660547,0.6657150782470267,0.6987191914796659
837,20,40,20,Mode,40,"[   0   87  373  686  910 1332 1437 1685 1940 2128 2281 2508 2742 3161
 3314]",14,422,87,236.71428571428572,115.90692568097694,1.0141607071467413,-0.05064967816634347,4.148794263605285,18.56474373394236,0.0028746684276899663,2.479313989915117,13.357925430108226,0.8457994866217051,0.6900102947406297,0.7200039872225977
838,20,40,20,Median,40,"[   0   87  308  666  886 1035 1329 1476 1707 1913 2146 2383 2507 2747
 3091 3314]",15,358,87,220.93333333333334,142.91829354232135,1.1462362844163394,-0.0525846823962917,4.093850060248521,17.329534542741637,0.012846872581541569,2.9795545089783118,11.93936147988001,0.8717121682775446,0.7294038980566542,0.7621305807826375
839,20,40,20,Mode,40,"[   0   87  226  910 1035 1332 1437 1685 1940 2128 2416 2508 2742 3161
 3314]",14,684,87,236.71428571428572,141.29476696716551,1.197831352746933,-0.05390460156367422,4.339638607401207,17.377200078382618,0.014997833065500055,2.960975469497326,11.771692330786902,0.861209775751505,0.7371933631019647,0.7791931974992032
840,20,45,10,Median,40,[   0 2472 3314],2,2472,842,1657.0,1009.1325609357147,1.267564544298139,0.008808906776349658,21.477822566627857,9.984691500753685,0.008808906776349658,21.477822566627857,9.984691500753685,0.9682777676525401,0.9872353546994442,0.9951441674980573
841,20,45,10,Mode,40,[   0 2508 3314],2,2508,806,1657.0,941.6547685198901,1.2424840435336915,0.0028833822921827427,20.032975570621332,10.143032857724736,0.0028833822921827427,20.032975570621332,10.143032857724736,0.8903720861247716,0.9416033610575855,0.9781472726036491
842,20,45,10,Median,40,[   0 2473 3314],2,2473,841,1657.0,994.4314847613074,1.2587909995115212,0.005402613015810275,21.162933650378903,10.026005042925476,0.005402613015810275,21.162933650378903,10.026005042925476,0.9656535974183685,0.9859610540676762,0.9946617945434937
843,20,45,10,Mode,40,[   0  910 1332 2508 3314],4,1176,422,828.5,305.435295845488,0.7791844725797027,-0.01798767117055021,7.933930469780767,24.282012983112942,0.0027935613541162376,6.351036523694777,18.940522005808564,0.8612802004892189,0.873926087764237,0.9096489281903524
844,20,45,10,Median,40,[   0  295 1332 2416 3314],4,1084,295,828.5,300.65770703547264,0.7692874937228749,-0.01856984184883792,7.797946571984928,23.17354727689381,0.0021964125242930886,6.326113579369232,19.92253626487668,0.8924198220772777,0.8909979657805576,0.9251926651439549
845,20,45,10,Mode,40,[   0  373 1332 2508 3314],4,1176,373,828.5,323.60713955654023,0.7958655355204328,-0.021808684241910986,8.248273331955499,23.12115314880492,0.0005707523542590988,6.7725424573508635,19.361679384228704,0.8346488221363019,0.8285255887743128,0.8756123590384659
846,20,45,10,Median,40,[   0  295 1329 1940 2472 3314],5,1034,295,662.8,217.74692778316088,0.7575886806096974,-0.02296191354761789,6.999487629067069,23.987180493288076,0.006169171315435992,4.479212987189195,20.931218271234012,0.8853590018480959,0.8645348620700928,0.8999985119506712
847,20,45,10,Mode,40,[   0  373 1332 1940 2508 3314],5,959,373,662.8,232.96495589404648,0.7947699216119577,-0.0222054426962207,7.031940203880672,21.908431632901635,0.004057704630847073,4.755007917003729,18.87196894977768,0.8527910137015907,0.809489311499499,0.8502409439766234
848,20,45,10,Median,40,[   0  259  910 1332 1940 2472 3314],6,842,259,552.3333333333334,189.75196143603802,0.7484722600986154,-0.026556410161171128,5.9694753594558865,21.675267015343962,0.003549079017093977,3.9302660241704204,19.13989884821168,0.8569364540344697,0.8226272825731229,0.8598889094599387
849,20,45,10,Mode,40,[   0  373  910 1332 1940 2508 3314],6,806,373,552.3333333333334,184.92578133328357,0.7244989336874257,-0.023666371596906505,5.827480217308328,22.167210169794867,0.004268365196704105,3.785061436603617,20.097638925906526,0.83530391435772,0.7969619969466504,0.8334755024867766
850,20,45,10,Median,40,[   0  259  910 1332 1940 2472 2788 3314],7,651,259,473.42857142857144,130.58387781835742,0.7442164948877638,-0.03442878960468703,5.54299307015246,21.14545040279713,0.004181124447785695,2.6793613374801786,18.57733456831225,0.8670483062147863,0.7992759426145145,0.8355901461820915
851,20,45,10,Mode,40,[   0  373  910 1332 1940 2508 2886 3314],7,608,373,473.42857142857144,128.35203531771967,0.7001781280616628,-0.031333309779031364,5.220490928583456,22.58781641110557,0.0017709158176813112,2.64985090387115,19.863381010548537,0.8490746554154343,0.774909910577933,0.8082820480336488
852,20,45,10,Median,40,[   0  259  910 1332 1913 2270 2473 2788 3314],8,651,203,414.25,123.47984136837158,0.8223559058940403,-0.0363724269297942,5.336961707704179,19.629320017200556,0.007294233796729582,2.5185289174368353,17.05163050883491,0.861581237214546,0.7781258977464016,0.815344038992595
853,20,45,10,Mode,40,[   0  373  910 1332 1940 2281 2508 2886 3314],8,608,227,414.25,134.4277322405613,0.8242297770975682,-0.03291898478294183,5.345432550594879,21.05066711087708,0.007183319413044129,2.6669087145149897,18.20355438953361,0.8387859624802912,0.7481805809297172,0.7821397005452305
854,20,45,10,Median,40,[   0   87  373  910 1332 1913 2270 2473 2788 3314],9,581,87,368.22222222222223,116.55894364467112,0.8596380358370876,-0.03985317088156791,4.9548978610088525,19.49814339276147,0.006690051555174413,2.4133713765873983,16.88041366649447,0.8668906697748803,0.7826705839391401,0.8109133487905722
855,20,45,10,Mode,40,[   0  373  910 1332 1940 2281 2508 2886 3314],8,608,227,414.25,134.4277322405613,0.8242297770975682,-0.03291898478294183,5.345432550594879,21.05066711087708,0.007183319413044129,2.6669087145149897,18.20355438953361,0.8387859624802912,0.7481805809297172,0.7821397005452305
856,20,45,10,Median,40,[   0   87  373  910 1332 1663 1940 2281 2473 2788 3314],10,537,87,331.4,117.55767004941059,0.895651040339435,-0.040300615968566184,4.708808441374191,18.858064835205877,0.006789609647928899,2.4532704882165928,15.879914468780791,0.8550102682286269,0.7425453908005205,0.772210181369566
857,20,45,10,Mode,40,[   0  373  910 1332 1663 1940 2281 2508 2886 3314],9,537,227,368.22222222222223,133.99905859420102,0.8656137052879695,-0.03354632449036492,4.964709685744333,20.01463611186449,0.006840628941487253,2.703436037126405,16.74632872898983,0.8370739024344164,0.7149656241303572,0.748982673740837
858,20,45,10,Median,40,[   0   87  373  910 1332 1663 1913 2090 2333 2473 2788 3314],11,537,87,301.27272727272725,180.5904757083494,1.172765963734598,-0.04470969451406783,5.188391521700473,17.90384652196926,0.013917923523456829,3.7989036046808926,13.987311435723722,0.8677075813925959,0.7509648908310014,0.7787738424647228
859,20,45,10,Mode,40,[   0  373  910 1332 1663 1940 2128 2281 2508 2886 3314],10,537,153,331.4,127.26702489119063,0.9428909360913007,-0.04000756664993353,4.791598076014834,19.26733722892605,0.0029339444637428375,2.6144192075668142,15.637152558470202,0.8368229505810467,0.7123286617771266,0.7457082305537565
860,20,45,10,Median,40,[   0   87  373  666  910 1332 1707 1940 2242 2416 2508 2788 3314],12,526,87,276.1666666666667,137.6927237122141,1.1019518451581902,-0.04099872324799508,4.378671357529588,18.23361314267019,0.01364220862208995,2.7922003655010035,12.917826612554261,0.8898238901546072,0.8028304870337727,0.8242959129552019
861,20,45,10,Mode,40,[   0  373  655  910 1332 1663 1940 2281 2416 2508 2886 3314],11,428,92,301.27272727272725,133.6634618415352,1.0514112103500657,-0.03606353184184162,4.48591980010463,19.273515515395612,0.01440707535649705,2.6927145134530517,13.944864788403283,0.8659863045722014,0.7621173241933346,0.7895343087154241
862,20,45,10,Median,40,[   0   87  373  666  910 1332 1445 1707 1940 2242 2416 2508 2788 3314],13,526,87,254.92307692307693,123.41663061231145,1.0726862500641146,-0.04143991813892192,4.071982715528869,18.359333481794433,0.012663265004272844,2.4942370759536385,13.166664297618057,0.8895821293299313,0.7957327577332851,0.8172598624159239
863,20,45,10,Mode,40,[   0  373  655  910 1332 1445 1663 1940 2281 2416 2508 2886 3314],12,428,92,276.1666666666667,120.69140083321281,1.0314172114925755,-0.03651934637092458,4.150397350021266,18.978380974653472,0.013262412090938158,2.4264307085554,13.950749395406966,0.8666063291861171,0.7564442738475793,0.7836693133984098
864,20,45,10,Median,40,"[   0   87  373  666  910 1332 1445 1707 1913 2090 2281 2416 2508 2788
 3314]",14,526,87,236.71428571428572,138.82170921070963,1.1633342240369782,-0.047409806060489904,4.378780622829362,17.967541146900984,0.013011314732892383,2.9115132391242975,12.43477372977009,0.8907270542262827,0.7872155050318193,0.8089137072768439
865,20,45,10,Mode,40,[   0  373  655  910 1332 1445 1663 1940 2128 2281 2416 2508 2886 3314],13,428,92,254.92307692307693,119.4011587776136,1.0639950965003948,-0.0416290899999262,4.0890325019646,18.71106944947384,0.011916231311334477,2.431557988663255,13.455749135186442,0.8656178935682046,0.7545877940338578,0.7819220492541287
866,20,45,10,Median,40,"[   0   87  373  666  910 1058 1332 1445 1707 1913 2090 2270 2416 2508
 2788 3314]",15,526,87,220.93333333333334,131.65603015262874,1.1413726203503272,-0.04963869342213453,4.145306872835466,17.8642215913283,0.011570317632600326,2.763515113965581,12.691970538797188,0.9078048369108423,0.8239597511905002,0.844379081126979
867,20,45,10,Mode,40,"[   0  373  655  910 1182 1332 1445 1663 1940 2128 2281 2416 2508 2886
 3314]",14,428,92,236.71428571428572,123.73831455161562,1.1119469077234927,-0.043271142150133814,3.986176657517706,20.429710101476804,0.01364765403047042,2.5129521118106948,12.735584738750084,0.8600092561737662,0.7482177124841795,0.7784043062653091
868,20,45,15,Median,40,[   0 1182 2472 3314],3,1290,842,1104.6666666666667,504.966763216413,0.87424181382347,-0.01364469927825088,11.888403025926305,23.547270214209124,0.0032439369096304233,10.21399176295311,19.94141691163095,0.8688947062160383,0.8728613193972943,0.916773748424859
869,20,45,15,Mode,40,[   0 2508 3314],2,2508,806,1657.0,941.6547685198901,1.2424840435336915,0.0028833822921827427,20.032975570621332,10.143032857724736,0.0028833822921827427,20.032975570621332,10.143032857724736,0.8903720861247716,0.9416033610575855,0.9781472726036491
870,20,45,15,Median,40,[   0 2507 3314],2,2507,807,1657.0,954.7859087884764,1.2505910553192494,0.006845849843010677,20.31404381908669,10.109662458284031,0.006845849843010677,20.31404381908669,10.109662458284031,0.8922523396306895,0.9428642743318725,0.9786091577341919
871,20,45,15,Mode,40,[   0  910 1332 2508 3314],4,1176,422,828.5,305.435295845488,0.7791844725797027,-0.01798767117055021,7.933930469780767,24.282012983112942,0.0027935613541162376,6.351036523694777,18.940522005808564,0.8612802004892189,0.873926087764237,0.9096489281903524
872,20,45,15,Median,40,[   0  643 1332 2416 3224 3314],5,1084,90,662.8,255.6063330764395,0.8494700497369374,-0.016079792663274143,6.254144819193585,21.922587638027363,0.012265104321001679,5.368799858742681,18.6774437290274,0.9648853932682122,0.9754280769573388,0.9815529414191762
873,20,45,15,Mode,40,[   0  910 1332 2508 3314],4,1176,422,828.5,305.435295845488,0.7791844725797027,-0.01798767117055021,7.933930469780767,24.282012983112942,0.0027935613541162376,6.351036523694777,18.940522005808564,0.8612802004892189,0.873926087764237,0.9096489281903524
874,20,45,15,Median,40,[   0  373 1940 2473 3314],4,1567,373,828.5,308.70095499783537,0.9078366588217097,-0.01956521998869857,9.21099518301837,16.92456955478802,0.009101068133862099,6.340431665301442,15.591887929322525,0.8472745656293144,0.8149588184441708,0.873255286773152
875,20,45,15,Mode,40,[   0  373 1332 1940 2508 3314],5,959,373,662.8,232.96495589404648,0.7947699216119577,-0.0222054426962207,7.031940203880672,21.908431632901635,0.004057704630847073,4.755007917003729,18.87196894977768,0.8527910137015907,0.809489311499499,0.8502409439766234
876,20,45,15,Median,40,[   0  328  910 1332 1940 2473 3314],6,841,328,552.3333333333334,190.04992936142963,0.7374905932768779,-0.024099415602904954,5.970120429749652,21.648046442311884,0.004556192114291783,3.9093195741460236,19.692254097190826,0.846693918073225,0.7992841721376306,0.8413626961342417
877,20,45,15,Mode,40,[   0  373  910 1332 1940 2508 3314],6,806,373,552.3333333333334,184.92578133328357,0.7244989336874257,-0.023666371596906505,5.827480217308328,22.167210169794867,0.004268365196704105,3.785061436603617,20.097638925906526,0.83530391435772,0.7969619969466504,0.8334755024867766
878,20,45,15,Median,40,[   0  328  910 1332 1940 2472 2767 3314],7,608,295,473.42857142857144,128.2120144192243,0.7381051124169954,-0.03090616330561021,5.657849794808973,20.925517294350264,0.005484605567033402,2.6239568198066263,19.066514065751615,0.8503449554708143,0.7666408930677782,0.8086042650054139
879,20,45,15,Mode,40,[   0  373  910 1332 1940 2508 2742 3314],7,608,234,473.42857142857144,138.72546033276154,0.7850832913560973,-0.030494872939930622,5.750008548373251,20.842195994025676,0.00403602731831758,2.894457439672285,18.67451053633885,0.8313717961079585,0.762246917886021,0.7983423966102196
880,20,45,15,Median,40,[   0  328  910 1332 1913 2242 2473 2767 3314],8,582,231,414.25,115.24376297027504,0.7862347467896357,-0.032080703660080444,5.232281912473744,19.733746810554358,0.005950066934840131,2.347254994633747,17.80975253794205,0.8543386859753315,0.7516215578664861,0.7932810768512577
881,20,45,15,Mode,40,[   0  373  910 1332 1940 2281 2508 2742 3314],8,608,227,414.25,141.00301800631883,0.8685487737815784,-0.032049538683457744,5.80082978900234,19.6027324129447,0.006766520401410432,2.849481361924265,17.450127301584935,0.8219844895538252,0.7352508770089067,0.7718586799953284
882,20,45,15,Median,40,[   0  277  658  910 1332 1913 2242 2473 2767 3314],9,581,231,368.22222222222223,125.08622021820531,0.8635480887206475,-0.037005294637812894,4.920665402541136,18.761022091637525,0.005068252371734798,2.6096679279730672,15.526008608048405,0.8842900646106803,0.8283891092451355,0.8501702537166521
883,20,45,15,Mode,40,[   0  373  666  910 1332 1940 2281 2508 2742 3314],9,608,227,368.22222222222223,144.64924731095394,0.9335810819767311,-0.03549119247171886,5.333611103594913,19.608011113847194,0.005883044859483839,2.976137173669871,15.004293911802206,0.8462112224734514,0.7729725617809383,0.8027445138069721
884,20,45,15,Median,40,[   0  101  373  666  910 1332 1913 2270 2473 2767 3314],10,581,101,331.4,113.49492440980754,0.8621435931483457,-0.039281785437539976,4.58387503407386,19.3206424580805,0.005420845155529443,2.3693906432740626,15.514841429283969,0.8828023384418517,0.8186587740124641,0.840770735768949
885,20,45,15,Mode,40,[   0  259  373  666  910 1332 1940 2281 2508 2742 3314],10,608,114,331.4,143.28501153914692,1.0125031177381247,-0.03955456034965903,5.035773811393002,18.60859453494025,0.0072125019930630845,2.9889807400020794,13.928780257681854,0.8306676600175207,0.753265687955297,0.7834724858098029
886,20,45,15,Median,40,[   0  101  373  666  910 1332 1647 1940 2242 2473 2767 3314],11,547,101,301.27272727272725,107.82032568155682,0.8637841433733499,-0.0393108092322141,4.193793674571133,19.256165849560652,0.0034532543499158144,2.263669429213687,15.0813783676176,0.8752081716343575,0.7865009850654227,0.8095334844369491
887,20,45,15,Mode,40,[   0  259  373  666  910 1332 1663 1940 2281 2508 2742 3314],11,572,114,301.27272727272725,142.0563446922001,1.0267829262263901,-0.0395053785846144,4.762879086563393,18.52957633794744,0.006935431357815688,2.9859953955425027,13.190477142432005,0.829439856977742,0.7162184974453655,0.7466214125417163
888,20,45,15,Median,40,[   0  100  373  666  910 1332 1647 1940 2184 2416 2508 2767 3314],12,547,92,276.1666666666667,132.46228540782522,1.06216656947633,-0.039252812078209756,4.402433876007697,18.65538414589777,0.013813240483221606,2.6740427136302887,13.56409374364527,0.8783501633537795,0.7828613939040315,0.8059441384070873
889,20,45,15,Mode,40,[   0  373  666  910 1332 1663 1940 2281 2416 2508 2742 3314],11,572,92,301.27272727272725,141.00639436051216,1.089657000044258,-0.035417352054155034,4.806873096051521,19.180458888600825,0.013048717717917241,2.8517515863680214,13.162219027349696,0.8511693022872422,0.7453983669440671,0.7746537712445659
890,20,45,15,Median,40,[   0  100  373  666  910 1329 1445 1707 1940 2128 2416 2508 2767 3314],13,547,92,254.92307692307693,145.42922844551188,1.1761563722756498,-0.04072741367741686,4.422656546637051,18.830124527122486,0.022774200783645393,2.9598791695882913,11.95155466363265,0.8832726714192218,0.787529286519814,0.8093902311867226
891,20,45,15,Mode,40,[   0  373  666  910 1332 1445 1663 1940 2128 2416 2508 2742 3314],12,572,92,276.1666666666667,144.016513604333,1.121068261258676,-0.03604474625476782,4.583015852128878,19.094379568676057,0.01666298884489737,2.9228067939397433,12.813646631563314,0.861205936225759,0.7527108842688375,0.7802526412400034
892,20,45,15,Median,40,"[   0  100  373  666  910 1329 1445 1707 1940 2184 2416 2508 2767 3161
 3314]",14,419,92,236.71428571428572,137.5946489311373,1.1425140511921206,-0.045311732474489136,4.202134343954831,18.294893250319916,0.020129772962472144,2.8145145706493295,12.154194459010757,0.8742006483419872,0.7393418621875673,0.7654475117262342
893,20,45,15,Mode,40,[   0  373  666  910 1332 1445 1663 1940 2281 2416 2508 2742 3161 3314],13,422,92,254.92307692307693,125.62094222395052,1.0626460956086496,-0.041204771043108664,4.2512116259748325,18.712507196588287,0.011987045027182652,2.5767704545592696,13.169979935904992,0.8370219206811704,0.6867043212120648,0.7201329692840688
894,20,45,15,Median,40,"[   0  100  373  666  910 1058 1332 1445 1707 1940 2184 2416 2508 2767
 3161 3314]",15,394,92,220.93333333333334,117.15795434706295,1.0467296051641208,-0.0462041892937202,3.855240576028197,18.191164856667644,0.011852024242961005,2.4055459610057386,13.319415771675958,0.8907309150360794,0.7744481807955844,0.8003259773403162
895,20,45,15,Mode,40,"[   0  373  666  910 1182 1332 1445 1663 1940 2281 2416 2508 2742 3161
 3314]",14,419,92,236.71428571428572,129.21984546297725,1.109628697304328,-0.0429711420933674,4.136082563591262,20.301061138965313,0.01374626763306187,2.6424831833265685,12.502741938785933,0.8319183912092276,0.6778503766077769,0.7138006083933001
896,20,45,20,Median,40,[   0 1010 2472 3314],3,1462,842,1104.6666666666667,486.6635823687823,0.8441185922889467,-0.013540041394304106,11.811869414914336,23.826967329495584,0.0021204508810417355,10.002605336923232,20.361996256363106,0.9324261694775322,0.9501100769968801,0.9675769782612242
897,20,45,20,Mode,40,[   0 2508 3314],2,2508,806,1657.0,941.6547685198901,1.2424840435336915,0.0028833822921827427,20.032975570621332,10.143032857724736,0.0028833822921827427,20.032975570621332,10.143032857724736,0.8903720861247716,0.9416033610575855,0.9781472726036491
898,20,45,20,Median,40,[   0  686 1685 2508 3314],4,999,686,828.5,313.36759721602573,0.7527147452714077,-0.01850589579202337,7.893075177781645,24.776700542934265,0.004973603161859969,6.386325547918827,22.33147119098294,0.9534280938258475,0.9608773807346772,0.9708368853739534
899,20,45,20,Mode,40,[   0  910 1332 2508 3314],4,1176,422,828.5,305.435295845488,0.7791844725797027,-0.01798767117055021,7.933930469780767,24.282012983112942,0.0027935613541162376,6.351036523694777,18.940522005808564,0.8612802004892189,0.873926087764237,0.9096489281903524
900,20,45,20,Median,40,[   0  643 1332 2401 3161 3314],5,1069,153,662.8,187.8595455643163,0.7120922962339168,-0.024152986562847267,5.516859740869217,21.94292744629824,-8.158334620691262e-06,3.932747787170422,19.74978536166429,0.9406190585087894,0.9492120450122844,0.9618159431837298
901,20,45,20,Mode,40,[   0  910 1332 2508 3314],4,1176,422,828.5,305.435295845488,0.7791844725797027,-0.01798767117055021,7.933930469780767,24.282012983112942,0.0027935613541162376,6.351036523694777,18.940522005808564,0.8612802004892189,0.873926087764237,0.9096489281903524
902,20,45,20,Median,40,[   0  448 1275 1940 2473 3215 3314],6,827,99,552.3333333333334,215.9687821072892,0.8551117816992445,-0.025407546322693122,6.234726075175643,21.739249723037485,0.013948822934300779,4.5166628563561515,18.28189848449781,0.8512453425785471,0.8152564956886031,0.851660376614704
903,20,45,20,Mode,40,[   0  373 1332 1940 2508 3314],5,959,373,662.8,232.96495589404648,0.7947699216119577,-0.0222054426962207,7.031940203880672,21.908431632901635,0.004057704630847073,4.755007917003729,18.87196894977768,0.8527910137015907,0.809489311499499,0.8502409439766234
904,20,45,20,Median,40,[   0  310  868 1332 1940 2473 3215 3314],7,742,99,473.42857142857144,193.86879938739398,0.8459986615727203,-0.027170776526195494,5.447565558519806,19.56692563476481,0.011575991575846697,4.057964291448209,17.07518021588538,0.8437406385527249,0.8011094829217373,0.8369843359403835
905,20,45,20,Mode,40,[   0  373  910 1332 1940 2508 3314],6,806,373,552.3333333333334,184.92578133328357,0.7244989336874257,-0.023666371596906505,5.827480217308328,22.167210169794867,0.004268365196704105,3.785061436603617,20.097638925906526,0.83530391435772,0.7969619969466504,0.8334755024867766
906,20,45,20,Median,40,[   0  310  868 1332 1940 2472 2747 3273 3314],8,608,41,414.25,165.46005027131847,1.028427329067089,-0.035276184506963834,5.6706179901436,17.959498419193206,0.022367785894032818,3.4611266204470383,15.628446023260734,0.8428799279391569,0.7736913319758799,0.8086344038901839
907,20,45,20,Mode,40,[   0  373  910 1332 1940 2508 2742 3314],7,608,234,473.42857142857144,138.72546033276154,0.7850832913560973,-0.030494872939930622,5.750008548373251,20.842195994025676,0.00403602731831758,2.894457439672285,18.67451053633885,0.8313717961079585,0.762246917886021,0.7983423966102196
908,20,45,20,Median,40,[   0  259  658  997 1332 1940 2472 2747 3273 3314],9,608,41,368.22222222222223,159.2418343366226,1.0350923957582205,-0.040667763322470914,5.198575154424966,17.73662927133769,0.019408486831346477,3.347617840398337,14.545193011959391,0.8864864798631792,0.8547451879225717,0.8744434178648486
909,20,45,20,Mode,40,[   0  373  686  910 1332 1940 2508 2742 3314],8,608,224,414.25,128.91673143361984,0.8055959701502609,-0.038243008987557406,5.0636772581175045,22.351273934939215,0.0014930473208279846,2.699778429172477,17.225571026177594,0.8537499576612614,0.7963551213863624,0.8255585519796279
910,20,45,20,Median,40,[   0  308  666  997 1332 1913 2171 2472 2747 3273 3314],10,581,41,331.4,161.60941766129204,1.0850095554740808,-0.03859999948072072,5.185332586709887,17.142506257830835,0.018294900201266808,3.4333803790488933,13.421177767987205,0.8885000441655789,0.8327346236191746,0.8531553821697548
911,20,45,20,Mode,40,[   0  373  686  910 1332 1940 2281 2508 2742 3314],9,608,224,368.22222222222223,132.13568551037517,0.8760641824232863,-0.038052108505509406,5.194107828699931,21.108694401440196,0.00420010126822043,2.684759237455436,16.335353134538074,0.8435336511078397,0.7702379938522085,0.8001757307469967
912,20,45,20,Median,40,[   0  259  658  997 1332 1647 1940 2176 2472 2747 3273 3314],11,526,41,301.27272727272725,143.07107354724,1.0478178434847985,-0.0414712873599842,4.8106273221903075,17.946450778329815,0.015285730183918527,3.040307745045518,13.66498904167291,0.8776315537026209,0.8077086587287918,0.8284445286406263
913,20,45,20,Mode,40,[   0  373  686  910 1332 1663 1940 2281 2508 2742 3314],10,572,224,331.4,132.0093141280756,0.9070905180007856,-0.038226549585627545,4.87292174381647,20.197125116441647,0.004226956198483618,2.7152445772277556,15.247619353498663,0.8415960893371058,0.7378159359379313,0.7680596505641422
914,20,45,20,Median,40,[   0  208  373  666  997 1332 1647 1940 2176 2472 2747 3273 3314],12,526,41,276.1666666666667,134.5540712791616,1.0451392551821175,-0.0444157299646658,4.508783785736169,17.26228963305392,0.015244205698605106,2.865068981703096,13.501398044148283,0.8624304556062852,0.7724627747626323,0.795773461869073
915,20,45,20,Mode,40,[   0  226  373  686  910 1332 1663 1940 2281 2508 2742 3314],11,572,147,301.27272727272725,125.00031084740203,0.9208894011476183,-0.042818414292461714,4.502283483178555,19.934003810212907,0.005143046841075487,2.5805839336368215,14.89358271624489,0.8284009589782754,0.7151318935008533,0.7454026748414843
916,20,45,20,Median,40,[   0  208  373  666  997 1332 1647 1940 2270 2473 2747 3105 3314],12,358,165,276.1666666666667,123.38201348042645,0.9300592520894747,-0.05124892713205757,4.308535403631067,17.908978162258446,0.007752651188289977,2.624344264934865,14.268508512488397,0.8352539465668999,0.7017483135855193,0.7326758679972367
917,20,45,20,Mode,40,[   0  226  373  686  910 1332 1663 1940 2281 2508 2742 3161 3314],12,422,147,276.1666666666667,123.31088007330146,0.9302363577654297,-0.047705058997522115,4.288157480398798,19.60031135728045,0.005724732011129549,2.5859978425291232,14.66761824130619,0.813956783273425,0.659435806614545,0.6934878220541593
918,20,45,20,Median,40,[   0  208  373  666  997 1332 1647 1940 2150 2401 2507 2767 3105 3314],13,338,106,254.92307692307693,150.637361627408,1.1145932952042776,-0.051114462863555775,4.353524099771059,17.255458987051977,0.014365459606792703,3.080819527320599,12.946106031231851,0.852891645110603,0.7199771673732835,0.7492586763501483
919,20,45,20,Mode,40,[   0  226  373  686  910 1332 1663 1940 2128 2416 2508 2742 3161 3314],13,422,92,254.92307692307693,138.45318484555665,1.0924103106594052,-0.047499933041286684,4.318003406024864,19.704778423884555,0.016078582955373923,2.838752804734447,13.475351478043317,0.8297165456425101,0.6770281837705729,0.7089414606747075
920,20,45,20,Median,40,"[   0  208  373  666  910 1055 1332 1663 1940 2146 2401 2507 2742 2987
 3314]",14,331,106,236.71428571428572,140.81355171922718,1.1073830053630593,-0.05232722249041869,4.173554599814203,18.461350287422142,0.01094001680315632,2.8740076404317287,12.934259980175835,0.8583982967840752,0.7226100752526815,0.7519008237429544
921,20,45,20,Mode,40,"[   0  226  373  686  910 1035 1332 1663 1940 2128 2416 2508 2742 2882
 3314]",14,432,92,236.71428571428572,140.96549992780447,1.1560336971122778,-0.056543679316122586,4.203175937443663,18.415883379189836,0.013391148183096122,2.923607705400051,12.726254765711102,0.8600155979684074,0.7496190620173028,0.7750391029403549
922,20,45,20,Median,40,"[   0  208  373  666  898 1035 1329 1476 1685 1940 2146 2401 2507 2742
 2987 3314]",15,327,106,220.93333333333334,146.48795291195844,1.1676660642736334,-0.052592043187066645,4.163392500436304,17.99182090417328,0.014217787820888452,2.9989670805687636,12.015453430045394,0.8551594965735955,0.7071278360668038,0.7371075165861715
923,20,45,20,Mode,40,"[   0  226  373  686  910 1035 1332 1437 1663 1940 2128 2416 2508 2742
 2882 3314]",15,432,92,220.93333333333334,131.5964250330099,1.1448411217466892,-0.056411425693468346,3.9836624279842043,18.118781264217922,0.01284779493693611,2.7283969041166527,12.63830139649335,0.8640508024133083,0.7449926918590126,0.7701596980998798
924,20,50,10,Median,40,[   0 2472 3314],2,2472,842,1657.0,1009.1325609357147,1.267564544298139,0.008808906776349658,21.477822566627857,9.984691500753685,0.008808906776349658,21.477822566627857,9.984691500753685,0.9682777676525401,0.9872353546994442,0.9951441674980573
925,20,50,10,Mode,40,[   0 2508 3314],2,2508,806,1657.0,941.6547685198901,1.2424840435336915,0.0028833822921827427,20.032975570621332,10.143032857724736,0.0028833822921827427,20.032975570621332,10.143032857724736,0.8903720861247716,0.9416033610575855,0.9781472726036491
926,20,50,10,Median,40,[   0  373 1646 2507 3314],4,1273,373,828.5,324.651656278738,0.8201672473781381,-0.019855519142656583,8.327911400138197,23.193589032563228,0.00391137627093437,6.712393588760322,19.222228779975776,0.8077622444389944,0.7820246585615291,0.8425155859903378
927,20,50,10,Mode,40,[   0  373 1332 2508 3314],4,1176,373,828.5,323.60713955654023,0.7958655355204328,-0.021808684241910986,8.248273331955499,23.12115314880492,0.0005707523542590988,6.7725424573508635,19.361679384228704,0.8346488221363019,0.8285255887743128,0.8756123590384659
928,20,50,10,Median,40,[   0  373 1332 2416 3314],4,1084,373,828.5,312.0753781409391,0.7838240839278544,-0.01712960787415982,7.993167283150597,22.34515700856935,0.0021845607186808313,6.579209426393234,19.163909541251982,0.8773253487983411,0.8688193412097046,0.9044267419502067
929,20,50,10,Mode,40,[   0  373 1332 2508 3314],4,1176,373,828.5,323.60713955654023,0.7958655355204328,-0.021808684241910986,8.248273331955499,23.12115314880492,0.0005707523542590988,6.7725424573508635,19.361679384228704,0.8346488221363019,0.8285255887743128,0.8756123590384659
930,20,50,10,Median,40,[   0  373 1940 2472 3314],4,1567,373,828.5,302.2303319176769,0.8961125527183155,-0.018356284574797464,9.191540528261102,17.536072359590726,0.006746562356961416,6.229466979736361,15.892834553898792,0.8482462159605847,0.8155489744522733,0.8736766034190737
931,20,50,10,Mode,40,[   0  373 1332 1940 2508 3314],5,959,373,662.8,232.96495589404648,0.7947699216119577,-0.0222054426962207,7.031940203880672,21.908431632901635,0.004057704630847073,4.755007917003729,18.87196894977768,0.8527910137015907,0.809489311499499,0.8502409439766234
932,20,50,10,Median,40,[   0  294  910 1332 1940 2472 3314],6,842,294,552.3333333333334,189.78156111958774,0.7449319340037679,-0.023443634806016807,5.992594095338925,21.264555196054,0.004464940282454577,3.9342075137809616,19.279843216165382,0.8516675414892593,0.8104767527129748,0.8502586714140462
933,20,50,10,Mode,40,[   0  373  910 1332 1940 2508 3314],6,806,373,552.3333333333334,184.92578133328357,0.7244989336874257,-0.023666371596906505,5.827480217308328,22.167210169794867,0.004268365196704105,3.785061436603617,20.097638925906526,0.83530391435772,0.7969619969466504,0.8334755024867766
934,20,50,10,Median,40,[   0  294  910 1332 1940 2472 2818 3314],7,616,294,473.42857142857144,136.0327075212917,0.747829226329736,-0.03269300438638353,5.679864809913914,20.452365281456746,0.00460216665929446,2.7941147910916957,18.563961833943836,0.8467129730420481,0.7689243420314965,0.8105279126928812
935,20,50,10,Mode,40,[   0  373  910 1332 1940 2508 2886 3314],7,608,373,473.42857142857144,128.35203531771967,0.7001781280616628,-0.031333309779031364,5.220490928583456,22.58781641110557,0.0017709158176813112,2.64985090387115,19.863381010548537,0.8490746554154343,0.774909910577933,0.8082820480336488
936,20,50,10,Median,40,[   0  294  910 1332 1913 2128 2472 2818 3314],8,616,215,414.25,150.7440718210949,0.8900696110592017,-0.034437374207098505,5.652607003214014,19.092348572113966,0.006053644194650569,3.165374424484269,16.156018258483456,0.8510480358393986,0.7539516882891818,0.7952594188798771
937,20,50,10,Mode,40,[   0  373  910 1332 1940 2281 2508 2886 3314],8,608,227,414.25,134.4277322405613,0.8242297770975682,-0.03291898478294183,5.345432550594879,21.05066711087708,0.007183319413044129,2.6669087145149897,18.20355438953361,0.8387859624802912,0.7481805809297172,0.7821397005452305
938,20,50,10,Median,40,[   0   47  373  910 1332 1913 2281 2473 2818 3314],9,581,47,368.22222222222223,119.13754372020563,0.8721136656458985,-0.043001759289039446,4.988812569042169,19.19278128065251,0.006413783110673504,2.4547310667633973,16.660352329040414,0.8430412899099229,0.7538103880792737,0.7861898873033192
939,20,50,10,Mode,40,[   0  373  910 1332 1940 2281 2508 2886 3314],8,608,227,414.25,134.4277322405613,0.8242297770975682,-0.03291898478294183,5.345432550594879,21.05066711087708,0.007183319413044129,2.6669087145149897,18.20355438953361,0.8387859624802912,0.7481805809297172,0.7821397005452305
940,20,50,10,Median,40,[   0   47  373  910 1332 1663 1940 2281 2473 2818 3314],10,537,47,331.4,116.85038950230494,0.8949023769695502,-0.043259833690541566,4.673045949090648,18.70802983657277,0.005753626421410998,2.4333055655277787,15.764697296062183,0.8346521717746047,0.7149446511206792,0.7482091383912629
941,20,50,10,Mode,40,[   0  373  910 1332 1663 1940 2281 2508 2886 3314],9,537,227,368.22222222222223,133.99905859420102,0.8656137052879695,-0.03354632449036492,4.964709685744333,20.01463611186449,0.006840628941487253,2.703436037126405,16.74632872898983,0.8370739024344164,0.7149656241303572,0.748982673740837
942,20,50,10,Median,40,[   0   47  373  910 1332 1663 1913 2035 2302 2473 2818 3314],11,537,47,301.27272727272725,115.32917873053225,0.9652134541644275,-0.04373531532328033,4.340792105464544,18.720524899491352,0.007073431209686386,2.379405986842224,15.008182253861392,0.8429088456449333,0.7114887150837741,0.7439331170405402
943,20,50,10,Mode,40,[   0  373  910 1332 1663 1940 2035 2281 2508 2886 3314],10,537,95,331.4,122.09268648056792,0.9242295077183367,-0.035045988876099575,4.555943771932957,19.653064411139542,0.006578555396705325,2.4670911105735693,15.90422691651182,0.8428828279074841,0.7136776730345525,0.7467795875377431
944,20,50,10,Median,40,[   0   47  373  666  910 1332 1661 1913 2035 2383 2508 2818 3314],12,496,47,276.1666666666667,153.2726776894335,1.13553975319101,-0.04415519306330324,4.404533500788349,19.050673855925726,0.013756511537719916,3.071202565323219,12.80434772500929,0.8714879356360399,0.7732726677661058,0.7986745915873835
945,20,50,10,Mode,40,[   0  373  655  910 1332 1663 1940 2035 2416 2508 2886 3314],11,428,92,301.27272727272725,140.2726184878626,1.1081459794694446,-0.03611836360946468,4.351709682798679,20.590117622965945,0.020476951241123406,2.819624378179623,13.536475798820486,0.8841596441676086,0.7923225169599443,0.8172675418685708
946,20,50,10,Median,40,[   0   47  373  666  910 1329 1445 1663 1940 2242 2416 2508 2818 3314],13,496,47,254.92307692307693,130.28014495335054,1.1245344141036713,-0.044378162882633805,4.100647274313968,18.999027175724926,0.018126553246331188,2.61028195245169,12.49222663960878,0.862033086350165,0.7534714935263372,0.7797562336324495
947,20,50,10,Mode,40,[   0  373  655  910 1332 1445 1663 1940 2281 2416 2508 2886 3314],12,428,92,276.1666666666667,120.69140083321281,1.0314172114925755,-0.03651934637092458,4.150397350021266,18.978380974653472,0.013262412090938158,2.4264307085554,13.950749395406966,0.8666063291861171,0.7564442738475793,0.7836693133984098
948,20,50,10,Median,40,"[   0   47  373  666  910 1329 1445 1663 1913 2035 2302 2472 2596 2818
 3314]",14,496,47,236.71428571428572,129.05021272395308,1.1263230278465495,-0.04612746148568971,4.353943802069899,19.854925367601208,0.012820836490511143,2.5881236986143152,13.165414859868475,0.8502752437561979,0.7183525741514588,0.7473417381602026
949,20,50,10,Mode,40,[   0  373  655  910 1332 1445 1663 1940 2035 2281 2508 2596 2886 3314],13,428,88,254.92307692307693,162.33704604918992,1.2052047733256819,-0.047155278275993556,4.835158604451638,18.366205238389412,0.007362277536818066,3.4030810055658978,13.158417510326451,0.8490252210921506,0.7148819211379168,0.7459435718487145
950,20,50,10,Median,40,"[   0   47  373  666  910 1329 1445 1663 1913 2011 2128 2281 2416 2508
 2818 3314]",15,496,47,220.93333333333334,120.66673012884694,1.1574586136505611,-0.048381101234335915,3.951052866992647,18.459152868744184,0.016031956592014705,2.4828362162668633,12.265584154420791,0.8548250445872179,0.7349769465313469,0.7620237579758236
951,20,50,10,Mode,40,"[   0  373  655  910 1332 1445 1663 1940 2035 2128 2281 2416 2508 2886
 3314]",14,428,92,236.71428571428572,113.70886770217808,1.1065822104969052,-0.0425101312567126,3.8681380169862996,18.084858209801023,0.012591141622072196,2.329554039099487,13.053156177974882,0.8686257000858527,0.7538418129340567,0.7806642721679046
952,20,50,15,Median,40,[   0 1182 2472 3314],3,1290,842,1104.6666666666667,504.966763216413,0.87424181382347,-0.01364469927825088,11.888403025926305,23.547270214209124,0.0032439369096304233,10.21399176295311,19.94141691163095,0.8688947062160383,0.8728613193972943,0.916773748424859
953,20,50,15,Mode,40,[   0 2508 3314],2,2508,806,1657.0,941.6547685198901,1.2424840435336915,0.0028833822921827427,20.032975570621332,10.143032857724736,0.0028833822921827427,20.032975570621332,10.143032857724736,0.8903720861247716,0.9416033610575855,0.9781472726036491
954,20,50,15,Median,40,[   0  658 1663 2508 3314],4,1005,658,828.5,286.15278022048557,0.7024973698906946,-0.01866302495274598,7.667672622168652,28.082924186826197,0.00363231862305142,5.842017268312834,25.10856852191623,0.9324473583788825,0.941806699642409,0.9567042035924084
955,20,50,15,Mode,40,[   0  373 1332 2508 3314],4,1176,373,828.5,323.60713955654023,0.7958655355204328,-0.021808684241910986,8.248273331955499,23.12115314880492,0.0005707523542590988,6.7725424573508635,19.361679384228704,0.8346488221363019,0.8285255887743128,0.8756123590384659
956,20,50,15,Median,40,[   0  373 1329 2416 3224 3314],5,1087,90,662.8,262.70206890579715,0.8888643244400094,-0.020873321749206655,6.555600084515427,21.52804019723967,0.01239017407030452,5.425196803035633,17.544260632899572,0.8646067252244037,0.8528153909638028,0.8909006609355837
957,20,50,15,Mode,40,[   0  373 1332 2508 3314],4,1176,373,828.5,323.60713955654023,0.7958655355204328,-0.021808684241910986,8.248273331955499,23.12115314880492,0.0005707523542590988,6.7725424573508635,19.361679384228704,0.8346488221363019,0.8285255887743128,0.8756123590384659
958,20,50,15,Median,40,[   0  373 1940 2473 3314],4,1567,373,828.5,308.70095499783537,0.9078366588217097,-0.01956521998869857,9.21099518301837,16.92456955478802,0.009101068133862099,6.340431665301442,15.591887929322525,0.8472745656293144,0.8149588184441708,0.873255286773152
959,20,50,15,Mode,40,[   0  373 1332 1940 2508 3314],5,959,373,662.8,232.96495589404648,0.7947699216119577,-0.0222054426962207,7.031940203880672,21.908431632901635,0.004057704630847073,4.755007917003729,18.87196894977768,0.8527910137015907,0.809489311499499,0.8502409439766234
960,20,50,15,Median,40,[   0  351  910 1332 1940 2473 3314],6,841,351,552.3333333333334,196.0997965059172,0.754645604960551,-0.02393513387448528,6.140445276022554,22.0308537233834,0.005175526209635704,4.058044158738841,19.4789239871659,0.8442519363432702,0.7930582908672009,0.8364064001327483
961,20,50,15,Mode,40,[   0  373  910 1332 1940 2508 3314],6,806,373,552.3333333333334,184.92578133328357,0.7244989336874257,-0.023666371596906505,5.827480217308328,22.167210169794867,0.004268365196704105,3.785061436603617,20.097638925906526,0.83530391435772,0.7969619969466504,0.8334755024867766
962,20,50,15,Median,40,[   0  351  910 1332 1940 2472 2788 3314],7,608,316,473.42857142857144,132.34074850198212,0.7409454735625643,-0.0302477058187411,5.675960574742247,21.649398012653712,0.004935242731465915,2.7306292227495454,19.06513324984422,0.8561266474345506,0.7659663931817444,0.8082512240387647
963,20,50,15,Mode,40,[   0  373  910 1332 1940 2508 2742 3314],7,608,234,473.42857142857144,138.72546033276154,0.7850832913560973,-0.030494872939930622,5.750008548373251,20.842195994025676,0.00403602731831758,2.894457439672285,18.67451053633885,0.8313717961079585,0.762246917886021,0.7983423966102196
964,20,50,15,Median,40,[   0  351  910 1332 1913 2232 2473 2788 3314],8,581,241,414.25,119.78074138942338,0.7947895358279604,-0.03173647684861748,5.2988534604124276,20.331652551911546,0.005602559698262291,2.4644967757727057,17.64105174517626,0.8638619457737554,0.7541976890269221,0.7957961801393945
965,20,50,15,Mode,40,[   0  373  910 1332 1940 2281 2508 2742 3314],8,608,227,414.25,141.00301800631883,0.8685487737815784,-0.032049538683457744,5.80082978900234,19.6027324129447,0.006766520401410432,2.849481361924265,17.450127301584935,0.8219844895538252,0.7352508770089067,0.7718586799953284
966,20,50,15,Median,40,[   0  295  656  910 1332 1913 2270 2473 2788 3314],9,581,203,368.22222222222223,129.29326790498973,0.8806477949000471,-0.035610661559716365,4.986691685382521,18.9086320606539,0.006700547468232271,2.6950289475654357,15.380305679720834,0.8836727854101613,0.8227882366208012,0.8452676020064465
967,20,50,15,Mode,40,[   0  373  666  910 1332 1940 2281 2508 2742 3314],9,608,227,368.22222222222223,144.64924731095394,0.9335810819767311,-0.03549119247171886,5.333611103594913,19.608011113847194,0.005883044859483839,2.976137173669871,15.004293911802206,0.8462112224734514,0.7729725617809383,0.8027445138069721
968,20,50,15,Median,40,[   0  295  656  910 1332 1647 1940 2383 2508 2788 3314],10,526,125,331.4,163.90720319345027,1.0640561446757135,-0.035143460509841996,4.945678567512527,18.673519557543777,0.01612056284519416,3.246385147374701,13.940729377221091,0.8720816448481754,0.797607881682605,0.8219220125824132
969,20,50,15,Mode,40,[   0  373  666  910 1332 1663 1940 2416 2508 2742 3314],10,572,92,331.4,155.0738943879295,1.0970241162145604,-0.03489079730851299,4.9817557757179545,19.65376304816774,0.020266174552475924,3.126339623255271,13.435453198575935,0.8645646725435188,0.7828906516902461,0.8102261003173883
970,20,50,15,Median,40,[   0  100  373  666  936 1332 1647 1940 2242 2473 2788 3314],11,526,100,301.27272727272725,110.64030641948759,0.8708720564357548,-0.03905638641478075,4.183004989723906,19.01159563851778,0.003371774085935418,2.3098590755796438,14.915023245090598,0.8842821258178778,0.8053696968841864,0.8265059419569418
971,20,50,15,Mode,40,[   0  373  666  910 1332 1663 1940 2281 2508 2742 3314],10,572,227,331.4,143.1324801730345,0.9582166509371809,-0.03574557400957323,4.997058857308464,19.28640697303303,0.005722906057384427,2.9742471871961422,14.064455599955668,0.8441253243217196,0.7409989482299498,0.7711373693647859
972,20,50,15,Median,40,[   0  100  373  666  936 1329 1449 1663 1940 2270 2473 2788 3314],12,526,100,276.1666666666667,114.65763240800946,0.9562745847869746,-0.04044461486593073,4.160613920749129,19.05652112679212,0.011003281243958545,2.383026155962539,13.87369196786017,0.882953534138752,0.7977693062132916,0.8188159956117623
973,20,50,15,Mode,40,[   0  373  666  910 1332 1445 1663 1940 2281 2508 2742 3314],11,572,113,301.27272727272725,127.91631123072996,0.9455427081352301,-0.03636097239486698,4.576896568396343,19.071692414427844,0.0053321933951809035,2.6531817344344164,14.058969586504475,0.845341144353108,0.7349529961003325,0.7647631861254301
974,20,50,15,Median,40,[   0  100  373  666  936 1332 1647 1940 2184 2416 2508 2742 2886 3314],13,428,92,254.92307692307693,145.43894395435623,1.145160463909186,-0.05204735847514645,4.481168937042268,17.384034086099163,0.011379851521150506,2.9996897377980196,12.660208531976274,0.8790260704572749,0.7720137997334917,0.7947516176082186
975,20,50,15,Mode,40,[   0  373  666  910 1332 1663 1940 2281 2416 2508 2742 2886 3314],12,428,92,276.1666666666667,145.60463968736525,1.1504617562691648,-0.047960528361087246,4.658480641390706,18.53658002809194,0.010407130492921905,3.0107992327580266,12.600388679924118,0.8581132037035568,0.7400311781696967,0.7681404361707944
976,20,50,15,Median,40,"[   0  100  373  666  936 1329 1449 1663 1905 1979 2242 2416 2508 2788
 3314]",14,526,74,236.71428571428572,114.39989974974479,1.0963495321184724,-0.04166427540128034,3.829994606757349,18.164814950294005,0.01465151197225025,2.271971884457709,12.97483680421981,0.8860490541544327,0.7951955241409248,0.8160820534223844
977,20,50,15,Mode,40,[   0  373  666  910 1332 1445 1663 1940 2281 2416 2508 2742 3314],12,572,92,276.1666666666667,127.36679403228277,1.0661861112145685,-0.03602258853989942,4.442225792256645,18.99246621691542,0.012027541510411056,2.5710098657508267,13.239253248994611,0.8521644767179766,0.7393635978275246,0.7683131632666761
978,20,50,15,Median,40,"[   0  100  373  666  910 1058 1329 1449 1663 1940 2184 2416 2508 2742
 2886 3314]",15,428,92,220.93333333333334,134.03186079155802,1.1544031188082455,-0.05371773757384979,4.079831022216232,18.205661906029725,0.014437152974475809,2.7519533224873878,12.364112123772186,0.8969552739418127,0.7989875428829317,0.8205475272777718
979,20,50,15,Mode,40,"[   0  373  666  910 1010 1332 1445 1663 1940 2281 2416 2508 2742 2886
 3314]",14,428,92,236.71428571428572,122.97572358817978,1.106904809578267,-0.048341379796501736,4.087401556487281,18.34433664567221,0.009046080583108336,2.5421301886508356,12.797062878876797,0.8632371272429362,0.7496762908202064,0.7773156042459659
980,20,50,20,Median,40,[   0 1035 2472 3314],3,1437,842,1104.6666666666667,465.02366425924646,0.8257300465610338,-0.013440857055148839,11.7532226528366,24.55494349516439,0.0019518704352363984,9.536929687960722,20.957350799401915,0.9588399161253942,0.9742345722752771,0.9832265782117122
981,20,50,20,Mode,40,[   0 2508 3314],2,2508,806,1657.0,941.6547685198901,1.2424840435336915,0.0028833822921827427,20.032975570621332,10.143032857724736,0.0028833822921827427,20.032975570621332,10.143032857724736,0.8903720861247716,0.9416033610575855,0.9781472726036491
982,20,50,20,Median,40,[   0 2508 3314],2,2508,806,1657.0,941.6547685198901,1.2424840435336915,0.0028833822921827427,20.032975570621332,10.143032857724736,0.0028833822921827427,20.032975570621332,10.143032857724736,0.8903720861247716,0.9416033610575855,0.9781472726036491
983,20,50,20,Mode,40,[   0  373 1332 2508 3314],4,1176,373,828.5,323.60713955654023,0.7958655355204328,-0.021808684241910986,8.248273331955499,23.12115314880492,0.0005707523542590988,6.7725424573508635,19.361679384228704,0.8346488221363019,0.8285255887743128,0.8756123590384659
984,20,50,20,Median,40,[   0  402 1329 2416 3161 3314],5,1087,153,662.8,219.81887944007477,0.7692119699186527,-0.027937410489542826,6.4492338810740515,22.444582361983972,0.0007821217682746474,4.560270971663405,18.68286233361807,0.849610384169642,0.8393743899504394,0.8798334360166765
985,20,50,20,Mode,40,[   0  373 1332 2508 3314],4,1176,373,828.5,323.60713955654023,0.7958655355204328,-0.021808684241910986,8.248273331955499,23.12115314880492,0.0005707523542590988,6.7725424573508635,19.361679384228704,0.8346488221363019,0.8285255887743128,0.8756123590384659
986,20,50,20,Median,40,[   0  402 1275 1940 2473 3187 3314],6,873,127,552.3333333333334,207.17304597067846,0.8195645981806295,-0.02624049809910814,6.202209529053287,21.831911477036837,0.009020836434635164,4.326162105462118,18.469028678312775,0.8321852679492069,0.7791125151319716,0.8226871426576456
987,20,50,20,Mode,40,[   0  373 1332 1940 2508 3314],5,959,373,662.8,232.96495589404648,0.7947699216119577,-0.0222054426962207,7.031940203880672,21.908431632901635,0.004057704630847073,4.755007917003729,18.87196894977768,0.8527910137015907,0.809489311499499,0.8502409439766234
988,20,50,20,Median,40,[   0  328  910 1332 1940 2473 3187 3314],7,714,127,473.42857142857144,175.00723709566,0.7750912202056867,-0.027472329062736306,5.288895189883331,21.161051324465184,0.006612546066017177,3.6354750331148065,18.682410120333543,0.8286635321865139,0.760338598623774,0.8085465574958218
989,20,50,20,Mode,40,[   0  373  910 1332 1940 2508 3314],6,806,373,552.3333333333334,184.92578133328357,0.7244989336874257,-0.023666371596906505,5.827480217308328,22.167210169794867,0.004268365196704105,3.785061436603617,20.097638925906526,0.83530391435772,0.7969619969466504,0.8334755024867766
990,20,50,20,Median,40,[   0  328  910 1332 1940 2472 2788 3314],7,608,316,473.42857142857144,127.29919254824249,0.7266496304928367,-0.030610275751674652,5.5337800774342165,21.34917543783042,0.004419130985345981,2.6066920689221966,19.242908341531656,0.8583595585410636,0.7731743726177116,0.8141849975026763
991,20,50,20,Mode,40,[   0  373  910 1332 1940 2508 2742 3314],7,608,234,473.42857142857144,138.72546033276154,0.7850832913560973,-0.030494872939930622,5.750008548373251,20.842195994025676,0.00403602731831758,2.894457439672285,18.67451053633885,0.8313717961079585,0.762246917886021,0.7983423966102196
992,20,50,20,Median,40,[   0  295  658 1006 1332 1940 2472 2788 3314],8,608,295,414.25,135.53370702136513,0.8129018373069726,-0.03342889502800838,5.102366162416749,19.770255274800007,0.004862970895669166,2.829007560548523,16.252374466446867,0.9072170111574679,0.8794951573973415,0.8965111395515084
993,20,50,20,Mode,40,[   0  373  686  910 1332 1940 2508 2742 3314],8,608,224,414.25,128.91673143361984,0.8055959701502609,-0.038243008987557406,5.0636772581175045,22.351273934939215,0.0014930473208279846,2.699778429172477,17.225571026177594,0.8537499576612614,0.7963551213863624,0.8255585519796279
994,20,50,20,Median,40,[   0  295  658 1006 1332 1647 1963 2472 2788 3314],9,526,295,368.22222222222223,135.39348456543544,0.8408939950707102,-0.033526813761437596,4.7297647592612,19.922764696308747,0.0035308418981849256,2.8137266998447625,15.681334970738256,0.9017594489178753,0.8586043479367443,0.8763615467379844
995,20,50,20,Mode,40,[   0  373  686  910 1332 1663 1940 2508 2742 3314],9,572,224,368.22222222222223,132.99335972597726,0.8633185176554475,-0.03845851763385686,4.717907549120219,21.40001958558712,0.0007166720083919375,2.7756338204698463,15.702766495880393,0.8511514415134436,0.7705274059913928,0.7999632247871505
996,20,50,20,Median,40,[   0  295  658 1006 1332 1647 1940 2270 2473 2788 3314],10,526,203,331.4,121.63748053663079,0.878863796401516,-0.034572886079111145,4.632594612725839,19.1576802214799,0.006384601308807901,2.5398136384160965,15.006463801286095,0.8841545633246345,0.8228888891112204,0.8430541103516241
997,20,50,20,Mode,40,[   0  373  686  910 1332 1663 1940 2281 2508 2742 3314],10,572,224,331.4,132.0093141280756,0.9070905180007856,-0.038226549585627545,4.87292174381647,20.197125116441647,0.004226956198483618,2.7152445772277556,15.247619353498663,0.8415960893371058,0.7378159359379313,0.7680596505641422
998,20,50,20,Median,40,[   0  147  373  666 1006 1332 1647 1940 2171 2472 2788 3314],11,526,147,301.27272727272725,111.01951201079112,0.8520285939355631,-0.03922720688115627,4.25358216059596,19.58595933566352,0.0029746033439893285,2.3461223363049473,15.528840639511998,0.8889390921971186,0.8298879994021238,0.848568078695196
999,20,50,20,Mode,40,[   0  226  373  686  910 1332 1663 1940 2281 2508 2742 3314],11,572,147,301.27272727272725,125.00031084740203,0.9208894011476183,-0.042818414292461714,4.502283483178555,19.934003810212907,0.005143046841075487,2.5805839336368215,14.89358271624489,0.8284009589782754,0.7151318935008533,0.7454026748414843
1000,20,50,20,Median,40,[   0  106  373  666 1006 1332 1647 1940 2171 2472 2674 2908 3314],12,406,106,276.1666666666667,109.38639683256639,0.8852159352210399,-0.04085091446467062,4.215420556016247,19.942542300316266,0.0034298538804038966,2.2759702904541332,15.332771419594785,0.8829027311938655,0.7926951858655854,0.8136245781913612
1001,20,50,20,Mode,40,[   0  226  373  686  910 1332 1663 1940 2281 2508 2742 2882 3314],12,432,140,276.1666666666667,134.5484598025864,1.0116120266775779,-0.05633041807075652,4.418010411231815,19.179246142932147,0.002939867091255553,2.8480893081433476,14.080405411262142,0.8342762457449981,0.704655411740305,0.7335691542959804
1002,20,50,20,Median,40,[   0  147  373  666 1006 1329 1476 1685 1940 2171 2417 2508 2818 3314],13,496,91,254.92307692307693,133.84506651364657,1.0773066213846512,-0.04429175506716028,4.230720399021336,17.81635026870998,0.01476078431146001,2.7704883920631036,13.112950639448146,0.8799909390691331,0.8007109985283506,0.8219224319959301
1003,20,50,20,Mode,40,[   0  226  373  686  910 1332 1437 1663 1940 2281 2508 2742 3314],12,572,105,276.1666666666667,115.09872795434761,0.9329849215427061,-0.042970710581860395,4.195471910153275,19.418892368720936,0.005799440831409364,2.377397226902393,14.410389157817377,0.8335426140394738,0.7102681709636243,0.7398803355099414
1004,20,50,20,Median,40,"[   0  147  373  666 1006 1329 1476 1685 1940 2171 2416 2508 2742 2920
 3314]",14,394,92,236.71428571428572,142.39992636647898,1.1418930991734095,-0.04843258734642848,4.297412559733935,18.11498070516927,0.015711629296196798,2.9152939211316107,12.806497249658408,0.8787672970923789,0.7851363780409942,0.8064000552983479
1005,20,50,20,Mode,40,"[   0  226  373  686  910 1332 1437 1663 1940 2281 2416 2508 2742 2882
 3314]",14,432,92,236.71428571428572,124.46058299231268,1.1118686585349917,-0.05584628449628367,4.063563239403772,18.786685193150056,0.009514072415482449,2.571061825234605,13.038846382409368,0.8455029371612113,0.7028807622444945,0.7303746089358676
1006,20,50,20,Median,40,"[   0  373  666  910 1035 1329 1476 1685 1940 2154 2401 2508 2742 2920
 3314]",14,394,107,236.71428571428572,171.89147407695776,1.253281550495617,-0.04559938838471426,4.614510793199126,18.18706153055737,0.017168232268999637,3.440816203753069,11.56957897317078,0.8835428224628044,0.774687871884893,0.8012347771051194
1007,20,50,20,Mode,40,"[   0  226  373  686  910 1035 1332 1437 1663 1940 2128 2416 2508 2742
 2882 3314]",15,432,92,220.93333333333334,131.5964250330099,1.1448411217466892,-0.056411425693468346,3.9836624279842043,18.118781264217922,0.01284779493693611,2.7283969041166527,12.63830139649335,0.8640508024133083,0.7449926918590126,0.7701596980998798
1008,60,35,10,Median,40,[   0 1272 2416 3314],3,1272,898,1104.6666666666667,409.7520488021584,0.7940675774250726,-0.010707185423643788,10.458209371514886,25.574701972641932,0.0047025403885707084,8.248029930556473,21.8179051821624,0.920551266558058,0.9279332861360906,0.9525248261220667
1009,60,35,10,Mode,40,[   0 1332 1940 3314],3,1374,608,1104.6666666666667,196.97186802835293,0.6411731763728972,-0.007468272472435093,6.445363162413981,25.975146347949025,0.00019447738255902512,4.121284129102578,22.87477010082689,0.9580914435059075,0.978782835395907,0.9866225144237125
1010,60,35,10,Median,40,[   0  666 1445 2473 3314],4,1028,666,828.5,316.4547545273358,0.7166030221043947,-0.017473218036189796,8.081537587909889,26.42878622688775,0.0019535690175804723,6.5640599187779145,23.806556554037027,0.9757820445196427,0.982538523734244,0.9870098417564813
1011,60,35,10,Mode,40,[   0  868 1332 2508 3314],4,1176,464,828.5,311.2721006636388,0.7855235744992091,-0.01895705465252255,8.019683465253147,23.844949199657442,0.002836113260537588,6.478474438142562,18.723672231067635,0.8531043181569402,0.8566020665191136,0.8951309607107163
1012,60,35,10,Median,40,[   0  259 1329 1940 2508 3314],5,1070,259,662.8,213.9409176403701,0.7623792441074895,-0.02894499658863306,6.79832008938562,23.87962993769714,0.005227066302967541,4.355470566527244,20.665359852551987,0.8694041096804992,0.8592897400115953,0.8958703069945001
1013,60,35,10,Mode,40,[   0  126 1332 1940 2508 3314],5,1206,126,662.8,216.74422295515996,0.814059879259821,-0.033178973219706115,6.659773903517042,21.698247889960918,-2.4626479323611433e-05,4.3952718546130285,18.44570368838298,0.9189015623200963,0.9386182413941886,0.954683188174559
1014,60,35,10,Median,40,[   0  259 1329 1940 2473 3161 3314],6,1070,153,552.3333333333334,183.3257273649717,0.7811355141971792,-0.03460424919623273,5.965700719858397,23.363642565095464,0.0048089753994531356,3.7830273801554126,19.64010310613522,0.862632795037609,0.8444743689356333,0.883841786784024
1015,60,35,10,Mode,40,[   0  126 1332 1940 2508 3161 3314],6,1206,126,552.3333333333334,183.794609900102,0.8267336653031802,-0.03936012595306547,5.725383407812023,21.22563789875703,0.0007689456497122514,3.7837943872434847,17.625115796010988,0.8874202228134477,0.907168584364808,0.9305307182184769
1016,60,35,10,Median,40,[   0  126  868 1332 1940 2473 3161 3314],7,742,126,473.42857142857144,167.8933756126663,0.7889355369926246,-0.0387231546959253,5.237094356873599,20.36830939033231,0.002558774992309398,3.4818522393249682,17.67996701001034,0.859989303946247,0.8166549397746676,0.8498866404919011
1017,60,35,10,Mode,40,[   0  126  868 1332 1940 2508 3161 3314],7,742,126,473.42857142857144,167.37239103282909,0.7940070219695062,-0.039607837524365364,5.129205728739536,20.244258582132478,0.002613503593193333,3.4723547217539674,17.467885559384396,0.8414682234962451,0.7911785592543509,0.8289492197617239
1018,60,35,10,Median,40,[   0  126  868 1332 1940 2270 2507 3161 3314],8,742,126,414.25,128.81324320466518,0.8406894376290859,-0.03990248713691555,4.980517688397045,19.353569941940133,0.005583435376635529,2.6517038482454285,16.610824636004182,0.8336253086673903,0.7741760870937741,0.8120664817284999
1019,60,35,10,Mode,40,[   0  126  868 1332 1940 2270 2508 3161 3314],8,742,126,414.25,145.86299795160545,0.8834271091222046,-0.040729508817018624,5.171010897249043,18.97247361427425,0.008359691486413624,2.945344790438733,16.284740423308538,0.8332940123286969,0.7736093829503303,0.8115906201893395
1020,60,35,10,Median,40,[   0  126  868 1332 1940 2270 2507 2886 3193 3314],9,742,121,368.22222222222223,122.92844777252398,0.8748912991436886,-0.04913150753889164,4.741439238931775,18.586075091353578,0.0060278334231669405,2.5419598442717635,15.913459963360989,0.8542841541628843,0.7862551577698487,0.8168404483975285
1021,60,35,10,Mode,40,[   0  126  868 1332 1940 2270 2508 2886 3161 3314],9,742,126,368.22222222222223,124.03889722001215,0.8510139703498156,-0.04629389190362007,4.747249272605059,19.05675350648529,0.00460256009934211,2.494143066287986,16.474396747579586,0.8493986192159672,0.7786622160438209,0.8102435291422304
1022,60,35,10,Median,40,[   0  126  868 1330 1481 1940 2270 2507 2886 3193 3314],10,742,121,331.4,117.60414762533368,0.8998465637445254,-0.04943246555132463,4.355782681569287,18.54092527256779,0.009388953495692198,2.4417283830701537,14.9768715326754,0.8494446488808322,0.7659233369673655,0.7969707726299395
1023,60,35,10,Mode,40,[   0  126  868 1332 1422 1940 2270 2508 2886 3161 3314],10,742,90,331.4,118.0201917297346,0.907108367317062,-0.04626279114155614,4.380633061555101,17.8611101938834,0.005798960998404209,2.3903566231740805,14.808856622443422,0.8551884253628972,0.7743253747185125,0.8048219845029873
1024,60,35,10,Median,40,[   0  126  666  868 1330 1445 1940 2270 2507 2886 3193 3314],11,540,115,301.27272727272725,119.77241519560445,0.9598127516093543,-0.05002355255486865,4.133612720917123,18.745872814047136,0.009073433025826593,2.4988199608246195,13.772261342149363,0.8816191664263207,0.8339907428687602,0.8568305774082612
1025,60,35,10,Mode,40,[   0  126  666  868 1332 1422 1940 2270 2508 2886 3161 3314],11,540,90,301.27272727272725,111.58860957761037,0.9047954286621931,-0.046988895383580996,4.067037431780927,18.19141974260508,0.0033793338945060773,2.268849633907996,14.638661891556064,0.8811037691761333,0.8314475918801297,0.8547055555898825
1026,60,35,10,Median,40,[   0   87  277  666  868 1330 1445 1940 2270 2507 2886 3193 3314],12,495,87,276.1666666666667,124.55742772180675,1.0187742971376608,-0.05128089646559282,4.1232494332245855,17.656759047882733,0.010254988956947304,2.6470084582626145,12.867210948877629,0.8658015301964943,0.777559311877749,0.8095248053977658
1027,60,35,10,Mode,40,[   0  126  259  666  868 1332 1422 1940 2270 2508 2886 3161 3314],12,518,90,276.1666666666667,110.88409056634119,0.9335491737436034,-0.04821717910573497,3.899900145680643,17.289650433857044,0.004608459684782395,2.2858498200894357,14.018475040142285,0.8624329327646645,0.7781339699656091,0.8101426468458613
1028,60,35,10,Median,40,[   0   87  277  666  868 1330 1445 1940 2128 2281 2508 2886 3193 3314],13,495,87,254.92307692307693,134.5397399095249,1.1079441705635462,-0.05422456880416856,4.222421110986126,17.572024917143512,0.009222065097970947,2.847020111772912,11.932574441944807,0.8625510431153003,0.7728807945632261,0.8059846606675072
1029,60,35,10,Mode,40,[   0  126  259  666  868 1332 1422 1940 2128 2270 2508 2886 3161 3314],13,518,90,254.92307692307693,114.51166124311017,1.0125953480274843,-0.05225845591507659,3.8892342643520244,16.786158406738306,0.0025342753925880882,2.407325036782243,13.111860624708045,0.8608324380173213,0.7758782650184508,0.8086582419863135
1030,60,35,10,Median,40,"[   0   87  277  666  868 1330 1445 1707 1940 2128 2281 2508 2886 3193
 3314]",14,462,87,236.71428571428572,127.67931238825821,1.087730377333285,-0.05409073373212234,4.1040540064152,18.471643148059282,0.008051587750462115,2.707643280007886,12.14225667748025,0.8671127894058029,0.7551539387220569,0.7891897001216919
1031,60,35,10,Mode,40,"[   0  126  259  666  868 1332 1422 1707 1940 2128 2270 2508 2886 3161
 3314]",14,464,90,236.71428571428572,114.55849718759058,1.022299019309356,-0.051972456269704016,3.8576597528071974,18.166675866348633,0.0028811240980125136,2.423702131011993,12.959360276063839,0.8654196226181343,0.7558574495765108,0.7899772873334571
1032,60,35,10,Median,40,"[   0   87  277  666  868 1330 1445 1707 1940 2128 2281 2473 2596 2886
 3193 3314]",15,462,87,220.93333333333334,142.65181256538875,1.175113888244791,-0.05414046860664707,4.549379891477577,18.35780133307393,0.009743678922217267,3.0201020167812827,11.890097623197196,0.8591231878765613,0.727408067041544,0.7659220824070073
1033,60,35,10,Mode,40,"[   0  126  259  666  868 1332 1422 1707 1940 2128 2270 2508 2596 2886
 3161 3314]",15,464,88,220.93333333333334,156.36020135075856,1.231094672745756,-0.05502292954291574,4.597467632574196,17.774497134826667,0.005088805267148155,3.3486357982926713,12.169515985104377,0.849378941219857,0.7188785925386328,0.7578067574699237
1034,60,35,10,Median,40,"[   0   87  277  666  868 1330 1445 1707 1940 2128 2270 2416 2507 2596
 2886 3193 3314]",16,462,87,207.125,160.713147796099,1.3098997793366371,-0.05414714701752085,4.658314450019549,17.81476790164917,0.01536204440642625,3.276322622684757,11.503083358451262,0.8628569826218022,0.7307605378356423,0.7700839050413751
1035,60,35,10,Mode,40,"[   0  126  259  666  868 1332 1422 1707 1940 2128 2270 2416 2508 2596
 2886 3161 3314]",16,464,88,207.125,152.28319263878828,1.275233018271534,-0.054641848733190314,4.515553122738609,17.722167133380204,0.010344652236336167,3.170253955069946,12.029731810128848,0.8598835757215095,0.7294007351270465,0.7690845068097646
1036,60,35,15,Median,40,[   0 1182 2416 3314],3,1234,898,1104.6666666666667,446.4301377270196,0.8247287270590491,-0.011666092609104863,10.650666297673792,23.68542156292425,0.004218732443170201,9.060716797422016,20.233863568178602,0.8859607930478824,0.8830763430722613,0.9229780064877309
1037,60,35,15,Mode,40,[   0 2473 3314],2,2473,841,1657.0,994.4314847613074,1.2587909995115212,0.005402613015810275,21.162933650378903,10.026005042925476,0.005402613015810275,21.162933650378903,10.026005042925476,0.9656535974183685,0.9859610540676762,0.9946617945434937
1038,60,35,15,Median,40,[   0  666 1445 2507 3314],4,1062,666,828.5,299.86899137359063,0.7025672292501254,-0.016915845348731872,7.7392673113957065,27.17066279629388,0.0017868930538497392,6.221498762477815,24.11390877625145,0.949047383501497,0.9531482652055057,0.96518061925034
1039,60,35,15,Mode,40,[   0  868 1332 2473 3314],4,1141,464,828.5,329.0885680368882,0.7957155199573022,-0.017734819726071563,8.42761175757298,23.163698813814477,0.0037731818536456386,6.865557188440373,18.75897340466994,0.8814920726529412,0.8876297284282062,0.9176857341659943
1040,60,35,15,Median,40,[   0  660 1332 2356 3161 3314],5,1024,153,662.8,173.8545134705668,0.6990386661190946,-0.02420324834878663,5.206557138962181,21.855455183183683,-9.408868118707396e-05,3.631088542735282,20.196080241297274,0.9088726092725364,0.9180413498371734,0.9382174289018984
1041,60,35,15,Mode,40,[   0  868 1332 2473 3161 3314],5,1141,153,662.8,241.02941233004205,0.7988959360054289,-0.024853243011115137,6.776215290559792,22.602075579606204,0.003455762830354426,5.068809080011764,17.899155206023345,0.8499632070778204,0.852164828732915,0.8894242908294684
1042,60,35,15,Median,40,[   0  308 1329 1940 2473 3161 3314],6,1021,153,552.3333333333334,183.81352613863874,0.7746045552198753,-0.030921041671777255,5.961418569641246,23.042647070732595,0.005595088741908511,3.7936540710145517,19.571423041121466,0.8529186186108617,0.8186544286465555,0.8645070238480831
1043,60,35,15,Mode,40,[   0  666 1332 1940 2473 3161 3314],6,688,153,552.3333333333334,183.90251775593447,0.7615967942408822,-0.02523451017844412,5.853082344397482,22.198453721896158,0.004304354924750126,3.779739661931356,19.522889219396525,0.9326122994561028,0.93314600136097,0.9462290929961947
1044,60,35,15,Median,40,[   0  259  868 1332 1940 2473 3161 3314],7,688,153,473.42857142857144,174.6370667640127,0.7911919888857836,-0.03465134492064027,5.3785535137313705,20.40795320352162,0.004069566917767331,3.6389654838722136,17.600461712153614,0.8338961902741422,0.7810627915664156,0.8204663085053358
1045,60,35,15,Mode,40,[   0  259  868 1332 1940 2473 3161 3314],7,688,153,473.42857142857144,174.6370667640127,0.7911919888857836,-0.03465134492064027,5.3785535137313705,20.40795320352162,0.004069566917767331,3.6389654838722136,17.600461712153614,0.8338961902741422,0.7810627915664156,0.8204663085053358
1046,60,35,15,Median,40,[   0  259  868 1332 1940 2270 2507 3161 3314],8,654,153,414.25,134.59354990581926,0.8426235392517937,-0.03620679748739917,5.101982537896804,19.367814989970114,0.006878399884170901,2.7863723435716383,16.54267723784127,0.8094207366534208,0.7347192700856461,0.7789307493852011
1047,60,35,15,Mode,40,[   0  259  868 1332 1940 2270 2473 3161 3314],8,688,153,414.25,140.492929584097,0.8721475291244377,-0.036341206040693276,5.230494364253223,19.186370390481223,0.010441485461623393,2.890666812737128,16.389774855614593,0.8232957904038072,0.7555845721917122,0.7964166409663298
1048,60,35,15,Median,40,[   0  259  868 1332 1940 2167 2473 2747 3162 3314],9,609,152,368.22222222222223,144.38890480004875,0.9205915796327327,-0.042978294232251336,5.335164165058046,17.873977961058312,0.005372330732439909,3.026325160733201,15.206101942129703,0.834229434785993,0.7399194519594434,0.7765881354308966
1049,60,35,15,Mode,40,[   0  259  868 1332 1940 2270 2473 2886 3161 3314],9,609,153,368.22222222222223,118.65566165423685,0.8333654937107621,-0.042751845154564955,4.781567301127485,19.33108172606866,0.006617265985637865,2.4343909883854584,16.673694420861764,0.8388206804921544,0.7491353767622626,0.7843192019401868
1050,60,35,15,Median,40,[   0  259  666  889 1332 1940 2167 2473 2747 3162 3314],10,608,152,331.4,137.13512239528222,0.9296220287581194,-0.04355214019705623,4.896601777920296,18.067970270486345,0.004027488852614673,2.88778128845193,14.657299260632819,0.8567314370643994,0.7745954281014702,0.802120875110691
1051,60,35,15,Mode,40,[   0  259  666  868 1332 1940 2270 2473 2886 3161 3314],10,608,153,331.4,113.6195762095088,0.8529860238908019,-0.04395781346934143,4.413351959150828,19.072861996912184,0.0044579682401891495,2.3468270568768466,15.979948468187567,0.8636249310032914,0.7929813324331076,0.8227271825797806
1052,60,35,15,Median,40,[   0  259  666  889 1329 1499 1940 2167 2473 2747 3162 3314],11,441,152,301.27272727272725,138.2727787204572,0.9775633442938771,-0.04452203759826205,4.631328303205533,18.709934598379068,0.009894174702983233,2.912318328514868,13.46560285639363,0.8587471333734086,0.7538425388713211,0.7810168726532949
1053,60,35,15,Mode,40,[   0  259  666  868 1332 1422 1940 2270 2473 2886 3161 3314],11,518,90,301.27272727272725,109.24467336930931,0.9032737758072251,-0.04390300900369431,4.116843025959691,18.0290062210556,0.005549188235260337,2.2681508590154458,14.530407183504224,0.8686839236215403,0.7885440855764262,0.8181375477760561
1054,60,35,15,Median,40,[   0  259  666  889 1329 1499 1940 2167 2416 2508 2767 3162 3314],12,441,92,276.1666666666667,150.7388258388304,1.1347142163204507,-0.043874457779531986,4.548614637097695,18.17284352780121,0.02130506364791197,3.072834736885497,12.500071860203944,0.8619635163961472,0.7527673542266036,0.779732883944178
1055,60,35,15,Mode,40,[   0  259  666  868 1332 1422 1940 2270 2508 2886 3161 3314],11,518,90,301.27272727272725,117.59747651273742,0.9187464282543634,-0.04397045174335624,4.174614022335238,17.808192266998358,0.0048438986814984914,2.410220468065815,14.323265866164444,0.8573444400812701,0.7708261844328756,0.8027291999039068
1056,60,35,15,Median,40,[   0   87  259  666  889 1329 1481 1940 2167 2416 2507 2747 3162 3314],13,459,87,254.92307692307693,145.3393955437176,1.1529783749757876,-0.04970894343418689,4.373506762828147,17.31385051792036,0.01805112818304781,3.070843654667659,11.910334516360427,0.8575641062058637,0.7464983409532623,0.7752605864825985
1057,60,35,15,Mode,40,[   0   87  259  666  868 1332 1422 1940 2270 2416 2473 2886 3161 3314],13,518,57,254.92307692307693,120.46641177710302,1.159129265344063,-0.049162030670076164,3.981855849566833,17.21519092411651,0.019668786717732416,2.43672218148773,12.949016609645376,0.8811117838312934,0.7988985893974854,0.8277783606120703
1058,60,35,15,Median,40,"[   0   87  259  666  889 1329 1481 1707 1940 2167 2416 2508 2767 3162
 3314]",14,440,87,236.71428571428572,150.9796118668738,1.2041497755883215,-0.04949969761399916,4.374070011759816,17.397978043821702,0.01890348513932996,3.1390804931828122,11.608896355271307,0.868764404659087,0.7426886950871127,0.7697560023705061
1059,60,35,15,Mode,40,[   0   87  259  666  868 1332 1422 1707 1940 2270 2508 2886 3161 3314],13,464,87,254.92307692307693,123.06565564643387,1.0097974639914176,-0.04973766843576187,3.986789877886832,18.266845900181362,0.006103005266228559,2.6020896156087012,13.128456648969228,0.8708111353733994,0.7610764655788693,0.7935480613636676
1060,60,35,15,Median,40,"[   0   87  259  666  868 1062 1332 1481 1707 1940 2167 2416 2507 2747
 3162 3314]",15,415,87,220.93333333333334,140.26130758932877,1.160419979884694,-0.04984642339857577,4.163207440404444,17.865456016130345,0.011219526351518138,2.999339306162797,11.622170030090727,0.8762452884399541,0.7646083412281351,0.7914484138218822
1061,60,35,15,Mode,40,"[   0   87  259  666  868 1182 1332 1422 1707 1940 2270 2416 2473 2886
 3161 3314]",15,413,57,220.93333333333334,123.48139807132566,1.1786387974993993,-0.04946446640421342,3.8188324345856106,18.383433446554967,0.02014720819331839,2.534302447721674,12.386258624931973,0.873279366241456,0.7617656614621212,0.7871363685256564
1062,60,35,15,Median,40,"[   0   87  259  666  868 1182 1332 1481 1707 1940 2128 2333 2473 2596
 2831 3162 3314]",16,407,87,207.125,147.12685001010348,1.2002838860025349,-0.050285017292485704,4.478990026544881,18.592681793613135,0.010190112191714455,3.087519771186498,12.104282907246725,0.8367532948233046,0.6789294244154879,0.7140290984940264
1063,60,35,15,Mode,40,"[   0   87  259  666  868 1182 1332 1422 1707 1940 2128 2270 2473 2596
 2886 3161 3314]",16,407,87,207.125,134.306876809856,1.1533823016911058,-0.05260357727270711,4.287347175969127,18.440256483324603,0.006716899008491798,2.8514543008216786,12.203797673765488,0.8505061213187444,0.7002817532258344,0.7332300047678249
1064,60,35,20,Median,40,[   0 1078 2473 3314],3,1395,841,1104.6666666666667,455.67531260771716,0.8236391885403211,-0.01457705518038742,11.634542847694512,24.35742796156192,0.0009873077062964085,9.299650713651662,20.826246041545872,0.95184755226771,0.9685983127359395,0.9795047826929302
1065,60,35,20,Mode,40,[   0 2473 3314],2,2473,841,1657.0,994.4314847613074,1.2587909995115212,0.005402613015810275,21.162933650378903,10.026005042925476,0.005402613015810275,21.162933650378903,10.026005042925476,0.9656535974183685,0.9859610540676762,0.9946617945434937
1066,60,35,20,Median,40,[   0  666 1449 2508 3314],4,1059,666,828.5,295.7946520371791,0.7007849971875898,-0.018730897175591336,7.661741749907083,27.16178071366967,0.0011545237816879697,6.123637749020527,24.057329980426363,0.9527086017765906,0.9557367171811505,0.9670873954569729
1067,60,35,20,Mode,40,[   0  868 1332 2473 3314],4,1141,464,828.5,329.0885680368882,0.7957155199573022,-0.017734819726071563,8.42761175757298,23.163698813814477,0.0037731818536456386,6.865557188440373,18.75897340466994,0.8814920726529412,0.8876297284282062,0.9176857341659943
1068,60,35,20,Median,40,[   0  643 1332 2356 3026 3314],5,1024,288,662.8,174.3501201221298,0.663290539260643,-0.02146047060919818,5.141915102825303,24.284911664612974,0.0010761257630639185,3.6515418278148872,20.89805516666657,0.9007536722211517,0.9041213955536077,0.9255049492067765
1069,60,35,20,Mode,40,[   0  868 1332 2473 3161 3314],5,1141,153,662.8,241.02941233004205,0.7988959360054289,-0.024853243011115137,6.776215290559792,22.602075579606204,0.003455762830354426,5.068809080011764,17.899155206023345,0.8499632070778204,0.852164828732915,0.8894242908294684
1070,60,35,20,Median,40,[   0  351 1329 1940 2473 3161 3314],6,978,153,552.3333333333334,195.29798935407945,0.7979141354609911,-0.030129552530553633,6.234022060923385,23.481533035241807,0.006268922436224502,4.072071595602611,19.3616117808917,0.8458372646954777,0.7978330698120257,0.8488702102080198
1071,60,35,20,Mode,40,[   0  666 1332 1940 2473 3161 3314],6,688,153,552.3333333333334,183.90251775593447,0.7615967942408822,-0.02523451017844412,5.853082344397482,22.198453721896158,0.004304354924750126,3.779739661931356,19.522889219396525,0.9326122994561028,0.93314600136097,0.9462290929961947
1072,60,35,20,Median,40,[   0  259  868 1332 1940 2473 3161 3314],7,688,153,473.42857142857144,174.6370667640127,0.7911919888857836,-0.03465134492064027,5.3785535137313705,20.40795320352162,0.004069566917767331,3.6389654838722136,17.600461712153614,0.8338961902741422,0.7810627915664156,0.8204663085053358
1073,60,35,20,Mode,40,[   0   87  868 1332 1940 2473 3161 3314],7,781,87,473.42857142857144,179.07474824784572,0.8725659430019217,-0.038413314030681,5.449859430402862,19.52823945503207,0.004670712024107736,3.748594132747782,16.55623779550443,0.868946006726713,0.8231884566887443,0.8556950580646429
1074,60,35,20,Median,40,[   0  259  868 1332 1940 2473 2747 3161 3314],8,609,153,414.25,144.54141414347262,0.8455976214890935,-0.04159454182858961,5.338429149394515,18.993174615058635,0.00543924647245513,3.029964438232595,16.474680854826136,0.83258692538521,0.7589965380000109,0.7959656524588846
1075,60,35,20,Mode,40,[   0   87  868 1332 1940 2473 2742 3161 3314],8,781,87,414.25,149.83667299662312,0.9213952848086737,-0.045613551380982324,5.46650534119951,18.242609989233316,0.006238172503499723,3.1616856877227675,15.525576689766138,0.8631685356779103,0.8058880253570596,0.8368323227709059
1076,60,35,20,Median,40,[   0  252  666  910 1332 1940 2473 2747 3161 3314],9,608,153,368.22222222222223,134.17420936785928,0.8535916750189958,-0.04346096732273142,4.785358006236541,19.388431236161303,0.0038395621008727528,2.821669161476228,15.956463467800308,0.8594965215957879,0.801715318175653,0.8284268761199401
1077,60,35,20,Mode,40,[   0   87  666  868 1332 1940 2473 2742 3161 3314],9,608,87,368.22222222222223,139.9539358912878,0.9297016633382251,-0.046737409637513994,4.97237450182639,18.204743543815553,0.0032780992623941503,2.9629407143295126,15.069689680652088,0.8920982369136593,0.8614462057474668,0.8831061412308588
1078,60,35,20,Median,40,[   0  252  666  910 1332 1913 2167 2473 2747 3161 3314],10,581,153,331.4,145.26926318352378,0.9381670243042587,-0.04393546849491643,4.925937983794565,19.174021892593025,0.004423262629141855,3.054658871617134,14.587729911702228,0.8661753118291112,0.7881937973768184,0.813987925031425
1079,60,35,20,Mode,40,[   0   87  666  868 1332 1940 2270 2473 2742 3161 3314],10,608,87,331.4,128.75929238924746,0.9500758228792802,-0.046796463145131355,4.903986644387528,17.73059368626981,0.0054377848101340295,2.713024711553464,14.69415218253839,0.8794627284980032,0.8366765502691612,0.8600070730476539
1080,60,35,20,Median,40,[   0  251  666  910 1329 1504 1913 2167 2473 2747 3161 3314],11,419,153,301.27272727272725,143.55301503842583,0.9778631350915779,-0.044537671553589384,4.650427840168675,18.53111693549853,0.009615391769125677,3.020150937189059,13.581528915573273,0.8699132449767544,0.7705203883589269,0.7959486228558394
1081,60,35,20,Mode,40,[   0   87  666  868 1332 1685 1940 2270 2473 2742 3161 3314],11,579,87,301.27272727272725,138.889524424503,1.0088056043749678,-0.04672716972573411,4.765414671191164,17.01932381770501,0.006041974415152406,2.9600405600547774,13.185761354058002,0.8849505215802773,0.8240236708660452,0.8470394142466705
1082,60,35,20,Median,40,[   0  251  662  910 1332 1532 1940 2167 2473 2661 2886 3161 3314],12,422,153,276.1666666666667,120.86291443840175,0.9300480567516636,-0.04627873225960142,4.334355618101147,18.628856239129707,0.0019175750727085375,2.531246976585224,14.779443900685976,0.8592148839497968,0.7427649940669279,0.7693735125725033
1083,60,35,20,Mode,40,[   0   87  666  868 1332 1685 1940 2270 2473 2596 2882 3161 3314],12,579,87,276.1666666666667,155.8264469956375,1.1138468490050537,-0.04757433809350505,4.995444609123035,17.246390907024924,0.006829357189325245,3.270989421910231,12.969405611465895,0.8785688739271166,0.8092963768965495,0.8346119174326526
1084,60,35,20,Median,40,[   0  251  658  868 1065 1332 1532 1940 2167 2473 2661 2886 3161 3314],13,408,153,254.92307692307693,118.26390675573948,0.9503070801438754,-0.04705640081286799,4.175414455716875,17.900487799984433,0.00217047168553063,2.481376786890834,14.253090897678069,0.8702033382859373,0.7669919175519363,0.7917334574956965
1085,60,35,20,Mode,40,[   0   87  666  868 1035 1332 1685 1940 2270 2473 2596 2882 3161 3314],13,579,87,254.92307692307693,148.01090040608787,1.1099117347147174,-0.048687513123144226,4.75118191147977,18.131642046982556,0.007436275285763472,3.1163191273512183,12.847361760743494,0.8848224112550634,0.8303588867225363,0.8487886454844263
1086,60,35,20,Median,40,"[   0   87  259  666  868 1062 1332 1510 1913 2167 2416 2507 2747 3161
 3314]",14,414,87,236.71428571428572,139.55982617636116,1.1253389927850947,-0.049577748175101535,4.254070737038025,16.406397442641264,0.01128522462195079,2.969024389514558,12.220302734997828,0.8884929061411221,0.7940871385775585,0.8188038657045809
1087,60,35,20,Mode,40,"[   0   87  259  666  868 1035 1332 1685 1940 2270 2416 2473 2742 3161
 3314]",14,419,57,236.71428571428572,138.04880023367247,1.1964731095923804,-0.04971296075088684,4.298010576861925,19.16072282806217,0.018844225412673284,2.84157026265183,12.015954066022358,0.8730402027358019,0.7699100484875282,0.7953163069460192
1088,60,35,20,Median,40,"[   0   87  259  666  868 1062 1329 1481 1707 1940 2167 2473 2661 2886
 3161 3314]",15,407,87,220.93333333333334,131.7718019862687,1.0879838822059449,-0.05234979983070004,4.150002461692199,18.982307129734735,0.006613550965995532,2.82196440717361,12.37901335689626,0.8740570135665816,0.7542006177416058,0.7810995193463093
1089,60,35,20,Mode,40,"[   0   87  259  666  868 1035 1332 1422 1685 1940 2270 2473 2596 2882
 3161 3314]",15,407,87,220.93333333333334,135.50953977353248,1.1139365320335048,-0.0509966889956093,4.323686240551622,18.555709389031346,0.007803518429715465,2.882781223841608,12.469851109593089,0.8670592855166568,0.742846703951683,0.7719414635038244
1090,60,35,20,Median,40,"[   0  251  428  666  868 1062 1329 1481 1707 1940 2128 2383 2507 2742
 2886 3161 3314]",16,275,124,207.125,172.59216955483046,1.2947056982328122,-0.05268005569590581,4.470512549736902,16.46630207038997,0.012883896368786507,3.660328235781942,10.396606191195103,0.8491887838747674,0.6834080601588716,0.7142397673129476
1091,60,35,20,Mode,40,"[   0   87  439  666  868 1035 1332 1422 1685 1940 2128 2416 2473 2742
 2882 3161 3314]",16,352,57,207.125,149.41986605898563,1.2896181638547146,-0.05730489345031669,4.23805956401609,17.63196881790844,0.019411548646331135,3.1342363336846595,10.869656177232864,0.8832926430357112,0.7698471104521094,0.7930796842418627
1092,60,40,10,Median,40,[   0 1329 2416 3314],3,1329,898,1104.6666666666667,375.2066140239231,0.767297478893763,-0.00971440347247499,10.381183242473236,26.54345024289862,0.00485943240766879,7.538966331454789,22.662315280458422,0.9727972917841357,0.9815692565585613,0.9878750065118929
1093,60,40,10,Mode,40,[   0 2508 3314],2,2508,806,1657.0,941.6547685198901,1.2424840435336915,0.0028833822921827427,20.032975570621332,10.143032857724736,0.0028833822921827427,20.032975570621332,10.143032857724736,0.8903720861247716,0.9416033610575855,0.9781472726036491
1094,60,40,10,Median,40,[   0  655 1437 2473 3314],4,1036,655,828.5,319.51564023943433,0.7324252735022073,-0.017392263662919936,8.206768538759972,25.27872782508039,0.0020459892971510375,6.64296083419104,22.542421316269323,0.9834507868295005,0.9886483188742973,0.9915599623641334
1095,60,40,10,Mode,40,[   0  868 1332 2508 3314],4,1176,464,828.5,311.2721006636388,0.7855235744992091,-0.01895705465252255,8.019683465253147,23.844949199657442,0.002836113260537588,6.478474438142562,18.723672231067635,0.8531043181569402,0.8566020665191136,0.8951309607107163
1096,60,40,10,Median,40,[   0  295 1332 1948 2508 3314],5,1037,295,662.8,237.14789443374985,0.8061096673230558,-0.023783889254709263,6.933787604615162,21.97969416796337,0.004543076023493188,4.818189437551972,18.755416303967774,0.8689734340091259,0.8468001104836793,0.8867242662657051
1097,60,40,10,Mode,40,[   0 1332 1940 2508 3314],4,1332,568,828.5,264.41758140164296,0.8137058501905671,-0.015366656422427516,8.340714845612693,23.487153559926725,0.006261414034421012,5.318519258383677,19.588100953816767,0.9295069733400423,0.953098220630952,0.9665271549650137
1098,60,40,10,Median,40,[   0  295 1332 1940 2473 3161 3314],6,1037,153,552.3333333333334,192.2689786915439,0.8013192797497573,-0.030208105320275833,6.03529681788885,21.70286134922719,0.004018552330422003,3.9694193610995283,18.31365958748121,0.8574845185406433,0.8278077835034203,0.8714062518520237
1099,60,40,10,Mode,40,[   0 1332 1940 2508 3161 3314],5,1332,153,662.8,211.31222547119978,0.8296365900120792,-0.023446476170290154,6.752278876496891,22.592901151100723,0.005681869067279684,4.3233605732290865,18.276766771993326,0.894722019589298,0.9242825675615159,0.9451347917916648
1100,60,40,10,Median,40,[   0  259  868 1332 1940 2473 3161 3314],7,688,153,473.42857142857144,174.6370667640127,0.7911919888857836,-0.03465134492064027,5.3785535137313705,20.40795320352162,0.004069566917767331,3.6389654838722136,17.600461712153614,0.8338961902741422,0.7810627915664156,0.8204663085053358
1101,60,40,10,Mode,40,[   0  868 1332 1940 2508 3161 3314],6,868,153,552.3333333333334,190.78319466681714,0.8035472285835225,-0.026137469889887823,5.885868468277697,21.053283694996484,0.005787569076740616,3.9297041324191517,17.644184833753183,0.8424991042467097,0.7990421991843498,0.8380516017888362
1102,60,40,10,Median,40,[   0  259  868 1332 1940 2281 2508 3161 3314],8,653,153,414.25,154.98261956090556,0.8981896844006393,-0.036981473934282055,5.388536049550903,18.919290380669935,0.010628676440900422,3.135212091926681,16.165837093592526,0.8066744428717655,0.731578225185404,0.7762803293522765
1103,60,40,10,Mode,40,[   0  868 1332 1940 2281 2508 3161 3314],7,868,153,473.42857142857144,165.6829695258953,0.9212471817576824,-0.028692256272785998,5.91998033579174,19.299295361216064,0.013098801226349743,3.303032917962542,16.17525037579127,0.8312654867366286,0.7812264839399052,0.8207747061770271
1104,60,40,10,Median,40,[   0  259  868 1332 1940 2270 2507 2858 3224 3314],9,609,90,368.22222222222223,148.43117713569598,0.9653506456061266,-0.04740494281619026,5.254376824942189,19.173714596107928,0.012412719076202153,3.1311360214601,15.224824397084467,0.8397374863357074,0.7516555649212316,0.786450731037961
1105,60,40,10,Mode,40,[   0  868 1332 1940 2281 2508 2886 3161 3314],8,868,153,414.25,139.02896118306276,0.8805480246144388,-0.03473110307724047,5.328687453401256,19.353257521585753,0.008053452967549833,2.7567637656117308,16.392242563817046,0.8483606648901886,0.787984629697296,0.8213278923713397
1106,60,40,10,Median,40,[   0  126  655  868 1332 1940 2270 2507 2858 3224 3314],10,608,90,331.4,132.27039596205165,0.9471929958023486,-0.051682553919957075,4.719769377540127,19.099283421125225,0.007939599441231788,2.7856476909607335,15.191490301194612,0.8874868060499301,0.8496381235118905,0.8707333510469981
1107,60,40,10,Mode,40,[   0  666  868 1332 1940 2281 2508 2886 3161 3314],9,666,153,368.22222222222223,126.52318184717512,0.872586882861004,-0.03912587491371381,4.8154232322250365,19.559275618224135,0.0046389519115488075,2.518447398057967,16.207997500727732,0.8791771612423234,0.8517944525908345,0.8742302679371153
1108,60,40,10,Median,40,[   0   87  295  666  868 1332 1940 2270 2507 2858 3224 3314],11,608,87,301.27272727272725,132.99213986479933,0.9953691271049635,-0.052192494732887514,4.579157760308441,18.341681853426532,0.009165535389977148,2.8369795854031326,14.225208584226294,0.8717243527528992,0.7964935645878438,0.8263092094736304
1109,60,40,10,Mode,40,[   0  259  666  868 1332 1940 2281 2508 2886 3161 3314],10,608,153,331.4,126.36823785601011,0.8815145708767302,-0.04392692725378783,4.552244484620295,18.78658335320697,0.004373964975294752,2.563549899977953,15.698337354879271,0.8497685329686664,0.7731199176912559,0.8054840306555735
1110,60,40,10,Median,40,[   0   87  295  666  868 1332 1940 2128 2281 2508 2858 3224 3314],12,608,87,276.1666666666667,144.0043924135525,1.1002738275907633,-0.05512135545781466,4.639647517301317,17.86348545150581,0.008011154893239107,3.074078954954065,12.915594755900292,0.8682341058384099,0.7928008255100492,0.8233727395341524
1111,60,40,10,Mode,40,[   0  259  666  868 1332 1940 2128 2281 2508 2886 3161 3314],11,608,153,301.27272727272725,125.93880181209072,0.9671523473457441,-0.04794644662386199,4.437807495728241,17.98763374375383,0.0020857170633633,2.6131923332229183,14.451537985142517,0.8491647057129588,0.7724649840565457,0.805051314752942
1112,60,40,10,Median,40,[   0   87  295  666  868 1332 1445 1940 2128 2281 2508 2858 3224 3314],13,495,87,254.92307692307693,139.36761694994792,1.1224850064236278,-0.0550132884572897,4.396250596412731,17.444663921707217,0.007525362504546912,2.9788852388288194,11.965213569665837,0.8697429606683362,0.7822103727344205,0.8139455572569444
1113,60,40,10,Mode,40,[   0  259  666  868 1332 1422 1940 2128 2281 2508 2886 3161 3314],12,518,90,276.1666666666667,120.88550382463495,1.002629821448714,-0.04784305159677198,4.166233119854587,17.227533428552047,0.0032880858286845854,2.5181137125281094,13.332230217696257,0.854514959591779,0.7665776238048693,0.7992729251423392
1114,60,40,10,Median,40,"[   0   87  295  666  868 1332 1445 1707 1940 2128 2356 2508 2858 3224
 3314]",14,464,87,236.71428571428572,160.9896125958836,1.19118093170801,-0.05246403103645714,4.433070993015314,17.64779214712961,0.013569722849946547,3.3728491586245797,11.909499620095627,0.8788318892591023,0.7729810352559756,0.8047943270891096
1115,60,40,10,Mode,40,[   0  259  666  868 1332 1422 1707 1940 2128 2416 2508 2886 3161 3314],13,464,90,254.92307692307693,138.74396502930506,1.1230407483093814,-0.0437001047858511,4.211296983927378,18.98726430065887,0.017678107139244142,2.8401129378360834,12.720152473459633,0.8756209483702481,0.7662095677361702,0.7976509283913772
1116,60,40,10,Median,40,"[   0   87  295  666  868 1332 1445 1707 1940 2128 2281 2473 2596 2858
 3224 3314]",15,464,87,220.93333333333334,140.8784017833023,1.1713935360109393,-0.054717467334099566,4.6194207515515835,18.04387875521495,0.008616281982431492,2.9757945593166233,12.18852887918536,0.8663646684919866,0.7414029801385047,0.7778829368588139
1117,60,40,10,Mode,40,"[   0  259  666  868 1332 1422 1707 1940 2128 2281 2508 2596 2886 3161
 3314]",14,464,88,236.71428571428572,165.7119917987757,1.2418260322773966,-0.05201460765450471,4.886084667493653,18.226048388430545,0.005770392481306754,3.5221508014675615,12.28579108207556,0.8437464803473407,0.7101988571536907,0.7482633367503917
1118,60,40,10,Median,40,"[   0   87  295  666  868 1182 1332 1445 1707 1940 2128 2281 2416 2508
 2858 3224 3314]",16,371,87,207.125,132.807985479596,1.1820997438069047,-0.05509614354350244,4.050441925656923,18.05948414084236,0.016306040784061487,2.772705371039287,11.88813132817544,0.8689051253693171,0.747540628154773,0.7749929774522869
1119,60,40,10,Mode,40,"[   0  259  666  868 1182 1332 1422 1707 1940 2128 2281 2416 2508 2886
 3161 3314]",15,407,90,220.93333333333334,119.77774347234772,1.1048373222125887,-0.04776875769507172,3.9005601927505,18.631084326027295,0.013186752017535247,2.4627645677688,12.598902942643788,0.8551366576420618,0.7255467830319581,0.7541753369218638
1120,60,40,15,Median,40,[   0 1182 2416 3314],3,1234,898,1104.6666666666667,446.4301377270196,0.8247287270590491,-0.011666092609104863,10.650666297673792,23.68542156292425,0.004218732443170201,9.060716797422016,20.233863568178602,0.8859607930478824,0.8830763430722613,0.9229780064877309
1121,60,40,15,Mode,40,[   0 2508 3314],2,2508,806,1657.0,941.6547685198901,1.2424840435336915,0.0028833822921827427,20.032975570621332,10.143032857724736,0.0028833822921827427,20.032975570621332,10.143032857724736,0.8903720861247716,0.9416033610575855,0.9781472726036491
1122,60,40,15,Median,40,[   0  666 1445 2507 3314],4,1062,666,828.5,299.86899137359063,0.7025672292501254,-0.016915845348731872,7.7392673113957065,27.17066279629388,0.0017868930538497392,6.221498762477815,24.11390877625145,0.949047383501497,0.9531482652055057,0.96518061925034
1123,60,40,15,Mode,40,[   0  868 1332 2508 3314],4,1176,464,828.5,311.2721006636388,0.7855235744992091,-0.01895705465252255,8.019683465253147,23.844949199657442,0.002836113260537588,6.478474438142562,18.723672231067635,0.8531043181569402,0.8566020665191136,0.8951309607107163
1124,60,40,15,Median,40,[   0  373 1329 2356 3026 3314],5,1027,288,662.8,177.58037104210524,0.6929564783481462,-0.025994788491016066,5.419516486153509,23.669686605861905,0.0010671142971584292,3.694419841171673,19.996657807890468,0.8065868840538294,0.774258155053945,0.8269546257178421
1125,60,40,15,Mode,40,[   0  666 1332 2508 3161 3314],5,1176,153,662.8,219.68665870360257,0.747979697927603,-0.026163571466730744,6.3089860309110115,23.922504296303877,0.0014949513433379746,4.634357002806579,20.34405481092776,0.9062785636458786,0.9139492883716039,0.935484181592698
1126,60,40,15,Median,40,[   0  373 1329 1940 2473 3161 3314],6,956,153,552.3333333333334,188.03653648923205,0.777263942302284,-0.029372602557168972,6.080500171635296,23.747133078461815,0.005660835190275868,3.8972788979321584,19.808340589004526,0.8454734498554722,0.7873279512804215,0.8296209162715742
1127,60,40,15,Mode,40,[   0  666 1332 1940 2508 3161 3314],6,666,153,552.3333333333334,183.27733626012983,0.7676825762131401,-0.026233109920967276,5.723744819543581,22.00730757339913,0.004370029245810848,3.768342640846155,19.26839147864539,0.9130821509718381,0.9089518534918356,0.9266511052831693
1128,60,40,15,Median,40,[   0  295  868 1332 1940 2473 3161 3314],7,688,153,473.42857142857144,176.51904197464034,0.7946154210110459,-0.031197312631005624,5.405240672625318,20.111508756602237,0.0048108778068074965,3.68395661842631,17.493861848772447,0.8310423868691171,0.7755386544404183,0.8159497619380311
1129,60,40,15,Mode,40,[   0  259  868 1332 1940 2508 3161 3314],7,653,153,473.42857142857144,174.1160821841755,0.7962634738626653,-0.03555073754089073,5.270610025098162,20.347182961919838,0.004124295518651265,3.629467966301212,17.38838026152767,0.8156530499023984,0.7548717036263692,0.7987900193012081
1130,60,40,15,Median,40,[   0  295  868 1332 1940 2473 2747 3162 3314],8,608,152,414.25,146.44352392916645,0.8504934159984882,-0.03821166217120061,5.371421896314451,18.692541045976498,0.006164644522768421,3.075600896155575,16.353828604432877,0.8300892810488045,0.752806059469647,0.7906999173644227
1131,60,40,15,Mode,40,[   0  259  868 1332 1940 2508 2886 3161 3314],8,609,153,414.25,127.5859048963993,0.7650201716066357,-0.041481632361386286,4.77165612341834,20.27015917220156,0.001789193930833187,2.6651968452308004,17.515780097667907,0.8338217501015208,0.7579354858569802,0.794921553149147
1132,60,40,15,Median,40,[   0  295  868 1332 1940 2184 2473 2747 3162 3314],9,608,152,368.22222222222223,139.61425908966197,0.9029506788096247,-0.03947212123897481,5.277403308744772,17.755991623731695,0.005765760769665876,2.92177254921548,15.339012670959168,0.8371773628271038,0.7364605597385488,0.7735456888585136
1133,60,40,15,Mode,40,[   0  259  868 1332 1940 2281 2508 2886 3161 3314],9,609,153,368.22222222222223,132.9979060065508,0.8654601090699313,-0.042742670361336804,4.937730399442099,19.00947952105923,0.006522762312631668,2.6782041868742033,16.35688191838993,0.8244762161609916,0.7303077534507962,0.7680461600000477
1134,60,40,15,Median,40,[   0  259  658  910 1332 1940 2270 2473 2747 3162 3314],10,608,152,331.4,127.40015282652058,0.9001144216885647,-0.04434349446161721,4.816674086485061,18.15245161047136,0.006268433916666828,2.677666458746053,15.139905847058392,0.8466736554509863,0.7649408688401254,0.7934904888846519
1135,60,40,15,Mode,40,[   0  259  666  868 1332 1940 2281 2508 2886 3161 3314],10,608,153,331.4,126.36823785601011,0.8815145708767302,-0.04392692725378783,4.552244484620295,18.78658335320697,0.004373964975294752,2.563549899977953,15.698337354879271,0.8497685329686664,0.7731199176912559,0.8054840306555735
1136,60,40,15,Median,40,[   0  259  658  910 1332 1481 1940 2270 2473 2747 3162 3314],11,459,149,301.27272727272725,119.84498900682084,0.9029285399731432,-0.044401800040357604,4.448651619312343,17.802634267474527,0.00593890676695565,2.526835984199323,14.670412722563876,0.8431484560568531,0.7389970668220173,0.7684685625362228
1137,60,40,15,Mode,40,[   0  259  666  868 1332 1437 1940 2281 2508 2886 3161 3314],11,503,105,301.27272727272725,124.77199449307435,0.9445322918894729,-0.0437880563936095,4.284996448337447,17.715393147715684,0.0052899329919119,2.5514958263393943,14.029690225599007,0.85621457488378,0.7662980727398278,0.7985735823489527
1138,60,40,15,Median,40,[   0   87  308  666  910 1332 1481 1940 2270 2473 2747 3162 3314],12,459,87,276.1666666666667,113.84529963976279,0.9253521520607232,-0.04717833603618406,4.214569605751551,17.227385841301317,0.00575417015395887,2.417154768039929,14.421460156675511,0.8511907226546505,0.7378514033630371,0.7679226713421256
1139,60,40,15,Mode,40,[   0   87  259  666  868 1332 1437 1940 2281 2508 2886 3161 3314],12,503,87,276.1666666666667,123.20815120681723,0.9960565066861555,-0.049513500841999354,4.133729177082778,17.123228862152654,0.005274532065766142,2.5615834286134684,13.421517672696883,0.8652144735766318,0.7753597108679,0.8073250419965832
1140,60,40,15,Median,40,[   0   87  295  666  910 1332 1481 1940 2184 2416 2508 2747 3162 3314],13,459,87,254.92307692307693,138.2550923321902,1.1105758836169224,-0.0465953320359098,4.336508410439411,16.72205520032653,0.014465259376757382,2.843477719854351,12.863430718542874,0.8629522934779356,0.7484306974561412,0.7773834091116265
1141,60,40,15,Mode,40,[   0   87  259  666  868 1332 1437 1940 2281 2416 2508 2886 3161 3314],13,503,87,254.92307692307693,122.13500108407214,1.1019037145554487,-0.049171781610599104,4.047096297390447,17.029302285382563,0.012302952806513272,2.497651102517915,12.828337631687218,0.8717867611283111,0.7801901161705299,0.8116540952291553
1142,60,40,15,Median,40,"[   0   87  295  666  868 1061 1332 1481 1940 2128 2383 2508 2747 3162
 3314]",14,459,87,236.71428571428572,156.71331921532035,1.1677087410626854,-0.04799957787476475,4.424204981951061,16.220420554621736,0.012753275558125778,3.203381786803165,12.207708399409121,0.8635341170570011,0.7598663811921701,0.7888395241295056
1143,60,40,15,Mode,40,"[   0   87  259  666  868 1182 1332 1437 1940 2128 2416 2508 2886 3161
 3314]",14,503,87,236.71428571428572,137.7849467420472,1.1727215521858734,-0.04928004099171263,4.024094720903873,18.850141218832416,0.018528132880641077,2.825191168425664,12.106432116603996,0.8691252393879259,0.7766479833986674,0.8029671585436529
1144,60,40,15,Median,40,"[   0   87  295  666  868 1061 1332 1445 1846 1940 2128 2383 2508 2747
 3162 3314]",15,415,87,220.93333333333334,144.68205662620434,1.1733100022976952,-0.04873942465693395,4.267577774436545,15.90078294637026,0.010710131941035301,2.9556290666925533,11.877368181750095,0.870784291742512,0.762233135307136,0.7901378590139191
1145,60,40,15,Mode,40,"[   0   87  259  666  868 1182 1332 1437 1851 1940 2128 2416 2508 2886
 3161 3314]",15,414,87,220.93333333333334,126.91695987565934,1.167806100723501,-0.049495571417641264,3.8563378451886723,18.111307487992967,0.016478701863955777,2.5990088617025355,12.072557708872607,0.8688159223063974,0.7625143654129617,0.7892725583891138
1146,60,40,15,Median,40,"[   0   87  295  666  868 1061 1332 1445 1707 1940 2128 2281 2416 2508
 2747 3162 3314]",16,415,87,207.125,119.03865541020762,1.1073769404620648,-0.049949401765704726,3.984740855282158,18.634486106561567,0.0099011941015323,2.4855147128470447,12.410156098777435,0.8675723340565676,0.7397104611044693,0.7693954840948982
1147,60,40,15,Mode,40,"[   0   87  259  666  868 1182 1332 1437 1647 1940 2128 2281 2416 2508
 2886 3161 3314]",16,407,87,207.125,113.23892747034078,1.1049307532542827,-0.05223019144552924,3.6920162903420777,18.091300834794943,0.011939559518606186,2.331844586629122,12.722983820140533,0.8518249304476387,0.7152322258400154,0.7454125390415692
1148,60,40,20,Median,40,[   0 1061 2473 3314],3,1412,841,1104.6666666666667,456.4606706934887,0.8249366790236243,-0.01448896242385006,11.6637452741621,24.039954054012075,0.0009071874113908581,9.333208678198211,20.594260139722568,0.9736293593040863,0.9851654908043466,0.9903261380595345
1149,60,40,20,Mode,40,[   0 2508 3314],2,2508,806,1657.0,941.6547685198901,1.2424840435336915,0.0028833822921827427,20.032975570621332,10.143032857724736,0.0028833822921827427,20.032975570621332,10.143032857724736,0.8903720861247716,0.9416033610575855,0.9781472726036491
1150,60,40,20,Median,40,[   0  666 1445 2508 3314],4,1063,666,828.5,294.3515576735812,0.6959618139689839,-0.01870498665975988,7.640507335914531,27.55780965637731,0.0011141521869979494,6.094984128651412,24.439113394416307,0.9483828423094589,0.9523024952778343,0.9645533329562611
1151,60,40,20,Mode,40,[   0  868 1332 2508 3314],4,1176,464,828.5,311.2721006636388,0.7855235744992091,-0.01895705465252255,8.019683465253147,23.844949199657442,0.002836113260537588,6.478474438142562,18.723672231067635,0.8531043181569402,0.8566020665191136,0.8951309607107163
1152,60,40,20,Median,40,[   0  489 1329 2356 3019 3314],5,1027,295,662.8,176.39069698587667,0.6935200403209432,-0.025661194776216555,5.5277647507271634,23.07446672587961,0.0014807957794410436,3.6624041535071967,19.823827785298302,0.8395764797770313,0.8325930102607297,0.8705051196022898
1153,60,40,20,Mode,40,[   0  868 1332 2508 3161 3314],5,1176,153,662.8,231.51275170241857,0.8029985178286501,-0.025883412849044732,6.511290045775282,22.80068351733393,0.003294076093192942,4.883732027857237,17.671678912450336,0.8240075761924884,0.8229232786998014,0.8678373149782456
1154,60,40,20,Median,40,[   0  420 1329 1940 2473 3095 3314],6,909,219,552.3333333333334,194.08458320462051,0.7536462549438077,-0.02647830272371208,6.1529487710379085,25.71518013693768,0.006844199912579887,4.065049537638288,20.454896439463496,0.8435121766587256,0.7850214788258223,0.8267261130404757
1155,60,40,20,Mode,40,[   0  666 1332 1940 2508 3161 3314],6,666,153,552.3333333333334,183.27733626012983,0.7676825762131401,-0.026233109920967276,5.723744819543581,22.00730757339913,0.004370029245810848,3.768342640846155,19.26839147864539,0.9130821509718381,0.9089518534918356,0.9266511052831693
1156,60,40,20,Median,40,[   0  259  868 1332 1940 2473 3095 3314],7,622,219,473.42857142857144,169.56328057876544,0.7503824157370791,-0.032474804598059015,5.242018859001748,22.749486532730433,0.004616721052019082,3.537105602578483,18.915923708497218,0.8232208374382133,0.7529071287967178,0.7972993468467807
1157,60,40,20,Mode,40,[   0   87  868 1332 1940 2508 3161 3314],7,781,87,473.42857142857144,178.5537636680085,0.8776374279788034,-0.03937354277012802,5.341888282720263,19.332462158556016,0.004725440624991671,3.739096615176782,16.344156344878485,0.8502386068570553,0.7980765901247384,0.8351321677590295
1158,60,40,20,Median,40,[   0  259  868 1332 1940 2417 2742 3161 3314],8,609,153,414.25,146.0388910908775,0.8313404522534346,-0.0419080999651985,5.208081171095876,19.454102205014607,0.006306030698954442,3.0337002682490812,17.01198336773921,0.837779682491846,0.7592482614316607,0.7958603596354584
1159,60,40,20,Mode,40,[   0   87  868 1332 1940 2508 2742 3161 3314],8,781,87,414.25,147.63812171294688,0.9285866802913147,-0.04618386922266637,5.366625544430636,18.24779219777559,0.005546475888878494,3.1683242228233057,15.384145131881082,0.8482160557819088,0.7891865065697138,0.8230186718968366
1160,60,40,20,Median,40,[   0  251  655  966 1332 1940 2473 2742 3161 3314],9,608,153,368.22222222222223,140.32622518254448,0.8705020447842688,-0.04283489151294906,4.967382140000889,18.90410099897138,0.004865129400877347,2.9575682107270524,15.49364051955037,0.8659864967251337,0.818079635977172,0.8426300874207153
1161,60,40,20,Mode,40,[   0   87  666  868 1332 1940 2508 2742 3161 3314],9,608,87,368.22222222222223,138.03020351807106,0.935994134385536,-0.04725163532687006,4.88492639843676,18.11660989033712,0.0026728647246005753,2.968749432542483,14.945937067502665,0.8778560994798793,0.8433113325266722,0.8674526841478541
1162,60,40,20,Median,40,[   0  226  655  966 1332 1913 2184 2473 2742 3161 3314],10,581,153,331.4,140.57380914415137,0.9144691604663634,-0.045846707381033656,4.950210800421439,18.995780396442445,0.004530085073099846,2.9383333122384885,15.043872366739473,0.8804473910510485,0.8202556908665721,0.8422234134193655
1163,60,40,20,Mode,40,[   0   87  666  868 1332 1940 2281 2508 2742 3161 3314],10,608,87,331.4,139.87888802135902,0.9841438603798616,-0.04710635407885878,5.021882641322936,17.652573301031772,0.004948044077419127,2.9255133728640015,14.407924937009199,0.8663395926021462,0.8221898135268194,0.8474350409657567
1164,60,40,20,Median,40,[   0  226  655  966 1329 1499 1940 2184 2473 2742 3161 3314],11,441,153,301.27272727272725,130.47681547472263,0.937162735327159,-0.04718971475990868,4.595415637426816,18.71093302772658,0.00867405433310998,2.7336596266741005,14.357709483291853,0.8749247866391497,0.7966021691962022,0.8192235804343069
1165,60,40,20,Mode,40,[   0   87  666  868 1332 1437 1940 2281 2508 2742 3161 3314],11,579,87,301.27272727272725,136.9315796418884,1.036898652442291,-0.046999297833881654,4.7080214912412615,16.638864009919985,0.005806604183823836,2.877262951936838,12.868319049515941,0.8723146390120636,0.8187990436470008,0.8434765062171906
1166,60,40,20,Median,40,[   0   87  308  666  966 1329 1499 1940 2184 2473 2742 3161 3314],12,441,87,276.1666666666667,131.1242456958761,0.9880612306997896,-0.04840205037246773,4.447799879228805,17.744918042425954,0.008920056875784618,2.786828520717355,13.332526869229575,0.8781866026223846,0.7819546442584843,0.806895689894773
1167,60,40,20,Mode,40,[   0   87  259  666  868 1332 1437 1940 2281 2508 2742 3161 3314],12,503,87,276.1666666666667,132.07414021435235,1.0376495824241,-0.04995006913012617,4.475408146359919,16.417863154691457,0.005836881246040798,2.8047187983364,12.803620578970037,0.8499703297066541,0.7528714467532561,0.7872736506699047
1168,60,40,20,Median,40,[   0   87  295  666  966 1332 1582 1940 2184 2473 2676 2884 3161 3314],13,371,87,254.92307692307693,121.5258133521538,0.9713140194295958,-0.04841452136242373,4.30727117484923,17.528169342273102,0.002059770604076048,2.5818975355243325,13.692533658767383,0.8804333397305023,0.7706978967839566,0.7954035648391554
1169,60,40,20,Mode,40,[   0   87  259  666  868 1332 1685 1940 2281 2508 2742 2882 3161 3314],13,464,87,254.92307692307693,145.01478101688835,1.0968251598172596,-0.05962634000780688,4.492427078012275,17.66209703853768,0.0036611546037574236,3.136180861390675,12.45528348943463,0.8560482762147807,0.73975029216097,0.7734929997949853
1170,60,40,20,Median,40,"[   0   87  351  666  966 1329 1449 1685 1940 2128 2383 2508 2747 3161
 3314]",14,414,87,236.71428571428572,173.40717045218477,1.2469166122586581,-0.04770825608971052,4.768211855934319,17.2561688407369,0.01851284120857757,3.5617703064123556,11.024573430191822,0.8684709111000714,0.7407828677556387,0.7686860990098318
1171,60,40,20,Mode,40,"[   0   87  259  666  868 1332 1437 1685 1940 2128 2416 2508 2742 3161
 3314]",14,464,87,236.71428571428572,141.4228202228843,1.170165182927798,-0.04962448737516952,4.352180779619885,18.583212350901935,0.01568653711018962,2.9489652518797334,11.881623901631192,0.870123371246095,0.7500394589672119,0.7839408496288643
1172,60,40,20,Median,40,"[   0  208  421  666  966 1329 1449 1685 1940 2128 2383 2508 2720 2884
 3161 3314]",15,363,120,220.93333333333334,175.82259184148324,1.273888297309337,-0.05275887873791532,4.743611218255251,15.857665365769249,0.017228504993575342,3.6565300265002896,10.952291171937818,0.8505177582297547,0.6968197565719239,0.7251303804635123
1173,60,40,20,Mode,40,"[   0   87  373  666  868 1332 1437 1685 1940 2128 2416 2508 2742 2882
 3161 3314]",15,464,87,220.93333333333334,142.08082988862097,1.193197804948566,-0.05688993993735649,4.237599534900656,17.44153508083831,0.013264069106936588,2.9918748960476544,11.738550397260216,0.8685445482067883,0.7284715340996476,0.7627364078290073
1174,60,40,20,Median,40,"[   0   87  259  448  666  868 1062 1329 1449 1685 1940 2184 2473 2676
 2884 3161 3314]",16,289,87,207.125,122.1620792355776,1.0861363867063494,-0.051716565256180215,3.918097509985539,17.83404130816286,0.008613912413541126,2.6366284817569716,12.180339620350338,0.8681391127744612,0.716899318591,0.7465606202705226
1175,60,40,20,Mode,40,"[   0   87  259  373  666  868 1035 1332 1437 1685 1940 2281 2508 2742
 2882 3161 3314]",16,341,87,207.125,131.67696584213266,1.1369072134985048,-0.059816688460288946,3.9851558788419017,16.900532799630653,0.006118780871761433,2.8742571113014717,11.726467331121654,0.8495153656856834,0.6903667831728503,0.7202239658855752
1176,60,45,10,Median,40,[   0 1329 2416 3314],3,1329,898,1104.6666666666667,375.2066140239231,0.767297478893763,-0.00971440347247499,10.381183242473236,26.54345024289862,0.00485943240766879,7.538966331454789,22.662315280458422,0.9727972917841357,0.9815692565585613,0.9878750065118929
1177,60,45,10,Mode,40,[   0 2508 3314],2,2508,806,1657.0,941.6547685198901,1.2424840435336915,0.0028833822921827427,20.032975570621332,10.143032857724736,0.0028833822921827427,20.032975570621332,10.143032857724736,0.8903720861247716,0.9416033610575855,0.9781472726036491
1178,60,45,10,Median,40,[   0  373 1445 2473 3314],4,1072,373,828.5,349.77643416324753,0.8213120519744681,-0.02039734217741923,8.628429808944848,23.234039834872338,0.0021277497188864213,7.303912919732448,19.28517286252271,0.8674084404154971,0.8526022192337422,0.8926339727651939
1179,60,45,10,Mode,40,[   0  868 1332 2508 3314],4,1176,464,828.5,311.2721006636388,0.7855235744992091,-0.01895705465252255,8.019683465253147,23.844949199657442,0.002836113260537588,6.478474438142562,18.723672231067635,0.8531043181569402,0.8566020665191136,0.8951309607107163
1180,60,45,10,Median,40,[   0  295 1332 1963 2508 3314],5,1037,295,662.8,253.46268399527946,0.8297302640317421,-0.024044719389465462,7.016688252893724,22.058735555309465,0.005239012250860747,5.132950268255566,18.624725302451367,0.8719899039126691,0.8487075953114644,0.8881794466305287
1181,60,45,10,Mode,40,[   0  373 1332 1940 2508 3314],5,959,373,662.8,232.96495589404648,0.7947699216119577,-0.0222054426962207,7.031940203880672,21.908431632901635,0.004057704630847073,4.755007917003729,18.87196894977768,0.8527910137015907,0.809489311499499,0.8502409439766234
1182,60,45,10,Median,40,[   0  295 1332 1940 2473 3161 3314],6,1037,153,552.3333333333334,192.2689786915439,0.8013192797497573,-0.030208105320275833,6.03529681788885,21.70286134922719,0.004018552330422003,3.9694193610995283,18.31365958748121,0.8574845185406433,0.8278077835034203,0.8714062518520237
1183,60,45,10,Mode,40,[   0  373 1332 1940 2508 3161 3314],6,959,153,552.3333333333334,196.77119625121122,0.8113016991848895,-0.029187271265650915,6.023382953337488,21.396440619660073,0.004034810537848798,4.071583237156046,17.966128005126745,0.8276303207485819,0.7656008718939181,0.8121317979913837
1184,60,45,10,Median,40,[   0  259  868 1332 1940 2473 3161 3314],7,688,153,473.42857142857144,174.6370667640127,0.7911919888857836,-0.03465134492064027,5.3785535137313705,20.40795320352162,0.004069566917767331,3.6389654838722136,17.600461712153614,0.8338961902741422,0.7810627915664156,0.8204663085053358
1185,60,45,10,Mode,40,[   0  373  868 1332 1940 2508 3161 3314],7,653,153,473.42857142857144,167.37105941485953,0.7679334836203578,-0.03034119020695116,5.253453203684663,20.551279711948837,0.004213652658896988,3.4804678445920363,18.309195301921097,0.8124007185828835,0.748519331971676,0.7937979820463519
1186,60,45,10,Median,40,[   0  259  868 1332 1940 2472 2858 3224 3314],8,609,90,414.25,160.12577489170206,0.9291541074325809,-0.045934505355086766,5.490819651327691,19.153872106612994,0.011617000481340595,3.3713097803554106,16.050801351016784,0.8634389136710423,0.795721531643562,0.8270179262279417
1187,60,45,10,Mode,40,[   0  373  868 1332 1940 2508 2886 3161 3314],8,608,153,414.25,121.80445680841422,0.7407373228275151,-0.03627248613471764,4.7569389724154005,20.448743828476932,0.001865785765329521,2.5374824551943638,18.305050132290848,0.8307384493472932,0.7505673669949429,0.7887893093314672
1188,60,45,10,Median,40,[   0  259  868 1332 1940 2270 2473 2858 3224 3314],9,609,90,368.22222222222223,150.3596012481077,0.9819658316781916,-0.0474504688435708,5.3302127269219,19.02675228610776,0.014414200765585304,3.1536903463235815,15.070259643785702,0.8514508135189349,0.7660670757552261,0.7988992996373497
1189,60,45,10,Mode,40,[   0  373  868 1332 1940 2281 2508 2886 3161 3314],9,608,153,368.22222222222223,127.93913892956384,0.8442126163882008,-0.037690981704093,4.924809619226861,19.3661158292919,0.00658978016781596,2.566454095592322,17.047493198685,0.821594633620385,0.7218482791194891,0.7609851344776615
1190,60,45,10,Median,40,[   0   87  373  868 1332 1940 2270 2473 2858 3224 3314],10,608,87,331.4,138.69388647581687,0.9910189525503436,-0.05090945240848722,4.975468184571634,18.787934967319295,0.012924488803012219,2.9309229785490865,15.146658958729878,0.8554924886817022,0.7638626342293348,0.7952908676794386
1191,60,45,10,Mode,40,[   0  373  868 1332 1940 2281 2508 2886 3161 3314],9,608,153,368.22222222222223,127.93913892956384,0.8442126163882008,-0.037690981704093,4.924809619226861,19.3661158292919,0.00658978016781596,2.566454095592322,17.047493198685,0.821594633620385,0.7218482791194891,0.7609851344776615
1192,60,45,10,Median,40,[   0   87  373  868 1332 1913 2090 2383 2508 2858 3224 3314],11,581,87,301.27272727272725,239.16424784619147,1.374527847853959,-0.05241229159396976,5.778328072380925,16.84255504594764,0.026828124658582104,5.001199596123481,12.15651798648235,0.870115514416491,0.7706725714187486,0.8007875152552081
1193,60,45,10,Mode,40,[   0  373  868 1332 1940 2128 2416 2508 2886 3161 3314],10,608,92,331.4,151.73927762362754,1.0889345706397096,-0.03775832928840209,4.892183116759342,18.23479005938585,0.022570528910089063,3.0392760168467774,14.940914493501689,0.8395594228177823,0.7367379638161006,0.7735907800874398
1194,60,45,10,Median,40,[   0   87  373  666  889 1332 1663 1940 2270 2507 2858 3224 3314],12,443,87,276.1666666666667,135.15026141825365,1.014362080380277,-0.05145338323647701,4.368551023381696,18.568113089143985,0.009214300999936113,2.9016746010691574,13.435943414594107,0.8612961616016652,0.7415762604487293,0.7680918582588172
1195,60,45,10,Mode,40,[   0  373  666  868 1332 1663 1940 2281 2508 2886 3161 3314],11,464,153,301.27272727272725,129.1316898633466,0.9225218887338894,-0.04046752100989115,4.335555863376414,18.755088596232284,0.004997265612409064,2.657512119586289,14.43269800757894,0.8434324853598935,0.7241186033168592,0.7619515631071146
1196,60,45,10,Median,40,[   0   87  373  666  889 1332 1663 1940 2090 2281 2507 2858 3224 3314],13,443,87,254.92307692307693,150.63250235988878,1.1315273923731521,-0.05562239136399191,4.573150903478758,18.101215292907394,0.010181393377551156,3.2801868103272636,12.444916877793128,0.8646847539626373,0.7377689520260376,0.7638528785415464
1197,60,45,10,Mode,40,[   0  373  666  868 1332 1663 1940 2128 2281 2508 2886 3161 3314],12,464,153,276.1666666666667,124.06615035459758,0.9805752427142587,-0.044857708941088585,4.251507230596786,18.286792289388814,0.0019684658878071056,2.5888550697229977,13.735520297282056,0.8429885507354477,0.7216238289216581,0.760340628328527
1198,60,45,10,Median,40,"[   0   87  373  666  889 1332 1445 1707 1940 2113 2281 2507 2858 3224
 3314]",14,443,87,236.71428571428572,126.37650788659245,1.065916160022187,-0.05384573164998905,4.134215078578008,18.670503141218795,0.007954102154390737,2.7309159529503955,12.707360955491358,0.8683576172044114,0.7380769144802186,0.7633119447907205
1199,60,45,10,Mode,40,[   0  373  666  868 1332 1422 1663 1940 2128 2281 2508 2886 3161 3314],13,464,90,254.92307692307693,115.22277219606843,0.9940189701664286,-0.04483299168188971,3.996011369799257,18.107495924721366,0.0033435668666238158,2.410160334668207,13.319951865688177,0.847003732350993,0.7177943868823448,0.7565958270841
1200,60,45,10,Median,40,"[   0   87  373  666  889 1332 1445 1707 1940 2090 2281 2473 2596 2858
 3224 3314]",15,443,87,220.93333333333334,156.05617392326354,1.223959584418801,-0.0548288071385461,4.82083479638596,17.641366937278388,0.011784787014752824,3.3273474055607175,11.923696985502191,0.8657463764117772,0.7127770267663164,0.7403858826664138
1201,60,45,10,Mode,40,"[   0  373  666  868 1332 1422 1663 1940 2128 2281 2508 2596 2886 3161
 3314]",14,464,88,236.71428571428572,160.92831454958198,1.2234073039212023,-0.05096918598911819,4.781019977878155,17.61705778133046,0.005532742459833657,3.414646641193738,12.443909074480635,0.8314751081069155,0.6818402378829089,0.7251838563618417
1202,60,45,10,Median,40,"[   0   87  373  666  868 1058 1332 1445 1707 1940 2113 2281 2416 2508
 2858 3224 3314]",16,366,87,207.125,129.33613371804765,1.1517870162515125,-0.0544979409335639,3.9944149539293563,18.761468719916472,0.014335386786117933,2.721997899909297,12.173194088127984,0.8881259320120657,0.780098490367305,0.8032253951369148
1203,60,45,10,Mode,40,"[   0  373  666  868 1182 1332 1422 1663 1940 2128 2281 2416 2508 2886
 3161 3314]",15,378,90,220.93333333333334,115.33575745523925,1.0877342173104083,-0.04543883636142092,3.8035447330672976,18.949560853435777,0.012966076997595943,2.3629392760859638,12.745726792734214,0.8433987296762733,0.6934264339421229,0.7271560390163609
1204,60,45,15,Median,40,[   0 1182 2416 3314],3,1234,898,1104.6666666666667,446.4301377270196,0.8247287270590491,-0.011666092609104863,10.650666297673792,23.68542156292425,0.004218732443170201,9.060716797422016,20.233863568178602,0.8859607930478824,0.8830763430722613,0.9229780064877309
1205,60,45,15,Mode,40,[   0 2508 3314],2,2508,806,1657.0,941.6547685198901,1.2424840435336915,0.0028833822921827427,20.032975570621332,10.143032857724736,0.0028833822921827427,20.032975570621332,10.143032857724736,0.8903720861247716,0.9416033610575855,0.9781472726036491
1206,60,45,15,Median,40,[   0  560 1499 2507 3314],4,1008,560,828.5,311.2359693589417,0.75414493830925,-0.01701218790053995,8.039867176853553,25.456594838557802,0.0023162904175594748,6.4768858257132065,21.16351560470257,0.9120473074394905,0.9238062140805401,0.9435224763080823
1207,60,45,15,Mode,40,[   0  868 1332 2508 3314],4,1176,464,828.5,311.2721006636388,0.7855235744992091,-0.01895705465252255,8.019683465253147,23.844949199657442,0.002836113260537588,6.478474438142562,18.723672231067635,0.8531043181569402,0.8566020665191136,0.8951309607107163
1208,60,45,15,Median,40,[   0  373 1975 2508 3314],4,1602,373,828.5,346.87469182410064,0.9624104841586493,-0.020748065424649954,9.061142863591211,16.31964351834981,0.011643063186778218,7.063896018933953,14.798049180886558,0.8266553399710241,0.7999524607287124,0.8637266838287415
1209,60,45,15,Mode,40,[   0  373 1332 1940 2508 3314],5,959,373,662.8,232.96495589404648,0.7947699216119577,-0.0222054426962207,7.031940203880672,21.908431632901635,0.004057704630847073,4.755007917003729,18.87196894977768,0.8527910137015907,0.809489311499499,0.8502409439766234
1210,60,45,15,Median,40,[   0  373 1329 1940 2473 3161 3314],6,956,153,552.3333333333334,188.03653648923205,0.777263942302284,-0.029372602557168972,6.080500171635296,23.747133078461815,0.005660835190275868,3.8972788979321584,19.808340589004526,0.8454734498554722,0.7873279512804215,0.8296209162715742
1211,60,45,15,Mode,40,[   0  373 1332 1940 2508 3161 3314],6,959,153,552.3333333333334,196.77119625121122,0.8113016991848895,-0.029187271265650915,6.023382953337488,21.396440619660073,0.004034810537848798,4.071583237156046,17.966128005126745,0.8276303207485819,0.7656008718939181,0.8121317979913837
1212,60,45,15,Median,40,[   0  310  868 1332 1940 2473 3161 3314],7,688,153,473.42857142857144,173.76999042075605,0.7847831830871753,-0.030302590284296577,5.375208698398118,20.26768632383583,0.004734252290040582,3.62142632802299,17.751400255699508,0.8301684750852668,0.7737788906960412,0.8145170699909048
1213,60,45,15,Mode,40,[   0  373  868 1332 1940 2508 3161 3314],7,653,153,473.42857142857144,167.37105941485953,0.7679334836203578,-0.03034119020695116,5.253453203684663,20.551279711948837,0.004213652658896988,3.4804678445920363,18.309195301921097,0.8124007185828835,0.748519331971676,0.7937979820463519
1214,60,45,15,Median,40,[   0  310  868 1332 1940 2472 2742 3162 3314],8,608,152,414.25,152.80223467949492,0.8636317227978489,-0.03732299674897909,5.511975648533841,18.810142859655468,0.007893619494408756,3.161504625289782,16.546064112050725,0.8281622214761754,0.7491688499882029,0.7876069152094957
1215,60,45,15,Mode,40,[   0  373  868 1332 1940 2508 2596 3161 3314],8,608,88,414.25,219.9452681669695,1.2173054618059636,-0.042067659787514186,6.600633450398983,18.82824388539408,0.012345729508222868,4.7518125244405365,15.724941381368597,0.7851979847764639,0.6938199788245522,0.747306981159308
1216,60,45,15,Median,40,[   0  310  868 1332 1926 2184 2473 2747 3162 3314],9,594,152,368.22222222222223,141.46730397046898,0.9037677144866755,-0.038944224806475955,5.265322502379074,17.549317717256038,0.0059529217403855375,2.955429773688035,15.331433189510655,0.8444175020421192,0.7412137977520605,0.7776897383442937
1217,60,45,15,Mode,40,[   0  373  868 1332 1940 2281 2508 2699 3161 3314],9,608,153,368.22222222222223,155.05312579816092,0.9503613974772499,-0.037131517050119606,5.7375788105737575,18.757467374251487,0.007268084334051857,3.250883328107304,15.91660617977555,0.7945001494666313,0.6862146033118258,0.7302339255077772
1218,60,45,15,Median,40,[   0  208  470  966 1332 1926 2184 2473 2742 3162 3314],10,594,152,331.4,135.2324159916736,0.9130478752167619,-0.046293792440573626,4.974889041712498,17.69718208584273,0.00644339999246732,2.8403165678924434,14.806674204906216,0.8471702936560742,0.758407479898719,0.7874703945322935
1219,60,45,15,Mode,40,[   0  259  373  868 1332 1940 2281 2508 2596 3161 3314],10,608,88,331.4,206.85356448791822,1.2960833493881463,-0.04559457424326715,6.112598767506545,17.041669037506814,0.01263897889516325,4.325435170208494,13.554487778142963,0.7685336252094772,0.6591642950935712,0.7121609794740913
1220,60,45,15,Median,40,[   0  208  470  966 1332 1655 1940 2184 2473 2747 3162 3314],11,496,152,301.27272727272725,127.00454213295598,0.9149759687376839,-0.046060566605642096,4.638243923253469,16.712981110337683,0.005348943276522302,2.676177152407868,14.477094983844868,0.8369549608974974,0.710705036518886,0.7412325483408826
1221,60,45,15,Mode,40,[   0  259  373  868 1332 1663 1940 2281 2508 2699 3161 3314],11,495,114,301.27272727272725,152.56647921399846,1.050410497729249,-0.042296323078684576,5.086821482815633,17.375129464892066,0.008441733547021312,3.2591054148501484,13.50203341359906,0.7818970431942114,0.6181180905421422,0.6624815375878377
1222,60,45,15,Median,40,[   0  100  373  666  966 1332 1655 1940 2184 2473 2747 3162 3314],12,415,100,276.1666666666667,124.30409326559543,0.9322993354205648,-0.04462128860777454,4.355384793000889,17.834366146063036,0.0038351163157726766,2.6321920368762233,13.983180009669736,0.869084374445704,0.7586609204753423,0.7838589437584844
1223,60,45,15,Mode,40,[   0  373  666  868 1332 1663 1940 2281 2508 2699 3161 3314],11,464,153,301.27272727272725,150.82287935822424,1.0074409136051288,-0.039708351321939304,4.986928108956021,18.255969784733008,0.005539908945397783,3.205055505598275,13.527988392451382,0.818573815696703,0.6830845979385496,0.7246887038954939
1224,60,45,15,Median,40,[   0  100  373  666  966 1332 1655 1940 2128 2383 2508 2747 3162 3314],13,415,100,254.92307692307693,165.20141381711133,1.150679806549639,-0.04497186243344532,4.686848612897603,17.134175316529976,0.013167477541129702,3.358649450584942,12.529989227229665,0.854375253395785,0.7311704933774368,0.7585437378125505
1225,60,45,15,Mode,40,[   0  373  666  868 1332 1663 1940 2128 2416 2508 2699 3161 3314],12,464,92,276.1666666666667,163.89368719892198,1.1736960224687005,-0.03948790574505348,4.956697293379682,18.289659384670276,0.01664335256918569,3.403193086220733,12.37318222860237,0.8352220292354413,0.6990318990525369,0.7390779842794454
1226,60,45,15,Median,40,"[   0  100  373  666  868 1062 1332 1655 1940 2128 2383 2508 2747 3162
 3314]",14,415,100,236.71428571428572,156.6004129652061,1.1478968259334856,-0.04651655694378703,4.453065694855012,17.472072774462866,0.012416471973385194,3.1937665720596686,12.360572247573373,0.8580742942413973,0.7304996916645384,0.7585896839996861
1227,60,45,15,Mode,40,[   0  373  666  868 1182 1332 1663 1940 2128 2416 2508 2699 3161 3314],13,462,92,254.92307692307693,161.5330348725888,1.1969853575770353,-0.040885389532429754,4.727412050067556,19.5912090225486,0.021193006206650003,3.3503251892896304,11.803808502805445,0.8254878938986923,0.6706488941451554,0.7065756692732734
1228,60,45,15,Median,40,"[   0  100  373  666  868 1061 1332 1445 1663 1940 2184 2416 2508 2747
 3162 3314]",15,415,92,220.93333333333334,122.32332721249243,1.0666810833497828,-0.046232053530259165,3.9530774644833233,17.886036623534117,0.012104291863698035,2.51044132787142,13.062899145189276,0.8719966456148686,0.7425289098046494,0.7694304065917983
1229,60,45,15,Mode,40,"[   0  373  666  868 1182 1332 1437 1663 1940 2281 2416 2508 2699 3161
 3314]",14,462,92,236.71428571428572,133.43475627151125,1.126504269422342,-0.040990333173522304,4.3311846619031575,18.79159853270675,0.013716418749436727,2.7506153594635427,12.425647011223784,0.821799494412764,0.6494641528103494,0.6861394053552385
1230,60,45,15,Median,40,"[   0  100  373  666  868 1061 1332 1445 1663 1940 2128 2281 2416 2508
 2747 3162 3314]",16,415,92,207.125,112.5192749384687,1.066959005959599,-0.048869684252780106,3.838969596240548,17.84468084568321,0.009196718541666132,2.334137700613822,12.894042959718838,0.855981656784686,0.713036735271412,0.7422674112005
1231,60,45,15,Mode,40,"[   0  373  666  868 1182 1332 1437 1663 1940 2128 2281 2416 2508 2699
 3161 3314]",15,462,92,220.93333333333334,131.4185948354049,1.1476362381483465,-0.04436425626474963,4.266858721224335,18.51762124472983,0.012530120462740818,2.7318541244911225,12.11029695847642,0.8217975587017045,0.6431349989007042,0.6802508963680469
1232,60,45,20,Median,40,[   0 1058 2417 3314],3,1359,897,1104.6666666666667,403.4691595031587,0.7776306495354505,-0.012316694993019644,10.30429363435654,24.092280470854572,0.002341830091133081,8.26355097214182,20.865671541873414,0.9936488402458121,0.9971378970190286,0.9981200654908163
1233,60,45,20,Mode,40,[   0 2508 3314],2,2508,806,1657.0,941.6547685198901,1.2424840435336915,0.0028833822921827427,20.032975570621332,10.143032857724736,0.0028833822921827427,20.032975570621332,10.143032857724736,0.8903720861247716,0.9416033610575855,0.9781472726036491
1234,60,45,20,Median,40,[   0  643 1504 2508 3314],4,1004,643,828.5,292.84960510790376,0.7096454399445539,-0.01831285185249187,7.677214647643062,26.97765111307157,0.0016157473695361687,6.058459431407648,23.29999329850305,0.9525132602170306,0.9569163928057404,0.9679146141642438
1235,60,45,20,Mode,40,[   0  868 1332 2508 3314],4,1176,464,828.5,311.2721006636388,0.7855235744992091,-0.01895705465252255,8.019683465253147,23.844949199657442,0.002836113260537588,6.478474438142562,18.723672231067635,0.8531043181569402,0.8566020665191136,0.8951309607107163
1236,60,45,20,Median,40,[   0  373 1975 2538 3314],4,1602,373,828.5,385.439268552489,0.9935060922901724,-0.02217447854127643,9.869717683739946,16.63377317654067,0.01171498777514983,7.835976953633884,14.685399676648148,0.8098764208201742,0.7841866493829327,0.852587882727298
1237,60,45,20,Mode,40,[   0  373 1332 1940 2508 3314],5,959,373,662.8,232.96495589404648,0.7947699216119577,-0.0222054426962207,7.031940203880672,21.908431632901635,0.004057704630847073,4.755007917003729,18.87196894977768,0.8527910137015907,0.809489311499499,0.8502409439766234
1238,60,45,20,Median,40,[   0  373 1329 1940 2507 3154 3314],6,956,160,552.3333333333334,178.98057573257455,0.7530850380209235,-0.02865106921281939,5.8454741593084,24.391156956489905,0.004453079739216613,3.7104830770706365,20.152363843076717,0.8247813747613049,0.7615340755891703,0.8087643261283974
1239,60,45,20,Mode,40,[   0  373 1332 1940 2508 3161 3314],6,959,153,552.3333333333334,196.77119625121122,0.8113016991848895,-0.029187271265650915,6.023382953337488,21.396440619660073,0.004034810537848798,4.071583237156046,17.966128005126745,0.8276303207485819,0.7656008718939181,0.8121317979913837
1240,60,45,20,Median,40,[   0  308  868 1332 1940 2507 3154 3314],7,647,160,473.42857142857144,164.60564717965119,0.7592159258031316,-0.03036146056825485,5.160820460580529,20.90807555218102,0.0033580400929407866,3.4291855852185886,18.188627751851104,0.8112038461369877,0.7452170521998921,0.7908455124219442
1241,60,45,20,Mode,40,[   0  373  868 1332 1940 2508 3161 3314],7,653,153,473.42857142857144,167.37105941485953,0.7679334836203578,-0.03034119020695116,5.253453203684663,20.551279711948837,0.004213652658896988,3.4804678445920363,18.309195301921097,0.8124007185828835,0.748519331971676,0.7937979820463519
1242,60,45,20,Median,40,[   0  308  868 1332 1940 2417 2742 3161 3314],8,608,153,414.25,144.30225536772454,0.8224760796729669,-0.03832292501695046,5.189412393804469,19.435193619565673,0.006626049212767891,2.9942485077619283,17.233776610435463,0.8344338133163676,0.7509016796194636,0.7887737356810566
1243,60,45,20,Mode,40,[   0  373  868 1332 1940 2508 2742 3161 3314],8,608,153,414.25,138.05294663881918,0.8345547279840758,-0.03710256975001875,5.290595942165443,19.315936736532635,0.005107800489368765,2.9466424194649528,17.068464237917606,0.8131919081446021,0.7321120259751996,0.7732016713785593
1244,60,45,20,Median,40,[   0  252  643 1006 1332 1940 2472 2742 3161 3314],9,608,153,368.22222222222223,146.48355764967016,0.88364699825996,-0.04255070812449846,4.994327762589577,19.121842944699296,0.006795729693910721,3.044786887847184,15.439914757278837,0.8762020037020926,0.8365620669789535,0.8586492706621289
1245,60,45,20,Mode,40,[   0  373  666  868 1332 1940 2508 2742 3161 3314],9,608,153,368.22222222222223,136.58083964076468,0.8889286065384455,-0.0402522696600538,4.835987863066123,19.163292165762748,0.0035867658814971895,2.9356772915370914,15.305691904365162,0.8387074584156029,0.7657906579943295,0.802793712511779
1246,60,45,20,Median,40,[   0  252  643 1006 1332 1913 2167 2473 2742 3161 3314],10,581,153,331.4,151.0411167372859,0.9520050407503038,-0.043637373608515405,5.034369892553066,18.9086889268353,0.005863193766311323,3.1828110437944597,14.210105651627126,0.8815111015826734,0.8257569367954771,0.8471380696502171
1247,60,45,20,Mode,40,[   0  373  666  868 1332 1940 2281 2508 2742 3161 3314],10,608,153,331.4,138.59056457486443,0.9423078356268921,-0.040775929326622405,4.978235280819171,18.35430862733876,0.005760400661327229,2.8961159141925426,14.727707014220307,0.8293525342116287,0.7372698815580906,0.7757656421364095
1248,60,45,20,Median,40,[   0  252  643 1001 1332 1663 1940 2167 2473 2742 3161 3314],11,419,153,301.27272727272725,137.1767182344946,0.9460518270060287,-0.04362829742480794,4.7132136244983345,19.796623508794635,0.004698455771011159,2.8992001972654453,14.065345930271807,0.8701820659910156,0.7871235251775728,0.8104031492358078
1249,60,45,20,Mode,40,[   0  373  666  868 1332 1663 1940 2281 2508 2742 3161 3314],11,464,153,301.27272727272725,138.8842777716352,0.9682742720456285,-0.04105154647661729,4.711038306084214,18.131521623791294,0.005615849710711188,2.924961026281513,13.753011204479412,0.8281662921417826,0.7013364446575407,0.7415186020729547
1250,60,45,20,Median,40,[   0  252  643 1001 1332 1663 1940 2128 2383 2508 2747 3161 3314],12,414,125,276.1666666666667,174.83926039064056,1.1634715466672931,-0.043903116233170114,4.942275109423821,18.68511466575941,0.014573621387219819,3.5380731462778288,12.632582255030002,0.8612195694594071,0.769787228713701,0.7943894631595568
1251,60,45,20,Mode,40,[   0  373  666  868 1332 1663 1940 2128 2416 2508 2742 3161 3314],12,464,92,276.1666666666667,153.98739227788317,1.1417333193590384,-0.040845420991503116,4.705265521855132,18.133024190286253,0.016920858222652175,3.1698788774371036,12.535502647904165,0.8445957566273601,0.7177812633949839,0.7565789798365503
1252,60,45,20,Median,40,[   0  101  373  666 1009 1332 1663 1940 2167 2472 2604 2858 3161 3314],13,343,101,254.92307692307693,144.70089111333587,1.0480922447363092,-0.04609614005069972,4.62525213042773,17.983599385493346,0.00763366618205276,2.9293381447649547,13.827572047755305,0.8718320060328884,0.7617225533517384,0.7861095371637763
1253,60,45,20,Mode,40,[   0   87  373  666  868 1332 1663 1940 2281 2508 2596 2742 3161 3314],13,464,87,254.92307692307693,160.53946377630248,1.1991029302348595,-0.051779084113546106,4.9826497852343685,17.235211954493426,0.006767330222276998,3.328341394062905,12.85124087696031,0.8222276704655481,0.6839619085370778,0.7230648863436056
1254,60,45,20,Median,40,"[   0  101  373  666  868 1062 1332 1663 1940 2128 2383 2508 2747 3161
 3314]",14,414,101,236.71428571428572,156.11236436979542,1.1442071470354256,-0.04629484617415964,4.45032581250143,17.64781810685536,0.012362560541437008,3.182611293128429,12.414670553697759,0.8607781457709816,0.7351896221950305,0.7628960391340228
1255,60,45,20,Mode,40,"[   0   87  373  666  868 1035 1332 1663 1940 2128 2416 2508 2742 3161
 3314]",14,419,87,236.71428571428572,141.54820975763243,1.141203884516211,-0.047858068857132716,4.313032707643763,18.25182239579942,0.015274784021659358,2.9434981698902365,12.276628817515281,0.8582634273464469,0.7319269970356401,0.7602570333940357
1256,60,45,20,Median,40,"[   0  208  373  666  868 1062 1332 1663 1940 2128 2356 2507 2699 2886
 3161 3314]",15,331,151,220.93333333333334,143.2235587396851,1.1169545157496583,-0.050700387871574826,4.299625949755271,17.4512878842114,0.007870432749240127,3.0244686565838816,12.423027825752326,0.8359264468253121,0.676393118908311,0.7081465851487888
1257,60,45,20,Mode,40,"[   0   87  373  666  868 1035 1332 1663 1940 2128 2383 2508 2742 2882
 3161 3314]",15,331,87,220.93333333333334,160.262183418109,1.212642335821021,-0.05758983986798013,4.42943887115549,17.249378659170695,0.010287634540048775,3.334956741544238,11.807362033879864,0.8594452608154562,0.7269226659808313,0.7544416085178322
1258,60,45,20,Median,40,"[   0  208  373  666  868 1062 1332 1447 1663 1940 2128 2383 2507 2596
 2747 3161 3314]",16,414,89,207.125,152.25321119795302,1.2315111019981093,-0.04690118552561166,4.606235540269578,17.542881852179043,0.012048577900028511,3.027754991637644,12.498670385443083,0.8341513037281582,0.6719341354885566,0.704945778520213
1259,60,45,20,Mode,40,"[   0   87  373  666  868 1035 1332 1437 1663 1940 2128 2416 2508 2596
 2742 3161 3314]",16,419,87,207.125,148.18459108448775,1.2681085060060227,-0.051595868784491426,4.511620885913881,17.767579954727573,0.013527126476844705,3.019918386181837,12.044177215738818,0.8535983227422691,0.707698465458197,0.7382358301001102
1260,60,50,10,Median,40,[   0 1329 2416 3314],3,1329,898,1104.6666666666667,375.2066140239231,0.767297478893763,-0.00971440347247499,10.381183242473236,26.54345024289862,0.00485943240766879,7.538966331454789,22.662315280458422,0.9727972917841357,0.9815692565585613,0.9878750065118929
1261,60,50,10,Mode,40,[   0 2508 3314],2,2508,806,1657.0,941.6547685198901,1.2424840435336915,0.0028833822921827427,20.032975570621332,10.143032857724736,0.0028833822921827427,20.032975570621332,10.143032857724736,0.8903720861247716,0.9416033610575855,0.9781472726036491
1262,60,50,10,Median,40,[   0  373 1500 2473 3314],4,1127,373,828.5,340.0696696721233,0.8214062362995529,-0.020336300012857904,8.613377560945016,23.638836749304033,0.00234759654230858,7.09741329801146,19.296017699290804,0.8671289753677596,0.8477512344074988,0.8891871535630334
1263,60,50,10,Mode,40,[   0  373 1332 2508 3314],4,1176,373,828.5,323.60713955654023,0.7958655355204328,-0.021808684241910986,8.248273331955499,23.12115314880492,0.0005707523542590988,6.7725424573508635,19.361679384228704,0.8346488221363019,0.8285255887743128,0.8756123590384659
1264,60,50,10,Median,40,[   0  308 1329 1940 2508 3314],5,1021,308,662.8,214.55066610745388,0.7542155453858597,-0.025238050937034677,6.792974260963704,23.455583816689057,0.006209707981036761,4.3687539301011675,20.579509771284794,0.8590444176311719,0.8346096205871822,0.8775273872679181
1265,60,50,10,Mode,40,[   0  373 1332 1940 2508 3314],5,959,373,662.8,232.96495589404648,0.7947699216119577,-0.0222054426962207,7.031940203880672,21.908431632901635,0.004057704630847073,4.755007917003729,18.87196894977768,0.8527910137015907,0.809489311499499,0.8502409439766234
1266,60,50,10,Median,40,[   0  308 1329 1940 2472 3161 3314],6,1021,153,552.3333333333334,180.58898243855867,0.7662802798513748,-0.030214901083150808,5.9430154105637785,23.25961533704415,0.004258310772332464,3.7274054868508593,19.791638773821155,0.8536928252616811,0.8192741012561531,0.8649843301480109
1267,60,50,10,Mode,40,[   0  373 1332 1940 2508 3161 3314],6,959,153,552.3333333333334,196.77119625121122,0.8113016991848895,-0.029187271265650915,6.023382953337488,21.396440619660073,0.004034810537848798,4.071583237156046,17.966128005126745,0.8276303207485819,0.7656008718939181,0.8121317979913837
1268,60,50,10,Median,40,[   0  294  868 1332 1940 2472 3161 3314],7,689,153,473.42857142857144,173.41787502262056,0.7878320165115849,-0.030720793385115654,5.41273775024123,20.353510615156836,0.003710154492476662,3.625535442685555,17.673187569763062,0.8317808136526259,0.7764440825945711,0.8166978110311343
1269,60,50,10,Mode,40,[   0  373  868 1332 1940 2508 3161 3314],7,653,153,473.42857142857144,167.37105941485953,0.7679334836203578,-0.03034119020695116,5.253453203684663,20.551279711948837,0.004213652658896988,3.4804678445920363,18.309195301921097,0.8124007185828835,0.748519331971676,0.7937979820463519
1270,60,50,10,Median,40,[   0  294  868 1332 1940 2472 2838 3263 3314],8,608,51,414.25,151.13195156853752,0.9341084506012746,-0.03951482366473944,5.449900091168792,18.571080908887065,0.016801121849809766,3.181062049154491,15.945035208705164,0.8561585671311325,0.7868956644532372,0.8195900509821532
1271,60,50,10,Mode,40,[   0  373  868 1332 1940 2508 2886 3161 3314],8,608,153,414.25,121.80445680841422,0.7407373228275151,-0.03627248613471764,4.7569389724154005,20.448743828476932,0.001865785765329521,2.5374824551943638,18.305050132290848,0.8307384493472932,0.7505673669949429,0.7887893093314672
1272,60,50,10,Median,40,[   0  294  868 1332 1940 2270 2473 2838 3263 3314],9,608,51,368.22222222222223,140.1318198534933,0.9768939868395053,-0.04086823548665106,5.281176093955955,17.73236397180424,0.018465180883340246,2.944233221883359,15.078839754633055,0.8445052339214854,0.756679127895954,0.7908866199378743
1273,60,50,10,Mode,40,[   0  373  868 1332 1940 2281 2508 2886 3161 3314],9,608,153,368.22222222222223,127.93913892956384,0.8442126163882008,-0.037690981704093,4.924809619226861,19.3661158292919,0.00658978016781596,2.566454095592322,17.047493198685,0.821594633620385,0.7218482791194891,0.7609851344776615
1274,60,50,10,Median,40,[   0  373  868 1332 1707 1963 2472 2838 3263 3314],9,509,51,368.22222222222223,154.43462884882746,0.9765432591587806,-0.03825557820731569,5.092522703827295,18.531227774314225,0.014348274333777836,3.2365623392088043,14.72380464589462,0.8683360497100504,0.7743550577601862,0.8056729520130709
1275,60,50,10,Mode,40,[   0  373  868 1332 1663 1940 2508 2886 3161 3314],9,568,153,368.22222222222223,128.08628861303396,0.8124010758972298,-0.03727863335963753,4.449221913656566,19.87205386123614,0.0010269550866529933,2.6618048106984897,16.45168569018299,0.8294306408108499,0.7214816839420801,0.7602077317623885
1276,60,50,10,Median,40,[   0  373  868 1332 1663 1940 2270 2473 2838 3263 3314],10,495,51,331.4,134.37157105272854,0.9801428551293024,-0.03952382944661662,4.905649647338529,17.702587539062066,0.016422750679070564,2.8368118160203624,14.676674637197237,0.8419820787294511,0.7239533987834396,0.7589364910299202
1277,60,50,10,Mode,40,[   0  373  868 1332 1663 1940 2281 2508 2886 3161 3314],10,495,153,331.4,129.4489786643425,0.8839636812133181,-0.03826396609736078,4.633286654232674,18.63672647675318,0.006337014721966057,2.6351333110912023,15.706743834032373,0.8208303451412807,0.6857319644358176,0.72555605833095
1278,60,50,10,Median,40,[   0  373  666  910 1332 1659 1940 2281 2473 2838 3263 3314],11,425,51,301.27272727272725,135.38670085201494,1.0110992650371755,-0.041859467517620756,4.6256464089276195,19.04615492355093,0.015439667677276309,2.8731022721102746,13.655352929952812,0.8605283584366846,0.7524055972543252,0.7798799099258243
1279,60,50,10,Mode,40,[   0  373  666  868 1332 1663 1940 2281 2508 2886 3161 3314],11,464,153,301.27272727272725,129.1316898633466,0.9225218887338894,-0.04046752100989115,4.335555863376414,18.755088596232284,0.004997265612409064,2.657512119586289,14.43269800757894,0.8434324853598935,0.7241186033168592,0.7619515631071146
1280,60,50,10,Median,40,[   0  373  666  910 1332 1663 1940 2035 2383 2508 2838 3263 3314],12,425,51,276.1666666666667,166.54124501801743,1.2154490547929533,-0.04180968394661212,4.633269427914909,19.017849506561635,0.023716722106760166,3.3860353970234645,12.167659244492576,0.8713670611245786,0.7658642264378696,0.792190325244604
1281,60,50,10,Mode,40,[   0  373  666  868 1332 1663 1940 2011 2416 2508 2886 3161 3314],12,464,71,276.1666666666667,127.3210537094133,1.0762058642648944,-0.03958200097800894,4.01387944527227,19.253932155683778,0.0196669926150881,2.559357123439455,13.627131805649544,0.8599749183055375,0.7515874742421298,0.7870336760900397
1282,60,50,10,Median,40,[   0  373  666  910 1332 1445 1663 1940 2035 2281 2507 2838 3263 3314],13,425,51,254.92307692307693,115.79194363430715,1.022621636863666,-0.04321577732148008,4.001620665267617,18.607986167120675,0.012266980088724991,2.466199870866523,13.330391148152465,0.8573440818618335,0.7292353268611479,0.7574397306301539
1283,60,50,10,Mode,40,[   0  373  666  868 1332 1422 1663 1940 2011 2281 2508 2886 3161 3314],13,464,71,254.92307692307693,110.16991991040442,0.9790129077789042,-0.041654841168507394,3.7875535199342028,17.91693173725097,0.007759326992742374,2.262672749309927,13.596648517588827,0.8452214560160252,0.7137274275050606,0.7516255846206483
1284,60,50,10,Median,40,"[   0  373  666  868 1182 1332 1445 1663 1940 2035 2281 2507 2838 3263
 3314]",14,425,51,236.71428571428572,114.74981298436992,1.0497382264986002,-0.04438336013569084,3.8620603703819034,19.184687857713964,0.01378699219829725,2.4200053632205925,12.99003331630732,0.8470057867453638,0.7118998815129106,0.7419504392349582
1285,60,50,10,Mode,40,"[   0  373  666  868 1182 1332 1422 1663 1940 2011 2281 2508 2886 3161
 3314]",14,378,71,236.71428571428572,108.61063740866076,0.993903095654561,-0.04279657825202676,3.665077674893178,19.074781823642887,0.009190064956240595,2.225479217436749,13.400782666312182,0.835304532617185,0.6849582678554674,0.7183783480765921
1286,60,50,10,Median,40,"[   0  373  666  910 1332 1445 1663 1940 2099 2281 2416 2508 2596 2858
 3263 3314]",15,422,51,220.93333333333334,163.70701255630237,1.3351171258419914,-0.05241910480549698,4.86591872269931,17.710220651776243,0.017577216396933822,3.4020380554439287,12.005445631056432,0.8592284956425784,0.7167047578393015,0.7467582673144785
1287,60,50,10,Mode,40,"[   0  373  666  868 1332 1422 1663 1940 2035 2281 2416 2508 2596 2886
 3161 3314]",15,464,88,220.93333333333334,148.74892501874544,1.2566633559241722,-0.04875406071877706,4.508975311538536,17.358988609477365,0.011837033614156778,3.062530720309614,12.42224013734781,0.847448024265877,0.6924111039800314,0.7349972718572078
1288,60,50,15,Median,40,[   0 1182 2416 3314],3,1234,898,1104.6666666666667,446.4301377270196,0.8247287270590491,-0.011666092609104863,10.650666297673792,23.68542156292425,0.004218732443170201,9.060716797422016,20.233863568178602,0.8859607930478824,0.8830763430722613,0.9229780064877309
1289,60,50,15,Mode,40,[   0 2508 3314],2,2508,806,1657.0,941.6547685198901,1.2424840435336915,0.0028833822921827427,20.032975570621332,10.143032857724736,0.0028833822921827427,20.032975570621332,10.143032857724736,0.8903720861247716,0.9416033610575855,0.9781472726036491
1290,60,50,15,Median,40,[   0  373 1445 2507 3314],4,1072,373,828.5,332.3990220626492,0.8055722753572064,-0.019881192065848957,8.285822660647673,23.921512687180474,0.0018191266416337879,6.944724770251682,19.69758689696916,0.8400157932444002,0.8242831012193703,0.8720684120876383
1291,60,50,15,Mode,40,[   0  373 1332 2508 3314],4,1176,373,828.5,323.60713955654023,0.7958655355204328,-0.021808684241910986,8.248273331955499,23.12115314880492,0.0005707523542590988,6.7725424573508635,19.361679384228704,0.8346488221363019,0.8285255887743128,0.8756123590384659
1292,60,50,15,Median,40,[   0  373 1975 2508 3314],4,1602,373,828.5,346.87469182410064,0.9624104841586493,-0.020748065424649954,9.061142863591211,16.31964351834981,0.011643063186778218,7.063896018933953,14.798049180886558,0.8266553399710241,0.7999524607287124,0.8637266838287415
1293,60,50,15,Mode,40,[   0  373 1332 1940 2508 3314],5,959,373,662.8,232.96495589404648,0.7947699216119577,-0.0222054426962207,7.031940203880672,21.908431632901635,0.004057704630847073,4.755007917003729,18.87196894977768,0.8527910137015907,0.809489311499499,0.8502409439766234
1294,60,50,15,Median,40,[   0  373 1329 1940 2473 3161 3314],6,956,153,552.3333333333334,188.03653648923205,0.777263942302284,-0.029372602557168972,6.080500171635296,23.747133078461815,0.005660835190275868,3.8972788979321584,19.808340589004526,0.8454734498554722,0.7873279512804215,0.8296209162715742
1295,60,50,15,Mode,40,[   0  373 1332 1940 2508 3161 3314],6,959,153,552.3333333333334,196.77119625121122,0.8113016991848895,-0.029187271265650915,6.023382953337488,21.396440619660073,0.004034810537848798,4.071583237156046,17.966128005126745,0.8276303207485819,0.7656008718939181,0.8121317979913837
1296,60,50,15,Median,40,[   0  373  868 1332 1963 2473 3161 3314],7,688,153,473.42857142857144,190.93698526928299,0.8057004503716513,-0.029249198945132796,5.492136010440505,20.899292418112303,0.005240159414334607,3.949906418380312,17.677167159684622,0.8370011872737829,0.781650999892723,0.8213978311720503
1297,60,50,15,Mode,40,[   0  373  868 1332 1940 2508 3161 3314],7,653,153,473.42857142857144,167.37105941485953,0.7679334836203578,-0.03034119020695116,5.253453203684663,20.551279711948837,0.004213652658896988,3.4804678445920363,18.309195301921097,0.8124007185828835,0.748519331971676,0.7937979820463519
1298,60,50,15,Median,40,[   0  373  868 1332 1940 2473 2767 3187 3314],8,608,127,414.25,127.77000026695116,0.800567678379213,-0.036403534751570196,5.190970450052136,19.294344374664178,0.006802290037736407,2.6906321828440656,17.430410009092032,0.8416630582647981,0.7681617508790094,0.8039972869395411
1299,60,50,15,Mode,40,[   0  373  868 1332 1940 2508 2699 3161 3314],8,608,153,414.25,145.15887780761702,0.865102393991145,-0.03579876607934292,5.682703895997768,19.748367719825115,0.0050425486755125756,3.1640281671727655,17.020618994263266,0.8021443716666776,0.7172428130347036,0.7605393852285783
1300,60,50,15,Median,40,[   0  373  868 1332 1913 2184 2473 2767 3187 3314],9,581,127,368.22222222222223,138.13602057733831,0.8913810823119007,-0.03870766529010362,5.222547931426559,17.940193618246173,0.007215440807352044,2.897083837115865,15.774302785239657,0.855337202245292,0.7584186937717,0.7927255626431047
1301,60,50,15,Mode,40,[   0  373  868 1332 1940 2281 2508 2699 3161 3314],9,608,153,368.22222222222223,155.05312579816092,0.9503613974772499,-0.037131517050119606,5.7375788105737575,18.757467374251487,0.007268084334051857,3.250883328107304,15.91660617977555,0.7945001494666313,0.6862146033118258,0.7302339255077772
1302,60,50,15,Median,40,[   0  295  643 1001 1332 1913 2184 2473 2767 3187 3314],10,581,127,331.4,143.94430756527814,0.9435263439964707,-0.04096613711597441,4.918694120819092,17.77437929759255,0.007451534854812026,3.0484324127858153,14.00285408752559,0.8941276566632325,0.838810910343661,0.8586471790754605
1303,60,50,15,Mode,40,[   0  373  666  868 1332 1940 2281 2508 2699 3161 3314],10,608,153,331.4,151.85567744885225,0.9858263262485593,-0.03945408741036598,5.284447617117811,18.491201604374645,0.005676022033201224,3.207332002322278,14.477681667522496,0.819220800677689,0.720650844069341,0.760874023580148
1304,60,50,15,Median,40,[   0  101  373  966 1332 1647 1940 2184 2473 2767 3187 3314],11,593,101,301.27272727272725,113.83529869620304,0.8795089813423432,-0.044092765432882236,4.473803273078992,17.250535899338278,0.005189641028245317,2.399726630456272,15.246198314197548,0.8558104833915328,0.7260631297462692,0.7555176618637416
1305,60,50,15,Mode,40,[   0  373  868 1332 1663 1940 2281 2508 2699 3161 3314],10,495,153,331.4,153.55030032531766,0.9783181532924728,-0.037624483026799015,5.35653020468404,18.088942867216808,0.006939951758620187,3.2435148511045204,14.701510928335088,0.7952238085669038,0.6467642564369765,0.691171067504647
1306,60,50,15,Median,40,[   0   87  373  666 1001 1332 1647 1940 2184 2473 2767 3187 3314],12,420,87,276.1666666666667,118.01730294011527,0.9293725095660155,-0.04665571716644296,4.292021498217485,17.80793900717266,0.005041742652479536,2.515196180303584,14.233307570214897,0.8837696726774884,0.7950658148091185,0.8170787952197688
1307,60,50,15,Mode,40,[   0  373  666  868 1332 1663 1940 2281 2508 2699 3161 3314],11,464,153,301.27272727272725,150.82287935822424,1.0074409136051288,-0.039708351321939304,4.986928108956021,18.255969784733008,0.005539908945397783,3.205055505598275,13.527988392451382,0.818573815696703,0.6830845979385496,0.7246887038954939
1308,60,50,15,Median,40,[   0   87  373  666 1001 1332 1647 1940 2099 2401 2508 2777 3187 3314],13,410,87,254.92307692307693,186.8015914441933,1.2480325252728515,-0.0467397883797297,4.869823873762099,16.999208758914243,0.020564281582235448,3.7833664180868376,12.345970935415364,0.8824795224276029,0.788912723937491,0.8116497832805171
1309,60,50,15,Mode,40,[   0  373  666  868 1332 1663 1940 2035 2416 2508 2699 3161 3314],12,464,92,276.1666666666667,153.2522918508058,1.1703909352603923,-0.03956666574548211,4.692996734328774,19.27974591406903,0.01752597422072333,3.166768762328701,12.42752612823113,0.8437445713872612,0.7170816887460684,0.7559046133743588
1310,60,50,15,Median,40,"[   0   87  373  666  868 1062 1332 1647 1940 2099 2401 2508 2777 3187
 3314]",14,410,87,236.71428571428572,179.87248493711851,1.2518741935738213,-0.04773911446434035,4.654193606989765,17.243943008251144,0.019126296210651535,3.661250617021873,11.877194840794893,0.8787280097471577,0.7707034712872286,0.7959911699738711
1311,60,50,15,Mode,40,[   0  373  666  868 1064 1332 1663 1940 2035 2416 2508 2699 3161 3314],13,462,92,254.92307692307693,148.73033759200703,1.1707966503608624,-0.041315216338058895,4.5050233870690475,19.686655187758554,0.017382765921420074,3.0841505420159088,12.140397660753974,0.8549410842990935,0.7295289389323755,0.7609610571832072
1312,60,50,15,Median,40,"[   0   87  373  666  868 1062 1332 1647 1866 1979 2184 2416 2508 2818
 3187 3314]",15,369,87,220.93333333333334,146.06661225108638,1.195534263497231,-0.050272654397863194,4.1906107904348096,17.179026728696943,0.01426577696073478,3.0660221666159133,11.827057690259043,0.8676786535870424,0.7402143386114622,0.7681029279076343
1313,60,50,15,Mode,40,"[   0  373  666  868 1064 1332 1663 1851 1940 2281 2416 2508 2699 3161
 3314]",14,462,89,236.71428571428572,131.0123637342256,1.1240672259707982,-0.04181884047553438,4.35999298516686,17.770058322720736,0.011430825442771277,2.722117680170039,12.3835030311442,0.8378483531926368,0.6893060190870383,0.7231222842941527
1314,60,50,15,Median,40,"[   0   87  373  666  868 1062 1332 1481 1663 1866 1979 2184 2416 2508
 2777 3187 3314]",16,410,87,207.125,136.9799382852105,1.1908173393256543,-0.04822212988952103,3.9423388936129085,17.41593368601789,0.012672225344628968,2.8760998401400375,11.612335469611773,0.8763221252821194,0.7546764823387493,0.7806141163947381
1315,60,50,15,Mode,40,"[   0  373  666  868 1064 1332 1437 1663 1851 1940 2281 2416 2508 2699
 3161 3314]",15,462,89,220.93333333333334,122.4682493105835,1.1112395425271973,-0.04227271838888669,4.12933371604739,17.301094963684154,0.010958018652221084,2.544295783114127,12.432306493713432,0.8424302268107751,0.6827047259028972,0.716276063526231
1316,60,50,20,Median,40,[   0 1062 2472 3314],3,1410,842,1104.6666666666667,458.7273733000763,0.82544375728875,-0.013197130197720418,11.80162947957866,24.17144903856415,0.0021460787929853302,9.400785967204103,20.68744815346503,0.9734202889376615,0.9850798958127002,0.990268821945834
1317,60,50,20,Mode,40,[   0 2508 3314],2,2508,806,1657.0,941.6547685198901,1.2424840435336915,0.0028833822921827427,20.032975570621332,10.143032857724736,0.0028833822921827427,20.032975570621332,10.143032857724736,0.8903720861247716,0.9416033610575855,0.9781472726036491
1318,60,50,20,Median,40,[   0  529 1528 2508 3314],4,999,529,828.5,312.6953224038016,0.7744702810723396,-0.019462752888159338,8.161884526098534,24.445880120931157,0.0023080548532030515,6.493791951958823,20.25514710026885,0.9051587548811281,0.9104133170384047,0.9337293970390407
1319,60,50,20,Mode,40,[   0  373 1332 2508 3314],4,1176,373,828.5,323.60713955654023,0.7958655355204328,-0.021808684241910986,8.248273331955499,23.12115314880492,0.0005707523542590988,6.7725424573508635,19.361679384228704,0.8346488221363019,0.8285255887743128,0.8756123590384659
1320,60,50,20,Median,40,[   0  373 1977 2538 3314],4,1604,373,828.5,383.52541782935305,0.99199618891453,-0.022204890952859154,9.854153863149534,16.726064007569015,0.011889748948378373,7.793728898291104,14.713429722167321,0.8074923502079887,0.7825672280378282,0.8515340402836165
1321,60,50,20,Mode,40,[   0  373 1332 1979 2508 3314],5,959,373,662.8,258.2701655135939,0.832149103734668,-0.022344627554900895,7.057416820051281,21.931742371806575,0.005657539100284075,5.241105752487659,18.53443038506476,0.8551506947702138,0.812310189243335,0.8525727024359051
1322,60,50,20,Median,40,[   0  373 1329 1940 2507 3087 3314],6,956,227,552.3333333333334,182.03752285380116,0.7360249975899402,-0.026529167169216578,5.780151667308092,25.958644947545498,0.006129363257718732,3.78713542626396,20.977955061461905,0.8139431286763942,0.737752022524319,0.7890144884378432
1323,60,50,20,Mode,40,[   0  373 1332 1979 2508 3161 3314],6,959,153,552.3333333333334,215.26812473458313,0.8404409731389884,-0.028991727760302254,6.0437824956919135,21.291831500707,0.005244249857069299,4.428824411724877,17.70398302711788,0.829831565129315,0.7686895824595938,0.814748701320007
1324,60,50,20,Median,40,[   0  310  868 1332 1948 2507 3087 3314],7,616,227,473.42857142857144,175.4718440522844,0.7624233292921465,-0.027445786599778692,5.154737077729066,21.902846755714222,0.005382974925901154,3.6637555848787677,18.4731799557659,0.8052748814458045,0.7228521648745369,0.7725320531930323
1325,60,50,20,Mode,40,[   0  373  868 1332 1979 2508 3161 3314],7,653,153,473.42857142857144,184.7216028270899,0.7996231345415361,-0.030215148166743956,5.270462077332255,21.129875169352967,0.005426787097905487,3.820212556598259,17.742226121085082,0.8144130716205331,0.7520744050336446,0.796910743620506
1326,60,50,20,Median,40,[   0  310  868 1332 1940 2473 2757 3161 3314],8,608,153,414.25,133.54656255642107,0.809141924990704,-0.0368018807987786,5.216303581929263,19.031342485846963,0.005232995357594669,2.8037985029483243,16.923148079924157,0.8328371381209037,0.754806038287297,0.7924222753615144
1327,60,50,20,Mode,40,[   0  373  868 1332 1979 2508 2882 3161 3314],8,647,153,414.25,132.48343587407274,0.7667203063751336,-0.03516101123085005,4.770608703427415,20.973238725693328,0.0026259406509204974,2.740307272788666,17.803899427853356,0.8301619402719412,0.7527298717125507,0.7907958095631848
1328,60,50,20,Median,40,[   0  310  868 1332 1913 2167 2473 2767 3161 3314],9,581,153,368.22222222222223,143.89702360190628,0.8993383784813509,-0.03882300633110371,5.247944297630961,17.63548180899009,0.005614034834680917,3.0210023884052357,15.378545987678054,0.8454296542656976,0.7444052939183273,0.7803960495377811
1329,60,50,20,Mode,40,[   0  373  868 1332 1979 2281 2508 2882 3161 3314],9,647,153,368.22222222222223,142.43023734934525,0.8921188760568062,-0.03749600337887495,5.0642311983377795,19.410861814021857,0.006822628247469939,2.8511333869119087,16.232234223982907,0.8206988373189258,0.727229347406643,0.7663082034215842
1330,60,50,20,Median,40,[   0  259  643 1010 1332 1913 2163 2473 2767 3161 3314],10,581,153,331.4,144.0006875129763,0.9296898784939189,-0.043078231344349224,4.89290424327331,18.578313481486894,0.005387343767624998,3.0406752995504847,14.403673964689135,0.892157048714269,0.8410612245622842,0.8607518513764191
1331,60,50,20,Mode,40,[   0  373  666  868 1332 1979 2281 2508 2882 3161 3314],10,647,153,331.4,140.63533216101612,0.9340551960970536,-0.03977233152651977,4.685500078448563,19.135433570206732,0.005280061067350629,2.851998721259704,14.758239929040144,0.8447035218505331,0.7630130948583834,0.7988397839561016
1332,60,50,20,Median,40,[   0  294  643 1009 1332 1647 1940 2171 2473 2767 3161 3314],11,394,153,301.27272727272725,124.09981211000922,0.9021766983602492,-0.040183447748998014,4.4960573539297535,19.01061706705104,0.004305447714387132,2.6340925072673036,14.523073336516003,0.8716582514995979,0.7835773425749438,0.8073208875816681
1333,60,50,20,Mode,40,[   0  373  666  868 1332 1663 1979 2281 2508 2882 3161 3314],11,464,153,301.27272727272725,129.34423000079775,0.9143820705642739,-0.039809044815289046,4.339722621297255,18.73122570704183,0.004425468108733411,2.624649639534927,14.953490165937135,0.8429838746384981,0.7241997233983007,0.7620819214838125
1334,60,50,20,Median,40,[   0  100  373  666 1022 1332 1647 1940 2171 2473 2767 3161 3314],12,394,100,276.1666666666667,111.14724924998183,0.8836717536085689,-0.04446066795709349,4.175041871005208,18.505888619202718,0.0034467094900639855,2.3541202840359663,14.820407033814899,0.880707149683755,0.7919780554324617,0.8141356266275319
1335,60,50,20,Mode,40,[   0   87  373  666  868 1332 1663 1979 2281 2508 2882 3161 3314],12,464,87,276.1666666666667,124.16726137995055,0.9378977772280305,-0.04575298147692827,4.148896209435522,18.181431034326863,0.003943892064640803,2.543074624704118,14.61593498101426,0.8495643699417853,0.7283896418316583,0.76331492151241
1336,60,50,20,Median,40,[   0  100  373  666 1022 1332 1647 1940 2171 2472 2643 2882 3161 3314],13,356,100,254.92307692307693,126.61987087933012,0.970750012326313,-0.04705804083818233,4.3288850619377675,18.638979681734767,0.005255388506417664,2.6076418177044873,14.284484461747956,0.8675399651678474,0.7555363483545738,0.7797838291921548
1337,60,50,20,Mode,40,[   0   87  373  666  868 1332 1663 1979 2281 2508 2604 2882 3161 3314],13,464,87,254.92307692307693,167.0157199191916,1.1653747899349114,-0.052549969225042445,4.887135544623038,17.322273163890454,0.0050420169112946325,3.5080666198594077,13.436783989060656,0.8324312532611866,0.6874681878802299,0.7246977719004918
1338,60,50,20,Median,40,"[   0  100  373  658  868 1062 1332 1647 1940 2128 2401 2508 2818 3161
 3314]",14,343,100,236.71428571428572,166.74334544850166,1.1777652314831992,-0.047658203185881876,4.485041258428993,17.382029012056716,0.016083979015881284,3.3456191526629433,12.548011792109564,0.8587890251967231,0.7294326231855275,0.7581618744613001
1339,60,50,20,Mode,40,"[   0   87  373  666  868 1035 1332 1663 1979 2128 2416 2508 2882 3161
 3314]",14,374,87,236.71428571428572,155.18934598443565,1.1798730140109321,-0.047092008289882525,4.271765027262468,17.93736493704027,0.017292756414935075,3.2392744674007456,12.857862776256999,0.8711977675397572,0.7600660742581747,0.7859600824187284
1340,60,50,20,Median,40,"[   0  100  373  658  868 1062 1332 1462 1663 1940 2128 2401 2508 2818
 3161 3314]",15,343,100,220.93333333333334,154.72084042653864,1.1490515927840719,-0.04768729662506994,4.239846071740673,18.059952143843024,0.01400712971222902,3.0998717128134996,12.842293305697826,0.8640739919228857,0.7297970309018371,0.7578750572312054
1341,60,50,20,Mode,40,"[   0   87  373  666  868 1035 1332 1437 1663 1979 2128 2416 2508 2882
 3161 3314]",15,374,87,220.93333333333334,145.7975572799348,1.16776078676922,-0.04751637054986275,4.047376546048165,17.709680001615638,0.01649676303001177,3.043771614729684,12.843098692820808,0.8749863548369926,0.7559867916467548,0.7817539264864992
1342,60,50,20,Median,40,"[   0  137  373  658  868 1062 1332 1462 1663 1940 2128 2401 2508 2818
 3053 3162 3314]",16,310,107,207.125,158.90204771237353,1.2045091486206374,-0.05884728227193629,4.127480242255601,17.776606180748963,0.014546924524749571,3.2224711695404413,12.2415908758916,0.8446880654109137,0.6848605191007535,0.7139283159700698
1343,60,50,20,Mode,40,"[   0   87  373  666  868 1035 1332 1437 1663 1979 2128 2416 2508 2882
 3053 3161 3314]",16,374,87,207.125,150.59547924334797,1.2373139321285076,-0.06135792815175102,3.9644489322716563,17.108975671478667,0.016400131980570807,3.1636411419867065,11.87481398759899,0.8638531308405402,0.731625223779455,0.760298947433856
