[0,262,727,960,1088,1901,2350,2569,2956]
[0,727,960,1901,2350,2956]
[0,666,960,1853,2956]
[0,666,960,2956]
[0,1024,1853,2329,2956]
[0,262,666,960,1853,2329,2956]
[0,1213,1853,2956]
[0,262,727,960,1088,1901,2350,2956]
[0,262,1901,2350,2956]
[0,1901,2350,2956]
[0,262,666,960,1853,2569,2956]
[0,666,1853,2956]
[0,275,1024,1853,2329,2956]
[0,262,666,960,1853,2956]
[0,1024,2956]
[0,960,2956]
[0,1213,2956]
[0,262,727,960,1901,2350,2569,2956]
[0,666,1853,2569,2956]
[0,727,960,1901,2956]
[0,666,960,1853,2569,2956]
[0,262,960,2956]
[0,727,1901,2956]
[0,275,1024,2956]
[0,666,960,1853,2329,2956]
[0,1213,1853,2329,2956]
[0,727,1901,2350,2956]
[0,262,666,960,2956]
[0,262,727,960,1901,2350,2956]
[0,960,1901,2956]
[0,262,1213,1853,2956]
[0,666,1853,2329,2956]
[0,262,1213,2956]
[0,1853,2956]
[0,262,960,1901,2956]
[0,262,960,1901,2350,2956]
[0,275,1024,1853,2956]
[0,262,1213,1853,2329,2956]
[0,960,1901,2350,2956]
[0,1901,2956]
[0,727,960,2956]
[0,1853,2569,2956]
[0,1853,2329,2956]
[0,262,1901,2956]
[0,1024,1853,2956]
