[0,1044,1404,1668,1892,2069,2554]
[0,655,970,1404,1668,1892,2554]
[0,1044,1911,2554]
[0,1044,2554]
[0,352,1044,1404,1668,2214,2554]
[0,1044,1404,1652,2554]
[0,352,1044,1404,2214,2554]
[0,1044,1404,1668,1892,2554]
[0,1044,1375,1652,2017,2451,2554]
[0,655,1044,1404,1668,1892,2069,2554]
[0,1044,1404,1668,2451,2554]
[0,655,1044,2554]
[0,1375,1652,1911,2554]
[0,352,1044,1404,1668,1892,2554]
[0,1044,1375,1652,1911,2069,2554]
[0,1044,1446,2069,2554]
[0,1044,1404,1668,2069,2214,2554]
[0,1044,1375,1652,2554]
[0,655,970,1404,1668,2554]
[0,1044,1446,1952,2554]
[0,140,1044,1404,1668,2554]
[0,140,1044,1404,1668,2069,2214,2554]
[0,1404,2554]
[0,1044,1952,2554]
[0,1375,2554]
[0,140,655,970,1404,1668,1892,2069,2554]
[0,1044,1404,2069,2554]
[0,655,1044,1404,1911,2554]
[0,1044,1404,2069,2214,2554]
[0,1044,1404,1668,2554]
[0,140,352,1044,1404,1668,1892,2554]
[0,1044,1375,2554]
[0,1044,1375,2017,2554]
[0,140,352,1044,1404,1668,2554]
[0,1892,2554]
[0,140,352,1044,1404,1668,1892,2069,2554]
[0,434,1892,2554]
[0,1044,2017,2554]
[0,352,1044,1404,1668,2069,2214,2554]
[0,352,1044,1404,2069,2554]
[0,1404,2069,2554]
[0,970,1404,1668,2554]
[0,352,1044,1404,1668,2554]
[0,970,1404,2554]
[0,140,655,1044,1404,1668,1892,2069,2451,2554]
[0,655,1044,1404,1668,2554]
[0,655,1044,1404,1668,1892,2554]
[0,434,2554]
[0,655,970,1404,1668,1892,2069,2554]
[0,408,655,1044,1404,1652,1911,2554]
[0,1044,1375,1652,2451,2554]
[0,352,1044,1404,2554]
[0,352,1044,1404,1668,1892,2069,2554]
[0,1404,1668,2554]
[0,140,352,1044,1404,1668,2069,2214,2554]
[0,655,970,1404,2554]
[0,655,1044,1404,1652,2554]
[0,1044,2069,2554]
[0,408,655,1044,1404,1652,2554]
[0,655,1044,1911,2554]
[0,1044,1446,2554]
[0,1044,1404,2554]
[0,1044,1375,1652,2017,2554]
[0,1375,1652,1911,2069,2554]
[0,655,1044,1404,1652,1911,2554]
[0,1375,1652,2554]
[0,1044,1375,1652,1911,2554]
[0,1404,1652,2554]
[0,970,2554]
[0,1044,1375,1652,1911,2069,2451,2554]
[0,408,655,1044,1404,1652,1911,2069,2554]
[0,140,655,1044,1404,1668,1892,2069,2554]
[0,655,1044,1404,2554]
[0,140,352,1044,1404,1668,1892,2069,2451,2554]
[0,1044,1404,2214,2554]
[0,655,970,2554]
[0,1044,1404,1668,2214,2554]
