[0,1363,2010,3365,4758]
[0,872,1347,1646,2010,2603,3365,4060,4758]
[0,2143,3308,4758]
[0,825,1363,2143,3308,4758]
[0,810,1332,1645,3050,3398,4758]
[0,2110,3560,4758]
[0,1332,2010,2800,3050,3398,4758]
[0,1332,2010,2800,3050,4758]
[0,810,1332,1645,3398,4758]
[0,1332,2010,2800,3050,3398,4706,4758]
[0,234,872,1363,2143,3308,4758]
[0,1363,2010,3365,4060,4758]
[0,2010,3365,4758]
[0,1363,2010,2603,3075,3365,4060,4758]
[0,810,1332,3398,4758]
[0,810,1332,2010,4706,4758]
[0,872,1347,1646,2010,2603,3075,3365,4758]
[0,1363,2010,2603,3365,4758]
[0,810,1332,2010,3398,4758]
[0,234,1363,2010,2603,4758]
[0,1646,2603,3365,4060,4758]
[0,1363,2010,3075,3365,4706,4758]
[0,234,810,1332,2010,3398,4758]
[0,234,872,1347,1646,2010,2603,3075,3365,4758]
[0,2010,3365,4060,4758]
[0,2010,3129,4758]
[0,1363,2010,4706,4758]
[0,2508,3398,4758]
[0,1347,1646,2603,3365,4060,4758]
[0,234,810,1332,2010,3398,4706,4758]
[0,1347,1646,2603,3075,3365,4060,4706,4758]
[0,1347,1646,4706,4758]
[0,1347,1646,2603,3365,4758]
[0,1363,2010,2603,3075,3365,4758]
[0,1347,1646,2010,2603,3075,3365,4060,4706,4758]
[0,1332,2010,2800,3050,4706,4758]
[0,810,4758]
[0,810,1332,2010,4758]
[0,810,4016,4758]
[0,1646,4758]
[0,4016,4758]
[0,1646,3365,4758]
[0,872,1347,1646,2010,2603,3365,4758]
[0,1332,2010,4758]
[0,1347,1646,3075,3365,4706,4758]
[0,1645,3398,4758]
[0,234,1347,1646,2010,2603,3075,3365,4060,4758]
[0,2110,4758]
[0,810,1332,2010,2800,3050,3398,4706,4758]
[0,1363,2010,2603,3075,3365,4060,4706,4758]
[0,1646,3365,4060,4758]
[0,1363,2143,4758]
[0,234,1347,1646,2010,2603,3075,3365,4758]
[0,1332,2010,2800,4758]
[0,810,1332,1645,2800,3050,3398,4758]
[0,810,1332,4758]
[0,1332,2010,2800,4706,4758]
[0,1347,1646,2010,2603,3075,3365,4758]
[0,810,1332,2010,2800,3050,3398,4758]
[0,1347,1646,3075,3365,4060,4706,4758]
[0,1363,2010,3075,3365,4758]
[0,825,1363,2143,4758]
[0,1347,2010,2603,3365,4758]
[0,1347,2010,3365,4758]
[0,234,810,1332,4758]
[0,234,810,1332,1645,2800,3050,3398,4758]
[0,1347,1646,3075,3365,4060,4758]
[0,1332,2010,3398,4758]
[0,1347,2010,2603,3365,4060,4758]
[0,1332,2010,3050,3398,4758]
[0,872,1347,1646,2010,2603,3075,3365,4060,4758]
[0,1332,1645,4758]
[0,1347,1646,2603,3075,3365,4758]
[0,1347,1646,2010,2603,3365,4758]
[0,3378,4758]
[0,810,1332,2508,3398,4758]
[0,1332,1645,2800,3050,3398,4758]
[0,872,1363,2143,3308,4758]
[0,2010,4706,4758]
[0,234,810,1332,2508,3398,4758]
[0,234,810,1332,1645,2010,2800,3050,3398,4758]
[0,1332,1645,3398,4706,4758]
[0,234,810,1332,1645,2010,2800,3050,3398,4706,4758]
[0,1347,2010,3365,4060,4758]
[0,1347,1646,3365,4706,4758]
[0,872,1363,2010,2603,4758]
[0,1347,1646,2010,2603,3365,4060,4758]
[0,873,2110,3560,4758]
[0,234,810,1332,3398,4758]
[0,1646,2603,3365,4758]
[0,1363,2010,2603,4706,4758]
[0,810,1332,3050,3398,4758]
[0,234,872,1347,1646,2010,2603,3075,3365,4060,4758]
[0,234,1347,1646,2010,2603,3075,3365,4060,4706,4758]
[0,810,1332,1645,2010,2800,3050,3398,4758]
[0,1332,2010,4706,4758]
[0,1347,1646,2010,2603,3075,3365,4060,4758]
[0,2800,4758]
[0,2010,4758]
[0,1332,4758]
[0,3050,3398,4758]
[0,4706,4758]
[0,1347,1646,4758]
[0,810,2800,4758]
[0,810,1332,1645,2010,3050,3398,4758]
[0,1347,1646,2010,3365,4060,4758]
[0,810,1332,2010,3398,4706,4758]
[0,810,3398,4758]
[0,1363,2010,4758]
[0,1363,2010,2603,3075,3365,4706,4758]
[0,1347,1646,2010,3365,4758]
[0,1347,1646,3365,4060,4758]
[0,873,2010,3129,4758]
[0,1347,1646,3075,3365,4758]
[0,1363,2143,3308,4758]
[0,234,810,1332,2010,2800,3050,3398,4758]
[0,1347,1646,3365,4758]
[0,872,1347,2010,2603,3365,4758]
[0,810,2508,3398,4758]
[0,2010,2800,4758]
[0,2143,4758]
[0,1332,1645,4706,4758]
[0,1332,1645,3050,3398,4706,4758]
[0,1363,2010,2603,4758]
[0,234,872,1363,2010,2603,4758]
[0,1332,2508,3398,4758]
[0,1347,2010,4758]
[0,1645,4758]
[0,2010,3398,4758]
[0,1645,3050,3398,4758]
[0,810,2800,4016,4758]
[0,1332,3398,4758]
[0,1363,2010,2603,3365,4060,4758]
[0,872,1347,2010,2603,3365,4060,4758]
[0,1332,1645,3398,4758]
[0,1347,1646,2603,3075,3365,4060,4758]
[0,1332,1645,2800,3050,3398,4706,4758]
[0,1363,2010,3365,4706,4758]
[0,234,872,1347,1646,2010,2603,3075,3365,4060,4706,4758]
[0,810,1332,2010,3050,3398,4758]
[0,1332,3050,3398,4758]
[0,810,1332,1645,2800,3050,3398,4706,4758]
[0,1645,4706,4758]
[0,234,810,1332,1645,2800,3050,3398,4706,4758]
[0,1332,1645,3050,3398,4758]
[0,1646,4706,4758]
[0,3398,4758]
[0,234,1363,2143,3308,4758]
[0,234,810,1332,2010,2800,3050,3398,4706,4758]
