[0,736,1785,2493,3228,4758]
[0,44,1785,3000,3717,4758]
[0,44,736,1187,1785,2493,3000,3228,4345,4758]
[0,736,1187,1785,2493,3000,3228,4345,4758]
[0,1187,4345,4758]
[0,44,736,1785,4345,4758]
[0,1187,3000,4758]
[0,1785,3000,4758]
[0,3000,3228,4758]
[0,44,736,1785,3000,3228,4345,4758]
[0,766,3692,4758]
[0,3717,4758]
[0,1785,3717,4758]
[0,44,736,1785,2493,4345,4758]
[0,44,736,4345,4758]
[0,766,1785,4345,4758]
[0,1187,3000,3228,4345,4758]
[0,1187,1785,2493,3228,4345,4758]
[0,736,1785,2493,3228,4345,4758]
[0,1785,2493,3228,4758]
[0,45,766,1785,4345,4758]
[0,2493,4758]
[0,1187,2493,4345,4758]
[0,1187,2433,3717,4758]
[0,769,3767,4758]
[0,1187,3717,4758]
[0,44,736,1785,2493,3000,3228,4345,4758]
[0,1785,3228,4758]
[0,1187,2493,4758]
[0,45,1187,2433,3717,4758]
[0,2433,4758]
[0,769,4758]
[0,736,1187,1785,2493,4758]
[0,736,4345,4758]
[0,1598,3767,4758]
[0,1187,3228,4758]
[0,3692,4758]
[0,45,766,1785,2433,4345,4758]
[0,736,1785,2493,3000,3228,4345,4758]
[0,1187,2493,3228,4345,4758]
[0,45,1187,3717,4758]
[0,736,1187,1785,2493,4345,4758]
[0,44,736,3228,4758]
[0,1187,4758]
[0,3000,4758]
[0,44,1785,3717,4758]
[0,1187,2493,3228,4758]
[0,45,766,4758]
[0,1598,4758]
[0,1187,2493,3000,3228,4345,4758]
[0,44,1785,4758]
[0,1187,2433,4758]
[0,1785,3000,3717,4758]
[0,736,1785,4758]
[0,736,1785,3000,3228,4758]
[0,45,1187,3228,4758]
[0,736,1785,3000,3228,4345,4758]
[0,1187,1785,2493,4345,4758]
[0,736,1785,4345,4758]
[0,711,4758]
[0,736,1785,3000,4758]
[0,766,1785,2433,4758]
[0,45,1187,3000,3228,4758]
[0,766,1785,2433,4345,4758]
[0,1785,4345,4758]
[0,736,1187,1785,2493,3228,4758]
[0,44,3717,4758]
[0,177,769,4758]
[0,736,3228,4758]
[0,1187,3000,4345,4758]
[0,711,3767,4758]
[0,736,3000,3228,4758]
[0,736,1785,3000,4345,4758]
[0,45,766,4345,4758]
[0,1598,3000,3767,4758]
[0,177,769,3767,4758]
[0,736,1785,3228,4758]
[0,736,1785,2493,4758]
[0,3228,4758]
[0,1785,2493,4758]
[0,3767,4758]
[0,44,736,4758]
[0,44,736,1785,3000,3228,4758]
[0,766,4345,4758]
[0,736,2493,3228,4758]
[0,1187,1785,2493,3228,4758]
[0,1187,1785,2433,3717,4758]
[0,44,736,3000,3228,4758]
[0,44,736,1187,1785,2493,4345,4758]
[0,736,1785,2493,4345,4758]
[0,766,1785,4758]
[0,45,4758]
[0,45,1187,4758]
[0,45,1187,1785,2433,3717,4758]
[0,711,1187,1785,2433,3717,4758]
[0,1187,1785,2493,3000,3228,4345,4758]
[0,1187,3000,3228,4758]
[0,736,4758]
[0,45,711,1187,1785,2433,3717,4758]
[0,1785,2493,4345,4758]
[0,1187,1785,2493,4758]
[0,1785,4758]
[0,766,4758]
[0,44,4758]
[0,736,1187,1785,2493,3228,4345,4758]
