[0,109,244,775,948,996,1092,1343]
[0,109,946,998,1141,1343]
[0,75,244,775,998,1092,1343]
[0,244,775,948,1343]
[0,75,244,946,998,1092,1180,1343]
[0,244,588,998,1141,1343]
[0,109,634,775,948,1092,1343]
[0,244,477,946,1343]
[0,109,996,1343]
[0,109,244,477,775,948,996,1092,1343]
[0,244,588,738,998,1141,1343]
[0,75,244,477,775,946,998,1092,1180,1343]
[0,775,948,1092,1343]
[0,775,946,1343]
[0,75,244,946,998,1092,1343]
[0,244,775,998,1092,1343]
[0,244,477,998,1092,1180,1343]
[0,75,998,1092,1343]
[0,244,477,948,1343]
[0,109,244,634,775,948,1343]
[0,244,775,998,1343]
[0,946,1343]
[0,75,995,1343]
[0,244,775,946,1125,1343]
[0,75,244,775,946,998,1092,1343]
[0,775,948,1343]
[0,244,946,1343]
[0,634,775,948,1343]
[0,244,477,775,998,1092,1180,1343]
[0,109,775,948,996,1092,1343]
[0,634,775,948,1092,1343]
[0,109,775,948,1343]
[0,75,244,946,998,1343]
[0,109,244,588,738,946,998,1141,1343]
[0,948,1343]
[0,775,946,1125,1343]
[0,109,244,588,738,998,1141,1343]
[0,244,477,998,1343]
[0,244,477,775,998,1092,1343]
[0,244,477,775,948,1343]
[0,998,1092,1343]
[0,588,998,1343]
[0,244,477,775,946,1343]
[0,109,244,775,948,1343]
[0,996,1343]
[0,998,1125,1343]
[0,109,775,946,1125,1343]
[0,109,634,775,948,996,1092,1343]
[0,109,995,1343]
[0,109,634,775,948,1343]
[0,244,998,1343]
[0,75,244,477,998,1092,1180,1343]
[0,109,244,477,775,948,996,1092,1176,1343]
[0,109,775,948,1092,1343]
[0,109,244,477,775,948,1343]
[0,244,946,1125,1343]
[0,998,1343]
[0,244,477,775,948,1092,1343]
[0,109,244,998,1141,1343]
[0,244,477,775,998,1343]
[0,109,244,946,998,1141,1343]
[0,109,946,1343]
[0,109,946,998,1343]
[0,244,477,998,1092,1343]
[0,109,244,775,948,996,1092,1176,1343]
[0,75,244,998,1092,1343]
[0,244,775,946,1343]
[0,588,1343]
[0,75,244,946,1343]
[0,109,948,1343]
[0,109,244,588,946,998,1141,1343]
[0,109,244,477,775,948,1092,1176,1343]
[0,946,1125,1343]
[0,109,244,775,946,998,1125,1343]
[0,109,244,634,775,948,996,1092,1343]
[0,995,1343]
[0,75,244,477,775,946,998,1092,1343]
[0,75,244,477,775,998,1092,1180,1343]
[0,109,244,775,946,1125,1343]
[0,244,477,946,1125,1343]
[0,244,477,775,946,1125,1343]
[0,75,244,998,1092,1180,1343]
[0,109,998,1343]
[0,109,946,998,1125,1343]
[0,75,946,998,1343]
[0,109,775,948,996,1343]
[0,244,775,948,1092,1343]
[0,75,946,1343]
[0,109,244,775,948,1092,1343]
[0,109,775,948,1092,1176,1343]
[0,244,948,1343]
[0,109,775,946,1343]
[0,109,775,948,996,1092,1176,1343]
[0,998,1141,1343]
[0,109,244,634,775,948,1092,1343]
[0,244,634,775,948,1343]
[0,75,244,477,998,1092,1343]
[0,109,998,1141,1343]
[0,109,244,775,946,1343]
[0,244,998,1092,1180,1343]
[0,244,998,1141,1343]
[0,109,244,477,775,948,1092,1343]
[0,244,634,775,948,1092,1343]
[0,109,244,477,775,946,1125,1343]
[0,244,588,738,998,1343]
[0,109,244,588,998,1141,1343]
[0,109,244,477,775,946,1343]
[0,109,244,775,948,1092,1176,1343]
[0,75,244,477,775,998,1092,1343]
[0,244,588,998,1343]
[0,109,998,1125,1343]
[0,244,998,1092,1343]
[0,109,775,946,998,1125,1343]
[0,109,244,477,775,946,998,1125,1343]
[0,75,998,1343]
