[0,45,1180,1810]
[0,312,696,990,1180,1318,1810]
[0,45,312,990,1180,1671,1810]
[0,47,312,696,990,1176,1318,1567,1679,1810]
[0,259,696,990,1176,1810]
[0,47,312,1810]
[0,1180,1592,1810]
[0,845,990,1180,1810]
[0,312,1180,1514,1810]
[0,696,845,990,1180,1810]
[0,259,696,845,990,1176,1567,1679,1810]
[0,45,312,696,1180,1810]
[0,45,990,1180,1671,1810]
[0,45,845,990,1176,1679,1810]
[0,696,845,990,1176,1318,1679,1810]
[0,312,430,990,1180,1318,1514,1671,1810]
[0,121,1810]
[0,1294,1595,1810]
[0,45,312,1810]
[0,696,1180,1810]
[0,1180,1514,1810]
[0,312,696,1810]
[0,312,696,990,1176,1318,1567,1679,1810]
[0,1180,1318,1810]
[0,990,1176,1318,1567,1679,1810]
[0,312,990,1180,1318,1514,1671,1810]
[0,45,312,430,696,845,990,1180,1318,1514,1671,1810]
[0,47,1176,1810]
[0,312,696,990,1176,1679,1810]
[0,259,990,1176,1570,1679,1810]
[0,312,990,1176,1318,1567,1679,1810]
[0,1595,1810]
[0,312,696,845,990,1180,1318,1514,1671,1810]
[0,696,845,990,1176,1318,1567,1679,1810]
[0,45,312,696,845,990,1180,1671,1810]
[0,45,259,990,1176,1679,1810]
[0,312,696,990,1180,1671,1810]
[0,45,259,696,845,990,1176,1567,1679,1810]
[0,696,1144,1810]
[0,47,312,696,990,1176,1598,1810]
[0,696,845,990,1176,1318,1810]
[0,45,1810]
[0,696,845,990,1176,1679,1810]
[0,845,990,1176,1810]
[0,312,696,990,1180,1514,1810]
[0,312,990,1176,1679,1810]
[0,990,1176,1567,1679,1810]
[0,990,1176,1318,1570,1679,1810]
[0,696,845,990,1176,1810]
[0,312,696,990,1176,1810]
[0,312,696,845,990,1180,1514,1810]
[0,45,312,696,1810]
[0,312,696,990,1180,1810]
[0,47,1810]
[0,312,430,696,845,990,1180,1318,1671,1810]
[0,74,1595,1810]
[0,47,990,1176,1810]
[0,47,312,990,1176,1679,1810]
[0,696,1810]
[0,45,259,696,845,990,1176,1318,1567,1679,1810]
[0,312,1176,1598,1810]
[0,1180,1671,1810]
[0,696,1176,1810]
[0,45,312,990,1180,1810]
[0,312,430,990,1180,1671,1810]
[0,259,990,1176,1318,1679,1810]
[0,990,1180,1318,1810]
[0,990,1176,1570,1679,1810]
[0,312,696,1144,1598,1810]
[0,259,1176,1810]
[0,845,990,1176,1318,1810]
[0,312,696,845,990,1180,1318,1671,1810]
[0,47,312,696,1810]
[0,312,696,990,1180,1318,1671,1810]
[0,1679,1810]
[0,259,696,845,990,1176,1318,1567,1679,1810]
[0,312,696,990,1176,1598,1810]
[0,312,430,990,1180,1318,1671,1810]
[0,312,1180,1810]
[0,259,696,845,990,1176,1318,1679,1810]
[0,45,312,990,1180,1318,1810]
[0,1176,1598,1810]
[0,312,696,1176,1810]
[0,312,696,990,1180,1318,1514,1671,1810]
[0,696,990,1176,1810]
[0,312,696,845,990,1180,1514,1671,1810]
[0,312,696,1180,1810]
[0,1176,1679,1810]
[0,845,990,1180,1671,1810]
[0,696,990,1180,1810]
[0,312,990,1176,1598,1810]
[0,45,990,1176,1679,1810]
[0,696,845,990,1176,1567,1679,1810]
[0,259,990,1176,1810]
[0,990,1180,1671,1810]
[0,696,1180,1318,1810]
[0,259,696,845,990,1176,1318,1810]
[0,259,696,1176,1810]
[0,259,696,845,990,1176,1679,1810]
[0,990,1176,1318,1679,1810]
[0,45,312,696,990,1180,1318,1671,1810]
[0,74,1294,1595,1810]
[0,312,696,1144,1810]
[0,990,1176,1598,1810]
[0,990,1176,1810]
[0,47,312,990,1176,1810]
[0,845,990,1176,1679,1810]
[0,1294,1810]
[0,312,1176,1810]
[0,1318,1810]
[0,312,990,1176,1810]
[0,45,312,430,990,1180,1671,1810]
[0,47,312,696,1144,1598,1810]
[0,990,1180,1810]
[0,312,696,990,1176,1318,1598,1810]
[0,47,312,696,990,1176,1318,1598,1810]
[0,312,696,990,1176,1318,1810]
[0,312,1810]
[0,45,259,990,1176,1318,1570,1679,1810]
[0,45,312,430,696,845,990,1180,1318,1671,1810]
[0,312,696,845,990,1180,1671,1810]
[0,312,990,1176,1567,1679,1810]
[0,312,696,1180,1514,1810]
[0,45,1176,1679,1810]
[0,312,696,990,1176,1318,1679,1810]
[0,312,696,1180,1318,1810]
[0,45,312,696,990,1180,1671,1810]
[0,45,312,696,990,1180,1318,1514,1671,1810]
[0,45,990,1180,1810]
[0,45,312,430,990,1180,1318,1514,1671,1810]
[0,47,312,990,1176,1598,1810]
[0,45,312,990,1180,1318,1671,1810]
[0,47,312,696,1144,1810]
[0,45,312,430,990,1180,1318,1671,1810]
[0,312,990,1180,1514,1810]
[0,45,312,696,1180,1318,1810]
[0,312,990,1180,1318,1810]
[0,45,312,696,845,990,1180,1318,1671,1810]
[0,121,1318,1810]
[0,696,1176,1598,1810]
[0,312,990,1176,1318,1810]
[0,1180,1810]
[0,47,990,1176,1679,1810]
[0,45,696,845,990,1176,1679,1810]
[0,47,1176,1679,1810]
[0,1144,1598,1810]
[0,312,696,1176,1598,1810]
[0,259,696,845,990,1176,1810]
[0,47,312,990,1176,1567,1679,1810]
[0,45,312,696,990,1180,1318,1810]
[0,696,845,990,1180,1671,1810]
[0,312,696,990,1180,1514,1671,1810]
[0,990,1180,1318,1671,1810]
[0,259,990,1176,1318,1810]
[0,259,990,1176,1679,1810]
[0,990,1176,1318,1810]
[0,990,1176,1679,1810]
[0,696,1144,1598,1810]
[0,312,696,845,990,1180,1810]
[0,312,990,1180,1318,1671,1810]
[0,45,259,990,1176,1570,1679,1810]
[0,1144,1810]
[0,312,990,1180,1514,1671,1810]
[0,259,1810]
[0,312,990,1180,1810]
[0,74,1810]
[0,312,430,696,845,990,1180,1318,1514,1671,1810]
[0,312,990,1180,1671,1810]
[0,121,1180,1592,1810]
[0,312,990,1176,1318,1679,1810]
[0,47,312,990,1176,1318,1567,1679,1810]
[0,45,1180,1671,1810]
[0,1176,1810]
[0,259,990,1176,1318,1570,1679,1810]
[0,45,259,696,845,990,1176,1679,1810]
