[0,92,206,266,484,686,887,1046]
[0,92,206,569,686,887,1046]
[0,206,1046]
[0,206,569,686,887,1046]
[0,206,484,686,887,1046]
[0,686,887,1046]
[0,569,686,1046]
[0,92,484,686,1046]
[0,206,484,686,1046]
[0,569,686,887,1046]
[0,484,686,1046]
[0,91,1046]
[0,484,686,887,1046]
[0,91,206,484,686,887,1046]
[0,92,686,887,1046]
[0,91,569,686,887,1046]
[0,92,569,686,887,1046]
[0,91,206,569,686,887,1046]
[0,91,569,686,1046]
[0,91,484,686,887,1046]
[0,91,484,686,1046]
[0,92,206,484,686,887,1046]
[0,601,887,1046]
[0,92,484,686,887,1046]
[0,91,601,1046]
[0,206,686,1046]
[0,206,686,887,1046]
[0,601,1046]
[0,91,206,266,484,686,887,1046]
[0,91,206,279,569,686,887,1046]
[0,92,206,686,887,1046]
[0,91,601,887,1046]
[0,686,1046]
