[0,267,1095,1562]
[0,1095,1562]
[0,360,1562]
[0,164,267,928,1030,1095,1297,1385,1562]
[0,1130,1562]
[0,954,1562]
[0,267,652,1130,1562]
[0,164,267,928,1095,1297,1562]
[0,1297,1562]
[0,267,954,1095,1297,1347,1562]
[0,164,267,928,1095,1297,1385,1460,1562]
[0,267,954,1095,1562]
[0,267,928,1095,1297,1562]
[0,267,1095,1297,1562]
[0,267,954,1095,1297,1562]
[0,267,1562]
[0,267,652,1562]
[0,928,1095,1297,1562]
[0,652,1562]
[0,267,928,1095,1297,1385,1562]
[0,928,1095,1562]
[0,267,928,1095,1562]
[0,652,1095,1297,1562]
[0,360,1130,1562]
[0,164,267,954,1030,1095,1297,1366,1562]
[0,954,1095,1297,1347,1562]
[0,164,267,928,1095,1297,1385,1562]
[0,652,1095,1562]
[0,652,1130,1562]
[0,164,267,954,1095,1297,1347,1562]
[0,954,1095,1562]
[0,267,652,1095,1297,1562]
[0,164,267,928,1095,1562]
[0,267,652,1344,1562]
[0,164,267,954,1095,1297,1562]
[0,928,1095,1297,1385,1562]
[0,954,1095,1297,1562]
[0,267,652,1095,1562]
[0,164,267,954,1095,1297,1366,1562]
[0,164,267,954,1095,1562]
[0,1095,1297,1562]
[0,928,1562]
