[0,779,1371,2020]
[0,243,823,1139,1371,2020]
[0,243,552,918,1548,2020]
[0,243,964,1371,2020]
[0,49,243,823,1139,1371,1548,2020]
[0,243,552,823,1371,2020]
[0,243,552,918,1371,1548,2020]
[0,552,918,1548,2020]
[0,243,918,1210,1371,1548,2020]
[0,243,823,964,1139,1371,1548,2020]
[0,243,552,823,1371,1548,2020]
[0,243,918,1210,1371,2020]
[0,243,552,918,1210,1371,1548,2020]
[0,243,773,964,1548,2020]
[0,243,823,1371,2020]
[0,49,243,705,918,1210,1371,1548,2020]
[0,964,1548,2020]
[0,243,705,918,1548,2020]
[0,918,1371,2020]
[0,49,243,823,1139,1371,2020]
[0,552,1548,2020]
[0,705,1371,2020]
[0,552,823,1548,2020]
[0,243,773,2020]
[0,243,705,1210,1371,1548,2020]
[0,773,1548,2020]
[0,243,552,823,964,1139,1371,1548,2020]
[0,890,1371,2020]
[0,243,918,1357,1548,2020]
[0,885,1552,2020]
[0,243,918,1371,2020]
[0,243,885,1357,1552,2020]
[0,49,243,823,964,1139,1371,1548,2020]
[0,49,243,705,823,964,1139,1371,1548,2020]
[0,914,1552,2020]
[0,49,243,705,1210,1371,2020]
[0,243,552,918,1357,1548,2020]
[0,243,705,918,1210,1371,1548,2020]
[0,705,1210,1548,2020]
[0,243,918,1139,1371,2020]
[0,918,1548,2020]
[0,243,2020]
[0,243,552,918,1139,1371,2020]
[0,705,2020]
[0,964,1371,2020]
[0,243,823,1548,2020]
[0,243,918,1371,1548,2020]
[0,243,773,1548,2020]
[0,914,2020]
[0,890,2020]
[0,552,823,1371,2020]
[0,773,2020]
[0,885,2020]
[0,918,2020]
[0,243,823,1139,1371,1548,2020]
[0,243,705,1371,2020]
[0,49,243,552,918,1210,1371,1548,2020]
[0,243,552,823,1139,1371,2020]
[0,243,705,1210,1548,2020]
[0,243,914,1357,1552,2020]
[0,705,1548,2020]
[0,243,885,1552,2020]
[0,243,705,918,1371,1548,2020]
[0,49,243,552,823,964,1139,1371,1548,2020]
[0,964,2020]
[0,243,552,918,1371,2020]
[0,779,2020]
[0,823,2020]
[0,243,1548,2020]
[0,243,918,1548,2020]
[0,243,552,823,1139,1371,1548,2020]
[0,552,918,1371,2020]
[0,243,918,1139,1371,1548,2020]
[0,243,705,1548,2020]
[0,243,823,1371,1548,2020]
[0,49,243,918,1210,1371,1548,2020]
[0,243,964,1548,2020]
[0,243,773,964,1371,1548,2020]
[0,243,552,918,1139,1371,1548,2020]
[0,243,705,1210,1371,2020]
[0,552,2020]
[0,823,1548,2020]
[0,243,705,823,964,1139,1371,1548,2020]
[0,243,964,2020]
[0,243,552,823,1548,2020]
[0,243,890,1371,2020]
[0,49,243,705,1210,1371,1548,2020]
[0,49,243,918,1210,1371,2020]
[0,243,914,1552,2020]
[0,1548,2020]
[0,243,721,914,1357,1552,2020]
[0,823,1371,2020]
