[0,443,1060,1911]
[0,313,443,655,1557,1911]
[0,655,1055,1557,1911]
[0,443,704,1307,1557,1725,1911]
[0,443,655,1060,1307,1557,1911]
[0,313,443,655,1307,1557,1911]
[0,363,1911]
[0,443,704,1069,1557,1911]
[0,443,704,1307,1557,1911]
[0,313,443,655,1060,1557,1911]
[0,313,443,655,1055,1307,1557,1911]
[0,247,313,443,704,1557,1911]
[0,443,1055,1911]
[0,313,443,655,1055,1307,1557,1792,1911]
[0,241,313,443,655,906,1060,1557,1911]
[0,1069,1911]
[0,313,443,704,1307,1557,1911]
[0,161,443,704,1069,1307,1557,1725,1911]
[0,443,655,1557,1911]
[0,161,247,443,704,1069,1307,1557,1725,1911]
[0,161,443,704,1307,1557,1911]
[0,313,443,704,1307,1557,1725,1911]
[0,412,655,1055,1307,1557,1911]
[0,241,313,443,655,906,1060,1557,1792,1911]
[0,1216,1911]
[0,359,1060,1557,1911]
[0,247,313,443,704,1307,1557,1911]
[0,443,655,1055,1307,1557,1911]
[0,443,1911]
[0,313,443,704,1557,1911]
[0,313,443,704,1069,1307,1557,1725,1911]
[0,443,655,1307,1557,1911]
[0,655,1557,1911]
[0,412,655,1060,1557,1911]
[0,443,704,1557,1911]
[0,443,704,1069,1307,1557,1725,1911]
[0,443,655,906,1060,1307,1557,1911]
[0,443,1557,1911]
[0,247,313,443,704,1069,1307,1557,1725,1911]
[0,288,443,1060,1557,1911]
[0,313,443,655,906,1060,1307,1557,1911]
[0,241,313,443,655,1060,1557,1911]
[0,443,1055,1307,1557,1911]
[0,704,1911]
[0,704,1557,1911]
[0,1060,1557,1911]
[0,655,1055,1307,1557,1911]
[0,313,443,655,906,1060,1557,1792,1911]
[0,412,655,1307,1557,1792,1911]
[0,313,443,1060,1557,1911]
[0,443,1055,1557,1911]
[0,313,443,655,906,1060,1307,1557,1792,1911]
[0,655,1911]
[0,1060,1911]
[0,655,1060,1557,1911]
[0,363,1216,1911]
[0,412,655,1055,1307,1557,1792,1911]
[0,313,443,655,906,1060,1557,1911]
[0,161,443,704,1307,1557,1725,1911]
[0,443,704,1069,1307,1557,1911]
[0,359,1060,1911]
[0,443,1060,1557,1911]
[0,241,313,443,1060,1557,1911]
[0,443,1060,1307,1557,1911]
[0,443,1069,1557,1911]
[0,1055,1911]
[0,655,1060,1911]
[0,443,655,906,1060,1557,1911]
[0,443,1069,1911]
[0,247,313,443,704,1307,1557,1725,1911]
[0,655,1307,1557,1911]
[0,412,655,1307,1557,1911]
[0,313,443,655,1307,1557,1792,1911]
[0,655,1055,1911]
[0,443,655,1060,1557,1911]
