[0,1512,1574,1748,1976,2053]
[0,1512,1574,1976,2053]
[0,1498,1574,1976,2053]
[0,1512,2053]
[0,1512,1574,1930,1976,2053]
[0,1512,1797,2053]
[0,1466,1512,1574,1748,1801,1930,1976,2053]
[0,1466,1512,1574,1748,1930,1976,2053]
[0,1512,1574,1748,1930,1976,2053]
[0,1512,1976,2053]
[0,1512,1801,1976,2053]
[0,1512,1574,1801,1976,2053]
[0,1512,1797,1976,2053]
[0,1512,1801,2053]
[0,1466,1512,1574,1797,1976,2053]
[0,1512,1574,1748,1801,1976,2053]
[0,1466,1512,1574,1976,2053]
[0,1512,1748,2053]
[0,1498,2053]
[0,1512,1574,1797,1976,2053]
[0,1512,1574,1748,1801,1930,1976,2053]
[0,1512,1930,1976,2053]
[0,1466,1512,1574,1930,1976,2053]
[0,1512,1748,1976,2053]
[0,1498,1976,2053]
