[0,390,565,830,922]
[0,707,830,922]
[0,815,922]
[0,72,479,630,707,830,922]
[0,630,922]
[0,479,565,707,830,922]
[0,72,479,565,707,830,922]
[0,707,922]
[0,830,922]
[0,239,390,565,922]
[0,390,830,922]
[0,479,611,707,830,922]
[0,239,390,479,565,630,707,830,922]
[0,72,479,565,630,707,830,922]
[0,479,611,922]
[0,239,390,565,707,830,922]
[0,479,565,630,707,830,922]
[0,565,707,830,922]
[0,239,390,479,565,707,830,922]
[0,390,565,922]
[0,630,707,922]
[0,72,479,611,707,830,922]
[0,565,707,922]
[0,630,707,830,922]
[0,239,630,922]
[0,239,479,630,922]
[0,565,922]
[0,479,611,707,922]
[0,479,922]
[0,239,565,707,922]
[0,239,565,922]
[0,479,565,830,922]
[0,239,479,565,707,830,922]
[0,479,630,707,830,922]
[0,239,565,707,830,922]
[0,239,390,565,707,922]
[0,611,922]
[0,479,630,922]
[0,239,479,630,830,922]
[0,390,565,707,922]
[0,479,630,830,922]
[0,611,707,830,922]
[0,390,565,707,830,922]
[0,611,707,922]
[0,239,479,565,630,707,830,922]
[0,479,830,922]
[0,390,922]
[0,390,707,922]
