[0,1124,1462,2034,2366,2759]
[0,1462,2320,2759]
[0,386,1124,1462,2366,2759]
[0,386,1124,1351,2034,2366,2759]
[0,1124,1462,2759]
[0,386,1351,2034,2366,2759]
[0,1124,1462,2366,2759]
[0,1124,2034,2759]
[0,386,1462,2366,2759]
[0,1124,2034,2366,2759]
[0,1462,2366,2759]
[0,386,1124,1462,2034,2366,2759]
[0,1351,2759]
[0,1351,2034,2366,2759]
[0,1351,2366,2759]
[0,386,1124,1462,2320,2759]
[0,1124,1351,2034,2366,2759]
[0,1462,2759]
[0,386,1351,2366,2759]
[0,1124,1462,2320,2759]
[0,386,1462,2320,2759]
[0,1124,2759]
