[0,301,1445,1863,2003,2371,2812]
[0,301,1069,1445,2812]
[0,301,1445,2624,2812]
[0,1069,1445,2812]
[0,52,301,1445,2624,2812]
[0,301,473,1443,1863,2280,2812]
[0,1443,2812]
[0,301,1069,1445,2624,2812]
[0,301,1863,2003,2280,2371,2812]
[0,1069,1443,2812]
[0,52,301,1069,1443,1863,2525,2812]
[0,301,1443,2812]
[0,301,2038,2280,2812]
[0,1069,2371,2812]
[0,52,301,1863,2038,2280,2812]
[0,301,473,1069,1443,1863,2280,2812]
[0,1445,2003,2812]
[0,301,1443,1863,2525,2812]
[0,52,301,1443,1863,2038,2280,2525,2812]
[0,168,1069,1445,2371,2812]
[0,301,1069,1443,1863,2525,2812]
[0,1445,2812]
[0,301,986,1445,2371,2812]
[0,52,301,2525,2812]
[0,301,1863,2038,2280,2371,2812]
[0,52,301,2812]
[0,301,1445,1863,2003,2280,2371,2812]
[0,168,1069,2624,2812]
[0,986,1445,2371,2812]
[0,1069,1863,2280,2812]
[0,301,1443,1863,2280,2812]
[0,301,1069,1443,1863,2280,2812]
[0,301,2525,2812]
[0,1445,1863,2371,2812]
[0,52,301,1443,1863,2525,2812]
[0,986,1445,2812]
[0,52,301,1863,2003,2371,2812]
[0,52,301,1863,2038,2280,2371,2812]
[0,301,1069,1443,1863,2812]
[0,301,473,1443,1863,2812]
[0,301,2038,2812]
[0,301,2038,2525,2812]
[0,52,301,1863,2038,2525,2812]
[0,301,473,1069,1443,1863,2525,2812]
[0,301,1445,1863,2003,2812]
[0,1069,1445,2624,2812]
[0,301,1863,2371,2812]
[0,301,1069,1443,2812]
[0,1863,2371,2812]
[0,301,2038,2280,2525,2812]
[0,301,1863,2003,2812]
[0,52,301,1069,1445,2624,2812]
[0,1069,2812]
[0,301,2812]
[0,301,1445,2003,2812]
[0,986,2371,2812]
[0,2057,2812]
[0,1256,2812]
[0,301,1443,2038,2525,2812]
[0,1443,1863,2812]
[0,52,301,1863,2003,2280,2371,2812]
[0,1069,1863,2812]
[0,168,2371,2812]
[0,301,1863,2038,2812]
[0,301,1256,2812]
[0,301,1863,2812]
[0,301,1445,2812]
[0,1443,1863,2280,2812]
[0,168,1069,1445,2624,2812]
[0,168,1069,2371,2812]
[0,168,2624,2812]
[0,1863,2812]
[0,301,1863,2003,2371,2812]
[0,301,1863,2038,2525,2812]
[0,1863,2280,2812]
[0,52,301,2624,2812]
[0,301,1863,2038,2280,2525,2812]
[0,52,301,1863,2525,2812]
[0,1069,2624,2812]
[0,301,1443,1863,2812]
[0,301,2624,2812]
[0,2371,2812]
[0,168,2812]
[0,52,301,1863,2038,2812]
[0,1443,2038,2812]
[0,2003,2812]
[0,695,2057,2812]
[0,301,2371,2812]
[0,52,301,1863,2003,2812]
[0,301,1445,1863,2371,2812]
[0,2624,2812]
[0,1069,1443,1863,2280,2812]
[0,1069,2280,2812]
[0,301,1863,2038,2280,2812]
[0,52,301,1863,2038,2280,2525,2812]
[0,301,2003,2812]
[0,301,473,1443,1863,2525,2812]
[0,301,1443,1863,2038,2280,2525,2812]
[0,301,1443,2038,2280,2525,2812]
[0,2038,2812]
[0,301,473,1443,2812]
[0,986,2812]
[0,1069,1443,1863,2812]
[0,1069,1445,2371,2812]
[0,52,301,1445,1863,2003,2280,2371,2812]
[0,301,1863,2525,2812]
[0,301,986,2371,2812]
[0,301,1443,2038,2812]
