[0,224,355,489,665,1268,1394,1598,1823,2020]
[0,224,362,665,1598,1823,2020]
[0,118,224,355,489,1268,1598,1823,2020]
[0,224,489,665,1598,1823,2020]
[0,489,1598,2020]
[0,118,224,670,1598,2020]
[0,224,489,1408,2020]
[0,224,665,1370,2020]
[0,224,489,1268,1598,1823,2020]
[0,229,1598,2020]
[0,224,355,665,1598,1823,2020]
[0,224,1268,1408,1598,2020]
[0,670,1408,2020]
[0,224,670,1268,1408,2020]
[0,118,224,355,489,665,1268,1394,1598,1823,2020]
[0,118,224,670,1408,2020]
[0,118,224,1408,2020]
[0,1598,2020]
[0,224,670,1268,1408,1598,2020]
[0,224,355,489,665,1268,1598,1823,2020]
[0,224,670,1598,2020]
[0,229,2020]
[0,224,362,670,1268,1408,1598,1823,2020]
[0,118,224,670,1268,1408,2020]
[0,489,1408,2020]
[0,118,224,362,665,1268,1394,1598,1823,2020]
[0,224,665,1598,2020]
[0,224,362,665,1268,1598,1823,2020]
[0,118,224,362,489,670,1268,1408,1598,1823,2020]
[0,118,224,362,489,670,1268,1408,1598,1823,1935,2020]
[0,670,1268,1598,2020]
[0,118,229,665,1268,1394,1598,1823,2020]
[0,224,1598,2020]
[0,665,1370,2020]
[0,224,2020]
[0,118,224,362,665,1268,1394,1598,1823,1935,2020]
[0,224,670,1268,1408,1598,1823,2020]
[0,229,665,1268,1394,1598,1823,2020]
[0,118,224,665,1598,2020]
[0,118,224,362,489,1268,1408,1598,1823,1935,2020]
[0,118,224,489,1268,1408,2020]
[0,118,224,355,489,1598,2020]
[0,224,670,1268,1598,2020]
[0,224,665,1268,1598,2020]
[0,224,1268,1408,1598,1823,2020]
[0,224,362,489,1268,1408,2020]
[0,665,1598,2020]
[0,224,489,1598,2020]
[0,224,670,1598,1823,2020]
[0,118,2020]
[0,224,665,1598,1823,2020]
[0,118,224,355,489,1268,1394,1598,1823,2020]
[0,118,224,489,1598,2020]
[0,118,224,1268,1408,2020]
[0,118,224,362,670,1268,1408,1598,2020]
[0,118,224,665,1268,1394,1598,1823,2020]
[0,118,224,362,489,1268,1408,1598,1823,2020]
[0,118,229,2020]
[0,118,224,362,670,1268,1408,1598,1823,2020]
[0,118,229,665,1598,2020]
[0,229,665,1268,1598,1823,2020]
[0,118,1935,2020]
[0,224,1268,1598,2020]
[0,118,224,362,489,1268,1408,1598,2020]
[0,118,224,355,489,1268,1394,1598,1823,1935,2020]
[0,489,1268,1598,2020]
[0,118,224,670,1268,1408,1598,1823,2020]
[0,229,665,1598,1823,2020]
[0,224,489,1268,1408,2020]
[0,1268,1598,2020]
[0,224,362,489,1268,1408,1598,2020]
[0,489,2020]
[0,670,2020]
[0,1268,2020]
[0,229,665,1268,1598,2020]
[0,118,224,355,489,1598,1823,2020]
[0,118,224,670,1268,1408,1598,2020]
[0,224,362,489,1268,1408,1598,1823,2020]
[0,118,229,665,1598,1823,2020]
[0,118,224,2020]
[0,118,224,355,489,665,1268,1394,1598,1823,1935,2020]
[0,118,229,1598,2020]
[0,665,2020]
[0,118,224,670,1268,1408,1598,1823,1935,2020]
[0,224,1268,1598,1823,2020]
[0,118,224,362,489,1268,1408,2020]
[0,665,1268,1598,2020]
[0,224,1268,1408,2020]
[0,118,229,665,1268,1598,1823,2020]
[0,118,224,362,670,1268,1408,1598,1823,1935,2020]
[0,224,489,1268,1408,1598,2020]
[0,224,665,1268,1394,1598,1823,2020]
[0,224,665,2020]
[0,224,355,489,1598,2020]
[0,224,665,1268,1598,1823,2020]
[0,224,362,489,670,1268,1408,1598,1823,2020]
[0,1408,2020]
[0,224,489,1598,1823,2020]
[0,224,355,489,1268,1598,1823,2020]
[0,224,362,670,1268,1408,1598,2020]
[0,224,670,1408,2020]
[0,224,362,665,1268,1394,1598,1823,2020]
[0,224,489,1268,1598,2020]
[0,224,489,665,1268,1598,1823,2020]
[0,224,489,1268,1408,1598,1823,2020]
[0,118,224,665,1268,1394,1598,1823,1935,2020]
[0,670,1598,2020]
[0,118,224,665,1598,1823,2020]
[0,229,665,1598,2020]
[0,224,670,1268,1598,1823,2020]
[0,118,224,1598,2020]
[0,224,355,489,1268,1394,1598,1823,2020]
[0,224,355,489,665,1598,1823,2020]
[0,224,1408,2020]
[0,118,224,665,1268,1598,1823,2020]
[0,224,355,489,1598,1823,2020]
