[0,111,322,652,875,1053,1197]
[0,111,292,875,1053,1197]
[0,335,534,744,1197]
[0,387,744,1053,1197]
[0,292,387,744,1053,1197]
[0,111,335,652,744,1053,1197]
[0,652,744,1053,1197]
[0,335,534,652,744,875,1053,1197]
[0,271,335,534,652,744,1053,1197]
[0,387,523,744,1053,1197]
[0,387,744,1197]
[0,111,875,1197]
[0,322,652,875,1053,1197]
[0,335,387,744,1197]
[0,335,744,1197]
[0,271,335,1197]
[0,271,335,744,1197]
[0,322,387,875,1197]
[0,335,652,744,1053,1197]
[0,111,335,534,652,875,1053,1197]
[0,335,387,1197]
[0,335,652,744,875,1053,1197]
[0,523,652,744,1053,1197]
[0,387,652,875,1197]
[0,271,335,523,652,744,1053,1197]
[0,111,335,387,534,652,875,1053,1197]
[0,523,744,1053,1197]
[0,292,652,875,1053,1197]
[0,335,652,744,1197]
[0,111,335,1197]
[0,271,335,534,652,744,875,1053,1197]
[0,875,1197]
[0,271,335,523,652,744,875,1053,1197]
[0,652,1197]
[0,335,387,652,744,1053,1197]
[0,271,335,387,1197]
[0,271,335,652,744,1053,1197]
[0,111,335,387,534,652,744,1053,1197]
[0,335,534,744,1053,1197]
[0,322,387,1197]
[0,111,335,652,1197]
[0,335,744,1053,1197]
[0,335,387,875,1197]
[0,271,335,652,744,875,1053,1197]
[0,335,652,875,1053,1197]
[0,271,335,387,523,652,744,1053,1197]
[0,111,292,387,523,652,744,875,1053,1197]
[0,292,387,523,652,875,1053,1197]
[0,335,523,652,875,1053,1197]
[0,111,292,387,523,652,875,1053,1197]
[0,652,875,1053,1197]
[0,271,335,652,744,1197]
[0,322,1197]
[0,111,335,652,744,875,1053,1197]
[0,322,875,1197]
[0,335,652,1197]
[0,111,335,387,534,652,744,875,1053,1197]
[0,335,534,652,875,1053,1197]
[0,292,387,875,1053,1197]
[0,652,875,1197]
[0,335,387,875,1053,1197]
[0,111,335,652,875,1053,1197]
[0,335,652,875,1197]
[0,111,335,534,744,1053,1197]
[0,292,512,652,875,1053,1197]
[0,523,744,1197]
[0,111,335,534,652,744,875,1053,1197]
[0,744,1197]
[0,111,335,744,1053,1197]
[0,271,335,652,1197]
[0,335,523,744,1197]
[0,111,335,875,1053,1197]
[0,271,335,387,652,744,1053,1197]
[0,387,1197]
[0,335,523,744,1053,1197]
[0,292,523,652,875,1053,1197]
[0,322,652,1197]
[0,111,292,523,652,875,1053,1197]
[0,875,1053,1197]
[0,322,387,875,1053,1197]
[0,292,875,1197]
[0,111,292,387,652,875,1053,1197]
[0,335,523,652,744,875,1053,1197]
[0,335,875,1053,1197]
[0,111,292,387,875,1053,1197]
[0,111,335,1053,1197]
[0,292,387,523,652,744,875,1053,1197]
[0,271,335,387,523,652,744,875,1053,1197]
[0,111,322,387,652,875,1053,1197]
[0,335,387,652,875,1053,1197]
[0,387,523,652,744,1053,1197]
[0,271,335,387,534,652,744,875,1053,1197]
[0,271,335,387,744,1197]
[0,335,387,534,652,744,1053,1197]
[0,335,875,1197]
[0,387,523,652,875,1053,1197]
[0,387,652,875,1053,1197]
[0,292,387,523,744,1053,1197]
[0,111,292,652,875,1053,1197]
[0,271,335,387,652,744,1197]
[0,335,387,534,652,875,1053,1197]
[0,322,652,875,1197]
[0,111,322,387,875,1053,1197]
[0,111,875,1053,1197]
[0,335,523,652,744,1053,1197]
[0,322,875,1053,1197]
[0,387,875,1197]
[0,335,387,652,744,1197]
[0,292,875,1053,1197]
[0,111,292,512,652,875,1053,1197]
[0,652,744,1197]
[0,292,387,523,652,744,1053,1197]
[0,111,335,534,652,744,1053,1197]
[0,335,1053,1197]
[0,335,534,652,744,1053,1197]
[0,111,292,387,512,652,875,1053,1197]
[0,300,1197]
[0,111,322,875,1053,1197]
[0,111,652,875,1197]
[0,271,335,387,534,652,744,1053,1197]
[0,111,335,387,875,1053,1197]
[0,292,652,875,1197]
[0,744,1053,1197]
[0,300,652,1197]
[0,335,1197]
[0,523,652,875,1053,1197]
