[0,682,953,1236,1575,1911]
[0,682,953,1068,1528,1911]
[0,682,1068,1911]
[0,682,1528,1911]
[0,426,682,953,1068,1528,1911]
[0,319,426,682,953,1068,1575,1911]
[0,319,426,1528,1911]
[0,682,1236,1575,1911]
[0,319,426,1236,1551,1911]
[0,426,682,953,1068,1528,1756,1911]
[0,426,682,953,1068,1575,1756,1911]
[0,319,426,682,953,1068,1236,1528,1575,1756,1911]
[0,319,426,953,1068,1575,1911]
[0,426,1068,1528,1756,1911]
[0,319,426,682,953,1068,1528,1756,1911]
[0,682,1911]
[0,426,1068,1551,1911]
[0,682,1068,1528,1911]
[0,426,1551,1911]
[0,319,426,1068,1528,1911]
[0,319,426,1236,1528,1911]
[0,682,1575,1911]
[0,42,319,426,682,953,1068,1236,1575,1911]
[0,42,319,426,682,953,1068,1528,1756,1911]
[0,42,319,426,682,953,1068,1236,1528,1575,1911]
[0,426,1911]
[0,319,426,1551,1911]
[0,426,1236,1575,1911]
[0,426,1068,1528,1911]
[0,682,953,1068,1575,1911]
[0,426,682,1068,1528,1911]
[0,319,426,953,1068,1528,1911]
[0,682,1236,1911]
[0,426,682,953,1068,1575,1911]
[0,319,426,1236,1528,1756,1911]
[0,319,426,682,953,1068,1236,1575,1911]
[0,1528,1911]
[0,426,1236,1528,1756,1911]
[0,426,1068,1911]
[0,426,1528,1911]
[0,426,682,953,1236,1575,1911]
[0,42,319,426,682,1236,1528,1756,1911]
[0,319,426,1068,1551,1911]
[0,319,426,682,953,1068,1236,1528,1575,1911]
[0,426,682,1236,1528,1756,1911]
[0,42,426,1068,1551,1911]
[0,682,1068,1575,1911]
[0,426,682,953,1068,1236,1575,1911]
[0,426,1236,1528,1911]
[0,426,682,1236,1528,1911]
[0,426,682,953,1236,1575,1756,1911]
[0,426,682,953,1068,1236,1575,1756,1911]
[0,42,319,426,682,953,1068,1236,1528,1575,1756,1911]
[0,42,319,426,682,953,1068,1575,1911]
[0,42,426,1068,1528,1911]
[0,1551,1911]
[0,426,1068,1575,1911]
[0,426,682,1068,1528,1756,1911]
[0,319,426,682,953,1068,1528,1911]
[0,319,426,682,953,1068,1236,1575,1756,1911]
[0,426,682,1068,1575,1911]
[0,426,1575,1911]
[0,319,426,682,1236,1528,1756,1911]
[0,426,953,1068,1575,1911]
[0,319,426,682,953,1068,1575,1756,1911]
[0,1575,1911]
[0,1236,1911]
[0,426,1236,1551,1911]
[0,426,1236,1911]
[0,426,682,1068,1575,1756,1911]
[0,319,426,1575,1911]
[0,426,682,1236,1575,1911]
[0,1068,1911]
[0,426,953,1068,1528,1911]
[0,319,426,1068,1575,1911]
