[0,66,728,1327]
[0,313,728,1218,1327]
[0,145,313,386,728,780,1327]
[0,145,313,728,780,1327]
[0,145,728,780,1327]
[0,780,1327]
[0,145,313,386,728,1327]
[0,66,313,386,541,728,1327]
[0,386,1327]
[0,66,313,386,1327]
[0,313,386,1327]
[0,313,780,1327]
[0,780,983,1327]
[0,66,313,386,541,728,780,1327]
[0,66,728,780,1327]
[0,313,1327]
[0,764,1327]
[0,66,313,386,728,1327]
[0,66,313,728,780,1327]
[0,728,780,1327]
[0,145,541,780,983,1327]
[0,145,334,1327]
[0,145,728,1327]
[0,66,313,1327]
[0,386,541,728,1327]
[0,145,334,764,1327]
[0,66,313,386,728,780,1327]
[0,145,313,728,1327]
[0,541,728,1327]
[0,541,780,983,1327]
[0,66,1327]
[0,541,983,1327]
[0,541,1327]
[0,145,1327]
[0,145,313,541,728,1327]
[0,145,983,1327]
[0,145,313,386,541,728,780,1327]
[0,313,386,728,1327]
[0,145,313,386,541,728,1327]
[0,313,541,728,1327]
[0,334,1327]
[0,728,1327]
[0,334,764,1327]
[0,66,313,728,1327]
[0,983,1327]
[0,313,728,1327]
[0,145,780,983,1327]
[0,145,313,386,1327]
[0,313,386,541,728,1327]
[0,145,313,1327]
