[0,235,595,889,1289,1756,2020]
[0,595,1289,2020]
[0,595,889,1289,1756,2020]
[0,642,1289,2020]
[0,1935,2020]
[0,595,889,1289,1667,1935,2020]
[0,595,889,1935,2020]
[0,1756,2020]
[0,642,1289,1935,2020]
[0,595,889,1289,1667,2020]
[0,595,889,1289,1667,1756,2020]
[0,595,889,1756,2020]
[0,595,889,1289,1667,1756,1935,2020]
[0,1289,2020]
[0,595,1935,2020]
[0,642,2020]
[0,235,595,889,1289,1667,1756,1935,2020]
[0,235,595,889,1289,1667,1756,2020]
[0,595,889,1289,1935,2020]
[0,642,1935,2020]
[0,595,889,1289,2020]
[0,595,1289,1667,2020]
[0,595,1756,2020]
[0,595,2020]
[0,595,889,2020]
