[0,1219,1505,1717,2189]
[0,744,2189]
[0,744,1717,2189]
[0,115,1219,1717,1918,2081,2189]
[0,744,1099,1219,1717,2189]
[0,1219,2189]
[0,115,1717,2189]
[0,115,744,1099,1219,1717,2189]
[0,820,899,1219,1717,2081,2189]
[0,744,820,1717,2189]
[0,817,899,1717,2081,2189]
[0,115,1717,1918,2081,2189]
[0,115,899,1219,1717,2189]
[0,115,744,824,1219,1717,2081,2189]
[0,115,744,1219,1717,2189]
[0,817,1717,2189]
[0,744,1219,2189]
[0,820,1717,2081,2189]
[0,115,1219,1717,2081,2189]
[0,899,1219,1717,2189]
[0,824,1717,2189]
[0,115,1219,1717,1918,2189]
[0,115,744,824,1717,2081,2189]
[0,744,824,1717,2189]
[0,1219,1717,2189]
[0,820,2189]
[0,115,744,1717,2081,2189]
[0,115,1219,1505,1717,2189]
[0,817,899,1219,1717,2081,2189]
[0,820,1717,2189]
[0,115,744,824,1099,1219,1717,2081,2189]
[0,817,899,1717,2189]
[0,824,2189]
[0,115,744,1099,1219,1717,2081,2189]
[0,744,824,1717,2081,2189]
[0,817,2189]
[0,115,817,899,1219,1717,2081,2189]
[0,820,899,1717,2081,2189]
[0,115,1717,2081,2189]
[0,820,899,1717,2189]
[0,115,1219,1717,2189]
[0,744,820,1717,2081,2189]
[0,115,744,1219,1717,2081,2189]
[0,744,1219,1717,2189]
[0,899,1219,1717,2081,2189]
[0,817,1717,2081,2189]
[0,1717,1918,2189]
[0,144,1717,2189]
[0,115,744,820,1717,2081,2189]
[0,1219,1717,2081,2189]
[0,1219,1717,1918,2189]
[0,115,744,1717,2189]
[0,1717,2081,2189]
[0,1717,2189]
[0,824,1717,2081,2189]
[0,115,899,1219,1717,2081,2189]
[0,115,1717,1918,2189]
