[0,637,809,883,965,1249,2011,2211]
[0,883,1510,2211]
[0,637,809,883,965,1249,2088,2211]
[0,637,883,965,1249,2011,2211]
[0,637,883,1510,2011,2211]
[0,883,1578,2211]
[0,637,883,965,1249,1510,2011,2211]
[0,637,809,883,965,1249,1510,2011,2211]
[0,637,883,965,1510,2011,2211]
[0,637,1154,1510,2211]
[0,637,1249,1510,2011,2211]
[0,637,809,883,965,1249,2211]
[0,1507,2211]
[0,637,1094,1510,2011,2211]
[0,637,1249,1510,2088,2211]
[0,637,965,1154,2211]
[0,637,965,1094,1510,2011,2211]
[0,637,965,1249,2088,2211]
[0,637,883,965,1249,2088,2211]
[0,637,883,965,1249,1510,2088,2211]
[0,637,1507,2211]
[0,637,965,1249,2011,2211]
[0,637,883,965,1249,2211]
[0,637,1094,1510,2211]
[0,637,2211]
[0,637,965,1154,1510,2211]
[0,637,1249,1510,2211]
[0,637,883,965,1154,1510,2211]
[0,637,883,965,1154,1510,2088,2211]
[0,637,1249,2211]
[0,637,883,1510,2211]
[0,637,883,965,1154,2211]
[0,883,2211]
[0,1510,2211]
[0,637,883,965,1510,2211]
[0,637,1154,2211]
[0,637,1510,2211]
[0,637,883,965,1094,1510,2011,2211]
[0,637,965,1249,1510,2211]
[0,637,965,1154,1510,2088,2211]
[0,637,965,1249,1510,2011,2211]
[0,637,965,1249,1510,2088,2211]
[0,637,1578,2211]
[0,637,1249,2011,2211]
[0,637,1249,2088,2211]
[0,637,809,883,965,1249,1510,2088,2211]
[0,637,1510,2011,2211]
[0,637,965,1249,2211]
