[0,331,645,802,1307,2211]
[0,331,639,802,1026,1183,1321,2211]
[0,331,547,802,1026,1307,2211]
[0,331,547,645,802,1307,2211]
[0,331,600,1307,2211]
[0,331,547,639,802,1026,1307,2211]
[0,331,639,1307,2211]
[0,331,639,802,1026,1307,2211]
[0,547,802,1026,1307,2211]
[0,547,1307,2211]
[0,600,2211]
[0,331,639,1026,1321,2211]
[0,547,2211]
[0,645,1307,2211]
[0,331,600,802,1307,2211]
[0,331,639,802,1321,2211]
[0,639,1321,2211]
[0,331,547,639,802,1026,1183,1321,2211]
[0,331,1307,2211]
[0,115,331,547,645,802,1026,1183,1307,2211]
[0,600,1321,2211]
[0,331,639,1026,1307,2211]
[0,331,639,802,1026,1321,2211]
[0,331,600,1026,1307,2211]
[0,331,2211]
[0,115,331,547,639,802,1026,1183,1321,2211]
[0,639,2211]
[0,115,331,645,802,1026,1183,1307,2211]
[0,331,547,802,1307,2211]
[0,331,547,1307,2211]
[0,600,1026,1307,2211]
[0,331,645,1307,2211]
[0,331,639,802,1307,2211]
[0,645,2211]
[0,331,639,1321,2211]
[0,331,547,645,802,1026,1307,2211]
[0,1321,2211]
[0,115,331,645,802,1026,1307,2211]
[0,639,1307,2211]
[0,331,547,639,802,1321,2211]
[0,331,645,802,1026,1307,2211]
[0,331,547,639,802,1026,1321,2211]
[0,115,331,547,645,802,1026,1307,2211]
[0,331,645,1026,1307,2211]
[0,331,600,1321,2211]
[0,115,331,639,802,1026,1183,1321,2211]
[0,331,600,802,1321,2211]
[0,547,802,1307,2211]
[0,331,600,802,1026,1307,2211]
[0,331,645,802,1026,1183,1307,2211]
[0,600,1307,2211]
[0,1307,2211]
