[0,278,534,1360,1758,2183,2497,2641,2824]
[0,534,2146,2824]
[0,534,1360,1758,2183,2445,2824]
[0,278,534,1360,1758,2065,2146,2445,2824]
[0,534,1360,2824]
[0,534,2183,2824]
[0,278,534,985,1116,1360,1758,2146,2519,2824]
[0,534,2824]
[0,534,1360,2146,2824]
[0,534,1116,2183,2824]
[0,278,534,1116,1360,1758,2019,2183,2445,2824]
[0,340,1165,2019,2497,2824]
[0,534,1360,1758,2146,2445,2824]
[0,278,534,1360,1758,2065,2146,2519,2824]
[0,278,534,1116,1360,2183,2497,2641,2824]
[0,278,534,1116,2183,2497,2641,2824]
[0,278,534,985,1116,1360,1758,2065,2146,2519,2641,2824]
[0,278,534,985,1116,2146,2519,2824]
[0,1360,2183,2824]
[0,1284,2824]
[0,534,1116,1758,2146,2519,2824]
[0,534,1360,1758,2183,2497,2824]
[0,278,2824]
[0,534,2183,2445,2824]
[0,278,534,1360,2183,2497,2641,2824]
[0,278,534,1116,1758,2146,2519,2824]
[0,340,1165,2824]
[0,1165,2824]
[0,534,1360,1758,2146,2824]
[0,534,1360,2183,2445,2824]
[0,278,534,1360,1758,2183,2445,2824]
[0,278,534,985,1116,1360,1758,2183,2497,2641,2824]
[0,278,534,1116,1360,2183,2497,2824]
[0,534,2183,2519,2824]
[0,1165,2019,2824]
[0,278,534,1116,2146,2519,2824]
[0,534,1360,1758,2183,2824]
[0,534,985,1116,2183,2497,2824]
[0,340,1116,2824]
[0,1116,2824]
[0,278,534,1360,1758,2146,2519,2824]
[0,278,1116,2146,2519,2824]
[0,1360,2824]
[0,2183,2824]
[0,278,534,985,1116,1360,2183,2497,2641,2824]
[0,278,534,1116,1360,1758,2065,2146,2519,2824]
[0,1116,2146,2519,2824]
[0,534,2183,2497,2824]
[0,1116,2183,2824]
[0,278,534,985,1116,2183,2497,2641,2824]
[0,278,534,1360,1758,2183,2497,2824]
[0,534,1116,2146,2824]
[0,278,534,1360,1758,2183,2519,2824]
[0,278,534,1116,1360,1758,2183,2445,2824]
[0,340,1116,2146,2519,2824]
[0,534,2146,2519,2824]
[0,534,1116,1758,2146,2824]
[0,278,534,1116,1360,1758,2019,2183,2497,2641,2824]
[0,278,534,1116,1360,1758,2146,2519,2824]
[0,278,534,1360,2146,2445,2824]
[0,534,1360,2183,2519,2824]
[0,534,1360,2183,2497,2824]
[0,642,2824]
[0,1360,2146,2824]
[0,278,534,1116,1360,1758,2183,2497,2824]
[0,278,534,1116,1360,1758,2183,2519,2824]
[0,278,534,1360,2183,2497,2824]
[0,278,534,1360,2183,2519,2824]
[0,278,1116,2146,2824]
[0,278,534,1116,1360,1758,2065,2146,2445,2824]
[0,278,534,985,1116,1360,1758,2146,2519,2641,2824]
[0,534,1116,2146,2519,2824]
[0,340,1284,2824]
[0,278,534,985,1116,1758,2146,2519,2824]
[0,278,534,1360,2146,2519,2824]
[0,534,1360,2183,2824]
[0,642,2183,2824]
[0,534,1360,2146,2445,2824]
[0,278,534,1360,1758,2146,2445,2824]
[0,278,534,1116,1360,1758,2019,2183,2497,2824]
[0,278,534,1116,1360,1758,2019,2183,2519,2824]
[0,534,1360,1758,2183,2519,2824]
[0,534,1360,1758,2146,2519,2824]
[0,278,534,985,1116,2183,2497,2824]
[0,278,534,1116,2183,2497,2824]
[0,534,2146,2445,2824]
[0,340,1165,2019,2824]
[0,534,1116,2183,2497,2824]
[0,1116,2146,2824]
[0,340,1116,2146,2824]
[0,278,1116,2824]
[0,278,534,985,1116,1360,1758,2019,2183,2497,2641,2824]
[0,278,534,1116,1360,1758,2146,2445,2824]
[0,2146,2824]
[0,534,985,1116,2146,2519,2824]
[0,278,534,1116,1360,1758,2183,2497,2641,2824]
[0,534,1360,2146,2519,2824]
[0,278,534,1360,2183,2445,2824]
