[0,241,576,718,952,1091,1197]
[0,121,283,576,718,952,1197]
[0,121,241,576,718,952,1197]
[0,241,576,718,952,1197]
[0,241,345,1091,1197]
[0,283,952,1197]
[0,601,1197]
[0,241,601,1197]
[0,242,1197]
[0,121,241,354,576,718,952,1010,1091,1197]
[0,121,241,576,718,952,1081,1197]
[0,241,601,1091,1197]
[0,242,1091,1197]
[0,241,576,718,952,1010,1091,1197]
[0,121,241,576,718,952,1010,1081,1197]
[0,121,241,354,576,718,952,1091,1197]
[0,576,718,952,1010,1091,1197]
[0,121,241,354,576,718,902,952,1091,1197]
[0,576,952,1197]
[0,576,1197]
[0,121,241,354,576,718,905,952,1197]
[0,283,1197]
[0,121,241,354,576,718,902,952,1197]
[0,241,576,718,952,1081,1197]
[0,576,718,952,1197]
[0,283,576,718,952,1197]
[0,241,1091,1197]
[0,952,1197]
[0,241,1197]
[0,576,718,952,1010,1197]
[0,241,952,1197]
[0,121,241,354,576,718,952,1197]
[0,121,241,576,718,952,1091,1197]
[0,121,241,576,718,952,1010,1091,1197]
[0,283,718,952,1197]
[0,576,718,1197]
[0,241,576,718,952,1010,1197]
[0,121,241,354,576,718,952,1081,1197]
[0,241,354,718,952,1197]
[0,241,345,601,1091,1197]
[0,242,601,1197]
[0,241,576,718,952,1010,1081,1197]
[0,241,718,952,1197]
[0,576,718,952,1091,1197]
[0,121,241,354,576,718,952,1010,1081,1197]
[0,121,241,354,576,718,905,952,1010,1081,1197]
[0,121,241,354,576,718,902,952,1010,1091,1197]
[0,121,283,576,718,952,1091,1197]
