[0,105,472,572,723,857,922]
[0,105,472,572,922]
[0,97,472,572,922]
[0,97,311,472,546,857,922]
[0,472,546,857,922]
[0,472,837,922]
[0,374,723,922]
[0,97,472,922]
[0,105,311,572,922]
[0,97,374,472,546,723,857,922]
[0,374,472,922]
[0,105,311,472,572,723,857,922]
[0,105,472,723,922]
[0,105,311,472,572,922]
[0,374,922]
[0,472,572,723,922]
[0,472,546,723,922]
[0,106,472,837,922]
[0,374,546,723,922]
[0,97,472,572,723,922]
[0,97,311,472,546,922]
[0,472,546,922]
[0,472,572,922]
[0,97,311,922]
[0,97,374,472,572,723,857,922]
[0,97,311,546,723,922]
[0,97,158,374,472,546,723,857,922]
[0,105,311,572,723,922]
[0,374,546,922]
[0,105,374,472,572,723,922]
[0,97,374,472,572,723,922]
[0,311,546,922]
[0,97,472,723,922]
[0,158,922]
[0,105,472,922]
[0,311,572,723,922]
[0,105,311,922]
[0,97,472,546,723,922]
[0,105,374,472,572,922]
[0,105,472,572,723,922]
[0,97,374,472,546,922]
[0,97,311,546,922]
[0,97,374,472,546,723,922]
[0,97,374,546,922]
[0,105,311,472,572,723,922]
[0,105,374,472,572,723,857,922]
[0,97,311,472,546,723,857,922]
[0,311,572,922]
[0,311,546,723,922]
[0,97,472,546,723,857,922]
[0,472,723,922]
[0,472,922]
[0,97,311,472,546,723,922]
[0,374,472,572,922]
[0,472,572,723,857,922]
[0,374,472,572,723,922]
[0,97,472,572,723,857,922]
[0,97,472,546,922]
[0,97,374,472,572,922]
[0,97,374,472,546,857,922]
[0,311,922]
[0,472,546,723,857,922]
[0,106,472,922]
[0,97,374,546,723,922]
