[0,45,185,265,375,507,708,932,1120,1495,1562]
[0,45,375,1562]
[0,45,230,375,1495,1562]
[0,1183,1562]
[0,45,185,375,708,932,1495,1562]
[0,375,932,1562]
[0,932,1562]
[0,185,375,507,1495,1562]
[0,70,321,1402,1562]
[0,375,1562]
[0,185,375,932,1562]
[0,45,265,375,507,932,1495,1562]
[0,45,230,375,1562]
[0,185,375,708,1495,1562]
[0,185,375,507,1562]
[0,375,1495,1562]
[0,45,265,375,708,932,1083,1495,1562]
[0,45,185,375,708,932,1083,1495,1562]
[0,70,321,1562]
[0,185,375,708,932,1083,1495,1562]
[0,375,708,1495,1562]
[0,185,375,1495,1562]
[0,230,375,1495,1562]
[0,45,265,375,708,932,1495,1562]
[0,185,375,932,1120,1562]
[0,185,375,708,932,1120,1562]
[0,185,265,375,507,708,932,1562]
[0,185,265,375,507,932,1495,1562]
[0,1402,1562]
[0,185,265,375,507,1562]
[0,265,375,708,932,1495,1562]
[0,375,708,932,1495,1562]
[0,45,265,375,507,932,1120,1495,1562]
[0,265,375,507,708,932,1120,1495,1562]
[0,265,375,507,932,1562]
[0,185,265,375,507,708,932,1120,1495,1562]
[0,265,375,507,932,1495,1562]
[0,321,1562]
[0,70,1562]
[0,265,375,507,708,932,1120,1562]
[0,265,658,1562]
[0,45,185,375,1562]
[0,70,321,1495,1562]
[0,185,375,708,1562]
[0,265,375,507,932,1120,1562]
[0,265,375,507,1495,1562]
[0,230,375,708,932,1562]
[0,45,265,375,507,1495,1562]
[0,185,265,375,507,932,1562]
[0,230,375,708,932,1495,1562]
[0,375,708,1562]
[0,185,375,507,932,1120,1562]
[0,185,375,708,932,1562]
[0,185,265,375,507,708,932,1120,1562]
[0,265,375,507,932,1120,1495,1562]
[0,375,708,932,1120,1562]
[0,185,375,507,708,932,1562]
[0,658,1402,1562]
[0,230,375,708,1495,1562]
[0,45,1562]
[0,230,375,708,932,1120,1562]
[0,265,375,507,708,932,1562]
[0,230,375,708,932,1120,1495,1562]
[0,265,375,507,1562]
[0,185,265,375,507,1495,1562]
[0,265,375,708,932,1083,1495,1562]
[0,311,1562]
[0,265,375,1495,1562]
[0,185,375,708,932,1083,1562]
[0,265,932,1402,1562]
[0,185,375,507,708,932,1120,1562]
[0,375,507,708,932,1562]
[0,375,507,1562]
[0,311,1183,1562]
[0,375,708,932,1562]
[0,45,265,375,1562]
[0,45,265,375,1495,1562]
[0,265,375,708,932,1562]
[0,185,265,375,1562]
[0,932,1402,1562]
[0,185,375,1562]
[0,265,932,1562]
[0,375,507,708,932,1120,1562]
[0,265,658,1402,1562]
[0,265,375,1562]
[0,265,375,708,1495,1562]
[0,185,265,375,507,932,1120,1495,1562]
[0,375,507,932,1562]
[0,45,230,375,708,932,1495,1562]
[0,658,1562]
[0,45,185,375,708,1495,1562]
[0,375,507,932,1120,1562]
[0,375,932,1120,1562]
[0,45,185,375,1495,1562]
[0,265,375,708,932,1083,1562]
[0,185,265,375,507,932,1120,1562]
[0,45,230,375,708,932,1120,1495,1562]
[0,375,708,932,1083,1562]
[0,45,265,375,708,1495,1562]
[0,265,375,708,1562]
[0,185,375,507,932,1562]
[0,230,375,1562]
[0,45,230,375,708,1495,1562]
[0,321,1402,1562]
[0,230,375,708,1562]
[0,185,375,708,932,1495,1562]
[0,45,265,375,507,708,932,1120,1495,1562]
