[0,549,837,961,1064,1264]
[0,549,837,1264]
[0,658,1264]
[0,160,660,961,1064,1264]
[0,523,837,1064,1264]
[0,79,160,549,956,1064,1264]
[0,549,660,1064,1264]
[0,160,549,660,1064,1264]
[0,160,523,660,961,1064,1264]
[0,79,160,660,961,1064,1264]
[0,549,956,1064,1264]
[0,79,160,523,660,961,1064,1264]
[0,603,1064,1264]
[0,660,1064,1264]
[0,549,837,1064,1264]
[0,79,160,658,956,1064,1264]
[0,160,660,1064,1264]
[0,160,660,837,961,1064,1264]
[0,79,160,660,837,961,1064,1264]
[0,79,549,660,956,1064,1264]
[0,160,660,956,1064,1264]
[0,837,1064,1264]
[0,160,549,837,956,1064,1264]
[0,160,523,660,1064,1264]
[0,160,309,523,660,837,961,1064,1264]
[0,895,1064,1264]
[0,956,1064,1264]
[0,160,549,837,1064,1264]
[0,549,837,956,1064,1264]
[0,160,549,660,956,1064,1264]
[0,79,160,549,616,660,956,1064,1264]
[0,160,523,837,1064,1264]
[0,160,658,1064,1264]
[0,660,956,1064,1264]
[0,79,160,660,956,1064,1264]
[0,658,956,1064,1264]
[0,660,837,1064,1264]
[0,160,658,956,1064,1264]
[0,160,549,956,1064,1264]
[0,160,660,837,1064,1264]
[0,603,1264]
[0,160,523,660,837,961,1064,1264]
[0,523,837,1264]
[0,549,1064,1264]
[0,79,658,956,1064,1264]
[0,79,660,961,1064,1264]
[0,160,309,523,660,837,1064,1264]
[0,660,1264]
[0,79,160,523,616,660,961,1064,1264]
[0,658,1064,1264]
[0,79,160,523,616,660,837,961,1064,1264]
[0,79,160,549,837,956,1064,1264]
[0,160,523,660,837,1064,1264]
[0,660,961,1064,1264]
[0,79,160,549,660,956,1064,1264]
[0,660,837,961,1064,1264]
[0,160,1264]
[0,79,160,523,660,837,961,1064,1264]
[0,79,160,309,523,616,660,837,961,1064,1264]
[0,79,549,956,1064,1264]
[0,523,961,1264]
[0,160,309,523,837,1064,1264]
[0,549,616,660,956,1064,1264]
[0,895,1264]
[0,523,1264]
[0,549,660,956,1064,1264]
[0,160,549,1064,1264]
[0,79,160,309,523,660,837,961,1064,1264]
[0,603,895,1064,1264]
[0,549,1264]
[0,956,1264]
[0,79,660,956,1064,1264]
[0,79,160,616,660,961,1064,1264]
[0,549,961,1064,1264]
[0,837,1264]
[0,79,549,616,660,956,1064,1264]
