[0,218,831,969]
[0,566,831,969]
[0,218,395,641,969]
[0,218,494,566,641,735,831,969]
[0,49,218,329,384,566,641,831,969]
[0,384,641,969]
[0,218,384,566,641,831,969]
[0,218,384,969]
[0,218,395,969]
[0,218,329,395,566,641,735,831,969]
[0,389,969]
[0,49,218,329,395,566,641,735,831,969]
[0,106,494,694,969]
[0,218,395,566,641,735,831,969]
[0,106,384,641,831,969]
[0,494,641,831,969]
[0,384,566,641,969]
[0,218,641,969]
[0,218,566,641,831,969]
[0,218,395,735,969]
[0,395,641,831,969]
[0,218,329,395,566,641,831,969]
[0,384,566,641,831,969]
[0,77,384,831,969]
[0,329,969]
[0,49,218,566,641,735,831,969]
[0,384,969]
[0,318,969]
[0,395,969]
[0,395,641,969]
[0,218,566,735,969]
[0,329,384,566,641,831,969]
[0,49,218,566,641,831,969]
[0,494,969]
[0,395,566,641,969]
[0,106,831,969]
[0,395,735,969]
[0,494,694,969]
[0,49,395,566,641,831,969]
[0,384,831,969]
[0,77,384,641,831,969]
[0,106,389,641,831,969]
[0,106,969]
[0,106,494,969]
[0,566,641,831,969]
[0,494,641,969]
[0,218,395,566,735,969]
[0,218,969]
[0,49,329,395,566,641,831,969]
[0,735,969]
[0,218,566,641,735,831,969]
[0,106,566,969]
[0,49,566,641,831,969]
[0,384,641,831,969]
[0,395,831,969]
[0,49,566,641,969]
[0,218,566,641,969]
[0,49,384,566,641,831,969]
[0,49,494,831,969]
[0,218,329,384,566,641,831,969]
[0,389,831,969]
[0,318,641,969]
[0,218,395,641,831,969]
[0,395,566,641,831,969]
[0,49,218,329,395,566,641,831,969]
[0,494,831,969]
[0,218,566,969]
[0,106,566,641,969]
[0,106,389,831,969]
[0,218,384,831,969]
[0,831,969]
[0,329,395,566,641,831,969]
[0,389,641,831,969]
[0,566,641,969]
[0,106,566,641,831,969]
[0,49,329,384,566,641,831,969]
[0,389,641,969]
[0,641,969]
[0,329,641,969]
[0,218,384,641,969]
[0,566,969]
[0,49,494,641,831,969]
[0,218,395,566,641,831,969]
[0,218,395,831,969]
[0,218,735,969]
[0,566,735,969]
[0,77,384,566,641,831,969]
[0,218,566,831,969]
[0,218,566,735,831,969]
[0,106,566,831,969]
[0,106,384,566,641,831,969]
[0,49,218,494,566,641,735,831,969]
[0,218,384,641,831,969]
[0,395,566,735,969]
[0,106,384,831,969]
[0,218,395,566,735,831,969]
