[0,108,421,608,940,1264]
[0,421,1040,1264]
[0,421,514,1040,1264]
[0,225,421,1264]
[0,225,421,833,1040,1264]
[0,940,1264]
[0,108,833,940,1040,1264]
[0,420,1040,1264]
[0,225,421,608,1040,1264]
[0,421,608,833,1040,1264]
[0,421,833,1040,1264]
[0,108,225,421,608,940,1040,1264]
[0,421,897,1264]
[0,108,940,1040,1264]
[0,108,1178,1264]
[0,108,421,1264]
[0,108,225,421,608,940,1040,1178,1264]
[0,108,421,514,833,940,1040,1264]
[0,108,225,421,608,833,940,1040,1264]
[0,108,225,421,1040,1264]
[0,108,421,608,897,1264]
[0,421,514,940,1040,1264]
[0,108,421,514,982,1178,1264]
[0,421,608,1264]
[0,108,421,940,1040,1264]
[0,108,421,514,1264]
[0,108,225,421,833,1040,1264]
[0,108,225,421,608,833,940,1040,1122,1178,1264]
[0,108,421,1040,1264]
[0,108,225,421,608,833,940,1040,1178,1264]
[0,421,940,1264]
[0,108,940,1264]
[0,108,421,514,940,1040,1264]
[0,833,1040,1264]
[0,108,225,421,833,940,1040,1264]
[0,108,225,421,608,1264]
[0,108,442,940,1178,1264]
[0,108,421,608,833,940,1040,1264]
[0,421,608,940,1264]
[0,108,421,608,833,1040,1264]
[0,421,1040,1178,1264]
[0,108,421,514,833,940,1040,1178,1264]
[0,108,833,1040,1264]
[0,108,421,608,1178,1264]
[0,225,1040,1264]
[0,108,421,940,1264]
[0,421,1264]
[0,443,1264]
[0,108,225,421,514,833,940,1040,1178,1264]
[0,108,421,833,1040,1264]
[0,982,1264]
[0,225,1264]
[0,108,225,421,514,940,1040,1178,1264]
[0,108,421,514,940,1040,1178,1264]
[0,108,1264]
[0,108,225,421,608,1040,1264]
[0,108,421,608,833,940,1040,1178,1264]
[0,443,1040,1264]
[0,421,514,1264]
[0,421,514,940,1040,1178,1264]
[0,108,1040,1264]
[0,108,225,1040,1264]
[0,108,421,833,940,1040,1264]
[0,442,1264]
[0,420,1264]
[0,421,608,897,1264]
[0,225,421,608,833,1040,1264]
[0,421,608,1040,1264]
[0,108,421,608,897,940,1178,1264]
[0,225,421,1040,1264]
[0,108,442,940,1264]
[0,442,940,1264]
[0,421,982,1264]
[0,108,443,1040,1264]
[0,108,421,514,982,1264]
[0,108,982,1264]
[0,108,225,421,514,940,1040,1264]
[0,421,608,940,1040,1264]
[0,421,940,1040,1264]
[0,108,421,608,1040,1264]
[0,108,225,421,514,833,940,1040,1264]
[0,1040,1264]
[0,421,608,940,1040,1178,1264]
[0,225,421,608,1264]
[0,108,421,608,1264]
[0,108,940,1178,1264]
[0,108,225,940,1040,1264]
[0,421,514,1040,1178,1264]
[0,108,421,940,1178,1264]
[0,108,225,421,608,833,1040,1264]
[0,108,421,1178,1264]
[0,108,421,608,940,1040,1178,1264]
[0,108,421,608,897,1178,1264]
[0,108,421,982,1264]
[0,108,421,608,897,940,1264]
[0,108,442,1264]
[0,108,225,421,940,1040,1264]
[0,108,421,608,940,1040,1264]
