[0,1154,2812]
[0,186,307,1154,2055,2455,2572,2812]
[0,2055,2812]
[0,307,1154,2055,2572,2812]
[0,186,307,2455,2572,2812]
[0,307,1154,2055,2812]
[0,186,636,2572,2812]
[0,186,636,2455,2572,2812]
[0,186,227,307,2455,2572,2812]
[0,186,227,307,1154,2055,2455,2572,2812]
[0,307,2055,2812]
[0,227,2572,2812]
[0,186,227,636,2572,2812]
[0,307,2812]
[0,186,227,636,2455,2572,2812]
[0,2572,2812]
[0,186,227,307,2055,2572,2812]
[0,636,2455,2572,2812]
[0,186,227,2572,2812]
[0,186,227,307,1154,2055,2572,2812]
[0,307,2572,2812]
[0,636,2572,2812]
[0,186,307,2055,2572,2812]
[0,636,2812]
[0,186,227,307,2572,2812]
[0,186,307,1154,2055,2572,2812]
[0,1154,2055,2812]
[0,307,2055,2572,2812]
[0,186,307,2572,2812]
