[0,120,447,990,1360,1810]
[0,1360,1485,1810]
[0,120,990,1360,1724,1810]
[0,120,196,990,1485,1724,1810]
[0,120,990,1485,1724,1810]
[0,120,447,990,1485,1810]
[0,120,447,990,1485,1656,1724,1810]
[0,990,1656,1810]
[0,120,447,990,1810]
[0,120,447,990,1360,1724,1810]
[0,120,1485,1656,1810]
[0,120,990,1485,1810]
[0,120,196,990,1360,1485,1656,1724,1810]
[0,447,1810]
[0,1360,1810]
[0,120,196,990,1360,1485,1724,1810]
[0,120,1360,1709,1810]
[0,120,990,1709,1810]
[0,447,990,1360,1485,1810]
[0,120,990,1360,1485,1724,1810]
[0,120,447,990,1485,1724,1810]
[0,120,1709,1810]
[0,1485,1656,1810]
[0,120,1360,1724,1810]
[0,120,196,990,1360,1724,1810]
[0,120,1656,1810]
[0,447,990,1360,1810]
[0,70,120,447,990,1360,1485,1656,1724,1810]
[0,120,990,1656,1810]
[0,990,1810]
[0,120,447,990,1360,1485,1724,1810]
[0,1485,1810]
[0,70,120,196,990,1485,1656,1724,1810]
[0,1724,1810]
[0,120,447,990,1360,1485,1656,1724,1810]
[0,120,196,990,1485,1656,1724,1810]
[0,120,1724,1810]
[0,120,990,1485,1656,1810]
[0,120,990,1360,1485,1810]
[0,120,1810]
[0,447,990,1485,1810]
[0,990,1360,1485,1810]
[0,990,1360,1810]
[0,120,990,1724,1810]
[0,1709,1810]
[0,447,990,1810]
[0,120,447,990,1360,1485,1810]
[0,1656,1810]
[0,70,120,196,990,1360,1485,1656,1724,1810]
[0,120,1360,1810]
[0,990,1485,1810]
[0,70,120,447,990,1485,1656,1724,1810]
[0,120,990,1810]
[0,120,990,1485,1656,1724,1810]
[0,120,990,1360,1810]
[0,990,1485,1656,1810]
