[0,346,549,796,884,1101,1197]
[0,72,255,429,549,782,1060,1197]
[0,72,255,429,549,796,1151,1197]
[0,72,255,529,796,1197]
[0,255,549,1151,1197]
[0,346,549,796,1197]
[0,72,429,549,782,1197]
[0,346,549,782,1060,1197]
[0,72,255,429,549,796,1197]
[0,72,346,549,782,1060,1197]
[0,346,549,1197]
[0,72,255,429,549,782,884,1151,1197]
[0,72,255,429,549,782,884,1197]
[0,255,549,1197]
[0,255,429,549,782,884,1197]
[0,429,796,1197]
[0,72,255,549,796,1197]
[0,255,1197]
[0,529,796,1197]
[0,429,1197]
[0,72,255,429,549,782,884,1060,1197]
[0,255,429,549,796,1197]
[0,255,549,796,1197]
[0,255,429,549,782,1060,1197]
[0,72,346,549,796,1197]
[0,346,782,1197]
[0,72,346,549,782,884,1060,1197]
[0,346,549,782,1197]
[0,429,549,796,1197]
[0,255,429,549,782,884,1060,1197]
[0,346,549,782,884,1060,1197]
[0,346,1101,1197]
[0,346,549,796,1101,1197]
[0,346,549,1101,1197]
[0,796,1197]
[0,255,529,796,1197]
[0,255,429,549,782,1197]
[0,72,255,429,549,782,1197]
[0,255,549,782,1060,1197]
[0,72,346,433,549,782,884,1060,1197]
[0,72,346,549,796,884,1101,1197]
[0,429,782,1197]
[0,72,346,549,796,1101,1197]
[0,429,549,782,1197]
[0,549,1197]
[0,529,1197]
[0,255,549,782,1197]
[0,72,346,549,782,1197]
[0,255,549,1101,1197]
[0,72,429,549,796,1197]
[0,782,1197]
[0,72,255,429,549,782,1151,1197]
[0,346,796,1197]
[0,346,433,549,782,884,1060,1197]
[0,346,1197]
