[0,1711,2494,3210,4075,4758]
[0,1711,1983,2494,4758]
[0,981,2101,3452,4758]
[0,1711,2494,3210,3452,4758]
[0,1431,1711,2494,3210,4075,4758]
[0,1431,1711,2494,3210,3452,4758]
[0,1711,2494,2991,3452,4758]
[0,981,1711,1983,2494,3210,4075,4758]
[0,313,981,1431,1711,1983,2494,3210,3452,4075,4758]
[0,313,1431,1711,1983,2494,3210,3452,4075,4758]
[0,981,1711,1983,2494,2991,3452,4758]
[0,1731,3452,4758]
[0,1431,1711,1983,2494,4758]
[0,981,4758]
[0,981,1711,2494,3210,4758]
[0,2494,3452,4758]
[0,1731,2991,3452,4758]
[0,1431,1711,1983,2494,4075,4758]
[0,981,1711,2494,3452,4758]
[0,2101,4758]
[0,313,981,1711,1983,2494,3210,4075,4758]
[0,313,1431,1711,2494,3210,4075,4758]
[0,981,1983,2494,4075,4758]
[0,1711,4758]
[0,981,1983,2494,3452,4758]
[0,1731,4758]
[0,313,981,1711,1983,2494,2991,3452,4758]
[0,1983,3210,4758]
[0,1431,1711,1983,2494,3452,4758]
[0,1711,4075,4758]
[0,981,1983,4075,4758]
[0,1711,3452,4758]
[0,313,1711,2494,3210,4075,4758]
[0,1431,1711,2494,4075,4758]
[0,981,1983,3452,4758]
[0,1431,1711,2494,3452,4758]
[0,1711,3210,3452,4758]
[0,1711,1983,2494,4075,4758]
[0,1711,1983,2494,3452,4758]
[0,313,981,1711,2494,2991,3452,4758]
[0,1431,1711,3452,4758]
[0,1711,2494,3210,4758]
[0,1731,2494,2991,3452,4758]
[0,1431,1711,2494,4758]
[0,981,2494,4758]
[0,981,1711,2494,4758]
[0,313,1431,1711,1983,2494,3210,4075,4758]
[0,1711,2494,3452,4758]
[0,981,1983,4758]
[0,1983,2494,4758]
[0,1983,4758]
[0,1751,4075,4758]
[0,1711,1983,2494,2991,3452,4758]
[0,981,2494,3452,4758]
[0,1711,1983,2494,3210,3452,4075,4758]
[0,1711,2991,3452,4758]
[0,981,1983,2494,3210,4075,4758]
[0,981,1983,2494,3210,3452,4758]
[0,981,1983,3210,4075,4758]
[0,981,2101,4758]
[0,1751,2494,4758]
[0,1751,4758]
[0,1711,1983,2494,3210,4075,4758]
[0,313,981,1711,2494,3210,4075,4758]
[0,1983,4075,4758]
[0,1983,3452,4758]
[0,1711,1983,2494,3210,3452,4758]
[0,313,981,1431,1711,1983,2494,3210,4075,4758]
[0,981,1983,3210,4758]
[0,1731,2494,3452,4758]
[0,981,1711,2494,3210,4075,4758]
[0,1711,2494,4075,4758]
[0,981,1711,1983,2494,3210,3452,4075,4758]
[0,1431,1711,1983,2494,3210,4075,4758]
[0,981,1711,2494,2991,3452,4758]
[0,1431,1711,1983,2494,3210,3452,4758]
[0,1711,2494,4758]
[0,981,1983,2494,4758]
[0,313,981,1711,1983,2494,3210,3452,4075,4758]
[0,2101,3452,4758]
[0,2494,4758]
[0,1431,1711,1983,2494,3210,3452,4075,4758]
[0,313,981,1431,1711,2494,3210,4075,4758]
[0,981,1983,2494,3210,3452,4075,4758]
