[0,76,234,694,840,1053,1204,1372,1465]
[0,125,842,1465]
[0,76,694,840,1253,1465]
[0,694,1207,1465]
[0,76,225,694,840,1253,1465]
[0,1255,1465]
[0,1253,1465]
[0,694,1465]
[0,234,694,840,1204,1465]
[0,76,694,1253,1465]
[0,76,694,840,1255,1465]
[0,225,694,840,1060,1207,1465]
[0,694,840,1204,1465]
[0,76,234,694,840,1053,1204,1465]
[0,225,694,1465]
[0,694,840,1060,1207,1465]
[0,76,234,694,840,1253,1465]
[0,694,1253,1465]
[0,76,694,840,1204,1465]
[0,694,840,1053,1204,1372,1465]
[0,694,840,1053,1204,1465]
[0,225,694,840,1253,1465]
[0,1204,1465]
[0,76,234,694,840,1255,1465]
[0,694,1255,1465]
[0,76,234,694,840,1204,1465]
[0,225,694,1060,1207,1465]
[0,76,225,694,840,1060,1207,1465]
[0,694,1204,1465]
[0,694,1053,1204,1465]
[0,234,694,1465]
[0,234,694,1253,1465]
[0,234,694,840,1053,1204,1372,1465]
[0,79,694,840,1253,1465]
[0,842,1465]
[0,694,840,1207,1465]
[0,694,840,1253,1465]
[0,234,694,1255,1465]
[0,225,694,1207,1465]
[0,225,694,840,1207,1465]
[0,234,694,1204,1465]
[0,225,694,1253,1465]
[0,76,694,840,1207,1465]
[0,234,694,840,1253,1465]
[0,76,1465]
[0,76,225,694,840,1207,1465]
[0,234,694,840,1255,1465]
[0,694,1060,1207,1465]
[0,1207,1465]
[0,234,694,1053,1204,1465]
[0,234,694,840,1053,1204,1465]
[0,694,840,1255,1465]
