[0,369,1541,2008,2554]
[0,369,1273,1541,2008,2554]
[0,432,1284,1535,2008,2554]
[0,2008,2554]
[0,289,752,1284,1535,2008,2554]
[0,369,789,1273,1541,2008,2350,2554]
[0,289,1284,1535,2008,2554]
[0,369,1284,1957,2350,2554]
[0,1957,2554]
[0,432,752,2008,2554]
[0,289,752,1284,2008,2554]
[0,369,1957,2350,2554]
[0,369,1284,1541,2008,2554]
[0,432,2008,2350,2554]
[0,1669,2008,2554]
[0,855,1291,2008,2554]
[0,289,752,2008,2554]
[0,432,752,1284,2008,2554]
[0,369,752,1284,1541,2008,2350,2554]
[0,369,752,1284,1541,2008,2554]
[0,369,855,1291,2008,2554]
[0,289,752,1284,1669,2008,2350,2554]
[0,289,752,1284,1535,2008,2350,2554]
[0,752,1284,1669,2008,2554]
[0,289,1669,2008,2554]
[0,289,1535,2008,2554]
[0,979,2008,2554]
[0,432,752,1284,1535,2008,2554]
[0,369,1284,1957,2554]
[0,855,2008,2554]
[0,369,2008,2554]
[0,289,1284,1669,2008,2554]
[0,289,1541,2008,2554]
[0,1535,2008,2554]
[0,752,2008,2554]
[0,979,2554]
[0,289,752,1284,1669,2008,2554]
[0,432,2008,2554]
[0,1541,2008,2554]
[0,752,1669,2008,2554]
[0,289,1284,1541,2008,2554]
[0,855,1957,2554]
[0,369,1273,1541,2008,2350,2554]
[0,752,2554]
[0,1284,1669,2008,2554]
[0,789,2008,2554]
[0,432,1284,1535,2008,2350,2554]
[0,369,789,1273,1541,2008,2554]
[0,789,1541,2008,2554]
[0,432,752,1284,1535,2008,2350,2554]
[0,289,752,1284,1541,2008,2350,2554]
[0,369,855,1284,1957,2350,2554]
[0,289,752,1284,1541,2008,2554]
[0,752,1284,2008,2554]
[0,369,1957,2554]
[0,432,1284,2008,2554]
[0,369,752,2008,2554]
[0,369,855,1284,1957,2554]
[0,369,855,2008,2554]
[0,1284,2008,2554]
[0,789,2554]
[0,789,1957,2554]
[0,369,789,1541,2008,2554]
[0,855,2554]
[0,289,2008,2554]
[0,1284,1957,2554]
[0,1284,2554]
[0,432,1535,2008,2554]
[0,855,1284,1957,2554]
[0,369,752,1284,2008,2554]
