[0,514,806,1026,1262,1379,1642]
[0,605,838,1016,1374,1453,1642]
[0,514,806,1026,1642]
[0,566,838,1262,1642]
[0,806,1026,1448,1642]
[0,605,838,1016,1642]
[0,566,1642]
[0,514,633,806,1026,1262,1642]
[0,1026,1642]
[0,566,838,1016,1262,1379,1642]
[0,633,806,1026,1642]
[0,566,867,1016,1448,1642]
[0,514,1448,1642]
[0,605,838,1016,1453,1642]
[0,514,838,1262,1642]
[0,566,838,1016,1448,1642]
[0,566,867,1642]
[0,514,806,1026,1448,1642]
[0,566,867,1016,1379,1448,1642]
[0,514,633,838,1026,1262,1642]
[0,566,838,1642]
[0,605,1642]
[0,605,1453,1642]
[0,514,838,1026,1262,1379,1448,1642]
[0,514,806,1026,1262,1379,1448,1642]
[0,605,838,1016,1448,1642]
[0,566,867,1448,1642]
[0,566,1016,1642]
[0,514,838,1026,1642]
[0,566,838,1016,1568,1642]
[0,633,1448,1642]
[0,514,633,838,1026,1262,1379,1448,1642]
[0,633,1642]
[0,514,633,838,1026,1262,1379,1642]
[0,605,1448,1642]
[0,605,838,1453,1642]
[0,514,838,1026,1262,1642]
[0,566,838,1016,1642]
[0,514,1642]
[0,566,867,1016,1642]
[0,514,838,1448,1642]
[0,605,838,1642]
[0,514,806,1026,1379,1448,1642]
[0,514,806,1026,1262,1642]
[0,605,838,1448,1642]
[0,838,1026,1642]
[0,566,867,1262,1642]
[0,566,867,1016,1262,1379,1642]
[0,514,838,1026,1379,1448,1642]
[0,566,838,1016,1379,1448,1642]
[0,605,1016,1642]
[0,867,1016,1642]
[0,806,1026,1642]
[0,514,838,1026,1448,1642]
[0,566,867,1016,1262,1379,1448,1642]
[0,566,1448,1642]
[0,514,838,1642]
[0,574,838,1448,1642]
[0,514,633,806,1026,1262,1379,1448,1642]
[0,1448,1642]
[0,633,806,1448,1642]
[0,566,838,1016,1262,1379,1448,1642]
[0,574,1642]
[0,514,633,806,1026,1448,1642]
[0,574,838,1016,1448,1642]
[0,574,1448,1642]
[0,838,1016,1642]
[0,514,838,1026,1262,1379,1642]
[0,574,838,1016,1642]
[0,566,838,1448,1642]
[0,566,1262,1642]
[0,514,633,806,1026,1262,1379,1642]
[0,574,838,1642]
[0,566,867,1016,1262,1642]
[0,514,1262,1642]
[0,566,838,1016,1262,1642]
[0,1016,1642]
[0,633,806,1026,1448,1642]
[0,514,1026,1642]
[0,514,806,1262,1642]
[0,605,838,1016,1568,1642]
