[0,732,897,1144,1440,1648,1911]
[0,267,734,897,1144,1440,1648,1911]
[0,267,723,1103,1911]
[0,973,1911]
[0,723,1144,1911]
[0,267,732,973,1144,1440,1648,1911]
[0,267,723,1144,1414,1648,1911]
[0,267,734,973,1911]
[0,732,1144,1440,1911]
[0,267,723,1103,1414,1648,1911]
[0,734,973,1911]
[0,723,1397,1911]
[0,732,1144,1440,1648,1911]
[0,700,1128,1911]
[0,734,897,1144,1440,1648,1911]
[0,723,1144,1414,1648,1911]
[0,267,723,1103,1648,1911]
[0,734,1144,1440,1911]
[0,732,1144,1911]
[0,267,732,973,1144,1414,1648,1911]
[0,734,1440,1911]
[0,1648,1911]
[0,1144,1911]
[0,734,1144,1911]
[0,267,732,1144,1911]
[0,732,1144,1414,1648,1911]
[0,267,732,897,1144,1440,1648,1911]
[0,267,734,1911]
[0,267,732,1144,1414,1911]
[0,267,734,973,1144,1440,1648,1911]
[0,267,723,1144,1911]
[0,734,1648,1911]
[0,267,734,1648,1911]
[0,267,732,1144,1440,1648,1911]
[0,267,734,1144,1911]
[0,723,1911]
[0,1128,1911]
[0,734,1911]
[0,267,734,1144,1440,1911]
[0,267,734,973,1648,1911]
[0,267,732,1144,1440,1911]
[0,267,732,1144,1414,1648,1911]
[0,723,1103,1911]
[0,267,723,1144,1414,1911]
[0,723,1103,1414,1648,1911]
[0,734,1144,1440,1648,1911]
[0,267,723,973,1144,1414,1648,1911]
[0,723,1144,1414,1911]
[0,723,1103,1648,1911]
[0,732,1144,1414,1911]
[0,267,734,1144,1440,1648,1911]
[0,1103,1911]
