[0,238,425,538,636,869,997]
[0,73,636,869,997]
[0,73,425,538,636,997]
[0,319,425,538,636,997]
[0,73,538,636,997]
[0,425,538,636,916,997]
[0,73,392,997]
[0,73,425,997]
[0,238,425,538,636,997]
[0,319,425,636,869,997]
[0,73,425,869,997]
[0,319,425,538,997]
[0,73,521,916,997]
[0,182,425,538,636,997]
[0,73,182,319,425,538,636,916,997]
[0,636,869,997]
[0,182,425,997]
[0,392,997]
[0,425,997]
[0,538,636,997]
[0,73,538,636,916,997]
[0,238,425,636,997]
[0,425,916,997]
[0,238,425,997]
[0,425,636,869,997]
[0,916,997]
[0,238,425,538,636,916,997]
[0,319,425,538,636,869,997]
[0,182,319,425,538,997]
[0,73,636,916,997]
[0,73,182,238,425,538,636,916,997]
[0,73,238,425,636,869,997]
[0,182,869,997]
[0,73,425,538,636,904,997]
[0,73,182,238,319,425,538,636,916,997]
[0,73,319,425,538,636,869,997]
[0,319,425,538,636,904,997]
[0,521,916,997]
[0,521,997]
[0,182,997]
[0,392,916,997]
[0,73,238,425,916,997]
[0,538,636,916,997]
[0,73,425,916,997]
[0,238,425,538,997]
[0,182,319,425,538,636,997]
[0,182,319,425,997]
[0,425,538,997]
[0,636,916,997]
[0,238,425,636,869,997]
[0,73,425,636,869,997]
[0,73,425,538,636,916,997]
[0,238,425,916,997]
[0,73,916,997]
[0,319,425,538,636,916,997]
[0,182,425,538,636,916,997]
[0,73,636,997]
[0,73,997]
[0,73,238,425,538,636,916,997]
[0,425,538,636,997]
[0,425,538,636,869,997]
[0,73,319,425,538,636,916,997]
[0,636,997]
[0,182,425,538,997]
[0,73,392,916,997]
[0,425,538,636,904,997]
[0,73,425,538,636,869,997]
[0,425,636,997]
[0,182,319,425,538,636,916,997]
[0,425,869,997]
[0,73,238,425,538,636,869,997]
[0,73,319,425,538,636,904,997]
