[0,618,1160,1429,1654,2314,2759]
[0,618,1160,1429,1654,2578,2759]
[0,618,1160,2113,2314,2759]
[0,400,1160,1429,1654,2023,2314,2759]
[0,618,1107,1429,2759]
[0,622,1160,2023,2314,2759]
[0,622,1160,2759]
[0,400,1160,1429,1654,2578,2759]
[0,400,1160,2314,2759]
[0,618,1160,1429,2113,2314,2759]
[0,618,1429,2562,2759]
[0,400,1160,2578,2759]
[0,622,1429,2578,2759]
[0,618,1160,1429,1654,2113,2314,2759]
[0,622,1160,1654,2023,2314,2759]
[0,1160,2759]
[0,618,1160,1654,2759]
[0,400,1160,1429,2759]
[0,618,1160,2578,2759]
[0,1107,2759]
[0,400,622,1160,1429,1654,2314,2578,2759]
[0,400,1160,1429,1654,2314,2759]
[0,1160,1654,2314,2759]
[0,622,1160,2314,2759]
[0,622,1160,1429,2314,2759]
[0,618,1160,2314,2759]
[0,622,1160,1654,2759]
[0,622,1160,1429,1654,2113,2314,2759]
[0,400,1160,1654,2314,2759]
[0,1160,2023,2314,2759]
[0,400,1160,1429,1654,2759]
[0,618,1429,2759]
[0,400,1160,2759]
[0,400,1160,2023,2314,2759]
[0,400,1160,1429,2314,2759]
[0,618,1160,1429,2759]
[0,622,1160,1429,2113,2314,2759]
[0,618,1160,1429,1654,2759]
[0,1160,1654,2759]
[0,622,1160,1429,1654,2314,2759]
[0,622,1429,1654,2759]
[0,622,2759]
[0,1107,2578,2759]
[0,622,1160,2113,2314,2759]
[0,400,1160,1429,2578,2759]
[0,622,1160,1654,2314,2759]
[0,618,1160,2759]
[0,622,1654,2759]
[0,618,1107,2759]
[0,618,1107,1429,1654,2578,2759]
[0,618,1429,1654,2562,2759]
[0,618,1160,1429,2314,2759]
[0,618,1160,1429,2578,2759]
[0,1160,2314,2759]
[0,1160,2578,2759]
[0,1654,2759]
[0,400,1160,1654,2023,2314,2759]
[0,400,622,1160,1429,1654,2314,2759]
[0,622,1429,2759]
[0,618,1429,1654,2759]
[0,622,1160,1429,1654,2023,2314,2759]
[0,618,1107,1429,1654,2759]
[0,400,1160,1654,2759]
[0,618,1107,1429,2578,2759]
[0,1429,2759]
[0,622,1429,1654,2578,2759]
[0,618,1107,2578,2759]
