[0,71,352,962,1285,2326,2535,2824]
[0,71,352,962,1285,2326,2535,2778,2824]
[0,1197,2312,2824]
[0,962,1285,2326,2535,2778,2824]
[0,352,962,1271,2326,2824]
[0,1197,2391,2824]
[0,962,1271,2326,2535,2824]
[0,962,2326,2535,2778,2824]
[0,962,1356,2824]
[0,962,1271,2326,2824]
[0,71,962,1271,1356,2326,2535,2824]
[0,71,352,962,1271,1356,2326,2535,2778,2824]
[0,1197,2312,2558,2824]
[0,71,352,962,2326,2535,2824]
[0,352,962,1285,2326,2824]
[0,71,352,962,1271,1329,2326,2535,2824]
[0,962,1271,1329,2326,2535,2824]
[0,962,1285,2149,2824]
[0,71,352,962,1271,2149,2326,2535,2824]
[0,962,1285,2326,2535,2824]
[0,71,352,962,1271,1329,2326,2535,2778,2824]
[0,71,962,1271,1329,2326,2535,2824]
[0,962,1271,1356,2326,2824]
[0,71,962,1271,1329,2326,2535,2778,2824]
[0,2312,2824]
[0,352,962,1271,1356,2326,2535,2824]
[0,352,962,1285,2149,2326,2535,2824]
[0,352,962,1271,2326,2535,2824]
[0,71,352,962,1271,1356,2326,2535,2824]
[0,71,962,1271,2326,2535,2778,2824]
[0,71,352,962,1271,2326,2535,2824]
[0,962,2326,2824]
[0,962,1271,2149,2326,2535,2824]
[0,299,962,1285,2149,2326,2824]
[0,962,1285,2149,2326,2535,2824]
[0,962,1271,1329,2326,2824]
[0,962,1271,2326,2535,2778,2824]
[0,962,1285,2149,2326,2824]
[0,352,962,1285,2326,2535,2824]
[0,71,352,962,1285,2149,2326,2535,2824]
[0,71,352,962,2326,2535,2778,2824]
[0,71,352,962,1271,2326,2535,2778,2824]
[0,962,1271,1329,2326,2535,2778,2824]
[0,962,1271,1356,2326,2535,2778,2824]
[0,352,962,2326,2535,2824]
[0,962,1271,1356,2326,2535,2824]
[0,299,962,1285,2149,2824]
[0,352,962,2326,2824]
[0,71,962,1271,2326,2535,2824]
[0,962,1285,2149,2326,2535,2778,2824]
[0,962,2312,2824]
[0,71,962,2326,2535,2824]
[0,962,2149,2824]
[0,962,2824]
[0,962,2326,2535,2824]
[0,71,352,962,1271,1329,2149,2326,2535,2824]
[0,352,962,1271,2149,2326,2535,2824]
[0,962,1285,2326,2824]
[0,71,962,2326,2535,2778,2824]
[0,71,962,1271,1356,2326,2535,2778,2824]
[0,71,352,962,1271,1329,2149,2326,2535,2778,2824]
[0,1197,2824]
[0,71,352,962,1285,2149,2326,2535,2778,2824]
[0,962,1271,1356,2824]
