[0,116,1090,1417,1694,1829,2179,2554]
[0,1694,1829,2179,2352,2554]
[0,116,1253,1314,1694,1829,2352,2554]
[0,1314,1694,2352,2554]
[0,1694,1829,2179,2554]
[0,1131,1314,1694,2179,2384,2554]
[0,1131,1314,1694,1829,2179,2554]
[0,752,2352,2554]
[0,1137,1694,2554]
[0,1090,2554]
[0,773,2554]
[0,817,2554]
[0,116,1090,1417,1694,1829,2179,2352,2554]
[0,766,2352,2554]
[0,1090,1417,1694,1829,2179,2352,2554]
[0,1314,1694,2179,2352,2554]
[0,766,2554]
[0,773,1829,2352,2554]
[0,116,1131,1314,1694,1829,2179,2554]
[0,116,1253,1829,2352,2554]
[0,1253,1829,2554]
[0,1694,1829,2352,2554]
[0,2179,2554]
[0,1829,2554]
[0,1137,1404,1694,2554]
[0,1137,1404,1694,1829,2179,2554]
[0,1253,1829,2352,2554]
[0,773,2352,2554]
[0,766,1829,2352,2554]
[0,1131,1694,2179,2554]
[0,1137,1694,2179,2554]
[0,817,1829,2352,2554]
[0,1131,1314,1694,1829,2179,2384,2554]
[0,1404,2554]
[0,116,1694,1829,2179,2554]
[0,1137,1404,1694,2352,2554]
[0,752,2554]
[0,1137,1404,2554]
[0,1137,1404,1694,2179,2384,2554]
[0,1137,2554]
[0,116,1694,1829,2352,2554]
[0,116,2352,2554]
[0,817,1829,2554]
[0,1137,1404,2179,2554]
[0,1137,1404,1694,1836,2352,2554]
[0,773,1829,2554]
[0,766,1829,2554]
[0,116,1314,1694,1829,2352,2554]
[0,1314,1694,2554]
[0,1314,1694,1829,2179,2554]
[0,116,773,1829,2352,2554]
[0,116,1137,1404,1694,1829,2179,2384,2554]
[0,1253,2554]
[0,1694,2179,2352,2554]
[0,817,2352,2554]
[0,116,1694,1829,2179,2352,2554]
[0,1253,1314,1694,2179,2554]
[0,116,1137,1404,2352,2554]
[0,1131,2179,2554]
[0,116,1314,1694,1829,2179,2352,2554]
[0,1137,1404,1694,2179,2554]
[0,116,1131,1314,1694,1829,2179,2384,2554]
[0,1314,1694,1829,2179,2352,2554]
[0,1694,2352,2554]
[0,1253,1314,1694,1829,2179,2554]
[0,1314,1694,1829,2352,2554]
[0,116,1253,2352,2554]
[0,1314,2554]
[0,116,1137,1404,1694,1829,2179,2554]
[0,1090,2179,2554]
[0,1131,2554]
[0,752,1829,2352,2554]
[0,1253,2179,2554]
[0,1137,1404,2352,2554]
[0,116,1253,1314,2352,2554]
[0,116,1253,1314,1694,1829,2179,2554]
[0,1314,1694,2179,2554]
[0,1131,1694,2554]
[0,116,1314,1694,1829,2179,2554]
[0,752,1829,2554]
[0,116,1137,1404,1694,1836,2352,2554]
[0,1253,1314,2179,2554]
[0,1137,1404,1694,1829,2179,2384,2554]
[0,1253,1314,1694,1829,2352,2554]
[0,1694,2554]
[0,1137,2179,2554]
[0,1253,2352,2554]
[0,116,1253,1314,1694,1829,2179,2352,2554]
[0,1090,1417,2179,2554]
[0,2352,2554]
[0,1131,1314,2179,2554]
[0,1090,1417,1694,2179,2352,2554]
[0,1694,2179,2554]
[0,1253,1314,2352,2554]
[0,1090,1417,1694,2179,2554]
[0,1137,2352,2554]
[0,1090,1417,1694,1829,2179,2554]
[0,1131,1314,1694,2179,2554]
