[0,387,584,1197]
[0,584,947,1197]
[0,384,646,1197]
[0,109,387,537,743,1197]
[0,537,1154,1197]
[0,109,218,387,584,743,1197]
[0,109,218,387,584,743,871,947,1197]
[0,537,1197]
[0,109,537,1154,1197]
[0,109,218,584,743,1154,1197]
[0,109,218,584,743,1197]
[0,109,218,387,584,743,1154,1197]
[0,110,537,1197]
[0,109,387,584,743,1197]
[0,109,387,537,1197]
[0,109,387,537,1154,1197]
[0,498,871,1197]
[0,109,387,537,743,1154,1197]
[0,110,384,646,942,1197]
[0,110,646,942,1197]
[0,218,537,743,1197]
[0,218,387,584,947,1197]
[0,218,584,743,1197]
[0,218,584,1197]
[0,387,584,743,1154,1197]
[0,387,743,871,1197]
[0,109,218,319,387,584,743,1154,1197]
[0,109,319,387,584,743,1197]
[0,584,743,1197]
[0,387,584,743,1197]
[0,537,871,1197]
[0,109,218,387,537,743,1197]
[0,109,218,387,584,743,871,947,1154,1197]
[0,109,537,1197]
[0,110,537,871,1154,1197]
[0,218,387,584,743,871,1197]
[0,109,218,387,584,743,871,1197]
[0,784,1197]
[0,109,537,743,1197]
[0,319,387,1197]
[0,387,584,947,1197]
[0,319,1197]
[0,109,537,743,1154,1197]
[0,109,387,584,743,1154,1197]
[0,110,1197]
[0,218,387,584,743,1197]
[0,387,1197]
[0,218,387,584,743,947,1197]
[0,387,584,743,871,1197]
[0,218,387,537,743,1197]
[0,387,537,1197]
[0,109,584,743,1154,1197]
[0,384,646,942,1197]
[0,387,537,743,1197]
[0,109,218,387,584,743,947,1197]
[0,109,218,387,537,743,1154,1197]
[0,584,743,1154,1197]
[0,646,942,1197]
[0,387,871,1197]
[0,109,218,319,387,584,743,1197]
[0,110,537,871,1197]
[0,646,1197]
[0,319,784,1197]
[0,387,584,743,947,1197]
[0,584,1197]
[0,537,743,1197]
[0,387,537,1154,1197]
[0,109,584,743,1197]
[0,109,218,387,584,743,947,1154,1197]
[0,218,537,1197]
[0,110,646,1197]
[0,498,1197]
[0,110,537,1154,1197]
[0,218,387,584,1197]
