[0,52,209,550,865,982,1180]
[0,550,865,943,1180]
[0,209,480,943,1180]
[0,209,550,982,1180]
[0,52,244,550,865,982,1180]
[0,52,209,550,865,943,1024,1180]
[0,550,943,1024,1180]
[0,244,550,982,1180]
[0,209,550,1180]
[0,550,943,1180]
[0,209,480,865,943,1180]
[0,550,865,982,1180]
[0,244,550,865,982,1180]
[0,209,550,865,943,1180]
[0,338,480,865,943,1180]
[0,52,209,480,865,943,1024,1180]
[0,52,550,865,943,1180]
[0,52,209,480,865,943,1180]
[0,480,943,1180]
[0,550,982,1180]
[0,52,209,550,982,1180]
[0,480,1180]
[0,209,480,865,943,1024,1180]
[0,865,943,1180]
[0,209,550,865,943,1024,1180]
[0,52,338,480,865,943,1180]
[0,209,550,865,982,1180]
[0,550,865,943,1024,1180]
[0,52,550,943,1180]
[0,52,209,550,865,943,1180]
[0,865,1180]
[0,550,1180]
[0,209,550,943,1180]
[0,52,244,550,982,1180]
[0,209,480,943,1024,1180]
[0,244,550,1180]
[0,52,550,865,943,1024,1180]
[0,338,480,943,1180]
[0,52,550,982,1180]
[0,209,550,943,1024,1180]
[0,480,865,943,1180]
