[0,65,604,1352,2177,2824]
[0,65,488,1352,1938,2177,2824]
[0,65,604,1352,1938,2177,2824]
[0,65,488,1352,2177,2824]
[0,65,488,1352,2056,2824]
[0,1352,1938,2177,2824]
[0,171,1352,2177,2824]
[0,171,604,1352,2056,2824]
[0,604,1352,1938,2177,2824]
[0,171,604,1352,2177,2824]
[0,566,1352,2177,2824]
[0,65,566,1352,1938,2177,2824]
[0,65,1352,1938,2824]
[0,1665,2824]
[0,171,604,1352,1938,2177,2824]
[0,604,1369,2056,2824]
[0,488,1352,2177,2824]
[0,566,1352,1938,2177,2824]
[0,488,1352,2056,2824]
[0,1369,2056,2824]
[0,171,1369,2056,2824]
[0,65,566,1352,2177,2824]
[0,488,1352,1938,2177,2824]
[0,1352,1938,2824]
[0,1352,2824]
[0,65,1352,2056,2824]
[0,171,604,1369,2056,2824]
[0,65,1352,2177,2824]
[0,65,488,1352,1938,2824]
[0,604,1352,2056,2824]
[0,604,1352,2177,2824]
[0,1369,2824]
[0,1352,2056,2824]
[0,1352,2177,2824]
[0,171,1352,2056,2824]
[0,488,1352,1938,2824]
