[0,303,1499,1553,1950,1995,2053]
[0,1544,1950,1995,2053]
[0,1499,1553,1950,1995,2053]
[0,1544,2053]
[0,1553,1950,2053]
[0,303,1499,1550,1950,1995,2053]
[0,1499,1553,1950,2053]
[0,1544,1950,2053]
[0,303,1553,1950,2053]
[0,1553,1950,1995,2053]
[0,1550,1950,1995,2053]
[0,303,1499,1553,1950,2053]
[0,1528,2053]
[0,1550,2053]
[0,303,1544,1950,2053]
[0,303,1544,2053]
[0,303,1499,1550,1950,2053]
[0,303,1544,1950,1995,2053]
[0,1553,2053]
[0,1550,1950,2053]
[0,303,1550,1950,1995,2053]
[0,1528,1950,2053]
[0,303,1499,1544,1950,1995,2053]
[0,303,1550,2053]
[0,303,1553,2053]
[0,303,1550,1950,2053]
