[0,812,1942,2554]
[0,728,1348,1666,1942,2237,2554]
[0,368,1348,1666,2116,2554]
[0,616,728,1348,1666,2116,2554]
[0,728,1348,1666,2554]
[0,1348,1666,2237,2554]
[0,728,1348,2554]
[0,877,1348,1666,2554]
[0,368,616,1348,1666,2116,2554]
[0,616,812,2554]
[0,540,728,1296,2554]
[0,812,1296,1942,2554]
[0,1296,1942,2554]
[0,812,1150,1348,1666,1942,2116,2365,2554]
[0,812,2554]
[0,368,812,1150,1348,1666,2116,2554]
[0,728,1348,1666,2116,2554]
[0,1348,2116,2554]
[0,812,1666,1942,2554]
[0,728,1150,1348,1666,1942,2554]
[0,368,616,812,1150,1348,1666,2116,2365,2554]
[0,1348,1666,2116,2365,2554]
[0,540,728,1296,1942,2554]
[0,1296,2554]
[0,368,812,1348,2116,2554]
[0,728,2554]
[0,368,1348,1666,2116,2365,2554]
[0,728,1348,2116,2554]
[0,368,616,1348,1666,2116,2365,2554]
[0,877,1348,1666,1942,2554]
[0,650,877,1150,1348,1666,1942,2116,2554]
[0,595,812,1942,2554]
[0,1348,2554]
[0,595,812,1296,1666,1942,2554]
[0,595,812,2554]
[0,812,1348,1666,2116,2554]
[0,728,1296,1666,1942,2554]
[0,616,812,1348,1666,2116,2554]
[0,616,728,1348,2554]
[0,650,877,1348,1666,1942,2554]
[0,595,728,1348,1666,2554]
[0,388,728,1348,2554]
[0,1348,1666,1942,2554]
[0,728,812,1150,1348,1666,2116,2365,2554]
[0,728,1348,1666,2116,2365,2554]
[0,1296,1666,1942,2554]
[0,728,1296,1942,2554]
[0,368,1348,2116,2554]
[0,595,728,1348,1666,1942,2554]
[0,728,1942,2554]
[0,1348,1666,2116,2554]
[0,812,1296,1666,1942,2554]
[0,368,616,812,1150,1348,1666,2116,2554]
[0,616,728,1348,1666,1942,2237,2554]
[0,595,728,1348,2554]
[0,540,728,1296,1666,1942,2554]
[0,616,728,1348,1666,1942,2554]
[0,595,728,1150,1348,1666,1942,2554]
[0,877,1348,2554]
[0,812,1348,2116,2554]
[0,595,812,1666,1942,2554]
[0,616,812,1348,2554]
[0,650,877,1150,1348,1666,1942,2554]
[0,728,1348,1666,2237,2554]
[0,728,1348,1666,1942,2554]
[0,1348,2237,2554]
[0,812,1150,1348,1666,2116,2365,2554]
[0,540,728,1296,1666,1942,2116,2554]
[0,616,728,1348,1666,2554]
[0,540,728,1348,2237,2554]
[0,368,616,728,1348,1666,2116,2365,2554]
[0,540,728,1348,2554]
[0,812,1348,1666,2554]
[0,728,812,1150,1348,1666,1942,2116,2365,2554]
[0,728,1348,2237,2554]
[0,616,812,1150,1348,1666,2116,2554]
[0,728,1348,1942,2554]
[0,728,1296,2554]
[0,616,812,1348,1666,2554]
[0,368,812,1348,1666,2116,2554]
[0,812,1150,1348,1666,2116,2554]
[0,1348,1666,2554]
[0,616,812,1150,1348,1666,2116,2365,2554]
[0,616,728,1348,1666,2116,2365,2554]
[0,812,1348,2554]
