[0,815,922]
[0,498,922]
[0,114,178,513,587,803,922]
[0,503,587,815,922]
[0,424,513,587,737,803,868,922]
[0,424,503,587,737,803,922]
[0,178,587,815,922]
[0,502,587,803,922]
[0,513,922]
[0,424,513,587,803,922]
[0,172,922]
[0,502,803,922]
[0,587,815,922]
[0,513,587,674,803,922]
[0,513,587,922]
[0,424,587,868,922]
[0,178,502,587,737,815,922]
[0,498,803,922]
[0,513,803,922]
[0,502,587,922]
[0,502,922]
[0,503,803,922]
[0,424,503,587,803,922]
[0,503,587,737,803,922]
[0,178,513,587,674,803,922]
[0,513,587,803,922]
[0,503,587,922]
[0,178,513,587,803,922]
[0,114,178,513,587,674,803,922]
[0,503,587,737,815,922]
[0,178,502,587,815,922]
[0,803,922]
[0,503,587,803,922]
[0,498,587,922]
[0,424,587,674,803,922]
[0,498,587,803,922]
[0,114,178,502,587,737,815,922]
[0,424,503,587,737,815,922]
[0,587,922]
[0,178,587,803,922]
[0,424,503,587,922]
[0,502,815,922]
[0,172,803,922]
[0,424,513,587,868,922]
[0,502,587,815,922]
[0,503,922]
[0,424,587,737,803,922]
[0,424,503,587,868,922]
[0,587,803,922]
[0,587,674,803,922]
[0,502,587,737,815,922]
[0,114,178,502,587,803,922]
[0,424,587,803,922]
[0,178,587,922]
[0,172,587,922]
[0,503,815,922]
[0,424,503,587,815,922]
[0,503,587,868,922]
[0,424,503,587,737,803,868,922]
[0,178,587,674,803,922]
[0,424,513,587,922]
[0,424,587,922]
[0,424,513,587,674,803,922]
[0,178,502,587,803,922]
[0,424,513,587,737,803,922]
