[0,167,506,913,1197]
[0,167,913,1197]
[0,167,506,1197]
[0,169,506,830,1042,1197]
[0,554,913,1197]
[0,167,554,1197]
[0,167,1135,1197]
[0,169,506,830,1141,1197]
[0,169,506,1197]
[0,167,276,506,833,1042,1135,1197]
[0,167,506,1135,1197]
[0,169,913,1197]
[0,169,275,506,830,1042,1197]
[0,506,1197]
[0,167,1197]
[0,167,506,913,1135,1197]
[0,169,506,913,1042,1141,1197]
[0,169,506,913,1197]
[0,167,276,506,603,833,1042,1135,1197]
[0,169,1197]
[0,913,1197]
[0,167,506,833,1042,1197]
[0,506,830,1197]
[0,167,276,506,913,1042,1197]
[0,167,276,506,913,1042,1135,1197]
[0,169,275,506,913,1042,1197]
[0,169,506,913,1141,1197]
[0,167,554,913,1197]
[0,167,1042,1197]
[0,169,506,830,1197]
[0,167,506,1042,1197]
[0,167,506,833,1197]
[0,169,506,830,1042,1141,1197]
[0,554,1197]
[0,169,275,506,603,830,1042,1141,1197]
[0,169,1042,1197]
[0,506,913,1197]
[0,169,506,913,1042,1197]
[0,167,506,913,1042,1197]
[0,167,833,1197]
[0,169,506,1042,1197]
[0,167,506,913,1042,1135,1197]
[0,833,1197]
[0,169,506,1141,1197]
[0,167,276,506,603,833,1042,1197]
[0,276,1042,1197]
[0,167,506,833,1042,1135,1197]
[0,169,1141,1197]
[0,167,276,554,913,1042,1197]
[0,169,275,506,913,1042,1141,1197]
[0,167,554,1042,1197]
[0,167,554,913,1042,1135,1197]
[0,167,276,506,833,1042,1197]
[0,276,1197]
[0,167,554,913,1135,1197]
[0,167,276,506,603,833,913,1042,1197]
[0,506,833,1197]
[0,167,276,506,603,833,913,1042,1135,1197]
[0,169,275,506,830,1042,1141,1197]
[0,169,830,1197]
[0,169,275,506,603,830,1042,1197]
[0,167,506,1042,1135,1197]
[0,167,276,554,913,1042,1135,1197]
[0,830,1197]
[0,167,554,913,1042,1197]
