[0,218,926,1040,1642]
[0,218,624,774,926,1040,1642]
[0,72,218,297,926,1039,1642]
[0,218,774,926,1039,1642]
[0,774,926,1040,1642]
[0,72,919,1642]
[0,926,1056,1642]
[0,218,297,926,1642]
[0,72,624,774,926,1040,1642]
[0,240,774,926,1040,1642]
[0,240,774,926,1642]
[0,72,919,1056,1642]
[0,774,926,1642]
[0,218,774,926,1642]
[0,240,297,926,1642]
[0,72,218,926,1039,1642]
[0,72,240,926,1040,1642]
[0,72,218,297,774,926,1039,1642]
[0,926,1040,1642]
[0,624,774,926,1642]
[0,72,774,926,1056,1642]
[0,72,240,297,926,1040,1642]
[0,240,926,1040,1642]
[0,265,774,926,1056,1642]
[0,218,290,926,1040,1642]
[0,218,290,774,926,1040,1642]
[0,919,1056,1642]
[0,218,926,1039,1642]
[0,72,218,597,774,926,1039,1642]
[0,72,240,297,926,1642]
[0,624,926,1642]
[0,218,290,926,1642]
[0,72,774,926,1040,1642]
[0,265,624,774,926,1642]
[0,265,624,774,926,1040,1642]
[0,72,926,1039,1642]
[0,926,1039,1642]
[0,919,1642]
[0,72,218,297,597,774,926,1039,1642]
[0,624,774,926,1056,1642]
[0,72,265,624,774,926,1056,1642]
[0,72,926,1642]
[0,265,774,926,1040,1642]
[0,72,926,1056,1642]
[0,218,624,926,1040,1642]
[0,72,926,1040,1642]
[0,218,597,774,926,1642]
[0,218,297,597,774,926,1039,1642]
[0,624,774,926,1040,1642]
[0,240,919,1056,1642]
[0,72,218,597,926,1039,1642]
[0,72,265,624,774,926,1040,1642]
[0,72,218,290,624,774,926,1040,1642]
[0,218,926,1642]
[0,218,597,926,1642]
[0,218,290,624,774,926,1040,1642]
[0,218,624,774,926,1642]
[0,218,297,926,1039,1642]
[0,218,297,774,926,1039,1642]
[0,72,240,926,1642]
[0,218,774,926,1040,1642]
[0,926,1642]
[0,265,624,774,926,1056,1642]
[0,930,1642]
[0,72,218,290,926,1040,1642]
[0,265,926,1056,1642]
[0,218,624,926,1642]
[0,265,926,1642]
[0,72,240,297,774,926,1040,1642]
[0,597,926,1642]
[0,265,774,926,1642]
[0,240,926,1642]
[0,218,597,774,926,1039,1642]
[0,774,926,1056,1642]
[0,72,240,774,926,1040,1642]
[0,218,597,926,1039,1642]
[0,240,919,1642]
[0,240,930,1642]
[0,72,218,290,774,926,1040,1642]
[0,265,926,1040,1642]
[0,72,624,774,926,1056,1642]
