[0,213,748,804,1191,1419]
[0,152,213,748,1191,1419]
[0,748,1419]
[0,518,994,1191,1419]
[0,518,1419]
[0,152,213,518,1191,1419]
[0,152,518,1191,1419]
[0,152,213,1191,1419]
[0,213,1030,1419]
[0,518,804,1419]
[0,152,518,994,1191,1419]
[0,152,213,518,994,1191,1419]
[0,748,1191,1419]
[0,152,213,518,748,804,1191,1419]
[0,152,518,804,1191,1419]
[0,518,804,1191,1419]
[0,1191,1419]
[0,748,804,1191,1419]
[0,213,748,1191,1419]
[0,1030,1419]
[0,152,213,748,804,1191,1419]
[0,518,1191,1419]
[0,213,1191,1419]
[0,152,213,518,804,1191,1419]
