[0,148,257,417,601,668,781,859,1046]
[0,350,417,601,1046]
[0,235,417,601,668,859,1046]
[0,417,601,668,1046]
[0,148,350,417,601,668,781,859,1046]
[0,267,417,601,668,781,859,1046]
[0,668,1046]
[0,417,601,668,781,859,1046]
[0,417,601,1046]
[0,601,859,1046]
[0,183,267,417,601,781,859,1046]
[0,148,257,417,549,601,668,781,859,1046]
[0,417,601,859,1046]
[0,148,417,601,781,859,1046]
[0,350,417,601,668,1046]
[0,148,257,350,417,601,668,781,859,1046]
[0,148,257,417,601,1046]
[0,257,417,601,668,1046]
[0,267,601,859,1046]
[0,183,267,417,601,668,859,1046]
[0,267,601,1046]
[0,235,417,601,1046]
[0,235,417,601,859,1046]
[0,183,267,417,549,601,781,859,1046]
[0,148,257,350,417,549,601,668,781,859,1046]
[0,668,859,1046]
[0,267,350,417,601,668,781,859,1046]
[0,257,417,601,668,781,859,1046]
[0,148,257,417,601,859,1046]
[0,183,267,417,549,601,668,781,859,1046]
[0,267,417,549,601,668,781,859,1046]
[0,257,417,601,781,859,1046]
[0,267,417,601,668,859,1046]
[0,267,668,1046]
[0,183,267,350,417,601,668,781,859,1046]
[0,267,417,1046]
[0,350,417,601,668,781,859,1046]
[0,417,1046]
[0,601,668,1046]
[0,267,417,601,859,1046]
[0,235,417,1046]
[0,267,417,601,1046]
[0,257,417,549,601,859,1046]
[0,859,1046]
[0,267,417,549,601,781,859,1046]
[0,235,417,601,668,1046]
[0,350,417,601,668,859,1046]
[0,267,350,417,549,601,668,781,859,1046]
[0,183,267,350,417,549,601,668,781,859,1046]
[0,267,1046]
[0,350,417,1046]
[0,148,257,417,549,601,859,1046]
[0,148,257,417,601,668,1046]
[0,350,417,549,601,668,781,859,1046]
[0,148,417,601,668,781,859,1046]
[0,257,417,549,601,668,781,859,1046]
[0,148,257,417,601,668,859,1046]
[0,183,267,417,601,668,781,859,1046]
[0,417,601,781,859,1046]
[0,601,1046]
[0,148,257,417,601,781,859,1046]
[0,257,417,601,859,1046]
[0,183,267,417,601,859,1046]
[0,781,859,1046]
[0,601,668,781,859,1046]
[0,148,257,417,549,601,781,859,1046]
[0,417,601,668,859,1046]
[0,267,417,549,601,859,1046]
[0,257,417,601,1046]
[0,148,350,417,549,601,668,781,859,1046]
[0,257,417,1046]
[0,668,781,859,1046]
[0,267,417,601,781,859,1046]
[0,148,417,601,859,1046]
[0,267,417,601,668,1046]
