[0,1006,1484,1655,2105,2347,2887,2956]
[0,1006,2887,2956]
[0,309,1006,1655,2347,2956]
[0,309,1006,1484,1655,2105,2347,2887,2956]
[0,1006,1484,1655,2105,2347,2956]
[0,2347,2956]
[0,1006,2014,2347,2956]
[0,1006,2014,2347,2887,2956]
[0,309,2347,2887,2956]
[0,2014,2347,2956]
[0,1006,2105,2347,2887,2956]
[0,1001,2105,2347,2956]
[0,1006,2347,2956]
[0,1006,1655,2105,2347,2956]
[0,2105,2347,2956]
[0,309,2347,2956]
[0,309,1006,2887,2956]
[0,2347,2887,2956]
[0,1001,2347,2956]
[0,1006,2956]
[0,309,1006,1655,2105,2347,2588,2956]
[0,1655,2347,2956]
[0,1006,1655,2347,2956]
[0,1001,2956]
[0,309,1006,2956]
[0,309,1006,1484,1655,2105,2347,2956]
[0,1655,2956]
[0,1006,1655,2956]
[0,309,1006,2347,2887,2956]
[0,1006,2105,2347,2956]
[0,309,1006,2347,2956]
[0,309,1006,1655,2105,2347,2588,2887,2956]
[0,309,1006,1655,2105,2347,2887,2956]
[0,1001,2105,2347,2887,2956]
[0,309,1006,1655,2105,2347,2956]
[0,983,2956]
[0,1006,1655,2105,2347,2887,2956]
[0,2887,2956]
