[0,1078,1427]
[0,532,653,919,1250,1427]
[0,665,919,1250,1427]
[0,919,1210,1427]
[0,532,653,717,919,1250,1427]
[0,653,919,1250,1427]
[0,665,919,1210,1427]
[0,919,1427]
[0,677,919,1210,1427]
[0,342,677,919,1427]
[0,342,1427]
[0,532,646,715,919,1210,1427]
[0,532,665,919,1250,1427]
[0,637,919,1427]
[0,653,919,1427]
[0,532,665,919,1210,1427]
[0,538,677,867,919,1210,1427]
[0,646,919,1427]
[0,342,646,919,1210,1427]
[0,538,677,919,1210,1427]
[0,532,653,715,919,1250,1427]
[0,342,1078,1427]
[0,532,646,919,1210,1427]
[0,637,919,1210,1427]
[0,646,919,1210,1427]
[0,342,677,919,1210,1427]
[0,342,653,1427]
[0,677,919,1427]
[0,665,919,1427]
[0,919,1250,1427]
[0,503,665,919,1210,1427]
[0,342,919,1427]
[0,538,637,919,1210,1427]
[0,342,653,1078,1427]
[0,342,646,919,1427]
