[0,728,1120,1516,2554]
[0,332,1144,1516,1826,2220,2554]
[0,332,1144,1826,2220,2554]
[0,84,1516,1826,2220,2554]
[0,332,1051,1144,1826,2220,2554]
[0,332,896,1144,2220,2554]
[0,332,1516,1826,2220,2554]
[0,728,1516,2220,2554]
[0,332,728,1120,1826,2220,2554]
[0,84,753,1120,1516,1826,2220,2554]
[0,332,1516,2554]
[0,332,1558,2220,2554]
[0,74,702,896,1144,1975,2220,2554]
[0,332,992,1144,1516,1826,2220,2554]
[0,1826,2220,2554]
[0,753,1516,1826,2220,2554]
[0,378,1144,2554]
[0,332,702,896,1144,1975,2220,2554]
[0,1516,2220,2554]
[0,1516,1975,2220,2554]
[0,332,728,1120,1516,2554]
[0,332,1516,2220,2554]
[0,378,2220,2554]
[0,1120,2220,2554]
[0,1120,1826,2554]
[0,1975,2220,2554]
[0,1120,2554]
[0,753,1120,2220,2554]
[0,1558,2554]
[0,896,1516,2220,2554]
[0,1144,2220,2554]
[0,2220,2554]
[0,896,2220,2554]
[0,896,1132,2220,2554]
[0,332,896,1144,1826,2220,2554]
[0,728,2554]
[0,332,728,1516,1826,2554]
[0,1132,2220,2554]
[0,332,1144,2220,2554]
[0,332,1516,1826,2261,2554]
[0,728,1120,1826,2220,2554]
[0,728,1516,2554]
[0,378,1144,2220,2554]
[0,896,1144,2220,2554]
[0,753,1120,1826,2220,2554]
[0,1120,1826,2220,2554]
[0,1144,1826,2220,2554]
[0,332,728,1516,1826,2261,2554]
[0,1132,1975,2220,2554]
[0,1826,2554]
[0,896,1826,2554]
[0,74,332,702,896,1144,1975,2220,2554]
[0,332,728,1516,2554]
[0,728,2220,2554]
[0,753,1516,2554]
[0,702,896,1144,1975,2220,2554]
[0,896,1516,1975,2220,2554]
[0,728,1120,1558,2554]
[0,1558,2220,2554]
[0,1132,2554]
[0,896,1132,2554]
[0,332,728,1120,1558,2220,2554]
[0,896,1144,1826,2220,2554]
[0,1051,1144,2554]
[0,896,1132,1975,2220,2554]
[0,896,2554]
[0,332,728,1120,1516,1826,2220,2554]
[0,728,1120,2220,2554]
[0,728,1120,1826,2554]
[0,753,2554]
[0,896,1144,1975,2220,2554]
[0,332,728,1120,1516,1826,2554]
[0,728,1120,1558,2220,2554]
[0,1144,1975,2220,2554]
[0,332,2220,2554]
[0,1144,1826,2554]
[0,332,728,1516,1826,2220,2554]
[0,378,2554]
[0,332,1120,2220,2554]
[0,74,896,1144,1975,2220,2554]
[0,753,1516,2220,2554]
[0,753,1120,1516,1826,2220,2554]
[0,1144,2554]
[0,896,1132,1516,1975,2220,2554]
[0,896,1516,2554]
[0,1516,2554]
[0,896,1144,2554]
[0,332,1516,1826,2554]
[0,753,1120,1826,2554]
[0,84,753,1516,1826,2220,2554]
[0,332,728,1120,1516,1826,2261,2554]
[0,728,1120,2554]
[0,332,728,1120,2220,2554]
[0,728,1558,2554]
[0,1051,1144,1826,2220,2554]
[0,1051,1144,2220,2554]
[0,84,896,1132,1516,1975,2220,2554]
[0,84,896,1132,1975,2220,2554]
[0,1516,1826,2220,2554]
[0,332,896,1144,1975,2220,2554]
[0,332,1120,1826,2220,2554]
[0,332,728,1516,2220,2554]
[0,753,1120,2554]
[0,753,2220,2554]
[0,74,896,1144,1826,2220,2554]
