[0,95,791,1154,1488,1958,2086]
[0,95,599,791,1154,1488,1626,1784,1958,2086]
[0,791,1154,1488,1626,1784,1958,2086]
[0,501,791,1154,1488,2086]
[0,599,1626,2086]
[0,1154,1488,1958,2086]
[0,599,791,1154,1488,1626,2086]
[0,791,1154,2086]
[0,599,791,1154,1488,1626,1784,2086]
[0,95,639,2086]
[0,599,791,1154,1488,2086]
[0,639,1155,1892,2086]
[0,791,1154,1958,2086]
[0,95,791,1154,1488,1784,1958,2086]
[0,599,791,1154,1488,1784,2086]
[0,791,1154,1488,1784,1958,2086]
[0,791,1154,1488,1626,2086]
[0,1425,2086]
[0,791,2086]
[0,501,791,1154,1488,1626,1784,1958,2086]
[0,791,1154,1488,1958,2086]
[0,501,791,1154,1488,1626,1784,2086]
[0,95,1488,1958,2086]
[0,791,1154,1488,1784,2086]
[0,639,2086]
[0,95,2086]
[0,599,2086]
[0,1154,1488,2086]
[0,791,1154,1488,2086]
[0,95,791,1154,2086]
[0,599,791,1154,1488,1626,1784,1958,2086]
[0,639,1155,2086]
[0,95,639,1155,1892,2086]
[0,95,639,1155,2086]
[0,95,1154,1488,1958,2086]
[0,95,791,1154,1958,2086]
[0,1488,2086]
[0,95,501,791,1154,1488,1626,1784,1958,2086]
[0,95,791,1154,1488,1626,1784,1958,2086]
[0,1488,1958,2086]
[0,501,791,1154,1488,1784,2086]
[0,791,1154,1488,1626,1784,2086]
[0,1425,1958,2086]
