[0,454,2056,2120]
[0,79,289,410,556,2056,2120]
[0,289,556,817,1452,1701,2120]
[0,289,811,2120]
[0,399,811,2056,2120]
[0,79,289,410,554,607,1452,1701,2056,2120]
[0,289,554,1701,2120]
[0,811,2120]
[0,79,289,410,556,1452,1701,2056,2120]
[0,408,2120]
[0,289,817,2120]
[0,79,289,410,556,1452,1701,2120]
[0,859,2120]
[0,399,2120]
[0,454,2120]
[0,289,410,556,817,1452,1701,2120]
[0,454,811,2056,2120]
[0,79,289,410,556,1701,2120]
[0,79,289,410,556,817,1452,1701,2056,2120]
[0,289,2120]
[0,79,289,410,554,2056,2120]
[0,817,2120]
[0,79,289,410,556,1701,2056,2120]
[0,399,811,2120]
[0,289,556,1452,1701,2120]
[0,454,607,2120]
[0,2056,2120]
[0,289,410,556,2056,2120]
[0,289,817,2056,2120]
[0,289,410,554,1452,1701,2120]
[0,408,859,2056,2120]
[0,424,2050,2120]
[0,79,289,410,554,1701,2120]
[0,79,289,410,554,2120]
[0,79,289,410,556,817,1452,1701,2120]
[0,408,859,2120]
[0,289,554,2120]
[0,79,289,410,554,1701,2056,2120]
[0,289,1701,2120]
[0,79,289,410,554,1452,1701,2120]
[0,289,556,1701,2120]
[0,454,811,2120]
[0,289,410,556,1701,2120]
[0,289,607,2120]
[0,289,410,554,1701,2120]
[0,1701,2120]
[0,289,410,556,1452,1701,2120]
[0,79,289,410,556,2120]
[0,607,2120]
[0,454,607,2056,2120]
[0,289,554,1452,1701,2120]
[0,289,556,2120]
[0,289,556,817,1701,2120]
[0,289,811,2056,2120]
[0,289,410,554,2120]
[0,424,2120]
[0,289,410,556,2120]
[0,79,289,410,554,1452,1701,2056,2120]
