[0,1124,2019]
[0,1124,1492,2019]
[0,349,1124,1492,2019]
[0,349,2019]
[0,517,837,1124,1492,1883,2019]
[0,778,1164,2019]
[0,349,837,1492,2019]
[0,349,1124,2019]
[0,349,888,1660,2019]
[0,778,2019]
[0,888,2019]
[0,517,837,1124,2019]
[0,888,1660,2019]
[0,837,2019]
[0,517,778,837,1124,1492,1600,2019]
[0,517,778,837,1124,2019]
[0,349,837,1124,2019]
[0,1660,2019]
[0,517,837,1124,1492,1600,1883,2019]
[0,517,778,837,1124,1492,2019]
[0,517,837,1124,1492,1600,2019]
[0,517,1124,2019]
[0,517,837,1124,1492,1600,1883,1946,2019]
[0,349,837,2019]
[0,517,837,1124,1492,2019]
[0,837,1492,2019]
[0,517,2019]
[0,517,778,837,1124,1492,1600,1883,2019]
[0,837,1124,2019]
[0,517,778,837,1124,1492,1600,1883,1946,2019]
[0,349,1660,2019]
[0,517,1124,1492,2019]
[0,349,837,1124,1492,2019]
