[0,264,887,1136,1283,1538,1651]
[0,264,686,887,1136,1283,1651]
[0,264,1136,1283,1448,1543,1651]
[0,264,1136,1283,1543,1651]
[0,686,1283,1651]
[0,109,264,887,1136,1283,1448,1543,1651]
[0,264,887,1136,1283,1448,1543,1651]
[0,264,1283,1651]
[0,887,1651]
[0,264,555,686,887,1136,1283,1543,1651]
[0,109,199,264,1136,1283,1448,1543,1651]
[0,109,264,1136,1283,1543,1651]
[0,109,199,264,555,686,887,1136,1283,1448,1543,1651]
[0,264,555,686,887,1136,1283,1448,1543,1651]
[0,1283,1651]
[0,264,686,1283,1651]
[0,109,199,264,686,887,1136,1283,1448,1543,1651]
[0,264,686,887,1136,1283,1451,1538,1651]
[0,264,686,887,1136,1283,1448,1543,1651]
[0,109,209,264,555,686,887,1136,1283,1451,1538,1651]
[0,109,264,686,887,1136,1283,1448,1543,1651]
[0,109,264,1136,1283,1651]
[0,109,264,555,686,887,1136,1283,1451,1538,1651]
[0,264,686,887,1136,1283,1543,1651]
[0,109,264,1283,1651]
[0,109,199,264,1283,1448,1543,1651]
[0,109,264,555,686,887,1136,1283,1543,1651]
[0,109,264,887,1136,1283,1543,1651]
[0,264,686,887,1136,1283,1538,1651]
[0,109,264,555,686,887,1136,1283,1448,1543,1651]
[0,264,686,887,1283,1651]
[0,264,1136,1283,1538,1651]
[0,109,264,1136,1283,1448,1543,1651]
[0,264,1283,1451,1538,1651]
[0,264,1283,1543,1651]
[0,109,264,555,686,887,1136,1283,1538,1651]
[0,264,1136,1283,1451,1538,1651]
[0,887,1283,1651]
[0,264,887,1283,1651]
[0,264,555,686,887,1136,1283,1538,1651]
[0,264,1136,1283,1651]
[0,264,555,686,887,1136,1283,1651]
[0,264,1651]
[0,109,264,887,1136,1283,1651]
[0,264,1283,1538,1651]
[0,109,264,555,686,887,1136,1283,1651]
[0,109,264,1283,1543,1651]
[0,109,264,686,887,1136,1283,1543,1651]
[0,264,887,1136,1283,1651]
[0,264,887,1136,1283,1451,1538,1651]
[0,686,1651]
[0,264,1283,1448,1543,1651]
[0,109,264,1283,1448,1543,1651]
[0,264,887,1136,1283,1543,1651]
[0,264,555,686,887,1136,1283,1451,1538,1651]
[0,109,264,686,887,1136,1283,1651]
[0,109,199,264,887,1136,1283,1448,1543,1651]
