[0,3541,4758]
[0,465,1024,2366,2835,4758]
[0,1024,2840,3829,4758]
[0,847,3541,4678,4758]
[0,687,1024,1430,2840,4758]
[0,2366,2835,4758]
[0,2366,2835,4678,4758]
[0,2840,4678,4758]
[0,1198,2041,2804,4678,4758]
[0,2517,2840,3541,3829,4678,4758]
[0,465,835,2835,4678,4758]
[0,1430,2517,2840,3541,3829,4678,4758]
[0,835,1430,2835,4758]
[0,1430,2366,2835,4678,4758]
[0,835,1430,2366,2835,4758]
[0,1024,1430,2517,2840,3541,3829,4758]
[0,835,2366,2835,4758]
[0,2790,4758]
[0,823,2790,3541,4678,4758]
[0,987,2835,4758]
[0,2517,2840,3541,4758]
[0,687,1024,1430,2517,2840,3829,4758]
[0,2517,2840,4758]
[0,687,1024,1430,2517,2840,4758]
[0,2517,2840,3829,4758]
[0,847,2753,3541,4678,4758]
[0,465,1024,1430,2366,2835,4678,4758]
[0,4678,4758]
[0,2041,2840,4678,4758]
[0,1198,2041,2804,3541,4678,4758]
[0,1430,2517,2840,4758]
[0,835,2835,4758]
[0,2041,2804,4758]
[0,3541,4678,4758]
[0,2840,4758]
[0,1198,2804,4758]
[0,823,3541,4758]
[0,465,4758]
[0,1430,2840,4758]
[0,687,1024,2840,4758]
[0,2835,4678,4758]
[0,465,835,1430,2366,2835,4758]
[0,1198,2041,2804,4758]
[0,2517,2840,4678,4758]
[0,2835,4758]
[0,1198,2041,2804,3541,4758]
[0,1024,1430,2517,2840,3541,3829,4678,4758]
[0,465,4678,4758]
[0,2840,3829,4758]
[0,823,2790,4758]
[0,1024,1430,2517,2840,4758]
[0,847,3541,4758]
[0,1430,2835,4758]
[0,1024,2840,4758]
[0,465,835,1430,2366,2835,4678,4758]
[0,1430,2041,2840,4758]
[0,687,1024,1430,2840,3829,4758]
[0,2517,2840,3541,4678,4758]
[0,2753,4758]
[0,1024,1430,2840,3829,4758]
[0,465,1024,1430,2366,2835,4758]
[0,465,2366,2835,4758]
[0,823,3541,4678,4758]
[0,1024,2835,4758]
[0,2041,2840,4758]
[0,1024,2366,2835,4758]
[0,1024,1430,2366,2835,4758]
[0,1430,2517,2840,3829,4758]
[0,2804,4678,4758]
[0,1430,2366,2835,4758]
[0,687,1024,1430,2517,2840,3541,3829,4678,4758]
[0,1430,2517,2840,3541,3829,4758]
[0,687,1024,2840,3829,4758]
[0,1024,1430,2517,2840,3829,4758]
[0,465,835,2835,4758]
[0,465,835,2366,2835,4678,4758]
[0,823,2790,3541,4758]
[0,1430,2840,3829,4758]
[0,1024,1430,2366,2835,4678,4758]
[0,465,835,2366,2835,4758]
[0,687,1024,1430,2517,2840,3541,3829,4758]
[0,835,2835,4678,4758]
[0,2840,3541,4758]
[0,847,2753,3541,4758]
[0,847,2753,4758]
[0,987,2835,4678,4758]
[0,1024,1430,2840,4758]
[0,2517,2840,3541,3829,4758]
[0,2041,2804,4678,4758]
[0,2804,4758]
[0,1430,2041,2840,4678,4758]
