[0,113,192,260,429,479,597,728,799,997]
[0,260,479,613,728,799,864,997]
[0,260,429,997]
[0,260,429,799,997]
[0,260,429,613,728,864,997]
[0,113,260,479,597,759,997]
[0,260,429,759,997]
[0,260,799,997]
[0,113,192,260,479,597,728,799,997]
[0,113,192,260,429,479,613,728,799,864,997]
[0,613,997]
[0,260,759,997]
[0,113,260,479,597,759,907,997]
[0,260,429,728,997]
[0,260,479,799,997]
[0,113,192,260,479,597,759,907,997]
[0,113,260,429,759,997]
[0,260,479,613,728,864,997]
[0,260,728,997]
[0,260,429,613,997]
[0,260,479,613,864,997]
[0,260,429,864,997]
[0,260,479,597,759,907,997]
[0,260,864,997]
[0,260,479,997]
[0,113,192,260,429,613,728,864,997]
[0,260,613,997]
[0,260,429,759,907,997]
[0,260,479,759,997]
[0,260,479,597,799,997]
[0,260,429,613,864,997]
[0,113,192,260,429,479,597,759,907,997]
[0,260,479,864,997]
[0,260,479,597,759,997]
[0,113,192,260,479,597,759,997]
[0,113,192,260,429,759,907,997]
[0,113,192,260,479,613,728,799,864,997]
[0,113,260,479,613,728,864,997]
[0,260,997]
[0,113,260,429,613,728,864,997]
[0,113,192,260,429,479,613,728,864,997]
[0,260,479,597,728,799,997]
[0,113,260,479,613,728,799,864,997]
[0,113,192,260,479,613,728,864,997]
[0,260,479,613,997]
[0,113,260,479,597,799,997]
[0,113,260,479,597,728,799,997]
[0,113,260,429,759,907,997]
[0,113,192,260,429,759,997]
[0,728,997]
