[0,400,457,575,745,1327]
[0,400,575,656,743,1327]
[0,400,575,745,820,1003,1327]
[0,400,575,656,1327]
[0,400,575,656,743,820,1003,1327]
[0,400,743,1327]
[0,400,457,575,656,745,820,1003,1327]
[0,400,450,575,743,1327]
[0,400,575,748,1327]
[0,400,575,656,820,1003,1327]
[0,400,575,1003,1327]
[0,400,1253,1327]
[0,400,575,1327]
[0,400,575,743,1327]
[0,810,1327]
[0,400,575,745,820,1327]
[0,400,820,1003,1327]
[0,400,575,820,1003,1327]
[0,400,575,745,1003,1327]
[0,400,450,575,743,820,1327]
[0,400,457,575,745,820,1003,1327]
[0,400,450,575,743,820,1003,1327]
[0,400,575,745,1327]
[0,400,575,743,820,1003,1327]
[0,400,575,743,1003,1327]
[0,400,575,656,745,820,1003,1327]
[0,400,1327]
[0,400,1003,1327]
[0,400,457,575,745,820,1327]
[0,400,450,575,656,743,820,1003,1327]
[0,400,575,743,820,1327]
[0,400,575,656,1003,1327]
