0.000000000000000000e+00
6.000000000000000000e+01
7.400000000000000000e+01
8.000000000000000000e+01
8.400000000000000000e+01
9.000000000000000000e+01
1.060000000000000000e+02
1.080000000000000000e+02
1.280000000000000000e+02
1.520000000000000000e+02
1.540000000000000000e+02
1.580000000000000000e+02
1.800000000000000000e+02
1.920000000000000000e+02
1.940000000000000000e+02
2.000000000000000000e+02
2.060000000000000000e+02
2.080000000000000000e+02
2.140000000000000000e+02
2.180000000000000000e+02
2.280000000000000000e+02
2.340000000000000000e+02
2.360000000000000000e+02
2.420000000000000000e+02
2.480000000000000000e+02
2.560000000000000000e+02
2.840000000000000000e+02
3.260000000000000000e+02
3.320000000000000000e+02
3.520000000000000000e+02
3.720000000000000000e+02
4.040000000000000000e+02
4.100000000000000000e+02
4.280000000000000000e+02
4.600000000000000000e+02
4.680000000000000000e+02
4.840000000000000000e+02
5.000000000000000000e+02
5.380000000000000000e+02
5.400000000000000000e+02
5.420000000000000000e+02
5.440000000000000000e+02
5.460000000000000000e+02
5.480000000000000000e+02
5.500000000000000000e+02
5.520000000000000000e+02
5.580000000000000000e+02
5.600000000000000000e+02
5.680000000000000000e+02
5.700000000000000000e+02
5.720000000000000000e+02
5.760000000000000000e+02
5.800000000000000000e+02
5.840000000000000000e+02
5.860000000000000000e+02
5.940000000000000000e+02
5.980000000000000000e+02
6.200000000000000000e+02
6.540000000000000000e+02
6.980000000000000000e+02
7.000000000000000000e+02
7.060000000000000000e+02
7.300000000000000000e+02
7.320000000000000000e+02
7.360000000000000000e+02
7.380000000000000000e+02
7.420000000000000000e+02
7.480000000000000000e+02
7.500000000000000000e+02
7.700000000000000000e+02
7.720000000000000000e+02
7.740000000000000000e+02
8.000000000000000000e+02
8.540000000000000000e+02
8.560000000000000000e+02
8.680000000000000000e+02
8.780000000000000000e+02
8.860000000000000000e+02
8.880000000000000000e+02
8.960000000000000000e+02
8.980000000000000000e+02
9.020000000000000000e+02
9.080000000000000000e+02
9.180000000000000000e+02
9.340000000000000000e+02
9.540000000000000000e+02
1.010000000000000000e+03
1.014000000000000000e+03
1.026000000000000000e+03
1.028000000000000000e+03
1.032000000000000000e+03
1.042000000000000000e+03
1.054000000000000000e+03
1.056000000000000000e+03
1.072000000000000000e+03
1.076000000000000000e+03
1.078000000000000000e+03
1.102000000000000000e+03
1.104000000000000000e+03
1.138000000000000000e+03
1.144000000000000000e+03
1.148000000000000000e+03
1.176000000000000000e+03
1.186000000000000000e+03
1.190000000000000000e+03
1.256000000000000000e+03
1.264000000000000000e+03
1.302000000000000000e+03
1.304000000000000000e+03
1.326000000000000000e+03
1.336000000000000000e+03
1.348000000000000000e+03
1.350000000000000000e+03
1.376000000000000000e+03
1.378000000000000000e+03
1.398000000000000000e+03
1.400000000000000000e+03
1.412000000000000000e+03
1.454000000000000000e+03
1.458000000000000000e+03
1.468000000000000000e+03
1.470000000000000000e+03
1.476000000000000000e+03
1.482000000000000000e+03
1.490000000000000000e+03
1.498000000000000000e+03
1.504000000000000000e+03
1.510000000000000000e+03
1.514000000000000000e+03
1.516000000000000000e+03
1.520000000000000000e+03
1.532000000000000000e+03
1.534000000000000000e+03
1.550000000000000000e+03
1.552000000000000000e+03
1.554000000000000000e+03
1.596000000000000000e+03
1.598000000000000000e+03
1.600000000000000000e+03
1.672000000000000000e+03
1.674000000000000000e+03
1.694000000000000000e+03
1.726000000000000000e+03
1.748000000000000000e+03
1.754000000000000000e+03
1.776000000000000000e+03
1.778000000000000000e+03
1.800000000000000000e+03
1.810000000000000000e+03
1.822000000000000000e+03
1.826000000000000000e+03
1.830000000000000000e+03
1.860000000000000000e+03
1.894000000000000000e+03
1.934000000000000000e+03
1.938000000000000000e+03
1.950000000000000000e+03
1.956000000000000000e+03
1.964000000000000000e+03
1.968000000000000000e+03
1.988000000000000000e+03
1.992000000000000000e+03
2.006000000000000000e+03
2.010000000000000000e+03
2.014000000000000000e+03
2.018000000000000000e+03
2.026000000000000000e+03
2.028000000000000000e+03
2.070000000000000000e+03
2.072000000000000000e+03
2.074000000000000000e+03
2.116000000000000000e+03
2.176000000000000000e+03
