[0,550,1427,3353]
[0,556,1109,1427,1892,2246,2989,3245,3353]
[0,1427,3353]
[0,556,1109,2246,3353]
[0,240,556,1109,1427,1684,1892,2246,2989,3245,3353]
[0,556,1892,2246,2871,3353]
[0,556,1892,2989,3353]
[0,556,1109,3353]
[0,240,556,1109,1427,1892,2246,2989,3245,3353]
[0,240,556,1109,1427,1892,2246,2989,3353]
[0,1892,2246,2871,3353]
[0,240,556,1892,2246,2871,3245,3353]
[0,2021,3353]
[0,556,1892,3353]
[0,1109,2246,2989,3353]
[0,1109,1892,2246,2989,3245,3353]
[0,1892,2246,2871,3245,3353]
[0,556,1109,2246,2989,3353]
[0,1109,2989,3353]
[0,1109,1427,1892,2246,2989,3353]
[0,240,556,1109,1427,1684,1892,2246,2989,3353]
[0,1892,2246,3353]
[0,1892,2871,3353]
[0,550,1427,2246,3353]
[0,550,2989,3353]
[0,240,556,1892,2246,2989,3245,3353]
[0,550,1427,2246,2989,3353]
[0,556,1892,2246,2989,3353]
[0,1892,2246,2989,3353]
[0,240,556,1892,2246,2871,3353]
[0,556,1892,2246,2989,3245,3353]
[0,1109,3353]
[0,1109,1427,1892,2246,2989,3245,3353]
[0,556,1109,1892,2246,2989,3353]
[0,556,1892,2246,2871,3245,3353]
[0,550,3353]
[0,1109,1892,2246,2989,3353]
[0,550,2246,2989,3353]
[0,556,1892,2871,3353]
[0,556,3353]
[0,556,2021,3353]
[0,1892,2246,2989,3245,3353]
[0,550,1892,2246,2989,3353]
[0,550,1892,3353]
[0,240,556,1892,2246,2989,3353]
[0,1892,2989,3353]
[0,556,1109,1427,1892,2246,2989,3353]
[0,556,2021,2989,3353]
[0,1892,3353]
[0,1109,2246,3353]
[0,550,1892,2989,3353]
[0,2246,3353]
[0,550,2246,3353]
[0,1427,2246,3353]
