[0,58,193,636,925,1060,1180]
[0,193,636,925,1060,1180]
[0,636,866,1060,1180]
[0,192,475,636,736,960,1060,1180]
[0,193,736,925,1060,1180]
[0,192,736,960,1060,1180]
[0,193,636,825,1180]
[0,193,736,1060,1180]
[0,193,636,1180]
[0,58,193,481,636,736,1060,1180]
[0,58,193,481,636,866,1180]
[0,193,825,1180]
[0,58,193,636,736,1180]
[0,58,193,481,636,736,1180]
[0,192,636,736,960,1060,1180]
[0,58,192,636,736,960,1060,1180]
[0,193,481,636,866,1060,1180]
[0,193,481,636,1180]
[0,58,193,736,1180]
[0,193,481,636,736,925,1060,1180]
[0,193,636,866,1180]
[0,58,192,636,736,1060,1180]
[0,193,475,636,825,1180]
[0,192,636,736,1060,1180]
[0,193,636,736,1180]
[0,58,192,475,636,736,825,960,1060,1180]
[0,193,736,925,1180]
[0,193,481,636,925,1060,1180]
[0,58,192,238,475,636,736,825,960,1060,1180]
[0,193,636,736,960,1060,1180]
[0,193,481,636,866,1180]
[0,193,481,636,736,866,925,1060,1180]
[0,193,481,636,736,1060,1180]
[0,58,193,481,636,866,1060,1180]
[0,58,192,475,636,736,960,1060,1180]
[0,193,736,1180]
[0,192,475,736,1060,1180]
[0,58,192,736,1180]
[0,58,193,636,825,1060,1180]
[0,58,193,636,825,1180]
[0,192,475,736,1180]
[0,58,193,636,1180]
[0,58,193,481,636,925,1060,1180]
[0,193,481,736,1180]
[0,636,925,1180]
[0,866,1180]
[0,193,475,636,825,1060,1180]
[0,58,193,636,736,960,1060,1180]
[0,192,736,1180]
[0,193,475,736,960,1060,1180]
[0,58,192,636,736,1180]
[0,475,736,1180]
[0,193,736,960,1060,1180]
[0,58,193,481,636,1180]
[0,193,636,825,1060,1180]
[0,192,636,736,1180]
[0,192,475,736,960,1060,1180]
[0,58,192,238,475,636,736,960,1060,1180]
[0,193,481,736,1060,1180]
[0,193,475,636,736,960,1060,1180]
[0,736,1180]
[0,58,193,636,736,1060,1180]
[0,193,636,736,1060,1180]
[0,58,193,475,636,825,1060,1180]
[0,58,193,636,925,1180]
[0,58,193,475,636,736,960,1060,1180]
[0,193,481,736,925,1060,1180]
[0,481,736,1180]
[0,193,475,736,1060,1180]
[0,193,481,636,736,1180]
[0,636,1180]
[0,193,636,925,1180]
[0,193,481,736,925,1180]
[0,825,1180]
[0,636,866,1180]
[0,58,193,481,636,736,866,925,1060,1180]
[0,58,193,481,636,736,925,1060,1180]
[0,193,475,736,1180]
[0,192,475,636,736,825,960,1060,1180]
[0,192,736,1060,1180]
[0,193,481,636,925,1180]
