[0,752,913,1001,1249]
[0,60,183,270,485,913,1157,1249]
[0,270,752,913,1249]
[0,60,270,913,1001,1249]
[0,270,752,1001,1249]
[0,913,1001,1048,1157,1249]
[0,60,183,913,1249]
[0,183,270,485,913,1157,1249]
[0,60,913,1001,1048,1249]
[0,60,270,485,913,1001,1048,1157,1249]
[0,183,485,913,1249]
[0,485,913,1001,1048,1249]
[0,270,485,752,913,1001,1249]
[0,60,270,485,913,1157,1249]
[0,752,1249]
[0,60,270,485,913,1001,1157,1249]
[0,270,485,752,913,1001,1157,1249]
[0,270,485,913,1249]
[0,270,485,752,1249]
[0,60,913,1001,1249]
[0,270,485,752,913,1157,1249]
[0,270,913,1001,1249]
[0,485,913,1001,1249]
[0,183,726,1001,1249]
[0,270,752,913,1001,1249]
[0,183,752,913,1001,1249]
[0,60,183,485,913,1157,1249]
[0,485,913,1157,1249]
[0,485,1249]
[0,270,485,752,913,1001,1048,1157,1249]
[0,183,752,913,1249]
[0,270,485,913,1001,1249]
[0,60,270,485,913,1001,1048,1249]
[0,752,913,1001,1157,1249]
[0,913,1001,1249]
[0,726,1001,1249]
[0,183,913,1249]
[0,183,752,1249]
[0,270,913,1249]
[0,60,270,485,532,913,1001,1048,1157,1249]
[0,270,752,1249]
[0,270,485,913,1001,1157,1249]
[0,752,913,1001,1048,1157,1249]
[0,183,485,913,1157,1249]
[0,752,913,1157,1249]
[0,726,1249]
[0,913,1001,1157,1249]
[0,270,485,752,913,1249]
[0,270,752,913,1001,1157,1249]
[0,270,485,752,1001,1249]
[0,913,1249]
[0,60,270,485,913,1001,1249]
[0,60,270,913,1001,1048,1249]
[0,270,485,913,1001,1048,1157,1249]
[0,966,1249]
[0,60,270,485,913,1249]
[0,270,752,913,1001,1048,1157,1249]
[0,485,913,1249]
[0,60,913,1249]
[0,270,485,913,1001,1048,1249]
[0,183,766,913,1249]
[0,913,1001,1048,1249]
[0,60,270,913,1249]
[0,752,913,1249]
[0,752,1001,1249]
[0,183,752,1001,1249]
[0,766,913,1249]
[0,872,1249]
[0,270,752,913,1157,1249]
[0,60,183,485,913,1249]
[0,913,1157,1249]
[0,270,485,913,1157,1249]
