[0,396,571,1197]
[0,396,807,873,1097,1197]
[0,396,807,1097,1197]
[0,299,571,807,873,1144,1197]
[0,396,1197]
[0,256,299,396,490,807,873,1097,1144,1197]
[0,396,571,807,873,1097,1197]
[0,256,396,490,807,873,1144,1197]
[0,256,396,490,807,873,1197]
[0,256,396,490,873,1197]
[0,1144,1197]
[0,299,807,873,1144,1197]
[0,807,1144,1197]
[0,256,396,571,807,873,1097,1144,1197]
[0,256,396,571,807,873,1197]
[0,807,1197]
[0,807,873,1197]
[0,396,571,807,1197]
[0,396,571,873,1197]
[0,299,807,1197]
[0,256,396,571,807,873,1144,1197]
[0,396,571,807,873,1197]
[0,396,807,1197]
[0,571,873,1197]
[0,396,807,873,1097,1144,1197]
[0,256,490,873,1197]
[0,396,571,1097,1197]
[0,256,396,571,873,1197]
[0,490,1144,1197]
[0,396,807,873,1197]
[0,256,396,490,807,873,1097,1144,1197]
[0,299,571,1197]
[0,299,571,807,1097,1197]
[0,490,873,1197]
[0,299,1197]
[0,396,490,807,1144,1197]
[0,299,571,807,873,1097,1144,1197]
[0,256,299,396,571,807,873,1097,1144,1197]
[0,396,490,1144,1197]
[0,299,807,873,1097,1144,1197]
[0,873,1197]
[0,396,490,807,873,1197]
[0,807,873,1097,1144,1197]
[0,396,490,807,1197]
[0,396,490,873,1197]
[0,256,299,571,807,873,1097,1144,1197]
[0,299,807,873,1197]
[0,299,571,807,1197]
[0,299,571,873,1197]
[0,396,490,807,873,1144,1197]
[0,490,1197]
[0,396,807,873,1144,1197]
[0,396,571,807,873,1097,1144,1197]
[0,1097,1197]
[0,807,1097,1197]
[0,256,299,807,873,1097,1144,1197]
[0,299,571,807,873,1197]
[0,299,807,1097,1197]
[0,396,571,807,873,1144,1197]
[0,807,873,1144,1197]
[0,396,490,1197]
[0,396,571,807,1097,1197]
[0,396,490,807,873,1097,1144,1197]
