[0,195,403,460,726,949,1045,1157,1264]
[0,195,460,603,1264]
[0,460,603,949,1045,1264]
[0,333,459,603,1264]
[0,333,459,949,1045,1264]
[0,195,460,726,949,1157,1264]
[0,403,949,1264]
[0,460,949,1264]
[0,195,382,460,603,949,1044,1157,1264]
[0,195,460,603,969,1264]
[0,382,460,949,1157,1264]
[0,333,460,603,726,1045,1264]
[0,195,460,603,949,1044,1157,1264]
[0,403,603,1264]
[0,460,603,1157,1264]
[0,195,460,726,1264]
[0,382,603,1264]
[0,333,459,603,949,1045,1264]
[0,195,403,460,603,949,1044,1157,1264]
[0,195,459,1264]
[0,382,603,969,1157,1264]
[0,195,460,603,949,1264]
[0,195,460,603,726,949,1157,1264]
[0,459,949,1264]
[0,460,603,969,1157,1264]
[0,403,603,949,1264]
[0,460,726,1264]
[0,382,603,949,1044,1157,1264]
[0,459,603,949,1264]
[0,195,403,460,726,949,1157,1264]
[0,333,460,603,949,1264]
[0,460,603,969,1264]
[0,382,460,603,949,1157,1264]
[0,382,969,1264]
[0,195,382,460,603,969,1157,1264]
[0,195,460,603,726,949,1045,1157,1264]
[0,403,603,949,1157,1264]
[0,460,969,1264]
[0,333,459,603,949,1264]
[0,382,603,1157,1264]
[0,459,1264]
[0,403,460,603,949,1157,1264]
[0,382,949,1264]
[0,333,460,726,1045,1264]
[0,195,460,726,1157,1264]
[0,333,460,603,726,1264]
[0,460,726,949,1157,1264]
[0,459,949,1045,1264]
[0,195,403,460,603,949,1157,1264]
[0,195,460,949,1264]
[0,382,603,949,1157,1264]
[0,403,460,726,1157,1264]
[0,195,459,949,1264]
[0,460,726,949,1264]
[0,195,459,603,1264]
[0,195,403,460,603,726,949,1157,1264]
[0,333,460,726,949,1045,1264]
[0,403,1264]
[0,460,603,949,1157,1264]
[0,459,603,949,1045,1264]
[0,382,603,969,1264]
[0,460,949,1045,1264]
[0,460,1264]
[0,460,949,1157,1264]
[0,195,460,726,949,1264]
[0,195,460,726,949,1045,1157,1264]
[0,382,603,949,1264]
[0,195,460,603,949,1045,1264]
[0,460,603,1264]
[0,195,460,603,949,1157,1264]
[0,460,726,1045,1264]
[0,382,460,603,1157,1264]
[0,382,460,603,949,1044,1157,1264]
[0,195,459,603,949,1045,1264]
[0,382,460,603,969,1157,1264]
[0,382,1264]
[0,459,603,1264]
[0,460,726,1157,1264]
[0,195,459,603,949,1264]
[0,333,460,603,1264]
[0,403,460,726,949,1157,1264]
[0,460,603,949,1264]
[0,195,460,603,726,949,1264]
[0,195,460,603,726,1264]
[0,333,459,949,1264]
[0,333,460,603,726,949,1045,1264]
[0,195,460,969,1264]
[0,195,460,603,969,1157,1264]
[0,382,460,1264]
[0,333,460,726,1264]
[0,382,460,949,1264]
[0,403,460,726,1264]
[0,382,460,603,1264]
[0,195,403,460,603,726,949,1045,1157,1264]
[0,195,460,1264]
