[0,663,1767,4758]
[0,1767,2728,3325,4066,4758]
[0,919,1767,3325,4073,4758]
[0,919,3325,4073,4758]
[0,3325,4066,4758]
[0,478,1767,4758]
[0,3719,4758]
[0,1767,4758]
[0,919,1767,2754,3325,4758]
[0,1767,2728,2832,3325,4066,4758]
[0,188,3719,4758]
[0,82,663,1767,4758]
[0,2832,4758]
[0,1767,2728,3325,4758]
[0,1767,3325,4066,4758]
[0,82,663,1767,2754,3325,3847,4758]
[0,663,3325,4758]
[0,2832,3719,4758]
[0,3325,4758]
[0,919,1767,2728,3325,3847,4758]
[0,663,3325,3847,4758]
[0,663,1767,2754,3325,3847,4758]
[0,54,4758]
[0,54,2728,4758]
[0,1767,2728,3325,3847,4758]
[0,663,1767,2754,3325,4758]
[0,188,2832,3719,4758]
[0,478,1767,2728,3325,3847,4758]
[0,54,919,3325,3847,4758]
[0,919,1767,2728,2832,3325,4066,4758]
[0,82,919,1767,3325,3847,4758]
[0,54,478,1767,4758]
[0,3130,4758]
[0,54,919,1767,2728,3325,4066,4758]
[0,1767,3719,4758]
[0,663,1767,3325,3847,4758]
[0,82,663,3325,3847,4758]
[0,919,1767,2728,3325,4066,4758]
[0,82,1767,4758]
[0,919,1767,2754,3325,4073,4758]
[0,919,1767,3325,3847,4758]
[0,1767,2728,3325,4073,4758]
[0,3325,4073,4758]
[0,2728,2892,3325,4073,4758]
[0,2728,3325,4758]
[0,1767,2754,3325,4073,4758]
[0,54,919,1767,3325,3847,4758]
[0,82,3325,4758]
[0,82,919,1767,2728,2884,3325,4073,4758]
[0,82,2728,2884,3325,4073,4758]
[0,1767,3325,4073,4758]
[0,2728,3325,4073,4758]
[0,82,2728,3325,4073,4758]
[0,54,919,3325,4066,4758]
[0,1767,2754,3325,4758]
[0,82,919,1767,3325,4073,4758]
[0,82,1767,2728,2892,3325,4073,4758]
[0,82,3325,4073,4758]
[0,2728,3325,4066,4758]
[0,54,3325,4066,4758]
[0,189,4758]
[0,1767,2728,2892,3325,4073,4758]
[0,919,1767,2728,2884,3325,4073,4758]
[0,54,3325,4758]
[0,663,1767,3719,4758]
[0,54,1767,4758]
[0,2728,2832,3325,4066,4758]
[0,82,919,3325,3847,4758]
[0,919,1767,2728,3325,4758]
[0,919,1767,3325,4066,4758]
[0,919,3325,4066,4758]
[0,54,919,1767,2728,2832,3325,4066,4758]
[0,919,1767,2754,3325,3847,4758]
[0,54,919,1767,2728,3325,3847,4758]
[0,663,1767,3325,4758]
[0,919,3325,4758]
[0,3325,3847,4758]
[0,82,2728,2892,3325,4073,4758]
[0,82,919,1767,2728,2892,3325,4073,4758]
[0,82,919,1767,2754,3325,3847,4758]
[0,188,4758]
[0,54,3325,3847,4758]
[0,2728,3325,3847,4758]
[0,2728,4758]
[0,919,1767,2728,3325,4073,4758]
[0,1767,3325,4758]
[0,82,4758]
[0,54,478,1767,2728,3325,3847,4758]
[0,919,1767,2728,2892,3325,4073,4758]
[0,54,919,1767,3325,4066,4758]
[0,82,919,3325,4073,4758]
[0,1767,2754,3325,3847,4758]
[0,82,663,1767,3325,3847,4758]
[0,189,3718,4758]
[0,2728,2884,3325,4073,4758]
[0,1767,3325,3847,4758]
[0,82,1767,2728,2884,3325,4073,4758]
[0,919,3325,3847,4758]
[0,54,2728,3325,3847,4758]
[0,3718,4758]
[0,82,3325,3847,4758]
[0,82,663,1767,3719,4758]
[0,82,919,1767,2754,3325,4073,4758]
[0,1767,2728,2884,3325,4073,4758]
[0,919,1767,3325,4758]
[0,54,1767,2728,3325,3847,4758]
