[0,386,768,921,1234,1495,1665,2053]
[0,386,1234,1495,1665,1939,2053]
[0,386,768,1234,1450,1495,1665,1933,2053]
[0,386,768,1234,1665,1933,2053]
[0,1665,2053]
[0,1155,1665,2053]
[0,386,1234,1665,1939,2053]
[0,1234,1933,2053]
[0,386,1234,1495,1665,2053]
[0,1155,1495,2053]
[0,1234,1450,1495,1933,2053]
[0,1495,2053]
[0,386,768,1234,1665,1939,2053]
[0,1234,1495,1665,1939,2053]
[0,386,768,1024,1234,1450,1495,1665,1933,2053]
[0,1234,1939,2053]
[0,386,768,1024,1234,1495,1665,1939,2053]
[0,386,1024,1234,1450,1495,1665,1933,2053]
[0,386,768,921,1234,1450,1495,1665,1933,2053]
[0,1234,1450,1495,1939,2053]
[0,386,1234,1495,1665,1933,2053]
[0,386,768,1024,1234,1665,2053]
[0,1155,2053]
[0,386,1024,1234,1450,1495,1665,1939,2053]
[0,1495,1933,2053]
[0,386,768,921,1234,1495,1665,1933,2053]
[0,1234,1495,1665,2053]
[0,1234,2053]
[0,386,1024,1234,1495,1665,1933,2053]
[0,386,1234,1665,2053]
[0,386,1024,1234,1665,2053]
[0,1234,1495,1933,2053]
[0,386,768,1234,1495,1665,1939,2053]
[0,386,768,921,1234,1495,1665,1939,2053]
[0,386,768,1024,1234,1495,1665,1933,2053]
[0,386,768,1234,1450,1495,1665,1939,2053]
[0,386,1024,1234,1495,1665,1939,2053]
[0,1234,1495,2053]
[0,1155,1495,1933,2053]
[0,386,1234,1450,1495,1665,1933,2053]
[0,1234,1495,1939,2053]
[0,386,1024,1234,1495,1665,2053]
[0,386,768,1234,1665,2053]
[0,1234,1495,1665,1933,2053]
[0,386,768,921,1234,1665,1933,2053]
[0,386,768,921,1234,1665,2053]
[0,1234,1450,1495,1665,1933,2053]
[0,386,768,1024,1234,1450,1495,1665,1939,2053]
[0,386,1234,1450,1495,1665,1939,2053]
[0,1234,1665,1933,2053]
[0,386,768,921,1234,1665,1939,2053]
[0,386,768,1234,1495,1665,2053]
[0,1024,1495,2053]
[0,1234,1450,1495,1665,1939,2053]
[0,1234,1665,1939,2053]
[0,386,1234,1665,1933,2053]
[0,386,768,1234,1495,1665,1933,2053]
[0,1024,1495,1933,2053]
[0,386,768,921,1234,1450,1495,1665,1939,2053]
[0,1234,1665,2053]
[0,386,768,1024,1234,1495,1665,2053]
