[0,580,855,1310,1431,1600,1842,2019]
[0,580,1310,2019]
[0,237,580,855,1431,1600,1842,2019]
[0,580,855,987,1310,2019]
[0,580,855,1310,1600,2019]
[0,580,855,1310,1842,2019]
[0,580,855,1431,1600,1842,2019]
[0,580,855,987,1600,2019]
[0,91,580,855,987,1310,1431,1600,1842,2019]
[0,580,855,1310,2019]
[0,220,580,855,1310,1600,1842,2019]
[0,237,580,855,1310,1600,1842,2019]
[0,580,855,1310,1431,1600,2019]
[0,1348,2019]
[0,580,2019]
[0,237,580,855,987,1310,1431,1600,1842,2019]
[0,580,855,1310,1600,1842,2019]
[0,91,580,971,1310,2019]
[0,580,971,1348,2019]
[0,580,855,1600,1842,2019]
[0,237,580,855,1310,1431,1600,1842,2019]
[0,580,1600,2019]
[0,795,2019]
[0,220,580,855,1310,1431,1600,1842,2019]
[0,580,855,987,1600,1842,2019]
[0,580,855,1600,2019]
[0,91,580,855,1310,1431,1600,1842,2019]
[0,580,855,1202,1310,1431,1600,1842,2019]
[0,1310,2019]
[0,795,1348,2019]
[0,237,580,855,987,1431,1600,1842,2019]
[0,580,971,1310,2019]
[0,580,971,1310,1431,2019]
[0,580,855,987,1310,1431,1600,1842,2019]
[0,91,580,855,1310,1431,2019]
[0,237,580,855,1310,1600,2019]
[0,237,580,855,1600,2019]
[0,580,1310,1600,2019]
[0,237,580,855,1202,1310,1431,1600,1842,2019]
[0,91,237,580,855,987,1310,1431,1600,1842,2019]
[0,237,580,855,1600,1842,2019]
[0,91,580,971,1310,1431,2019]
[0,220,580,855,1310,1600,2019]
[0,580,855,987,2019]
[0,91,237,580,855,1310,1431,1600,1842,2019]
[0,580,1348,2019]
[0,91,220,580,855,1310,1431,1600,1842,2019]
[0,580,855,2019]
[0,91,237,580,855,1202,1310,1431,1600,1842,2019]
[0,580,855,1310,1431,2019]
[0,580,855,987,1431,1600,1842,2019]
