[0,1134,1494,2570,2956]
[0,262,811,1134,1557,2349,2956]
[0,262,636,890,1494,1814,2349,2570,2898,2956]
[0,262,913,1557,2956]
[0,262,636,890,1494,1814,2349,2570,2956]
[0,811,1134,1494,2570,2956]
[0,1134,2956]
[0,262,1134,1557,2956]
[0,309,636,890,1814,2570,2898,2956]
[0,309,636,890,1494,1814,2349,2570,2898,2956]
[0,262,1134,2956]
[0,309,1764,2570,2956]
[0,262,1134,1557,2349,2956]
[0,309,636,890,1814,2570,2956]
[0,262,636,890,1814,2570,2956]
[0,262,1814,2570,2956]
[0,262,890,1814,2570,2956]
[0,1134,1814,2349,2956]
[0,262,636,890,1814,2570,2898,2956]
[0,193,811,1134,1764,2570,2956]
[0,309,670,1134,1764,2570,2956]
[0,262,1814,2956]
[0,262,890,1494,1814,2570,2956]
[0,262,636,890,1814,2349,2570,2956]
[0,309,890,1494,1814,2570,2956]
[0,811,1764,2956]
[0,811,1764,2570,2956]
[0,913,1557,2956]
[0,890,1814,2570,2956]
[0,890,1814,2956]
[0,2304,2956]
[0,890,1494,1814,2570,2956]
[0,193,1134,1764,2570,2956]
[0,913,1557,2349,2956]
[0,811,1134,1557,2349,2956]
[0,1814,2570,2956]
[0,811,1557,2349,2956]
[0,193,1764,2570,2956]
[0,262,636,890,1814,2349,2956]
[0,262,1814,2349,2956]
[0,262,890,1814,2349,2956]
[0,309,670,1134,1764,2570,2898,2956]
[0,309,636,890,1494,1814,2349,2570,2956]
[0,1494,2349,2956]
[0,1134,1764,2570,2956]
[0,193,1494,2570,2956]
[0,1764,2956]
[0,262,913,1557,2349,2956]
[0,1134,1764,2956]
[0,309,636,890,1814,2349,2570,2956]
[0,1557,2956]
[0,1134,1557,2956]
[0,811,2956]
[0,193,670,1134,1764,2570,2956]
[0,193,670,1134,1764,2570,2898,2956]
[0,890,1814,2349,2956]
[0,309,1134,1764,2570,2956]
[0,309,1814,2570,2956]
[0,262,1557,2956]
[0,309,1764,2956]
[0,670,1494,2349,2956]
[0,193,1494,2956]
[0,670,1494,2956]
[0,670,1134,1764,2956]
[0,1814,2349,2956]
[0,1814,2956]
[0,193,1134,1494,2570,2956]
[0,1134,1814,2956]
[0,811,1494,2956]
[0,811,1494,2570,2956]
[0,262,2956]
[0,262,636,890,1494,1814,2570,2956]
[0,1494,1814,2570,2956]
[0,670,1134,1764,2570,2956]
[0,1134,1557,2349,2956]
[0,193,1494,2349,2956]
[0,193,811,1134,1494,2570,2956]
[0,1494,2570,2956]
[0,309,636,890,1814,2349,2570,2898,2956]
[0,193,1764,2956]
[0,309,890,1814,2570,2956]
[0,670,1764,2956]
[0,309,1814,2956]
[0,309,636,890,1494,1814,2570,2956]
[0,811,1134,1764,2570,2956]
[0,1494,2956]
[0,1557,2349,2956]
[0,811,1557,2956]
[0,811,1134,1557,2956]
[0,670,1134,2956]
[0,262,636,890,1814,2349,2570,2898,2956]
[0,811,1494,2349,2956]
[0,811,1134,2956]
[0,1764,2570,2956]
[0,262,1134,1814,2349,2956]
