[0,350,672,897,1238,1427]
[0,672,897,1238,1427]
[0,1238,1427]
[0,223,358,663,876,988,1238,1427]
[0,366,663,1238,1427]
[0,358,663,876,1238,1427]
[0,362,876,1427]
[0,362,672,897,1427]
[0,897,1427]
[0,758,1427]
[0,366,663,1427]
[0,617,988,1427]
[0,366,663,876,1238,1427]
[0,358,876,1427]
[0,350,897,1427]
[0,366,1427]
[0,672,897,1427]
[0,223,366,663,758,876,988,1238,1427]
[0,358,663,876,1427]
[0,350,758,1238,1427]
[0,223,366,663,876,1238,1427]
[0,362,897,1427]
[0,358,672,897,1427]
[0,223,362,672,876,988,1238,1427]
[0,366,876,1427]
[0,362,672,876,1238,1427]
[0,223,362,672,876,1238,1427]
[0,350,758,1427]
[0,758,1238,1427]
[0,358,672,897,1238,1427]
[0,663,876,1427]
[0,663,876,1238,1427]
[0,672,876,1238,1427]
[0,223,358,663,758,876,1238,1427]
[0,223,358,672,897,1238,1427]
[0,223,358,663,758,876,988,1238,1427]
[0,223,358,663,876,1238,1427]
[0,362,672,876,1427]
[0,366,663,876,1427]
[0,876,1427]
[0,988,1427]
[0,350,1427]
[0,362,672,897,1238,1427]
[0,358,897,1427]
[0,350,672,897,1427]
[0,223,366,663,758,876,1238,1427]
[0,672,876,1427]
[0,223,366,663,876,988,1238,1427]
