[0,413,952,1626,1911]
[0,201,413,561,657,952,1501,1626,1911]
[0,413,1501,1911]
[0,413,561,952,1501,1626,1911]
[0,362,413,561,657,952,1501,1911]
[0,201,413,952,1626,1911]
[0,201,413,561,657,952,1501,1911]
[0,94,413,561,657,952,1501,1626,1911]
[0,94,413,561,952,1501,1911]
[0,561,1626,1911]
[0,362,413,561,952,1501,1911]
[0,201,413,561,952,1501,1626,1911]
[0,561,1911]
[0,94,413,561,952,1626,1911]
[0,413,952,1911]
[0,413,561,657,952,1501,1911]
[0,413,1911]
[0,201,413,561,952,1501,1911]
[0,201,413,952,1501,1911]
[0,952,1501,1911]
[0,413,561,952,1501,1911]
[0,952,1911]
[0,94,413,561,657,952,1501,1911]
[0,413,561,657,952,1501,1626,1911]
[0,362,413,1911]
[0,201,413,561,952,1626,1911]
[0,952,1626,1911]
[0,94,413,561,952,1501,1626,1911]
[0,362,413,1501,1911]
[0,413,561,952,1626,1911]
[0,413,952,1501,1911]
[0,362,413,952,1501,1911]
