[0,42,1562]
[0,241,1562]
[0,241,425,1562]
[0,42,841,1562]
[0,262,841,1562]
[0,683,1562]
[0,814,1562]
[0,262,425,1562]
[0,42,814,1562]
[0,42,241,814,1562]
[0,42,262,425,841,1562]
[0,425,814,1562]
[0,262,814,1562]
[0,42,760,1562]
[0,262,425,814,1562]
[0,42,241,425,1562]
[0,760,1562]
[0,42,241,1562]
[0,241,814,1562]
[0,241,760,1562]
[0,42,262,425,814,1562]
[0,42,241,760,1562]
[0,42,262,683,1562]
[0,425,1562]
[0,841,1562]
[0,42,241,425,814,1562]
[0,262,425,841,1562]
[0,262,683,1562]
[0,262,1562]
[0,241,425,814,1562]
[0,42,262,1562]
[0,42,262,425,1562]
