[0,92,151,545,674,1004,1046]
[0,487,674,752,814,1046]
[0,92,545,674,1046]
[0,92,487,674,752,814,911,1046]
[0,487,752,814,911,1046]
[0,92,545,1046]
[0,92,151,487,674,752,814,911,1046]
[0,487,752,814,911,1004,1046]
[0,487,674,911,1046]
[0,92,545,674,1004,1046]
[0,487,752,911,1046]
[0,92,151,487,674,752,814,911,1004,1046]
[0,487,674,814,1046]
[0,545,713,1046]
[0,545,713,1004,1046]
[0,545,911,1046]
[0,545,674,911,1004,1046]
[0,487,1046]
[0,674,1046]
[0,487,752,814,1046]
[0,545,814,1046]
[0,92,151,487,674,814,911,1046]
[0,545,674,1004,1046]
[0,92,487,674,752,814,911,1004,1046]
[0,92,487,674,814,911,1046]
[0,674,1004,1046]
[0,92,674,1046]
[0,92,545,674,814,1046]
[0,1004,1046]
[0,92,151,545,674,814,1046]
[0,487,674,1046]
[0,487,674,752,814,911,1046]
[0,487,752,1046]
[0,92,151,545,674,1046]
[0,545,674,814,911,1046]
[0,545,674,814,911,1004,1046]
[0,92,151,545,674,814,1004,1046]
[0,92,487,674,814,911,1004,1046]
[0,92,151,487,674,814,911,1004,1046]
[0,487,674,752,814,911,1004,1046]
[0,713,1046]
[0,487,674,911,1004,1046]
[0,545,674,911,1046]
[0,545,674,814,1046]
[0,545,674,1046]
[0,487,674,814,911,1046]
[0,487,674,1004,1046]
[0,487,674,814,911,1004,1046]
[0,545,1046]
