[0,1044,1375,1661,1876,2298,2685,2824]
[0,1044,1375,1661,2022,2824]
[0,1044,1375,1661,1876,2022,2298,2824]
[0,1044,1375,1876,2022,2298,2685,2824]
[0,1661,2685,2824]
[0,1375,2022,2824]
[0,1375,1661,2824]
[0,1375,1661,1832,2022,2824]
[0,1375,2066,2824]
[0,1375,2824]
[0,1661,2824]
[0,1044,1375,1661,1876,2022,2298,2685,2824]
[0,1044,1375,2066,2685,2824]
[0,1044,1375,1876,2022,2613,2824]
[0,1044,1375,1661,1832,2022,2298,2824]
[0,1044,1375,2022,2685,2824]
[0,1044,1375,1661,1832,2022,2685,2824]
[0,1044,1375,1832,2022,2824]
[0,1044,1375,1661,1832,2022,2613,2824]
[0,1044,1375,1661,2298,2685,2824]
[0,1044,1375,1661,1832,2022,2298,2685,2824]
[0,1375,2684,2824]
[0,1044,1375,1531,1876,2022,2613,2824]
[0,1375,1876,2022,2613,2824]
[0,1044,1375,1876,2022,2298,2824]
[0,1044,1375,1832,2022,2613,2824]
[0,1375,1832,2022,2613,2824]
[0,1375,1876,2022,2298,2824]
[0,1044,1375,1832,2022,2298,2824]
[0,1044,1375,2298,2824]
[0,1044,1375,1661,1876,2022,2613,2685,2824]
[0,1375,1832,2298,2824]
[0,1044,1375,2298,2685,2824]
[0,1044,1375,1531,2022,2613,2824]
[0,1375,1661,2685,2824]
[0,1044,1375,1661,2298,2824]
[0,1661,2684,2824]
[0,1375,2613,2824]
[0,1044,1375,1876,2022,2685,2824]
[0,1375,1661,1832,2022,2613,2824]
[0,1044,1375,1661,2022,2613,2824]
[0,1375,1832,2022,2298,2824]
[0,1044,1375,1661,2022,2298,2824]
[0,1044,1375,2022,2298,2824]
[0,1044,1375,1661,1876,2022,2613,2824]
[0,1375,2022,2613,2824]
[0,1375,2298,2685,2824]
[0,1375,2298,2824]
[0,1044,1375,1832,2298,2824]
[0,1044,1375,1661,1832,2022,2824]
[0,1044,1375,2022,2613,2824]
[0,1375,1876,2022,2685,2824]
[0,1375,1661,1832,2022,2298,2824]
[0,1375,1661,1832,2022,2685,2824]
[0,1375,2685,2824]
[0,1044,1375,1531,1876,2022,2613,2685,2824]
[0,1375,2066,2685,2824]
[0,1044,1375,1661,1876,2298,2824]
[0,1044,1375,2022,2824]
[0,1375,2022,2298,2824]
[0,1044,1375,2066,2824]
[0,1375,2022,2685,2824]
[0,1375,1876,2022,2824]
[0,1375,1832,2022,2824]
[0,1044,1375,1876,2022,2824]
