[0,1069,2148,2364,2759]
[0,1069,2150,2759]
[0,1069,1830,2759]
[0,1069,1732,2759]
[0,1069,2148,2759]
[0,272,1069,1974,2150,2364,2702,2759]
[0,1069,1974,2364,2759]
[0,1069,1732,2364,2759]
[0,272,1069,1732,2364,2759]
[0,656,2759]
[0,272,1069,1732,2148,2364,2759]
[0,272,1069,1978,2150,2364,2702,2759]
[0,272,1069,1974,2150,2364,2759]
[0,1069,1974,2759]
[0,656,2150,2759]
[0,272,1069,1978,2364,2759]
[0,1069,1978,2759]
[0,272,1069,1830,2759]
[0,272,1069,1830,2364,2759]
[0,272,1069,2148,2759]
[0,1069,1732,2148,2364,2759]
[0,272,1069,2759]
[0,272,1069,2148,2364,2759]
[0,272,1069,1830,2199,2364,2759]
[0,272,1069,1978,2150,2364,2759]
[0,1069,1978,2364,2759]
[0,272,1069,1974,2364,2759]
[0,1069,2759]
[0,1069,1830,2364,2759]
[0,272,1069,1732,2759]
