[0,294,1369,1911]
[0,294,526,1681,1911]
[0,515,711,1497,1803,1911]
[0,294,526,711,980,1369,1681,1911]
[0,1681,1857,1911]
[0,294,526,980,1369,1911]
[0,260,526,711,980,1369,1681,1911]
[0,515,587,711,906,1497,1803,1911]
[0,1314,1911]
[0,1369,1911]
[0,1369,1681,1911]
[0,294,526,711,1369,1681,1911]
[0,515,711,1497,1911]
[0,980,1369,1681,1911]
[0,294,980,1369,1681,1911]
[0,294,515,711,1681,1857,1911]
[0,1681,1911]
[0,515,587,711,906,1497,1681,1803,1911]
[0,711,1681,1857,1911]
[0,744,1681,1911]
[0,1497,1803,1911]
[0,980,1369,1911]
[0,526,980,1369,1911]
[0,294,515,980,1369,1681,1911]
[0,711,1497,1911]
[0,260,526,1369,1911]
[0,526,1369,1681,1911]
[0,711,1497,1803,1911]
[0,526,711,980,1369,1681,1911]
[0,711,980,1369,1911]
[0,526,711,1369,1681,1911]
[0,515,711,906,1497,1803,1911]
[0,526,1369,1911]
[0,294,526,1369,1911]
[0,294,515,587,711,980,1369,1681,1857,1911]
[0,260,526,980,1369,1681,1911]
[0,294,980,1369,1911]
[0,294,526,711,980,1369,1681,1857,1911]
[0,294,526,1911]
[0,526,711,1681,1911]
[0,711,1681,1911]
[0,526,744,1681,1911]
[0,711,1681,1803,1911]
[0,711,1911]
[0,744,1911]
[0,294,515,711,1369,1681,1911]
[0,260,526,744,1369,1681,1911]
[0,294,1681,1911]
[0,294,526,1369,1681,1911]
[0,515,711,906,1681,1803,1911]
[0,515,711,906,1681,1911]
[0,711,980,1369,1681,1911]
[0,515,711,1681,1803,1911]
[0,294,515,711,1681,1911]
[0,294,526,711,1681,1857,1911]
[0,526,744,1369,1681,1911]
[0,515,711,906,1497,1681,1911]
[0,260,526,711,980,1369,1681,1857,1911]
[0,294,1911]
[0,515,711,1497,1681,1911]
[0,515,1369,1911]
[0,515,1369,1681,1911]
[0,294,515,711,1369,1681,1857,1911]
[0,260,526,1369,1681,1911]
[0,260,526,980,1369,1911]
[0,515,711,906,1497,1681,1803,1911]
[0,526,711,1369,1681,1857,1911]
[0,526,711,980,1369,1681,1857,1911]
[0,294,526,980,1369,1681,1911]
[0,294,515,1681,1911]
[0,526,711,1681,1857,1911]
[0,294,515,711,980,1369,1681,1857,1911]
[0,1681,1803,1911]
[0,515,711,1681,1857,1911]
[0,515,711,1681,1911]
[0,294,526,711,1369,1681,1857,1911]
[0,515,711,906,1497,1911]
[0,294,515,711,980,1369,1681,1911]
[0,1803,1911]
[0,294,515,1369,1681,1911]
[0,1497,1911]
[0,294,1369,1681,1911]
[0,294,526,711,1681,1911]
[0,294,515,587,711,980,1369,1681,1911]
