[0,199,408,548,1190,1540,1746,1873,2019]
[0,356,1190,1540,1746,2019]
[0,199,408,548,1540,1746,1873,2019]
[0,415,2019]
[0,1190,1513,1746,2019]
[0,1190,1540,2019]
[0,199,408,548,1513,1746,2019]
[0,548,1190,1540,1746,2019]
[0,356,548,1540,1746,2019]
[0,199,356,548,1746,2019]
[0,199,497,1190,1540,2019]
[0,356,548,1817,2019]
[0,199,2019]
[0,199,408,548,1889,2019]
[0,1190,1513,2019]
[0,497,1190,2019]
[0,548,1190,1540,2019]
[0,199,497,1190,2019]
[0,199,408,548,1190,1513,2019]
[0,199,408,548,1540,1746,2019]
[0,199,356,548,1540,1746,1897,2019]
[0,1746,2019]
[0,356,548,1746,2019]
[0,199,408,548,1746,2019]
[0,201,2019]
[0,199,408,548,1873,2019]
[0,199,548,1513,1746,2019]
[0,199,356,548,1897,2019]
[0,1190,1540,1746,2019]
[0,199,548,1190,1513,1746,2019]
[0,199,356,548,1746,1817,2019]
[0,199,356,548,1190,1540,1746,1817,2019]
[0,199,356,548,1540,2019]
[0,233,2019]
[0,548,1190,1513,2019]
[0,199,408,548,1190,1513,1746,1889,2019]
[0,199,356,548,1540,1746,2019]
[0,497,2019]
[0,199,548,1873,2019]
[0,201,548,2019]
[0,497,1190,1540,2019]
[0,199,408,548,1540,2019]
[0,356,2019]
[0,1190,2019]
[0,1540,2019]
[0,199,408,548,1190,2019]
[0,356,548,2019]
[0,199,548,1190,1540,1746,2019]
[0,199,356,548,2019]
[0,199,408,548,1190,1540,2019]
[0,199,408,548,1190,1540,1746,2019]
[0,199,408,548,1513,1746,1889,2019]
[0,1540,1746,2019]
[0,199,356,548,1190,1540,1746,1897,2019]
[0,548,1190,1513,1746,2019]
[0,199,548,1540,2019]
[0,233,548,2019]
[0,199,548,2019]
[0,548,1746,2019]
[0,548,1513,1746,2019]
[0,199,497,2019]
[0,199,356,548,1746,1897,2019]
[0,199,548,1190,2019]
[0,356,1540,2019]
[0,199,548,1540,1746,2019]
[0,356,1190,2019]
[0,356,1817,2019]
[0,356,1190,1540,2019]
[0,199,356,548,1190,1540,1746,2019]
[0,199,548,1190,1540,2019]
[0,199,408,548,1746,1889,2019]
[0,199,408,548,2019]
[0,548,1540,1746,2019]
[0,199,548,1746,2019]
[0,548,2019]
[0,356,1746,2019]
[0,356,548,1190,1540,1746,2019]
[0,548,1540,2019]
[0,548,1190,2019]
[0,356,1540,1746,2019]
[0,199,548,1190,1513,2019]
[0,199,356,548,1817,2019]
[0,199,408,548,1746,1873,2019]
[0,199,408,548,1190,1513,1746,2019]
[0,199,356,548,1540,1746,1817,2019]
[0,356,548,1540,2019]
