[0,1385,2714,3125,3784,4758]
[0,54,2714,3125,4758]
[0,401,2714,4275,4758]
[0,54,1405,2714,3125,4049,4758]
[0,3178,4758]
[0,327,1405,2714,3125,3784,4758]
[0,3125,3784,4758]
[0,1385,3125,3917,4758]
[0,327,2714,3125,3784,4758]
[0,54,327,1385,2714,3125,3917,4758]
[0,2714,3125,4049,4758]
[0,295,2714,4758]
[0,54,2714,3125,4049,4758]
[0,295,1894,2935,4275,4758]
[0,1405,3125,3784,4758]
[0,2093,4275,4758]
[0,295,2714,3125,3917,4758]
[0,2935,4758]
[0,820,2714,3125,4049,4758]
[0,2093,2935,4275,4758]
[0,54,4758]
[0,327,2714,4758]
[0,1894,2935,4275,4758]
[0,295,1339,2714,3125,3917,4758]
[0,2714,4275,4758]
[0,54,1405,4275,4758]
[0,4275,4758]
[0,1385,3125,3784,4758]
[0,2935,4275,4758]
[0,1385,3125,4758]
[0,1405,2714,3125,4049,4758]
[0,54,327,1385,2714,3125,3784,4758]
[0,327,1405,2714,3125,4049,4758]
[0,295,2714,3125,4275,4758]
[0,2714,4758]
[0,1339,3125,4275,4758]
[0,327,2714,3125,4049,4758]
[0,820,1405,3125,4049,4758]
[0,54,2093,4275,4758]
[0,54,327,1405,2714,3125,4049,4758]
[0,3125,4275,4758]
[0,820,3125,4758]
[0,295,2093,2935,4758]
[0,1405,3125,4049,4758]
[0,2714,3125,4758]
[0,2714,3125,3917,4758]
[0,54,2714,4758]
[0,1299,3178,4758]
[0,3125,4758]
[0,4049,4758]
[0,1405,2714,3125,3784,4758]
[0,820,1405,2714,3125,4049,4758]
[0,2093,2935,4758]
[0,295,2093,2935,4275,4758]
[0,1339,3125,4758]
[0,1894,4758]
[0,3917,4758]
[0,1339,2714,3125,3917,4758]
[0,295,2093,4758]
[0,820,3125,4049,4758]
[0,54,327,1405,2714,3125,3784,4758]
[0,401,4275,4758]
[0,327,4758]
[0,1405,4758]
[0,2714,3125,4275,4758]
[0,1339,3125,3917,4758]
[0,54,2714,3125,4275,4758]
[0,2714,3125,3784,4758]
[0,327,1385,2714,3125,3917,4758]
[0,3784,4758]
[0,3125,3917,4758]
[0,1405,4275,4758]
[0,54,820,1405,2714,3125,4049,4758]
[0,3125,4049,4758]
[0,1894,2935,4758]
[0,1385,2714,3125,3917,4758]
[0,327,2714,3125,4758]
[0,295,2714,3125,4758]
[0,401,4758]
[0,1339,2714,3125,4275,4758]
[0,54,4275,4758]
[0,295,4758]
[0,295,1894,2935,4758]
[0,295,1339,2714,3125,4275,4758]
[0,295,1894,4758]
[0,327,2714,3125,3917,4758]
[0,327,1385,2714,3125,3784,4758]
[0,295,1385,2714,3125,3917,4758]
[0,2093,4758]
[0,1405,3125,4758]
