[0,735,899,1116,1249]
[0,91,483,544,727,811,1116,1197,1249]
[0,91,160,483,544,811,1116,1249]
[0,483,544,855,1116,1249]
[0,91,544,855,1000,1249]
[0,528,735,1249]
[0,483,811,1249]
[0,483,855,1249]
[0,483,544,727,855,1000,1116,1197,1249]
[0,544,811,1116,1249]
[0,91,160,811,1116,1249]
[0,542,811,1249]
[0,483,544,727,855,1116,1249]
[0,91,483,1116,1249]
[0,544,811,1000,1116,1249]
[0,727,855,1116,1249]
[0,91,544,855,1249]
[0,483,544,727,855,1116,1197,1249]
[0,407,528,727,855,1000,1116,1249]
[0,91,160,483,544,727,811,1116,1249]
[0,483,727,899,1116,1249]
[0,91,483,727,1116,1249]
[0,483,544,727,811,1000,1249]
[0,811,1116,1249]
[0,91,811,1000,1249]
[0,727,899,1116,1249]
[0,91,483,544,727,855,1116,1249]
[0,91,152,483,544,727,855,1116,1249]
[0,160,483,811,1249]
[0,105,407,528,735,899,1116,1249]
[0,91,483,544,855,1000,1249]
[0,542,1249]
[0,528,727,855,1000,1249]
[0,727,855,1000,1249]
[0,91,483,544,727,811,1000,1116,1197,1249]
[0,544,727,811,1116,1249]
[0,483,855,1000,1249]
[0,91,160,483,811,1116,1249]
[0,91,811,1000,1116,1249]
[0,91,544,727,855,1000,1116,1249]
[0,91,727,899,1116,1249]
[0,855,1000,1249]
[0,735,1249]
[0,542,811,1116,1249]
[0,483,544,811,1116,1249]
[0,407,542,811,1116,1249]
[0,91,483,544,855,1249]
[0,91,160,544,811,1116,1249]
[0,483,811,1116,1249]
[0,483,1116,1249]
[0,91,160,483,811,1249]
[0,735,899,1249]
[0,91,483,544,727,811,1116,1249]
[0,91,152,483,544,855,1116,1249]
[0,544,727,855,1000,1249]
[0,91,152,483,544,727,855,1000,1116,1158,1249]
[0,855,1249]
[0,483,1249]
[0,91,483,544,727,811,1000,1116,1249]
[0,160,483,811,1116,1249]
[0,544,811,1249]
[0,544,855,1249]
[0,811,1000,1116,1249]
[0,735,1116,1249]
[0,483,544,855,1000,1249]
[0,160,483,544,811,1249]
[0,544,727,855,1000,1116,1249]
[0,727,1249]
[0,483,544,811,1000,1249]
[0,91,811,1116,1249]
[0,91,407,483,811,1000,1116,1249]
[0,544,811,1000,1249]
[0,91,483,544,727,811,1000,1249]
[0,483,544,727,855,1000,1249]
[0,91,544,811,1116,1249]
[0,91,544,727,811,1000,1249]
[0,483,727,1249]
[0,544,855,1116,1249]
[0,91,544,811,1000,1116,1249]
[0,91,855,1116,1249]
[0,91,483,811,1000,1116,1249]
[0,91,544,727,811,1000,1116,1249]
[0,727,899,1249]
[0,91,152,483,544,727,855,1116,1158,1249]
[0,407,528,735,899,1116,1249]
[0,483,544,811,1249]
[0,91,544,855,1116,1249]
[0,483,544,1249]
[0,91,483,544,727,855,1000,1116,1249]
[0,91,160,811,1249]
[0,528,855,1249]
[0,528,735,899,1249]
[0,483,544,727,855,1000,1116,1249]
[0,727,1116,1249]
[0,483,544,727,811,1116,1197,1249]
[0,544,727,811,1000,1249]
[0,91,152,483,544,727,855,1000,1116,1249]
[0,91,855,1249]
[0,91,483,1249]
[0,483,811,1000,1116,1249]
[0,528,735,899,1116,1249]
[0,483,544,727,811,1116,1249]
[0,483,727,1116,1249]
[0,91,727,1116,1249]
[0,91,483,544,855,1116,1249]
[0,483,811,1000,1249]
[0,91,407,483,727,1116,1249]
[0,91,544,727,855,1116,1249]
[0,91,152,483,544,855,1116,1158,1249]
[0,91,160,544,727,811,1116,1249]
[0,483,544,811,1116,1197,1249]
[0,91,544,727,811,1116,1249]
[0,407,542,811,1249]
[0,407,528,727,855,1000,1249]
[0,483,855,1116,1249]
[0,483,544,855,1249]
[0,91,152,483,544,855,1000,1249]
[0,91,160,483,544,727,811,1116,1158,1249]
[0,91,160,483,544,811,1249]
[0,811,1000,1249]
[0,855,1116,1249]
[0,91,407,483,727,899,1116,1249]
[0,91,483,544,727,855,1000,1249]
[0,91,152,483,544,727,855,1000,1249]
[0,91,160,483,544,811,1116,1158,1249]
[0,91,811,1249]
[0,483,727,899,1249]
[0,811,1249]
[0,91,483,727,899,1116,1249]
[0,91,152,483,544,855,1249]
[0,528,855,1000,1249]
[0,105,407,528,727,855,1000,1116,1249]
[0,91,544,811,1000,1249]
[0,544,727,855,1116,1249]
[0,91,544,727,855,1000,1249]
[0,544,855,1000,1249]
[0,91,855,1000,1249]
