[0,907,1167,1465]
[0,517,691,791,935,1054,1193,1465]
[0,691,935,1167,1465]
[0,76,257,517,691,935,1054,1193,1465]
[0,257,517,691,935,1193,1465]
[0,199,691,1167,1465]
[0,76,257,517,691,791,1167,1465]
[0,1167,1465]
[0,76,257,517,691,791,935,1054,1193,1465]
[0,517,691,947,1167,1465]
[0,199,691,947,1220,1465]
[0,1193,1465]
[0,691,935,1193,1465]
[0,935,1193,1465]
[0,257,517,691,935,1054,1167,1465]
[0,76,257,691,947,1167,1465]
[0,691,947,1167,1465]
[0,69,257,691,907,1054,1167,1465]
[0,257,517,691,935,1054,1193,1465]
[0,691,1465]
[0,257,691,935,1054,1193,1465]
[0,517,691,935,1193,1465]
[0,517,1465]
[0,76,257,691,791,1167,1465]
[0,257,517,691,791,935,1054,1193,1465]
[0,199,1167,1465]
[0,76,257,517,691,791,935,1054,1167,1240,1465]
[0,257,517,691,1167,1465]
[0,517,1167,1465]
[0,517,691,791,907,1054,1167,1465]
[0,76,257,517,691,791,935,1054,1167,1465]
[0,257,691,907,1054,1167,1465]
[0,257,1167,1465]
[0,257,517,691,907,1054,1167,1240,1465]
[0,257,691,947,1167,1465]
[0,257,691,907,1167,1465]
[0,517,691,791,907,1054,1167,1240,1465]
[0,76,257,517,691,935,1054,1167,1465]
[0,69,257,517,691,791,1054,1167,1465]
[0,257,517,691,791,907,1054,1167,1465]
[0,199,517,691,947,1220,1465]
[0,257,691,1193,1465]
[0,257,517,691,791,907,1054,1167,1240,1465]
[0,691,947,1220,1465]
[0,257,517,691,947,1167,1465]
[0,691,947,1465]
[0,935,1167,1465]
[0,257,691,791,1167,1465]
[0,257,691,935,1193,1465]
[0,76,257,691,935,1054,1193,1465]
[0,1099,1465]
[0,517,691,935,1054,1193,1465]
[0,1220,1465]
[0,947,1465]
[0,69,257,517,691,1167,1465]
[0,257,691,935,1054,1167,1465]
[0,947,1167,1465]
[0,517,691,935,1167,1465]
[0,691,1193,1465]
[0,517,691,907,1167,1465]
[0,257,517,691,791,935,1054,1167,1465]
[0,257,517,691,791,1054,1167,1465]
[0,691,1167,1465]
[0,76,257,691,935,1193,1465]
[0,199,691,947,1167,1465]
[0,257,517,691,907,1054,1167,1465]
[0,69,257,517,691,907,1054,1167,1465]
[0,517,691,791,1167,1465]
[0,257,517,691,907,1167,1465]
[0,199,1099,1465]
[0,517,691,907,1054,1167,1240,1465]
[0,517,691,907,1054,1167,1465]
[0,257,517,691,1054,1167,1465]
[0,69,257,517,691,791,907,1054,1167,1240,1465]
[0,691,907,1167,1465]
[0,76,257,517,691,935,1054,1167,1240,1465]
[0,257,691,1167,1465]
[0,69,257,517,691,907,1054,1167,1240,1465]
[0,691,791,1167,1465]
[0,257,691,935,1167,1465]
[0,76,257,691,935,1054,1167,1465]
[0,257,1193,1465]
[0,257,517,691,791,1167,1465]
[0,517,691,935,1054,1167,1465]
[0,69,257,691,1167,1465]
[0,69,257,691,791,1167,1465]
[0,947,1220,1465]
[0,69,257,517,691,791,1167,1465]
[0,199,517,691,947,1167,1465]
[0,517,691,791,935,1054,1167,1465]
[0,76,257,517,691,947,1167,1465]
[0,257,517,691,935,1167,1465]
[0,517,691,1167,1465]
[0,517,691,947,1220,1465]
[0,69,257,517,691,791,907,1054,1167,1465]
