[0,450,1439,1544,1950,1995,2053]
[0,319,1544,1950,1995,2053]
[0,319,1439,1521,1588,1950,2053]
[0,1544,2053]
[0,319,1521,1950,2053]
[0,450,1439,1544,1588,2053]
[0,1521,1588,1950,1995,2053]
[0,319,1544,1950,2053]
[0,319,1521,2053]
[0,1553,1950,2053]
[0,319,1439,1553,1950,2053]
[0,319,1521,1588,1950,1995,2053]
[0,1544,1950,2053]
[0,450,1544,2053]
[0,450,1521,1588,1950,2053]
[0,1521,1950,1995,2053]
[0,319,1439,1521,1950,2053]
[0,1553,1950,1995,2053]
[0,450,1439,1521,1588,1950,1995,2053]
[0,319,1521,1588,1950,2053]
[0,319,1439,1553,1950,1995,2053]
[0,450,1544,1950,2053]
[0,450,1521,2053]
[0,1521,2053]
[0,1544,1950,1995,2053]
[0,450,1521,1950,2053]
[0,450,1439,1521,1588,1950,2053]
[0,319,1553,2053]
[0,450,1439,1544,2053]
[0,1521,1588,1950,2053]
[0,450,1439,1544,1950,2053]
[0,319,1521,1950,1995,2053]
[0,450,1521,1588,1950,1995,2053]
[0,319,1544,2053]
[0,319,1439,1553,2053]
[0,319,1439,1544,1950,2053]
[0,319,1439,1521,1588,1950,1995,2053]
[0,1521,1950,2053]
[0,319,1553,1950,2053]
[0,319,1439,1544,2053]
[0,319,1439,1544,1950,1995,2053]
[0,319,1553,1950,1995,2053]
[0,1553,2053]
[0,450,1544,1950,1995,2053]
[0,450,1439,1521,1950,2053]
