[0,331,547,1373,1844,2211]
[0,547,1448,2211]
[0,331,600,802,1026,1164,1373,2211]
[0,331,547,802,1026,1164,1373,2211]
[0,331,600,1164,1844,2211]
[0,600,2211]
[0,331,600,802,1164,1373,2066,2211]
[0,331,600,802,1164,1373,1844,2211]
[0,331,600,1164,1373,2211]
[0,547,1373,2211]
[0,547,802,1373,1844,2211]
[0,331,600,802,1026,1164,1373,1844,2066,2211]
[0,331,547,1026,1164,1373,2211]
[0,645,1164,2211]
[0,331,547,1164,1373,1844,2211]
[0,547,2211]
[0,331,600,802,1373,2211]
[0,331,547,1164,1373,2066,2211]
[0,600,858,1373,2211]
[0,600,1164,1844,2211]
[0,331,547,802,1026,1164,1373,2066,2211]
[0,331,645,1164,2211]
[0,331,2211]
[0,331,547,604,802,1026,1164,1373,1844,2066,2211]
[0,331,600,802,1164,1373,1844,2066,2211]
[0,331,547,1373,2211]
[0,331,547,802,1026,1164,1373,1844,2066,2211]
[0,331,547,802,1373,2211]
[0,331,1373,2211]
[0,331,547,802,1373,1844,2211]
[0,331,547,802,1164,1373,2211]
[0,645,2211]
[0,331,600,802,1373,2066,2211]
[0,547,1373,1844,2211]
[0,331,600,802,1164,1373,2211]
[0,331,547,1164,1373,1844,2066,2211]
[0,331,547,802,1164,1373,2066,2211]
[0,331,547,1164,1373,2211]
[0,331,600,858,1373,2211]
[0,600,1164,2211]
[0,600,1373,2211]
[0,331,547,802,1164,1373,1844,2211]
[0,331,600,1164,1373,1844,2211]
[0,331,547,802,1164,1373,1844,2066,2211]
[0,1448,2211]
[0,1373,2211]
[0,331,600,1373,2211]
[0,547,802,1373,2211]
[0,331,600,802,1026,1164,1373,2066,2211]
[0,331,600,1164,2211]
