[0,262,614,887,1710,2189]
[0,614,1661,2189]
[0,1710,2189]
[0,55,614,1430,1616,1710,2189]
[0,614,2189]
[0,1732,2189]
[0,614,887,1430,1616,1732,2189]
[0,55,1661,2189]
[0,614,1430,1732,2189]
[0,109,614,1661,2189]
[0,262,614,1430,1616,1710,2189]
[0,614,1676,2189]
[0,109,614,1430,1616,1732,2189]
[0,262,1430,1616,1710,2189]
[0,262,614,887,1661,2189]
[0,614,887,1430,1616,1710,2189]
[0,109,1616,1676,2189]
[0,1661,2189]
[0,55,614,1430,1616,1661,2189]
[0,109,316,614,887,1661,2189]
[0,262,614,1430,1710,2189]
[0,316,614,1661,2189]
[0,614,1430,1661,2189]
[0,614,887,1661,2189]
[0,109,1136,2189]
[0,109,614,887,1430,1676,2189]
[0,55,1430,1661,2189]
[0,614,887,1430,1661,2189]
[0,614,1136,1661,2189]
[0,614,1136,2189]
[0,55,1430,1616,1710,2189]
[0,55,614,887,1661,2189]
[0,614,1616,1732,2189]
[0,1430,1616,1732,2189]
[0,55,614,887,1430,1616,1710,2189]
[0,614,887,1430,2189]
[0,109,614,1430,1676,2189]
[0,614,1430,1616,1732,2189]
[0,262,1616,1710,2189]
[0,109,2189]
[0,109,1430,1616,1732,2189]
[0,1405,2189]
[0,262,614,887,1430,1710,2189]
[0,109,1732,2189]
[0,614,1616,1710,2189]
[0,55,1430,1616,1661,2189]
[0,55,614,1661,2189]
[0,614,1430,1676,2189]
[0,1616,1710,2189]
[0,614,887,1676,2189]
[0,55,1616,1661,2189]
[0,109,614,1136,2189]
[0,262,614,887,1430,1616,1710,2189]
[0,1616,2189]
[0,55,614,1430,2189]
[0,316,614,887,1661,2189]
[0,262,614,887,1430,1661,2189]
[0,109,1661,2189]
[0,326,2189]
[0,109,1430,1616,1676,2189]
[0,55,262,614,887,1661,2189]
[0,262,614,1430,1616,2189]
[0,262,614,1661,2189]
[0,109,1676,2189]
[0,109,614,887,1661,2189]
[0,55,614,887,1430,1661,2189]
[0,262,614,1430,2189]
[0,55,2189]
[0,55,262,614,887,1430,1661,2189]
[0,614,887,1710,2189]
[0,55,1430,2189]
[0,109,614,887,1676,2189]
[0,614,887,1732,2189]
[0,614,887,1430,1710,2189]
[0,614,887,1430,1732,2189]
[0,109,1405,2189]
[0,262,614,887,1430,1616,2189]
[0,262,614,887,1136,1430,1616,2189]
[0,109,614,887,1430,1616,1676,2189]
[0,614,1430,1710,2189]
[0,262,614,887,1430,2189]
[0,262,1710,2189]
[0,1430,2189]
[0,1430,1710,2189]
[0,1430,1732,2189]
[0,1430,1616,1710,2189]
[0,262,1430,1710,2189]
[0,109,614,1676,2189]
[0,262,1430,2189]
[0,55,1616,1710,2189]
[0,55,262,614,887,1430,1616,2189]
[0,614,1430,1616,1710,2189]
[0,55,262,614,887,1430,1616,1710,2189]
[0,55,614,887,1430,2189]
[0,55,262,614,887,1136,1430,1616,2189]
[0,1430,1661,2189]
[0,262,1661,2189]
[0,1676,2189]
[0,316,614,1136,1661,2189]
[0,1430,1676,2189]
[0,1616,1732,2189]
[0,326,1616,2189]
[0,614,887,1430,1676,2189]
[0,109,614,1430,1616,1676,2189]
[0,109,1430,1676,2189]
[0,55,262,614,1430,1616,2189]
[0,262,614,887,1136,1430,2189]
[0,109,614,887,1430,1616,1732,2189]
[0,109,614,1136,1661,2189]
[0,614,1710,2189]
[0,262,1405,2189]
[0,55,614,887,1430,1616,1661,2189]
[0,55,614,1430,1661,2189]
[0,1136,2189]
[0,262,614,1710,2189]
[0,262,1616,2189]
[0,55,262,614,887,1430,1616,1661,2189]
[0,55,1710,2189]
[0,614,1732,2189]
[0,109,316,614,1136,1661,2189]
[0,262,2189]
[0,614,1430,2189]
[0,55,262,614,887,1430,2189]
[0,109,1616,1732,2189]
[0,55,262,614,1430,2189]
