[0,248,486,923,1046]
[0,248,486,765,852,1046]
[0,252,454,1046]
[0,248,496,765,1046]
[0,210,252,852,923,1046]
[0,765,1046]
[0,210,252,454,776,852,923,1046]
[0,252,1046]
[0,252,488,776,852,923,1046]
[0,248,346,486,1046]
[0,252,454,776,1046]
[0,496,1046]
[0,248,852,1046]
[0,252,346,488,598,1046]
[0,248,852,923,1046]
[0,252,346,488,776,1046]
[0,252,346,454,776,1046]
[0,252,486,765,852,923,1046]
[0,252,923,1046]
[0,252,346,486,765,1046]
[0,210,252,346,454,776,852,923,1046]
[0,248,765,852,923,1046]
[0,210,252,486,852,923,1046]
[0,248,346,486,765,852,1046]
[0,252,346,486,1046]
[0,252,346,454,776,852,923,1046]
[0,210,252,486,765,852,923,1046]
[0,252,346,454,776,852,1046]
[0,248,346,496,923,1046]
[0,252,488,1046]
[0,248,346,486,765,852,923,1046]
[0,252,486,923,1046]
[0,210,252,488,718,776,852,923,1046]
[0,252,488,852,1046]
[0,210,252,454,718,776,852,923,1046]
[0,252,486,1046]
[0,210,252,346,486,765,852,923,1046]
[0,248,765,1046]
[0,248,486,765,1046]
[0,252,346,488,598,776,852,923,1046]
[0,252,346,488,718,776,852,923,1046]
[0,252,454,718,776,852,923,1046]
[0,248,496,765,852,923,1046]
[0,252,346,486,765,852,1046]
[0,252,852,923,1046]
[0,248,346,496,765,852,1046]
[0,252,718,776,852,923,1046]
[0,248,923,1046]
[0,252,454,776,852,923,1046]
[0,248,1046]
[0,252,346,454,1046]
[0,776,1046]
[0,252,346,488,598,776,852,1046]
[0,252,488,776,852,1046]
[0,210,252,923,1046]
[0,252,346,488,776,852,1046]
[0,252,488,598,1046]
[0,210,252,776,852,923,1046]
[0,252,488,776,1046]
[0,210,252,1046]
[0,252,346,488,598,718,776,852,923,1046]
[0,496,765,1046]
[0,248,346,496,765,1046]
[0,252,852,1046]
[0,252,488,598,852,1046]
[0,248,496,923,1046]
[0,252,486,765,1046]
[0,252,346,488,598,852,1046]
[0,248,346,496,765,852,923,1046]
[0,248,765,852,1046]
[0,248,346,496,1046]
[0,252,346,488,1046]
[0,252,454,776,852,1046]
[0,252,346,486,765,852,923,1046]
[0,210,252,346,488,718,776,852,923,1046]
[0,248,486,765,852,923,1046]
[0,252,776,852,1046]
[0,248,496,765,852,1046]
[0,252,346,454,718,776,852,923,1046]
[0,248,486,1046]
[0,210,252,346,488,598,718,776,852,923,1046]
[0,252,486,852,923,1046]
[0,210,252,346,454,718,776,852,923,1046]
[0,252,346,488,776,852,923,1046]
[0,252,776,1046]
[0,252,765,1046]
[0,252,486,765,852,1046]
[0,248,486,852,923,1046]
[0,252,776,852,923,1046]
[0,210,252,718,776,852,923,1046]
[0,248,346,486,765,1046]
[0,252,488,718,776,852,923,1046]
[0,248,496,1046]
