[0,300,585,997]
[0,585,997]
[0,300,498,585,997]
[0,300,388,626,997]
[0,300,388,585,627,997]
[0,626,997]
[0,681,997]
[0,300,997]
[0,300,626,997]
[0,300,681,997]
[0,300,388,498,997]
[0,300,498,997]
[0,300,379,429,997]
[0,300,379,626,681,997]
[0,300,379,429,626,681,734,997]
[0,379,997]
[0,300,388,997]
[0,300,388,585,627,734,997]
[0,326,997]
[0,300,379,997]
[0,300,388,585,734,997]
[0,300,626,681,997]
[0,300,379,429,681,997]
[0,300,585,627,997]
[0,300,429,681,997]
[0,300,388,585,997]
[0,300,379,429,626,681,997]
[0,300,429,997]
[0,585,627,997]
[0,300,379,498,585,626,997]
[0,300,379,626,681,734,997]
[0,300,379,498,585,997]
[0,300,379,626,997]
[0,300,626,681,734,997]
[0,300,585,734,997]
[0,300,379,498,997]
