[0,799,2859,3389,4157,4758]
[0,476,799,2859,3389,4758]
[0,476,775,2507,4758]
[0,476,775,1497,2507,2938,4758]
[0,775,1497,2938,3389,4157,4758]
[0,799,1497,2141,2859,4758]
[0,775,1497,2448,2938,3389,4157,4758]
[0,775,1497,2448,2938,4157,4758]
[0,85,476,775,1497,2507,2938,3389,4157,4758]
[0,775,2938,3389,4157,4758]
[0,799,1497,2507,2859,3389,4157,4758]
[0,799,1497,2141,2859,4157,4758]
[0,451,775,1497,2448,2938,3389,4157,4758]
[0,799,1497,2141,2859,3389,4157,4758]
[0,476,775,1497,2507,2938,3389,4758]
[0,799,2859,4758]
[0,799,1497,2859,4157,4758]
[0,2933,4758]
[0,775,1497,2448,2938,4758]
[0,677,4758]
[0,775,2938,3389,4758]
[0,476,799,1497,2141,2859,3389,4157,4758]
[0,799,2507,4758]
[0,775,1497,2507,2938,4758]
[0,775,2938,4157,4758]
[0,775,1497,2507,4758]
[0,775,1497,2507,2938,3389,4157,4758]
[0,451,775,1497,2448,2938,4758]
[0,476,799,2859,3389,4157,4758]
[0,799,2859,4157,4758]
[0,799,2859,3389,4758]
[0,476,799,2859,4758]
[0,677,2859,4758]
[0,799,1497,2859,4758]
[0,775,1497,2938,4157,4758]
[0,799,1497,2859,3389,4157,4758]
[0,775,1497,2938,3389,4758]
[0,476,799,1497,2859,3389,4157,4758]
[0,677,2938,4758]
[0,775,1497,2938,4758]
[0,775,4758]
[0,799,1497,2507,2859,4758]
[0,451,775,1497,2507,2938,3389,4157,4758]
[0,476,775,1497,2507,2938,3389,4157,4758]
[0,775,2507,4758]
[0,775,2938,4758]
[0,775,1497,2507,2938,3389,4758]
[0,85,476,799,1497,2141,2859,3389,4157,4758]
[0,2507,4758]
[0,476,775,1497,2507,4758]
[0,799,2933,4758]
[0,2859,4758]
[0,2938,4758]
[0,799,4758]
