[0,1170,2646,3011,4285]
[0,61,1170,2646,4285]
[0,793,1170,3011,4285]
[0,1170,2965,3424,4015,4285]
[0,1001,4285]
[0,61,1170,2439,2646,4285]
[0,1170,1408,2003,2646,4015,4285]
[0,1001,1408,2003,2643,3085,4015,4285]
[0,1170,1408,2003,2646,4285]
[0,61,1170,1408,2646,3424,4285]
[0,1170,1408,2003,2646,3011,4015,4285]
[0,793,1170,2646,3424,4285]
[0,1170,2003,3085,4015,4285]
[0,793,1170,1408,2489,2646,3424,4015,4285]
[0,1170,1408,2003,2643,3085,4015,4285]
[0,61,1170,1408,2489,2646,3424,4285]
[0,673,1170,2646,3424,4285]
[0,61,1170,1408,2965,3424,4015,4285]
[0,61,1170,1408,2003,2646,4285]
[0,1170,1408,2003,3085,4015,4285]
[0,793,1170,2003,2646,4285]
[0,673,1170,2643,4285]
[0,1170,2003,2646,3011,4015,4285]
[0,1170,1408,2646,3424,4285]
[0,793,1170,3011,4015,4285]
[0,1170,1408,2646,3424,4015,4285]
[0,1170,2003,2646,4285]
[0,1001,1408,2003,3085,4015,4285]
[0,61,1170,3424,4015,4285]
[0,2003,3085,4285]
[0,61,1170,2646,3424,4015,4285]
[0,61,1001,2646,4285]
[0,1170,2003,2965,4285]
[0,1001,1408,2672,4285]
[0,1170,1408,3085,4015,4285]
[0,793,1170,1408,2003,2965,3424,4015,4285]
[0,61,793,1170,1408,2489,2646,3424,4015,4285]
[0,61,1170,2489,2646,4015,4285]
[0,2646,4285]
[0,61,1170,2439,2646,4015,4285]
[0,1334,4285]
[0,1170,2646,3424,4015,4285]
[0,1170,2003,2646,3011,4285]
[0,2965,4285]
[0,1001,1408,3085,4285]
[0,61,1170,1408,2489,2646,3424,4015,4285]
[0,61,1170,1408,3085,4015,4285]
[0,673,1170,1408,2646,3424,4015,4285]
[0,1170,2489,2646,4285]
[0,1170,3424,4285]
[0,1001,2646,4285]
[0,61,793,1170,1408,2965,3424,4015,4285]
[0,793,1170,2003,2646,3424,4015,4285]
[0,1170,2003,2646,3424,4285]
[0,1170,2489,2646,3424,4015,4285]
[0,61,1170,3085,4015,4285]
[0,1170,1408,3424,4015,4285]
[0,61,1170,2489,2646,4285]
[0,61,1170,1408,2003,2646,4015,4285]
[0,61,1275,2643,4285]
[0,61,1170,2439,2646,3424,4015,4285]
[0,673,1170,2643,3085,4015,4285]
[0,1170,2646,3424,4285]
[0,793,1170,3424,4285]
[0,1170,2003,2643,3085,4285]
[0,1001,2003,2643,3085,4285]
[0,1170,2646,3011,4015,4285]
[0,1170,4285]
[0,793,1170,2003,2646,3011,4015,4285]
[0,673,1170,2003,2643,3085,4285]
[0,673,1170,2643,3085,4285]
[0,61,1170,1408,2439,2646,3424,4015,4285]
[0,61,1170,3085,4285]
[0,1170,2965,4285]
[0,1170,2646,4285]
[0,1001,3085,4285]
[0,1001,1408,2003,2643,3085,4285]
[0,1001,1408,2643,4285]
[0,1170,1408,2489,2646,3424,4015,4285]
[0,61,1001,1513,2646,4285]
[0,673,1170,1408,2439,2646,3424,4015,4285]
[0,793,1170,2965,4285]
[0,61,793,1170,1408,2003,2646,3011,4015,4285]
[0,2672,4285]
[0,61,1170,1408,2003,2646,3011,4015,4285]
[0,673,1170,2646,4285]
[0,1170,2439,2646,4015,4285]
[0,61,1170,1408,2003,2643,3085,4015,4285]
[0,1170,3011,4015,4285]
[0,793,1170,1408,2646,3424,4015,4285]
[0,1170,3085,4015,4285]
[0,793,1170,2965,3424,4015,4285]
[0,1170,2643,3085,4285]
[0,1170,2003,3085,4285]
[0,673,1170,3085,4015,4285]
[0,3085,4285]
[0,673,1170,2003,2643,4285]
[0,1001,2672,4285]
[0,61,1170,1408,2489,2646,4285]
[0,793,1170,2965,3424,4285]
[0,1170,1408,2965,3424,4015,4285]
[0,793,1170,2489,2646,3424,4015,4285]
[0,61,1170,1408,2003,2646,3424,4015,4285]
[0,673,1170,1408,2003,2643,3085,4015,4285]
[0,1001,1408,3085,4015,4285]
[0,1170,2489,2646,4015,4285]
[0,1170,2643,3085,4015,4285]
[0,1001,1408,2003,3085,4285]
[0,1170,3424,4015,4285]
[0,1170,1408,2489,2646,3424,4285]
[0,793,1170,1408,2003,2646,4015,4285]
[0,1001,1513,2646,4285]
[0,793,1170,2003,2965,3424,4285]
[0,1001,2003,3085,4285]
[0,1170,1408,2646,4285]
[0,1170,2003,2643,4285]
[0,1170,2003,2646,3424,4015,4285]
[0,61,1170,2003,2646,3424,4015,4285]
[0,1001,1408,2393,2672,4285]
[0,793,1170,2646,4285]
[0,673,1170,2646,3424,4015,4285]
[0,1170,3085,4285]
[0,1170,2439,2646,4285]
[0,1170,1408,2003,2646,3424,4015,4285]
[0,61,1170,2489,2646,3424,4015,4285]
[0,1170,1408,2439,2646,3424,4015,4285]
[0,61,1001,1408,2003,3085,4015,4285]
[0,61,673,1170,1408,2003,2643,3085,4015,4285]
[0,793,1170,2003,2646,4015,4285]
[0,61,1334,2672,4285]
[0,2643,4285]
[0,61,1001,1408,3085,4015,4285]
[0,793,1170,1408,2965,3424,4015,4285]
[0,1170,2003,2965,3424,4285]
[0,793,1170,1408,2003,2646,3424,4015,4285]
[0,61,1001,1408,2003,2643,3085,4015,4285]
[0,793,1170,2003,2965,3424,4015,4285]
[0,1275,2643,4285]
[0,793,1170,2003,2646,3011,4285]
[0,61,673,1170,1408,2439,2646,3424,4015,4285]
[0,1001,1408,2003,2643,4285]
[0,61,1170,2646,3424,4285]
[0,673,1170,3085,4285]
[0,1001,2643,4285]
[0,61,793,1170,1408,2003,2965,3424,4015,4285]
[0,61,1170,3424,4285]
[0,793,1170,2003,2646,3424,4285]
[0,61,1170,2003,2646,4285]
[0,793,1170,2646,3424,4015,4285]
[0,793,1170,2646,4015,4285]
[0,793,1170,1408,2003,2646,3011,4015,4285]
[0,1170,2003,2646,4015,4285]
[0,673,1170,2003,2643,3085,4015,4285]
[0,1334,2672,4285]
[0,1170,1408,2489,2646,4285]
[0,793,1170,1408,3424,4015,4285]
[0,1170,2646,4015,4285]
[0,1170,2003,2643,3085,4015,4285]
[0,61,1170,1408,2003,3085,4015,4285]
[0,1170,3011,4285]
[0,793,1170,1408,2003,2646,4285]
[0,1275,4285]
[0,1001,2003,2643,4285]
[0,1170,2643,4285]
[0,1170,2439,2646,3424,4015,4285]
[0,61,1170,2646,4015,4285]
[0,2003,4285]
[0,61,793,1170,1408,2003,2646,3424,4015,4285]
[0,793,1170,2646,3011,4015,4285]
[0,61,1170,1408,3424,4015,4285]
[0,61,1001,1408,2393,2672,4285]
[0,793,1170,3424,4015,4285]
[0,1001,2643,3085,4285]
[0,3011,4285]
[0,793,1170,2646,3011,4285]
[0,1170,2965,3424,4285]
[0,61,1001,1408,3085,4285]
