[0,531,714,906,1150,1197]
[0,337,531,626,745,1079,1197]
[0,71,337,413,531,745,1197]
[0,337,890,1197]
[0,212,531,906,1197]
[0,71,531,714,906,1150,1197]
[0,71,337,413,531,745,906,1197]
[0,212,531,745,1197]
[0,71,212,256,531,745,906,1150,1197]
[0,71,212,531,745,906,1150,1197]
[0,71,256,337,413,531,745,1079,1197]
[0,337,531,745,1150,1197]
[0,71,256,531,626,745,906,1197]
[0,337,413,531,745,1079,1197]
[0,71,531,745,906,1150,1197]
[0,531,626,745,906,1197]
[0,337,531,745,906,1197]
[0,337,413,531,626,745,1079,1197]
[0,71,212,531,626,745,906,1150,1197]
[0,337,531,745,1079,1197]
[0,71,256,531,745,906,1197]
[0,531,745,906,1150,1197]
[0,531,906,1150,1197]
[0,71,212,531,626,745,906,1197]
[0,71,337,531,745,1197]
[0,71,212,531,714,906,1150,1197]
[0,256,337,413,531,745,906,1197]
[0,256,531,1197]
[0,71,256,337,531,745,1079,1197]
[0,256,337,531,626,745,906,1197]
[0,212,531,626,745,906,1197]
[0,91,256,531,906,1150,1197]
[0,256,531,745,1150,1197]
[0,71,337,413,531,626,745,906,1150,1197]
[0,71,212,256,337,413,531,745,906,1150,1197]
[0,71,256,531,745,1197]
[0,71,212,256,337,413,531,626,745,1079,1197]
[0,337,413,531,745,906,1197]
[0,71,337,531,745,1079,1197]
[0,531,714,906,1197]
[0,71,256,337,413,531,626,745,906,1150,1197]
[0,91,256,531,714,906,1197]
[0,71,256,531,745,1079,1197]
[0,71,212,531,714,906,1197]
[0,71,212,256,337,413,531,745,1079,1197]
[0,71,256,337,413,531,745,906,1150,1197]
[0,337,413,531,626,745,906,1197]
[0,256,531,745,1079,1197]
[0,531,745,1197]
[0,337,1197]
[0,531,890,1150,1197]
[0,531,890,1197]
[0,71,531,714,906,1197]
[0,531,745,1079,1197]
[0,337,531,745,1197]
[0,256,531,745,1197]
[0,212,531,745,906,1197]
[0,71,337,413,531,745,1150,1197]
[0,91,256,531,714,906,1150,1197]
[0,256,337,413,531,626,745,906,1197]
[0,71,256,337,531,626,745,1079,1197]
[0,71,212,256,531,626,745,906,1150,1197]
[0,256,337,531,626,745,1079,1197]
[0,531,914,1197]
[0,531,890,1079,1197]
[0,71,212,256,531,745,1150,1197]
[0,71,337,531,626,745,1079,1197]
[0,71,256,337,413,531,626,745,1079,1197]
[0,71,337,531,745,906,1197]
[0,256,531,714,906,1197]
[0,71,337,413,531,626,745,906,1197]
[0,212,531,714,906,1197]
[0,91,256,531,906,1197]
[0,71,212,531,745,906,1197]
[0,71,337,413,531,745,1079,1197]
[0,71,256,531,745,906,1150,1197]
[0,256,337,531,745,1197]
[0,71,212,256,337,531,745,1079,1197]
[0,256,337,413,531,745,1197]
[0,71,212,256,337,531,626,745,1079,1197]
[0,256,337,531,745,906,1197]
[0,71,212,256,531,745,1079,1197]
[0,71,337,531,745,1150,1197]
[0,256,531,745,906,1197]
[0,71,337,413,531,626,745,1079,1197]
[0,71,337,413,531,745,906,1150,1197]
[0,337,413,531,745,1197]
[0,256,531,626,745,906,1197]
[0,71,256,531,745,1150,1197]
[0,256,337,413,531,626,745,1079,1197]
[0,71,212,256,337,413,531,745,1150,1197]
[0,531,745,906,1197]
[0,337,531,626,745,906,1197]
[0,256,531,906,1150,1197]
[0,71,531,745,906,1197]
[0,531,745,1150,1197]
[0,256,337,531,745,1079,1197]
[0,71,256,337,413,531,626,745,906,1197]
[0,71,256,337,413,531,745,1197]
[0,71,256,337,413,531,745,906,1197]
[0,531,906,1197]
[0,531,1197]
[0,71,256,531,626,745,906,1150,1197]
[0,256,531,906,1197]
[0,71,256,337,413,531,745,1150,1197]
[0,256,337,413,531,745,1079,1197]
[0,71,212,256,337,413,531,626,745,906,1150,1197]
