[0,659,1253,2759]
[0,1961,2296,2759]
[0,659,867,1253,1938,2296,2759]
[0,564,867,1957,2296,2759]
[0,659,867,1253,1938,2296,2653,2759]
[0,564,867,1253,1961,2296,2653,2759]
[0,564,867,1253,1961,2296,2759]
[0,659,1957,2759]
[0,564,1253,1961,2296,2759]
[0,564,1961,2296,2759]
[0,564,705,1961,2759]
[0,2071,2759]
[0,659,867,1957,2296,2759]
[0,1961,2759]
[0,1957,2296,2759]
[0,1919,2759]
[0,1253,1961,2759]
[0,659,867,1248,1957,2296,2759]
[0,659,1957,2296,2759]
[0,564,705,1961,2296,2759]
[0,564,696,867,1248,1957,2296,2759]
[0,659,1919,2759]
[0,564,1961,2296,2653,2759]
[0,659,1919,2296,2759]
[0,1919,2296,2759]
[0,659,867,1248,1957,2296,2653,2759]
[0,564,867,1248,1957,2296,2759]
[0,564,696,867,1957,2296,2759]
[0,705,2071,2759]
[0,564,696,1957,2759]
[0,564,705,2759]
[0,659,1938,2296,2759]
[0,564,2759]
[0,1248,1957,2759]
[0,1938,2296,2759]
[0,564,696,2759]
[0,659,1248,1957,2759]
[0,564,1248,1957,2296,2759]
[0,1938,2759]
[0,659,2759]
[0,659,1253,1938,2759]
[0,564,1253,1961,2759]
[0,564,1957,2759]
[0,659,1253,1938,2296,2759]
[0,564,696,1957,2296,2759]
[0,705,2759]
[0,564,696,867,1248,1957,2296,2653,2759]
[0,659,1938,2759]
[0,564,867,1961,2296,2759]
[0,564,1957,2296,2759]
[0,564,1961,2759]
[0,659,1938,2346,2759]
[0,564,1248,1957,2759]
[0,659,867,1938,2296,2759]
[0,1957,2759]
[0,659,1248,1957,2296,2759]
[0,659,1919,2296,2653,2759]
