[0,590,842,1191,1249]
[0,592,807,1249]
[0,69,207,258,713,807,1249]
[0,590,842,1249]
[0,590,713,807,1249]
[0,207,590,842,1191,1249]
[0,207,592,713,807,1249]
[0,807,1191,1249]
[0,207,807,1249]
[0,69,207,592,713,807,1191,1249]
[0,69,207,258,713,807,1191,1249]
[0,207,258,713,807,1249]
[0,69,207,592,713,807,1249]
[0,592,713,807,1249]
[0,713,807,1249]
[0,69,207,592,807,1249]
[0,592,713,807,1191,1249]
[0,794,1249]
[0,69,207,713,807,1191,1249]
[0,207,258,590,842,1191,1249]
[0,842,1249]
[0,207,258,590,842,1249]
[0,69,207,258,592,713,807,1191,1249]
[0,622,807,1249]
[0,807,1249]
[0,207,592,807,1249]
[0,69,622,807,1249]
[0,69,207,713,807,1249]
[0,207,713,807,1249]
[0,69,622,807,1191,1249]
[0,590,713,807,1191,1249]
[0,622,807,1191,1249]
[0,207,590,842,1249]
[0,590,807,1249]
[0,69,622,807,1109,1249]
[0,69,207,592,807,1191,1249]
[0,713,807,1191,1249]
[0,622,807,1109,1249]
