[0,304,1218,2087,3340,4104,4285]
[0,972,2087,3340,3825,4104,4285]
[0,972,2085,3340,4104,4285]
[0,2085,3340,4285]
[0,972,2087,3340,4285]
[0,489,1218,2085,3340,4285]
[0,489,1218,2085,3340,4146,4285]
[0,2087,3340,4285]
[0,633,1218,2087,3340,3825,4285]
[0,633,972,2087,3340,4285]
[0,1011,2085,4285]
[0,489,1011,2085,3340,3825,4146,4285]
[0,304,1218,2087,3340,3825,4104,4285]
[0,633,972,2087,3340,3825,4104,4285]
[0,972,2085,4285]
[0,633,1218,2087,3340,3825,4104,4285]
[0,489,1011,2085,3340,4285]
[0,972,2087,4285]
[0,1218,2087,3340,3825,4285]
[0,1011,2085,3340,3825,4285]
[0,1218,4285]
[0,489,1011,2085,3340,3825,4285]
[0,972,2085,3825,4285]
[0,1011,2085,3340,4146,4285]
[0,304,1218,2087,3340,4285]
[0,633,1218,2087,3340,4285]
[0,1011,2085,3340,4104,4285]
[0,1011,2085,3340,3825,4146,4285]
[0,489,1218,2085,3340,3825,4285]
[0,972,2087,3340,3825,4285]
[0,2085,4285]
[0,489,1218,2085,3340,3825,4146,4285]
[0,2087,4285]
[0,1011,2085,3340,4285]
[0,1218,2087,3340,4104,4285]
[0,304,1218,2087,3340,3825,4285]
[0,1218,2087,3340,4285]
[0,1218,2087,3340,3825,4104,4285]
[0,633,972,2087,3340,3825,4285]
[0,972,2085,3340,4285]
[0,972,2087,3340,4104,4285]
[0,633,972,2087,3340,4104,4285]
[0,1218,2085,3340,4285]
[0,489,1011,2085,3340,4104,4285]
