[0,1843,2537,3353]
[0,1099,1843,3353]
[0,728,1180,1843,2537,3353]
[0,728,1279,1519,1843,2537,2833,3353]
[0,728,1279,1843,2537,3353]
[0,1261,1843,2537,3353]
[0,1843,3353]
[0,728,1279,1843,2537,2833,3211,3353]
[0,1099,1843,2833,3353]
[0,1099,1843,2537,3353]
[0,1279,1843,2537,3353]
[0,728,1279,1519,1843,2537,2833,3211,3353]
[0,1180,1843,2537,3353]
[0,728,1180,1843,2537,2833,3211,3353]
[0,728,1279,1843,2537,2833,3353]
[0,1279,1843,2537,2833,3353]
[0,1279,3353]
[0,728,1180,1843,2537,2833,3353]
[0,728,1261,1843,2537,2833,3353]
[0,728,1261,1843,2537,3353]
[0,728,1261,1843,2537,2833,3211,3353]
[0,1279,1843,2537,2833,3211,3353]
