[0,1718,3046,4162,4758]
[0,218,756,1718,3047,4162,4758]
[0,756,1718,2528,3047,4162,4758]
[0,1718,3047,4758]
[0,756,1574,2528,3146,4758]
[0,1175,4758]
[0,118,1092,1484,4162,4758]
[0,118,756,1718,2528,3046,4162,4758]
[0,118,1718,4758]
[0,218,756,1718,4162,4758]
[0,1484,2528,3046,4162,4758]
[0,1574,2528,4758]
[0,988,1554,2528,3146,4162,4758]
[0,218,756,1574,3146,4162,4758]
[0,218,988,1554,4162,4758]
[0,118,1484,2528,3046,4162,4758]
[0,2528,4758]
[0,1092,1484,4162,4758]
[0,218,1554,4758]
[0,1484,2528,4758]
[0,218,1175,2545,4162,4758]
[0,1554,4162,4758]
[0,2545,4758]
[0,1175,2545,4162,4758]
[0,218,756,1574,4162,4758]
[0,988,1554,4758]
[0,118,1484,4758]
[0,1574,3146,4758]
[0,965,4758]
[0,218,1574,4758]
[0,1718,4162,4758]
[0,756,1718,3046,4758]
[0,1092,1484,2528,4162,4758]
[0,3146,4758]
[0,1574,3146,4162,4758]
[0,1484,4758]
[0,1175,2545,4758]
[0,118,1092,2528,4162,4758]
[0,1092,4758]
[0,1554,3146,4162,4758]
[0,218,988,1554,2528,3146,4162,4758]
[0,218,988,1554,3146,4162,4758]
[0,756,1484,2528,4758]
[0,1574,2528,3146,4162,4758]
[0,118,756,1484,2528,3046,4162,4758]
[0,118,1092,1484,2528,4162,4758]
[0,756,1718,3047,4758]
[0,218,756,1574,2528,3146,4162,4758]
[0,1554,2528,4758]
[0,988,1554,3146,4162,4758]
[0,118,1092,2528,4758]
[0,756,1574,2528,3146,4162,4758]
[0,988,1554,4162,4758]
[0,218,1718,4758]
[0,1092,2528,4162,4758]
[0,756,1574,4162,4758]
[0,1718,2528,3047,4162,4758]
[0,218,756,1718,4758]
[0,1554,3146,4758]
[0,218,988,1554,4758]
[0,1718,4758]
[0,118,756,1718,4162,4758]
[0,965,2545,4162,4758]
[0,1574,2528,3146,4758]
[0,756,1718,4162,4758]
[0,118,1092,1484,2528,3046,4162,4758]
[0,118,1484,4162,4758]
[0,756,1718,3046,4162,4758]
[0,1554,2528,3146,4758]
[0,1092,1484,2528,3046,4162,4758]
[0,756,1484,2528,4162,4758]
[0,756,1574,4758]
[0,118,756,1718,3046,4162,4758]
[0,756,1718,2528,3046,4162,4758]
[0,218,756,1718,2528,3047,4162,4758]
[0,756,1484,2528,3046,4162,4758]
[0,118,1092,4758]
[0,756,1574,3146,4162,4758]
[0,1092,2528,4758]
[0,1718,3046,4758]
[0,1718,2528,3046,4162,4758]
[0,756,1718,4758]
[0,756,1718,3047,4162,4758]
[0,218,1175,4758]
[0,118,1484,2528,4758]
[0,1484,2528,4162,4758]
[0,1484,2528,3046,4758]
[0,1554,2528,3146,4162,4758]
[0,965,2545,4758]
[0,756,1574,2528,4758]
[0,118,756,1718,4758]
[0,218,756,1574,4758]
[0,1574,4758]
[0,1574,4162,4758]
[0,1718,3047,4162,4758]
[0,218,1175,2545,4758]
[0,1554,4758]
[0,1484,4162,4758]
[0,756,1574,3146,4758]
[0,118,1484,2528,3046,4758]
