[0,202,422,1586,1911]
[0,555,1586,1911]
[0,202,422,1586,1796,1911]
[0,1596,1911]
[0,202,244,308,422,1586,1796,1911]
[0,200,555,1586,1911]
[0,1586,1796,1911]
[0,202,244,422,1586,1796,1911]
[0,202,422,555,1586,1796,1911]
[0,200,422,555,1586,1911]
[0,422,1911]
[0,202,555,1586,1911]
[0,200,244,308,422,555,1586,1796,1911]
[0,1586,1911]
[0,422,1586,1796,1911]
[0,202,244,308,422,555,1586,1796,1911]
[0,308,555,1586,1796,1911]
[0,200,308,422,1586,1796,1911]
[0,200,422,1586,1796,1911]
[0,202,555,1586,1796,1911]
[0,555,1586,1796,1911]
[0,308,422,1586,1796,1911]
[0,200,308,422,555,1586,1796,1911]
[0,202,308,422,555,1586,1796,1911]
[0,200,422,555,1586,1796,1911]
[0,308,422,555,1586,1796,1911]
[0,200,555,1586,1796,1911]
[0,200,244,422,1586,1796,1911]
[0,308,422,1586,1911]
[0,422,1586,1911]
[0,200,244,308,422,1586,1796,1911]
[0,200,422,1586,1911]
[0,202,422,555,1586,1911]
[0,202,308,422,1586,1796,1911]
[0,308,555,1586,1911]
[0,555,1911]
