[0,109,437,685,777,892,969]
[0,437,627,969]
[0,109,390,437,627,685,892,969]
[0,390,588,685,892,969]
[0,109,526,685,892,969]
[0,109,892,969]
[0,390,587,969]
[0,277,437,685,777,892,969]
[0,277,437,627,685,777,969]
[0,109,437,627,969]
[0,277,390,437,627,685,777,892,969]
[0,109,390,588,969]
[0,390,588,685,969]
[0,109,390,516,588,685,892,969]
[0,109,437,627,685,777,969]
[0,109,588,969]
[0,437,969]
[0,109,390,437,627,685,777,969]
[0,390,437,969]
[0,109,588,685,892,969]
[0,109,390,516,588,685,777,969]
[0,278,390,437,516,588,685,777,969]
[0,278,390,588,685,777,892,969]
[0,391,516,588,685,892,969]
[0,437,685,777,892,969]
[0,588,685,969]
[0,109,588,685,777,892,969]
[0,588,685,777,969]
[0,390,588,685,777,969]
[0,278,390,588,685,777,969]
[0,516,969]
[0,516,627,892,969]
[0,278,390,516,588,685,777,892,969]
[0,516,892,969]
[0,516,627,685,892,969]
[0,526,685,969]
[0,109,588,685,777,969]
[0,109,390,588,685,777,892,969]
[0,109,685,892,969]
[0,391,588,685,892,969]
[0,390,588,969]
[0,627,685,892,969]
[0,109,390,437,516,588,685,777,969]
[0,109,526,685,969]
[0,437,627,685,892,969]
[0,109,391,516,588,685,892,969]
[0,278,588,685,969]
[0,109,516,627,892,969]
[0,437,685,777,969]
[0,685,969]
[0,437,627,685,777,892,969]
[0,437,892,969]
[0,516,588,969]
[0,390,437,892,969]
[0,390,437,627,892,969]
[0,109,437,892,969]
[0,109,437,627,892,969]
[0,390,516,588,685,892,969]
[0,109,391,588,969]
[0,278,588,685,777,969]
[0,109,391,588,685,969]
[0,109,437,627,685,777,892,969]
[0,109,390,516,588,685,777,892,969]
[0,109,685,777,892,969]
[0,109,390,437,627,685,777,892,969]
[0,278,390,588,685,969]
[0,391,588,685,969]
[0,437,627,685,777,969]
[0,109,516,627,969]
[0,109,391,588,685,892,969]
[0,588,685,892,969]
[0,627,969]
[0,437,627,892,969]
[0,277,437,685,777,969]
[0,109,437,685,777,969]
[0,587,969]
[0,390,437,627,685,892,969]
[0,109,437,777,969]
[0,278,390,516,588,685,777,969]
[0,277,390,437,627,685,777,969]
[0,109,685,969]
[0,390,516,588,685,777,969]
[0,390,437,685,777,969]
[0,685,777,892,969]
[0,109,390,437,516,588,685,892,969]
[0,390,587,892,969]
[0,278,390,437,516,588,685,777,892,969]
[0,109,969]
[0,109,777,969]
[0,109,526,969]
[0,277,437,627,685,777,892,969]
[0,109,390,437,516,588,685,777,892,969]
[0,109,516,627,685,892,969]
[0,892,969]
[0,526,685,892,969]
[0,516,588,685,969]
[0,516,588,685,892,969]
[0,685,892,969]
[0,390,437,627,685,777,969]
[0,391,588,969]
[0,109,390,588,685,969]
[0,109,588,685,969]
[0,588,969]
[0,587,892,969]
[0,390,437,516,588,685,892,969]
[0,278,588,969]
[0,109,390,588,685,892,969]
[0,109,437,969]
[0,516,588,685,777,969]
[0,685,777,969]
[0,437,777,969]
[0,390,437,516,588,685,777,969]
[0,390,437,777,969]
[0,277,437,777,969]
[0,516,627,969]
[0,109,685,777,969]
[0,627,685,777,969]
[0,278,390,588,969]
[0,777,969]
[0,109,390,588,685,777,969]
[0,278,588,685,777,892,969]
[0,526,969]
[0,109,437,627,685,892,969]
