[0,43,809,2824]
[0,43,1011,1730,1961,2627,2824]
[0,640,955,2235,2824]
[0,955,1730,2824]
[0,796,1730,2824]
[0,796,1730,1961,2576,2824]
[0,796,1037,1961,2576,2824]
[0,955,1730,1961,2627,2824]
[0,189,640,796,1730,2824]
[0,640,955,1246,2627,2824]
[0,98,955,1730,1961,2824]
[0,43,640,809,1730,1961,2824]
[0,763,2824]
[0,796,2824]
[0,189,640,796,1730,1961,2576,2824]
[0,640,955,1730,1961,2627,2824]
[0,377,1011,1730,2824]
[0,640,809,1730,1961,2824]
[0,167,1246,1961,2594,2824]
[0,1037,1730,2824]
[0,189,796,1730,1961,2824]
[0,1037,1961,2824]
[0,189,1246,1961,2576,2824]
[0,43,1011,1730,1961,2824]
[0,377,1011,1730,1961,2627,2824]
[0,189,640,796,1730,1961,2824]
[0,43,640,809,1730,1961,2627,2824]
[0,43,1011,1730,2824]
[0,43,640,809,1011,1730,1961,2627,2824]
[0,167,1246,2824]
[0,1011,1730,2824]
[0,955,2627,2824]
[0,377,1037,2824]
[0,640,955,1246,2824]
[0,809,1730,1961,2627,2824]
[0,640,955,1730,2824]
[0,1037,1961,2576,2824]
[0,98,955,1730,2824]
[0,640,809,1730,1961,2627,2824]
[0,1011,1730,1961,2627,2824]
[0,1246,2594,2824]
[0,1246,2627,2824]
[0,689,1246,1916,2627,2824]
[0,796,1730,1961,2824]
[0,43,640,809,1730,2824]
[0,189,1037,1730,1961,2576,2824]
[0,1246,2576,2824]
[0,1246,1961,2576,2824]
[0,167,1246,1916,2627,2824]
[0,640,955,1246,2235,2627,2824]
[0,189,1037,2824]
[0,189,640,796,1037,1730,1961,2576,2824]
[0,1037,2824]
[0,189,796,1730,1961,2576,2824]
[0,1246,1916,2824]
[0,189,1246,2576,2824]
[0,955,1730,1961,2824]
[0,1037,2576,2824]
[0,640,1011,1730,1961,2824]
[0,1037,1730,1961,2824]
[0,640,955,2627,2824]
[0,167,1246,2594,2824]
[0,98,640,955,2627,2824]
[0,98,955,2627,2824]
[0,167,1246,2627,2824]
[0,796,1037,1730,1961,2576,2824]
[0,689,1246,1916,2824]
[0,43,1011,2824]
[0,640,809,1730,2824]
[0,189,1037,2576,2824]
[0,955,2824]
[0,809,1730,1961,2824]
[0,640,955,1246,2235,2824]
[0,1246,1916,2627,2824]
[0,1730,1961,2824]
[0,809,2824]
[0,189,796,2824]
[0,1757,2576,2824]
[0,377,1011,2824]
[0,189,1037,1730,2824]
[0,189,1246,2192,2576,2824]
[0,1246,2192,2824]
[0,189,796,1037,1730,1961,2576,2824]
[0,1246,2192,2576,2824]
[0,1037,2192,2824]
[0,98,640,955,1730,1961,2627,2824]
[0,796,1730,2576,2824]
[0,377,1011,1730,1961,2824]
[0,1246,1961,2824]
[0,1037,1730,1961,2576,2824]
[0,640,1011,1730,2824]
[0,640,955,2824]
[0,98,640,955,1246,2627,2824]
[0,1037,2192,2576,2824]
[0,640,955,1730,1961,2824]
[0,1246,1961,2594,2824]
[0,98,955,2824]
[0,1757,2824]
[0,98,955,1730,1961,2627,2824]
[0,1011,2824]
[0,640,1011,1730,1961,2627,2824]
[0,189,1037,1730,1961,2824]
[0,167,689,1246,1916,2627,2824]
[0,796,2576,2824]
[0,189,796,1730,2824]
[0,955,2235,2824]
[0,189,640,796,2824]
[0,640,809,1011,1730,1961,2627,2824]
[0,809,1730,2824]
[0,640,809,2824]
[0,189,1246,2824]
[0,189,1037,2192,2576,2824]
[0,1246,2824]
[0,43,640,809,2824]
[0,1730,2824]
[0,1011,1730,1961,2824]
[0,98,640,955,1246,2235,2627,2824]
[0,43,377,1011,1730,1961,2627,2824]
[0,640,1011,2824]
