[0,111,239,346,522,827,969]
[0,634,827,969]
[0,111,239,522,827,969]
[0,111,239,314,441,522,969]
[0,346,522,693,827,969]
[0,276,634,827,969]
[0,52,111,239,346,522,639,693,969]
[0,111,346,522,639,969]
[0,238,634,827,969]
[0,346,522,969]
[0,111,639,827,969]
[0,52,111,239,314,441,522,969]
[0,52,111,239,314,522,969]
[0,52,111,239,346,522,639,693,827,969]
[0,239,314,441,522,969]
[0,239,346,522,827,969]
[0,522,827,969]
[0,276,522,827,969]
[0,314,441,522,969]
[0,111,276,634,827,969]
[0,111,239,639,969]
[0,111,346,522,693,827,969]
[0,111,276,522,827,969]
[0,111,639,969]
[0,239,522,827,969]
[0,111,314,441,522,969]
[0,111,276,522,969]
[0,111,239,522,969]
[0,111,276,634,969]
[0,111,522,969]
[0,657,969]
[0,314,522,969]
[0,111,239,346,522,639,693,827,969]
[0,346,522,827,969]
[0,111,346,522,969]
[0,111,314,522,969]
[0,239,639,969]
[0,239,346,522,693,827,969]
[0,111,239,346,522,639,969]
[0,111,239,314,522,969]
[0,276,522,969]
[0,111,634,969]
[0,441,522,969]
[0,639,969]
[0,111,239,346,522,693,827,969]
[0,239,346,522,639,693,827,969]
[0,52,111,239,346,522,639,969]
[0,276,634,969]
[0,111,239,639,827,969]
[0,522,969]
[0,239,314,522,969]
[0,239,346,522,639,969]
[0,111,239,346,522,639,693,969]
[0,239,522,969]
[0,239,346,522,639,693,969]
[0,634,969]
[0,52,111,239,346,522,969]
[0,346,522,639,969]
[0,111,441,522,969]
[0,239,639,827,969]
[0,111,346,522,827,969]
[0,238,634,969]
[0,111,239,346,522,969]
[0,639,827,969]
[0,239,346,522,969]
