[0,568,890,1061,1197]
[0,256,374,629,890,978,1061,1126,1197]
[0,256,374,629,890,1061,1197]
[0,555,890,1061,1197]
[0,256,374,629,890,1061,1126,1197]
[0,1061,1197]
[0,568,1197]
[0,555,890,1197]
[0,568,890,1197]
[0,374,1197]
[0,256,374,449,629,890,978,1061,1126,1197]
[0,256,890,1197]
[0,256,890,1061,1197]
[0,256,374,629,890,978,1061,1197]
[0,561,1197]
[0,629,890,1197]
[0,256,374,561,890,1061,1126,1197]
[0,561,890,1061,1197]
[0,374,561,890,1061,1197]
[0,256,374,561,890,978,1061,1126,1197]
[0,256,568,1061,1197]
[0,256,374,561,890,1061,1197]
[0,374,561,890,1197]
[0,890,1061,1197]
[0,256,374,449,629,890,978,1061,1197]
[0,256,374,561,890,978,1061,1197]
[0,374,1061,1197]
[0,256,568,1197]
[0,374,629,890,1197]
[0,256,1061,1197]
[0,561,890,1197]
[0,256,374,568,890,1061,1197]
[0,256,374,568,890,1061,1126,1197]
[0,374,568,890,1197]
[0,256,374,568,890,978,1061,1197]
[0,256,374,890,1061,1197]
[0,629,890,1061,1197]
[0,256,374,568,890,978,1061,1126,1197]
[0,890,1197]
[0,374,568,890,1061,1197]
[0,374,629,890,1061,1197]
[0,256,1197]
[0,555,1197]
