[0,211,478,1046]
[0,60,359,478,578,1046]
[0,60,359,478,972,1046]
[0,359,478,578,855,962,1046]
[0,186,359,478,578,1046]
[0,146,359,478,568,855,1046]
[0,186,359,478,855,1046]
[0,169,478,1046]
[0,359,478,578,855,1046]
[0,211,359,478,1046]
[0,186,359,478,1046]
[0,60,146,359,478,855,962,1046]
[0,60,211,359,478,855,972,1046]
[0,93,465,944,1046]
[0,169,359,478,578,855,1046]
[0,465,1046]
[0,478,855,962,1046]
[0,855,972,1046]
[0,60,186,359,478,578,855,962,1046]
[0,359,1046]
[0,60,146,359,419,478,578,855,962,1046]
[0,359,478,972,1046]
[0,169,478,855,1046]
[0,211,359,478,568,972,1046]
[0,186,359,478,578,855,962,1046]
[0,60,211,359,478,568,855,972,1046]
[0,359,478,855,972,1046]
[0,169,359,478,578,855,962,1046]
[0,186,359,478,578,855,1046]
[0,146,359,478,578,855,1046]
[0,60,146,359,478,568,855,972,1046]
[0,359,478,568,972,1046]
[0,60,359,478,855,962,1046]
[0,359,478,578,962,1046]
[0,60,146,359,478,578,855,962,1046]
[0,359,478,855,1046]
[0,169,1046]
[0,60,359,478,568,972,1046]
[0,211,359,478,568,855,1046]
[0,359,478,568,855,972,1046]
[0,60,186,359,478,1046]
[0,169,359,478,855,1046]
[0,60,146,359,478,855,972,1046]
[0,60,359,478,1046]
[0,972,1046]
[0,855,962,1046]
[0,93,465,1046]
[0,186,359,478,855,962,1046]
[0,186,1046]
[0,60,211,359,478,1046]
[0,60,359,478,855,972,1046]
[0,186,359,478,578,962,1046]
[0,60,211,359,478,972,1046]
[0,359,478,855,962,1046]
[0,146,359,478,568,855,972,1046]
[0,855,1046]
[0,146,478,855,1046]
[0,60,186,359,478,855,962,1046]
[0,359,478,568,1046]
[0,169,359,478,855,962,1046]
[0,478,855,1046]
[0,353,1046]
[0,465,944,1046]
[0,211,359,478,972,1046]
[0,146,359,478,855,1046]
[0,60,186,359,478,578,1046]
[0,60,972,1046]
[0,211,359,478,855,1046]
[0,60,146,359,419,478,568,855,972,1046]
[0,60,169,359,419,478,578,855,962,1046]
[0,478,1046]
[0,93,1046]
[0,146,359,478,855,962,1046]
[0,60,211,359,478,568,972,1046]
[0,211,359,478,855,972,1046]
[0,186,478,855,1046]
[0,359,478,578,1046]
[0,359,478,1046]
[0,146,359,478,578,855,962,1046]
[0,962,1046]
[0,211,359,478,568,855,972,1046]
[0,211,1046]
[0,211,359,478,568,1046]
[0,186,478,1046]
[0,60,186,359,478,578,962,1046]
[0,359,478,568,855,1046]
[0,146,359,478,855,972,1046]
[0,60,169,359,478,578,855,962,1046]
[0,60,169,359,478,855,962,1046]
[0,478,855,972,1046]
[0,211,478,855,1046]
