[0,79,121,408,582,871,976,1106,1343]
[0,153,235,408,582,976,1106,1343]
[0,582,1343]
[0,235,976,1343]
[0,121,235,408,582,911,976,1106,1262,1343]
[0,210,871,976,1106,1343]
[0,235,408,582,911,976,1106,1343]
[0,121,408,582,871,976,1106,1343]
[0,121,408,582,976,1106,1343]
[0,235,470,976,1106,1343]
[0,408,976,1343]
[0,235,470,976,1343]
[0,121,582,976,1343]
[0,235,470,904,976,1106,1262,1343]
[0,79,153,235,582,976,1106,1343]
[0,153,235,582,976,1106,1343]
[0,235,976,1106,1343]
[0,235,408,582,976,1343]
[0,470,976,1343]
[0,235,470,976,1106,1262,1343]
[0,121,976,1343]
[0,121,210,408,582,871,976,1106,1262,1343]
[0,79,121,210,408,582,871,976,1106,1262,1343]
[0,79,153,235,408,582,911,976,1106,1343]
[0,235,582,976,1343]
[0,121,235,408,582,976,1106,1343]
[0,210,871,976,1343]
[0,121,235,470,976,1106,1343]
[0,235,904,976,1106,1343]
[0,235,582,976,1106,1343]
[0,79,121,408,582,976,1106,1343]
[0,210,408,582,976,1343]
[0,121,235,470,976,1106,1262,1343]
[0,210,408,582,871,976,1106,1262,1343]
[0,153,235,408,582,976,1106,1262,1343]
[0,79,153,235,408,582,976,1106,1262,1343]
[0,79,153,235,408,582,976,1106,1343]
[0,210,976,1106,1343]
[0,408,582,976,1106,1343]
[0,470,1343]
[0,235,408,582,911,976,1106,1262,1343]
[0,235,408,582,976,1106,1262,1343]
[0,121,235,470,904,976,1106,1262,1343]
[0,210,408,582,976,1106,1343]
[0,79,153,235,408,582,911,976,1106,1262,1343]
[0,210,582,976,1106,1343]
[0,79,121,210,408,582,871,976,1106,1343]
[0,976,1343]
[0,121,210,408,582,871,976,1106,1343]
[0,210,408,582,871,976,1106,1343]
[0,210,976,1343]
[0,210,582,976,1343]
[0,408,1343]
[0,235,408,582,976,1106,1343]
[0,408,582,976,1343]
[0,121,408,582,976,1343]
[0,121,235,408,582,976,1106,1262,1343]
[0,582,976,1343]
[0,235,470,904,976,1106,1343]
