[0,483,842,995,1124,1877,2019]
[0,1124,2019]
[0,483,1124,1877,2019]
[0,483,777,1029,2019]
[0,1029,2019]
[0,483,613,771,842,1124,1512,1877,2019]
[0,842,2019]
[0,483,842,1124,1583,2019]
[0,483,842,1124,1512,1877,2019]
[0,842,1877,2019]
[0,483,619,842,995,1124,1583,1877,2019]
[0,360,2019]
[0,483,2019]
[0,483,771,842,995,1124,1877,2019]
[0,483,619,771,842,995,1124,1583,1877,2019]
[0,483,613,771,842,1124,1877,2019]
[0,360,777,1029,2019]
[0,483,842,1124,1583,1877,2019]
[0,483,842,1124,1512,2019]
[0,483,1124,1583,2019]
[0,483,619,771,842,1124,1877,2019]
[0,360,483,941,1877,2019]
[0,483,619,842,1124,1877,2019]
[0,483,1877,2019]
[0,483,842,1124,1877,2019]
[0,483,1029,1877,2019]
[0,483,771,842,1124,1877,2019]
[0,483,619,842,1124,1583,1877,2019]
[0,483,1124,2019]
[0,483,777,1124,1877,2019]
[0,360,777,1029,1877,2019]
[0,358,483,619,771,842,995,1124,1583,1877,2019]
[0,483,613,842,1124,1877,2019]
[0,483,619,842,995,1124,1877,2019]
[0,360,483,1877,2019]
[0,360,483,842,941,1877,2019]
[0,483,842,1124,2019]
[0,483,1124,1512,2019]
[0,777,2019]
[0,483,941,1877,2019]
[0,483,941,2019]
[0,483,1029,2019]
[0,483,619,771,842,995,1124,1877,2019]
[0,483,777,1029,1877,2019]
[0,483,613,842,1124,1512,1877,2019]
[0,358,483,619,842,995,1124,1583,1877,2019]
[0,360,777,2019]
[0,483,842,941,1877,2019]
[0,483,777,1124,2019]
