[0,629,848,1523,1834,2136,2488,2759]
[0,848,1834,2136,2319,2488,2759]
[0,650,1947,2488,2759]
[0,633,848,1523,1834,2136,2319,2488,2759]
[0,650,1473,2136,2759]
[0,629,848,1342,1523,1834,2136,2488,2759]
[0,650,1523,2759]
[0,388,767,1834,2136,2488,2759]
[0,767,1834,2136,2759]
[0,388,767,1834,2759]
[0,848,1834,2319,2488,2759]
[0,633,848,1342,1523,1834,2136,2319,2488,2759]
[0,629,848,1834,2136,2488,2759]
[0,1523,2759]
[0,206,650,1473,2136,2488,2759]
[0,388,767,1834,2136,2759]
[0,650,1473,2488,2759]
[0,650,1834,2136,2319,2488,2759]
[0,767,1834,2488,2759]
[0,388,767,1834,2136,2319,2488,2759]
[0,629,848,1523,1834,2488,2759]
[0,629,848,1834,2136,2319,2488,2759]
[0,633,848,1523,1834,2488,2759]
[0,767,1834,2319,2488,2759]
[0,650,1947,2759]
[0,633,848,1834,2488,2759]
[0,388,767,1834,2488,2759]
[0,848,1834,2136,2759]
[0,848,1523,1834,2759]
[0,767,1834,2136,2488,2759]
[0,767,1834,2759]
[0,650,2488,2759]
[0,650,2136,2759]
[0,650,1834,2319,2488,2759]
[0,629,848,1342,1523,1834,2488,2759]
[0,650,1834,2759]
[0,848,1834,2488,2759]
[0,633,848,1523,1834,2136,2488,2759]
[0,1947,2759]
[0,633,848,1834,2136,2488,2759]
[0,848,1834,2759]
[0,650,1834,2136,2488,2759]
[0,767,2759]
[0,650,1834,2488,2759]
[0,650,1947,2190,2488,2759]
[0,848,1523,1834,2136,2759]
[0,650,2759]
[0,767,2236,2759]
[0,629,848,1834,2488,2759]
[0,629,848,1523,1834,2136,2319,2488,2759]
[0,650,1473,2759]
[0,633,848,1342,1523,1834,2488,2759]
[0,633,848,1834,2136,2319,2488,2759]
[0,848,1834,2136,2488,2759]
[0,767,1834,2136,2319,2488,2759]
[0,650,1523,2319,2759]
[0,1834,2759]
[0,1473,2759]
[0,848,1523,1834,2136,2488,2759]
[0,848,1523,1834,2488,2759]
[0,629,848,1342,1523,1834,2136,2319,2488,2759]
[0,650,1834,2136,2759]
[0,650,1473,2136,2488,2759]
[0,633,848,1342,1523,1834,2136,2488,2759]
