[0,775,1559,2554]
[0,1173,1607,1996,2554]
[0,2008,2554]
[0,775,1057,1173,1317,1607,1996,2119,2554]
[0,775,1317,1559,2008,2179,2554]
[0,1559,2554]
[0,775,1057,1173,1317,1607,1996,2554]
[0,775,1317,1559,2008,2357,2554]
[0,1148,1559,2008,2554]
[0,1559,2008,2554]
[0,775,2554]
[0,775,1095,1317,1607,1996,2554]
[0,775,1148,2060,2554]
[0,775,2060,2554]
[0,1148,2008,2554]
[0,775,1996,2554]
[0,1173,2554]
[0,775,1607,1996,2554]
[0,823,2554]
[0,775,1317,1607,1996,2554]
[0,775,1317,1559,2008,2179,2357,2554]
[0,775,1148,1317,1559,2008,2179,2357,2554]
[0,775,1317,1607,2008,2554]
[0,1173,1317,1607,1996,2554]
[0,775,1559,2008,2554]
[0,2060,2554]
[0,1996,2554]
[0,775,1173,1317,1607,1996,2554]
[0,1943,2554]
[0,775,1148,1317,1559,2008,2179,2554]
[0,823,2008,2554]
[0,823,1559,2008,2554]
[0,1148,1317,2008,2554]
[0,1148,2554]
[0,775,1148,1317,1559,2008,2554]
[0,775,1095,1317,1607,2008,2554]
[0,775,1173,1317,1607,1996,2119,2554]
[0,775,1571,2008,2554]
[0,775,2008,2554]
[0,775,1317,1559,2008,2554]
[0,775,1607,2008,2554]
[0,877,2554]
[0,877,1943,2554]
[0,1173,1317,1996,2554]
[0,775,1095,1317,1607,1996,2119,2554]
[0,1173,1996,2554]
[0,1148,1317,1559,2008,2554]
