[0,219,699,2211]
[0,219,699,1341,2211]
[0,219,732,2211]
[0,219,1095,1341,1532,1738,2211]
[0,219,699,1341,1532,2211]
[0,238,764,1257,2211]
[0,219,732,1216,1341,1566,1738,2211]
[0,699,2211]
[0,238,764,1257,1581,2211]
[0,764,1257,2211]
[0,238,764,1257,1614,2211]
[0,219,732,1216,1341,1581,2211]
[0,732,1122,1341,1581,2211]
[0,219,2211]
[0,53,219,699,1095,1341,1532,2211]
[0,1095,1341,2211]
[0,764,1257,1581,2211]
[0,764,1257,1614,2211]
[0,53,219,1095,1341,1532,1738,2211]
[0,699,1341,1738,2211]
[0,219,699,1095,1341,1738,2211]
[0,238,732,1341,1581,2211]
[0,699,1095,1341,1738,2211]
[0,238,732,2211]
[0,1095,1341,1738,2211]
[0,1095,2211]
[0,732,2211]
[0,219,732,1341,2211]
[0,219,732,1341,1566,2211]
[0,699,1095,1341,2211]
[0,309,2211]
[0,219,1095,1341,1532,2211]
[0,53,219,1095,1341,1532,2211]
[0,219,732,1122,1341,1581,2211]
[0,219,1532,2211]
[0,732,1341,2211]
[0,699,1341,2211]
[0,732,1341,1566,2211]
[0,238,732,1120,1341,1581,2211]
[0,219,732,1341,1581,2211]
[0,764,2211]
[0,238,2211]
[0,732,1341,1581,2211]
[0,53,219,699,1095,1341,1532,1738,2211]
[0,219,699,1095,1341,1532,1738,2211]
[0,219,699,1095,1341,1532,2211]
[0,238,764,2211]
[0,1095,1738,2211]
[0,238,732,1122,1341,1581,2211]
[0,1532,2211]
[0,219,699,1095,1341,2211]
[0,238,732,1341,2211]
[0,219,1095,1341,1738,2211]
[0,219,1341,1532,2211]
[0,219,732,1341,1566,1738,2211]
[0,219,732,1216,1341,1566,2211]
[0,219,1095,1341,2211]
[0,219,1095,2211]
