[0,1922,2478,2956]
[0,1344,2478,2855,2956]
[0,1344,1637,1843,2478,2956]
[0,1344,1637,2478,2956]
[0,179,1344,1637,2478,2855,2956]
[0,179,1344,1637,2478,2758,2956]
[0,179,1344,1637,2306,2478,2758,2956]
[0,2478,2956]
[0,2478,2855,2956]
[0,179,1344,2478,2855,2956]
[0,179,1344,1637,2478,2956]
[0,1637,1922,2478,2956]
[0,179,1344,1637,1843,2478,2758,2956]
[0,2501,2956]
[0,1344,2478,2956]
[0,1344,1637,2478,2855,2956]
[0,1344,1637,2306,2478,2758,2956]
[0,1344,1637,2478,2758,2956]
[0,1922,2956]
[0,179,1344,2478,2956]
[0,1344,2956]
[0,1421,1637,1922,2478,2956]
[0,1421,1637,1922,2478,2855,2956]
[0,1344,1637,1843,2478,2758,2956]
