[0,1318,4758]
[0,2743,3263,4758]
[0,829,4711,4758]
[0,42,1318,2743,3263,3986,4711,4758]
[0,1743,3263,4758]
[0,189,1743,3263,3986,4758]
[0,2369,2777,3263,3986,4758]
[0,835,2777,3263,4758]
[0,2777,4758]
[0,1318,2743,3263,4436,4758]
[0,189,829,1743,2369,2777,3263,3986,4436,4758]
[0,829,4758]
[0,829,2743,4758]
[0,1318,2743,3263,4711,4758]
[0,829,2369,2777,3263,3986,4436,4758]
[0,829,1743,2369,2777,3263,3986,4758]
[0,42,3263,4758]
[0,829,2777,3986,4758]
[0,189,3263,3986,4758]
[0,189,2777,3263,4436,4758]
[0,189,2777,3263,4758]
[0,835,1743,3263,4758]
[0,1318,2743,3263,3986,4758]
[0,189,829,1743,2369,2777,3263,3986,4436,4711,4758]
[0,189,2777,3263,3986,4436,4758]
[0,835,4758]
[0,835,3986,4758]
[0,189,829,2369,2777,3263,3986,4711,4758]
[0,189,829,1743,2369,2777,3263,3986,4758]
[0,1318,2743,3263,3986,4711,4758]
[0,189,835,1743,2369,2777,3263,3986,4711,4758]
[0,42,2743,3263,4711,4758]
[0,829,2743,3263,4758]
[0,829,2777,4758]
[0,3986,4758]
[0,829,2369,2777,3263,3986,4758]
[0,2369,2777,3263,3986,4436,4758]
[0,42,4758]
[0,189,835,2369,2777,3263,4758]
[0,189,1743,3263,3986,4711,4758]
[0,829,1743,2777,3263,3986,4758]
[0,829,2369,2777,3263,4758]
[0,1318,2743,3986,4758]
[0,835,3263,4758]
[0,2772,3986,4758]
[0,829,2208,3263,4758]
[0,189,4758]
[0,189,829,1743,2369,2777,3263,3986,4711,4758]
[0,42,829,2208,3263,3986,4711,4758]
[0,199,3986,4758]
[0,1318,3263,4758]
[0,189,829,2369,2777,3263,4758]
[0,829,2743,3986,4758]
[0,835,1743,2777,3263,3986,4758]
[0,829,3986,4758]
[0,829,1743,3263,3986,4758]
[0,189,2777,3263,4711,4758]
[0,42,829,2743,3263,4711,4758]
[0,829,2208,3263,3986,4711,4758]
[0,42,829,2208,3263,4711,4758]
[0,835,1743,2369,2777,3263,4758]
[0,829,2777,3263,3986,4436,4758]
[0,829,2743,3263,4711,4758]
[0,829,2777,3263,4436,4758]
[0,835,2369,2777,3263,4758]
[0,189,1743,3263,4758]
[0,2369,2777,3263,4758]
[0,835,2777,4758]
[0,829,3263,4758]
[0,1743,4758]
[0,42,829,3263,4758]
[0,829,3263,4711,4758]
[0,3263,3986,4758]
[0,2777,3263,4758]
[0,42,829,3263,4711,4758]
[0,2777,3263,4436,4758]
[0,189,835,1743,3263,3986,4758]
[0,829,2743,3263,3986,4758]
[0,829,2208,3263,4711,4758]
[0,189,2369,2777,3263,3986,4436,4758]
[0,3263,4758]
[0,2772,4758]
[0,1318,2743,3263,4758]
[0,189,4711,4758]
[0,42,829,2743,3263,3986,4711,4758]
[0,343,3986,4758]
[0,2777,3263,3986,4436,4758]
[0,2369,2777,3263,4436,4758]
[0,3263,4711,4758]
[0,835,2369,2777,3263,3986,4758]
[0,829,1743,3263,4758]
[0,189,2369,2777,3263,3986,4436,4711,4758]
[0,189,2369,2777,3263,3986,4758]
[0,189,3263,3986,4711,4758]
[0,835,1743,3263,3986,4758]
[0,835,1743,2777,3263,4758]
[0,189,829,1743,2369,2777,3263,4758]
[0,189,2369,2777,3263,4758]
[0,189,835,1743,3263,4758]
[0,189,835,1743,2369,2777,3263,4758]
[0,835,2777,3263,3986,4758]
[0,189,829,2369,2777,3263,3986,4758]
[0,42,3263,4711,4758]
[0,189,835,2369,2777,3263,3986,4711,4758]
[0,829,2777,3263,3986,4758]
[0,343,4758]
[0,2208,3263,4758]
[0,1318,2743,3263,3986,4436,4711,4758]
[0,189,829,2369,2777,3263,3986,4436,4711,4758]
[0,189,2369,2777,3263,3986,4711,4758]
[0,42,1318,2743,3263,4711,4758]
[0,829,1743,2777,3263,4758]
[0,835,1743,2369,2777,3263,3986,4758]
[0,2777,3263,3986,4758]
[0,189,835,1743,3263,3986,4711,4758]
[0,189,3986,4711,4758]
[0,343,2772,3986,4758]
[0,1318,2743,4758]
[0,189,2369,2777,3263,4711,4758]
[0,189,3263,4758]
[0,829,1743,2369,2777,3263,4758]
[0,42,1318,2743,3263,3986,4436,4711,4758]
[0,199,4758]
[0,189,829,2369,2777,3263,3986,4436,4758]
[0,2743,3263,4711,4758]
[0,189,835,1743,2369,2777,3263,3986,4758]
[0,1318,3986,4758]
[0,2743,4758]
[0,1743,3263,3986,4758]
[0,1318,2743,3263,3986,4436,4758]
[0,829,2743,3263,3986,4711,4758]
[0,829,2208,3263,3986,4758]
[0,829,1743,2369,2777,3263,3986,4436,4758]
[0,189,835,2369,2777,3263,3986,4758]
[0,835,2777,3986,4758]
[0,42,3986,4758]
[0,42,829,2208,3263,4758]
[0,829,2777,3263,4758]
[0,189,3986,4758]
