[0,440,567,687,855,997]
[0,119,440,567,687,855,997]
[0,421,687,997]
[0,119,218,440,687,855,997]
[0,119,218,352,440,567,687,855,997]
[0,218,352,440,687,855,997]
[0,440,687,855,997]
[0,305,997]
[0,119,440,687,855,997]
[0,855,997]
[0,305,806,997]
[0,687,855,997]
[0,56,119,218,352,440,567,687,855,997]
[0,440,687,997]
[0,218,352,440,687,806,855,997]
[0,218,440,687,997]
[0,352,440,687,855,997]
[0,119,218,352,440,567,687,806,855,997]
[0,421,687,855,997]
[0,119,171,218,352,440,687,806,855,997]
[0,687,997]
[0,218,440,687,855,997]
[0,218,352,440,567,687,806,855,997]
[0,56,218,352,440,567,687,855,997]
[0,119,218,352,440,687,855,997]
[0,218,352,440,567,687,855,997]
[0,218,997]
[0,119,218,440,567,687,855,997]
[0,119,171,218,352,440,687,855,997]
[0,218,440,567,687,855,997]
[0,119,218,352,440,687,806,855,997]
[0,218,855,997]
[0,171,218,352,440,687,855,997]
[0,119,171,218,352,440,567,687,806,855,997]
