[0,136,409,727,1200,1465]
[0,727,1465]
[0,409,727,1465]
[0,409,575,727,909,1200,1465]
[0,222,409,727,909,1200,1465]
[0,1200,1465]
[0,588,1465]
[0,136,409,575,727,1200,1465]
[0,222,727,909,1200,1465]
[0,136,409,727,909,1200,1465]
[0,409,588,1200,1465]
[0,409,1200,1465]
[0,409,727,1200,1465]
[0,222,409,575,727,909,1084,1200,1465]
[0,409,588,1465]
[0,222,409,575,727,909,1200,1369,1465]
[0,409,727,909,1200,1465]
[0,136,474,727,1200,1465]
[0,409,1465]
[0,222,727,1200,1465]
[0,136,409,727,909,1200,1369,1465]
[0,541,1465]
[0,222,409,575,727,909,1084,1200,1369,1465]
[0,136,1200,1465]
[0,222,727,909,1084,1200,1465]
[0,136,409,588,1200,1465]
[0,409,575,727,1200,1465]
[0,136,541,1200,1465]
[0,222,409,727,909,1084,1200,1465]
[0,541,1200,1465]
[0,727,1200,1465]
[0,136,409,588,1200,1369,1465]
[0,136,409,575,727,909,1200,1369,1465]
[0,588,1200,1465]
[0,222,409,727,1200,1465]
[0,222,409,575,727,909,1200,1465]
[0,136,409,575,727,909,1200,1465]
[0,222,409,575,727,1200,1465]
[0,474,727,1200,1465]
