[0,49,476,675,841,953,1046]
[0,182,472,675,841,1046]
[0,473,675,841,1046]
[0,133,476,675,841,1046]
[0,385,675,841,1046]
[0,472,675,1046]
[0,49,182,472,675,841,1046]
[0,182,472,675,1046]
[0,473,675,1046]
[0,133,182,476,675,841,953,1046]
[0,472,1046]
[0,182,473,675,1046]
[0,49,675,1046]
[0,49,1046]
[0,49,385,675,841,1046]
[0,49,133,182,473,675,841,953,1046]
[0,472,675,841,1046]
[0,49,476,675,841,1046]
[0,133,473,675,841,1046]
[0,49,385,675,1046]
[0,49,133,182,476,675,841,953,1046]
[0,476,675,841,953,1046]
[0,675,841,1046]
[0,133,182,476,675,841,1046]
[0,49,473,675,841,1046]
[0,49,385,675,841,953,1046]
[0,473,675,841,953,1046]
[0,49,182,473,675,841,953,1046]
[0,182,675,841,1046]
[0,133,182,473,675,841,1046]
[0,472,675,841,953,1046]
[0,133,473,675,841,953,1046]
[0,182,472,675,841,953,1046]
[0,49,182,472,675,841,953,1046]
[0,49,472,675,841,1046]
[0,385,675,841,953,1046]
[0,133,182,473,675,841,953,1046]
[0,182,473,675,841,1046]
[0,49,133,182,473,675,841,1046]
[0,182,675,1046]
[0,49,133,182,476,675,841,1046]
[0,133,476,675,841,953,1046]
[0,476,675,841,1046]
[0,476,675,1046]
[0,133,472,1046]
[0,133,182,675,841,1046]
[0,182,473,675,841,953,1046]
[0,675,1046]
[0,385,675,1046]
[0,49,182,473,675,841,1046]
