[0,285,759,1506,2031,2271,2554]
[0,776,1178,1659,2222,2554]
[0,776,1324,2222,2554]
[0,79,285,776,967,2031,2222,2554]
[0,79,285,759,908,2031,2271,2554]
[0,79,285,776,967,1503,2031,2222,2554]
[0,1506,2554]
[0,281,2222,2554]
[0,219,759,908,2031,2271,2554]
[0,285,759,908,1506,2031,2271,2554]
[0,79,285,2222,2554]
[0,865,2031,2271,2554]
[0,285,776,1503,2222,2554]
[0,285,776,1178,2222,2554]
[0,785,1552,2271,2554]
[0,285,776,1324,1659,2222,2554]
[0,285,759,1506,2271,2554]
[0,79,285,2031,2271,2554]
[0,285,776,2222,2554]
[0,285,776,2031,2222,2554]
[0,2271,2554]
[0,285,776,1324,2222,2554]
[0,785,1178,1552,2554]
[0,1659,2554]
[0,285,759,908,1552,2031,2271,2554]
[0,285,759,2554]
[0,2031,2554]
[0,285,776,967,1324,1659,2031,2222,2554]
[0,785,2554]
[0,285,776,1659,2222,2554]
[0,219,785,2031,2271,2554]
[0,776,1178,2554]
[0,759,2031,2271,2554]
[0,285,1552,2271,2554]
[0,785,1178,1552,2271,2554]
[0,2222,2554]
[0,776,1324,1659,2222,2554]
[0,785,1178,2554]
[0,285,2554]
[0,285,759,1552,2031,2271,2554]
[0,776,1503,2554]
[0,79,285,776,967,1659,2031,2222,2554]
[0,285,776,1659,2031,2222,2554]
[0,79,285,776,967,2222,2554]
[0,285,759,908,2031,2271,2554]
[0,285,776,967,2222,2554]
[0,776,1178,2222,2554]
[0,285,776,1178,1659,2031,2222,2554]
[0,785,1552,2554]
[0,219,785,1552,2031,2271,2554]
[0,759,1506,2554]
[0,285,1506,2554]
[0,776,1659,2554]
[0,776,2031,2554]
[0,219,865,2031,2271,2554]
[0,285,776,1503,2031,2222,2554]
[0,1552,2554]
[0,219,2031,2271,2554]
[0,285,759,2031,2271,2554]
[0,281,2246,2554]
[0,776,1324,2554]
[0,2031,2271,2554]
[0,759,1552,2554]
[0,285,1552,2554]
[0,785,2271,2554]
[0,285,759,1552,2554]
[0,285,759,1506,2554]
[0,219,2271,2554]
[0,776,2222,2554]
[0,785,1552,2031,2271,2554]
[0,865,2554]
[0,285,776,1178,1659,2222,2554]
[0,219,785,1178,1552,2031,2271,2554]
[0,285,776,967,2031,2222,2554]
[0,759,2554]
[0,285,759,1552,2271,2554]
[0,285,2031,2271,2554]
[0,785,1178,1552,2031,2271,2554]
[0,759,2271,2554]
[0,285,2271,2554]
[0,285,1552,2031,2271,2554]
[0,79,285,759,2031,2271,2554]
[0,219,759,2031,2271,2554]
[0,285,776,967,1659,2031,2222,2554]
[0,79,285,776,2222,2554]
[0,776,1503,2222,2554]
[0,776,2554]
[0,776,1178,1659,2554]
[0,79,285,759,908,1506,2031,2271,2554]
[0,785,2031,2271,2554]
[0,285,759,2271,2554]
[0,865,2271,2554]
[0,219,2246,2554]
[0,79,285,759,908,1552,2031,2271,2554]
[0,285,776,967,1503,2031,2222,2554]
[0,776,1324,1659,2554]
[0,2246,2554]
[0,785,1178,2271,2554]
[0,285,776,1324,1659,2031,2222,2554]
[0,79,285,2271,2554]
[0,776,1659,2222,2554]
[0,285,2222,2554]
