[0,648,709,1189,1419]
[0,49,1419]
[0,1047,1189,1419]
[0,49,709,960,1047,1189,1419]
[0,51,1189,1419]
[0,49,648,709,1047,1189,1419]
[0,49,717,960,1047,1189,1419]
[0,1189,1419]
[0,717,1047,1189,1419]
[0,51,1419]
[0,49,648,717,960,1047,1189,1419]
[0,709,1189,1419]
[0,709,1419]
[0,51,709,1189,1419]
[0,49,709,1047,1189,1419]
[0,1217,1419]
[0,709,1217,1419]
[0,648,717,1047,1189,1419]
[0,717,960,1047,1189,1419]
[0,648,717,1189,1419]
[0,49,648,709,1189,1419]
[0,49,1189,1419]
[0,51,717,1419]
[0,49,960,1047,1189,1419]
[0,648,717,960,1047,1189,1419]
[0,49,960,1189,1419]
[0,49,648,709,960,1047,1189,1419]
[0,709,960,1047,1189,1419]
[0,51,1217,1419]
[0,648,709,1047,1189,1419]
[0,648,709,960,1047,1189,1419]
[0,51,1047,1419]
[0,51,709,1217,1419]
[0,717,1419]
[0,1047,1419]
[0,49,709,1189,1419]
[0,709,1047,1189,1419]
[0,960,1047,1189,1419]
[0,717,1189,1419]
[0,49,709,1217,1419]
[0,49,1217,1419]
[0,960,1189,1419]
