[0,200,687,1158,2019]
[0,350,687,1268,1513,2019]
[0,253,547,687,1268,2019]
[0,253,547,687,1796,2019]
[0,200,350,687,1158,2019]
[0,253,547,687,1268,1513,2019]
[0,200,350,502,687,1796,2019]
[0,200,350,687,1158,1909,2019]
[0,200,350,502,687,1268,1513,1909,2019]
[0,253,350,547,687,1268,1513,1909,2019]
[0,200,350,502,687,1268,1796,1909,2019]
[0,253,502,687,1268,1796,2019]
[0,253,547,687,1268,1796,1909,2019]
[0,350,502,687,2019]
[0,253,687,1796,2019]
[0,253,687,1268,1796,1909,2019]
[0,200,350,502,687,1268,1378,1909,2019]
[0,200,350,502,687,1268,1909,2019]
[0,200,350,502,687,1268,1513,2019]
[0,253,687,1268,1378,1909,2019]
[0,253,547,687,1268,1909,2019]
[0,200,253,547,687,1158,1909,2019]
[0,253,547,1796,1909,2019]
[0,200,350,502,687,1796,1909,2019]
[0,350,502,687,1268,1513,2019]
[0,253,502,687,2019]
[0,253,502,687,1796,2019]
[0,253,547,1909,2019]
[0,410,2019]
[0,1268,2019]
[0,253,687,1158,1307,2019]
[0,350,687,1268,2019]
[0,687,1268,1909,2019]
[0,687,2019]
[0,350,687,1796,2019]
[0,253,502,687,1158,1307,1909,2019]
[0,253,547,1268,1378,1909,2019]
[0,253,350,547,687,1909,2019]
[0,1158,2019]
[0,253,547,687,1909,2019]
[0,350,502,687,1268,2019]
[0,253,547,687,1268,1513,1909,2019]
[0,253,547,687,2019]
[0,350,2019]
[0,410,1268,2019]
[0,200,2019]
[0,253,687,1796,1909,2019]
[0,350,1268,2019]
[0,253,687,1268,1513,2019]
[0,253,547,687,1796,1909,2019]
[0,253,547,1268,1796,1909,2019]
[0,350,502,687,1796,2019]
[0,253,502,687,1268,1909,2019]
[0,253,547,687,1158,2019]
[0,1353,2019]
[0,253,687,1158,1909,2019]
[0,410,1353,2019]
[0,253,350,547,2019]
[0,253,687,1268,1378,1796,1909,2019]
[0,253,502,687,1796,1909,2019]
[0,253,687,1158,2019]
[0,253,547,1268,1796,2019]
[0,253,687,1268,2019]
[0,253,687,1268,1796,2019]
[0,253,547,687,1158,1909,2019]
[0,200,253,687,1158,1307,1909,2019]
[0,410,1268,1909,2019]
[0,253,502,687,1909,2019]
[0,547,2019]
[0,253,547,2019]
[0,253,502,687,1268,1378,1796,1909,2019]
[0,253,350,502,687,1909,2019]
[0,253,350,547,1268,1378,1909,2019]
[0,253,687,1158,1307,1909,2019]
[0,253,502,687,1158,2019]
[0,253,350,547,687,1268,1378,1796,1909,2019]
[0,253,502,687,1268,2019]
[0,200,350,502,687,1268,1378,1796,1909,2019]
[0,1268,1909,2019]
[0,200,253,502,687,1158,1307,1909,2019]
[0,253,350,547,1268,1909,2019]
[0,253,502,687,1268,1796,1909,2019]
[0,253,350,502,687,1268,1378,1909,2019]
[0,253,350,687,1158,1909,2019]
[0,253,502,687,1268,1378,1909,2019]
[0,253,350,502,687,1268,1909,2019]
[0,687,1909,2019]
[0,350,687,1268,1796,2019]
[0,253,350,687,1909,2019]
[0,200,350,502,687,1268,1796,2019]
[0,687,1158,2019]
[0,687,1268,2019]
[0,253,547,687,1268,1796,2019]
[0,200,350,687,2019]
[0,253,350,547,1909,2019]
[0,200,350,502,687,2019]
[0,253,547,687,1268,1378,1796,1909,2019]
[0,200,687,2019]
[0,253,350,502,687,1268,1378,1796,1909,2019]
[0,253,547,1158,2019]
[0,253,687,2019]
[0,253,547,1268,2019]
[0,547,1158,2019]
[0,253,2019]
[0,253,547,1796,2019]
[0,547,1268,2019]
[0,253,547,1268,1909,2019]
[0,253,547,1158,1909,2019]
[0,350,687,2019]
[0,200,253,687,1158,1909,2019]
[0,253,350,547,687,1268,1909,2019]
[0,350,502,687,1268,1796,2019]
[0,253,687,1909,2019]
[0,200,350,502,687,1909,2019]
[0,253,687,1268,1909,2019]
[0,253,350,547,1268,1378,1796,1909,2019]
[0,200,350,687,1909,2019]
[0,253,502,687,1158,1307,2019]
[0,253,350,547,687,2019]
[0,253,547,1268,1378,1796,1909,2019]
[0,200,350,502,687,1268,2019]
