[0,647,761,905,1160,1642]
[0,647,878,1159,1642]
[0,130,647,905,1160,1642]
[0,647,878,1160,1642]
[0,647,878,1381,1642]
[0,598,1642]
[0,598,878,1642]
[0,647,905,1381,1642]
[0,647,761,878,1160,1642]
[0,643,1642]
[0,130,647,761,905,1160,1642]
[0,130,647,761,905,1080,1160,1642]
[0,647,905,1642]
[0,647,1159,1642]
[0,495,973,1642]
[0,647,905,1080,1160,1642]
[0,598,878,1159,1642]
[0,647,1642]
[0,495,1642]
[0,647,761,905,1080,1160,1642]
[0,647,1160,1642]
[0,598,1159,1642]
[0,643,905,1642]
[0,647,878,1642]
[0,647,1381,1642]
[0,647,905,1160,1642]
