[0,522,1209,3044,3739,4285]
[0,522,1212,2648,3044,3739,4040,4285]
[0,522,1209,2167,2648,3044,3739,4285]
[0,522,1212,1923,3044,3739,4285]
[0,1209,2167,3044,4285]
[0,522,1212,3044,3739,4285]
[0,522,1209,2167,2648,3044,4285]
[0,522,1212,2648,3044,3739,4285]
[0,1212,2167,3044,3739,4285]
[0,522,1212,2167,2648,3044,3739,4040,4285]
[0,522,1212,3044,4285]
[0,70,680,1212,3044,3739,4040,4285]
[0,522,1209,3044,3408,4022,4285]
[0,522,1212,1923,2167,3044,3739,4040,4285]
[0,1212,1923,3044,4285]
[0,522,1209,3044,4022,4285]
[0,1209,3408,4285]
[0,1212,3044,4030,4285]
[0,522,1209,2648,3044,3739,4285]
[0,1209,3044,3739,4285]
[0,1212,3044,4285]
[0,680,1212,3044,3739,4040,4285]
[0,522,1209,3044,3408,4285]
[0,70,522,1212,1923,2167,3044,3739,4040,4285]
[0,522,1209,1923,2167,2648,3044,3739,4022,4285]
[0,522,1209,3044,4285]
[0,522,1209,3044,3739,4022,4285]
[0,680,1212,3044,4285]
[0,522,1212,2167,2648,3044,4285]
[0,522,1212,2167,2648,3044,3739,4285]
[0,1212,4285]
[0,522,1212,3044,4040,4285]
[0,522,1212,1923,3044,4285]
[0,522,1209,1923,3044,3739,4285]
[0,70,522,1209,1923,2167,3044,3739,4022,4285]
[0,522,1209,1923,2167,3044,3739,4022,4285]
[0,1209,1923,3044,4285]
[0,522,1209,2167,3044,3739,4285]
[0,70,522,1212,1923,2167,2648,3044,3739,4040,4285]
[0,1212,2167,3044,4285]
[0,522,1212,1923,3044,3739,4040,4285]
[0,1216,4285]
[0,522,1212,1923,2167,2648,3044,3739,4040,4285]
[0,1212,3044,3739,4285]
[0,680,1212,3044,4030,4285]
[0,1209,1923,3044,3739,4285]
[0,1209,4285]
[0,1209,3044,4285]
[0,522,1212,2167,3044,3739,4285]
[0,522,1212,2167,3044,4285]
[0,522,1209,1923,3044,4285]
[0,1209,3044,4022,4285]
[0,522,1209,2167,3044,4285]
[0,680,1212,3044,3739,4285]
[0,522,1212,2648,3044,4285]
[0,522,1209,2167,2648,3044,3739,4022,4285]
[0,522,1209,2648,3044,4285]
[0,1209,2167,3044,3739,4285]
[0,522,1209,1923,3044,3739,4022,4285]
[0,522,1209,2648,3044,3739,4022,4285]
[0,522,1212,3044,3739,4040,4285]
[0,1212,1923,3044,3739,4285]
[0,1212,3044,4040,4285]
[0,680,1212,3044,4040,4285]
[0,3044,4285]
[0,70,522,1209,1923,2167,2648,3044,3739,4022,4285]
[0,1216,3083,4285]
