[0,319,433,672,1603,1843,2120]
[0,433,707,1623,2120]
[0,433,1191,2120]
[0,433,707,1239,1623,2120]
[0,1623,2120]
[0,172,433,707,2120]
[0,2074,2120]
[0,172,433,707,1239,1623,1843,2120]
[0,353,2120]
[0,433,1239,2120]
[0,433,707,1843,2120]
[0,319,433,672,1843,2074,2120]
[0,433,707,2074,2120]
[0,172,433,707,1623,2120]
[0,1603,2120]
[0,672,2120]
[0,172,433,707,2074,2120]
[0,707,2120]
[0,353,707,2120]
[0,433,707,1239,1623,1843,2120]
[0,672,1603,2120]
[0,172,433,707,1843,2120]
[0,319,2120]
[0,1191,2120]
[0,319,672,2074,2120]
[0,319,672,1603,1843,2120]
[0,433,672,2074,2120]
[0,433,1191,2074,2120]
[0,1239,2120]
[0,319,433,672,1843,2120]
[0,319,433,672,2074,2120]
[0,319,433,672,1603,2120]
[0,319,672,1843,2120]
[0,433,1239,1623,2120]
[0,433,1239,2074,2120]
[0,319,672,1603,2120]
[0,319,433,672,2120]
[0,433,1623,2120]
[0,319,433,672,1603,1843,2074,2120]
[0,172,433,707,1623,1843,2120]
[0,433,1843,2120]
[0,172,433,707,1843,2074,2120]
[0,172,433,707,1239,1623,2120]
[0,172,433,707,1623,1843,2074,2120]
[0,172,433,707,1239,1623,1843,2074,2120]
[0,353,707,2074,2120]
[0,433,2074,2120]
[0,433,2120]
[0,433,672,2120]
[0,319,672,2120]
[0,433,707,2120]
[0,433,707,1623,1843,2120]
