[0,774,927,1284,1651]
[0,774,927,1155,1490,1651]
[0,78,241,1490,1651]
[0,241,927,1107,1651]
[0,78,241,1155,1390,1651]
[0,660,774,927,1155,1390,1651]
[0,660,774,1284,1390,1651]
[0,927,1651]
[0,78,241,927,1155,1490,1651]
[0,112,404,1651]
[0,78,241,404,774,927,1155,1490,1651]
[0,78,241,774,927,1155,1307,1651]
[0,241,660,774,927,1107,1651]
[0,78,241,660,774,1651]
[0,78,241,660,774,1284,1390,1651]
[0,78,241,1651]
[0,660,774,927,1284,1651]
[0,717,1307,1651]
[0,241,774,927,1107,1390,1651]
[0,78,241,660,774,927,1155,1490,1651]
[0,404,1155,1651]
[0,78,241,1155,1651]
[0,927,1284,1651]
[0,774,927,1155,1390,1651]
[0,1490,1651]
[0,1107,1651]
[0,78,241,927,1155,1307,1651]
[0,241,927,1155,1490,1651]
[0,660,1651]
[0,1155,1651]
[0,112,404,927,1155,1307,1651]
[0,78,241,774,927,1155,1390,1651]
[0,112,404,1106,1307,1651]
[0,241,927,1107,1390,1651]
[0,241,660,774,927,1651]
[0,660,774,1651]
[0,78,241,660,774,927,1155,1307,1651]
[0,241,774,927,1284,1651]
[0,241,660,774,927,1155,1490,1651]
[0,241,774,1390,1651]
[0,774,1390,1651]
[0,660,1390,1651]
[0,404,1284,1651]
[0,241,1155,1651]
[0,717,1651]
[0,927,1155,1307,1651]
[0,660,774,927,1155,1490,1651]
[0,660,774,927,1651]
[0,774,927,1155,1651]
[0,241,1155,1490,1651]
[0,241,660,774,1284,1390,1651]
[0,241,774,927,1155,1490,1651]
[0,241,1155,1307,1651]
[0,404,1651]
[0,404,1106,1307,1651]
[0,660,774,927,1155,1651]
[0,774,1651]
[0,1390,1651]
[0,774,927,1651]
[0,660,774,927,1155,1307,1651]
[0,1106,1651]
[0,241,660,774,927,1284,1390,1651]
[0,404,1155,1390,1651]
[0,927,1155,1390,1651]
[0,404,927,1155,1490,1651]
[0,1284,1651]
[0,241,1155,1390,1651]
[0,241,660,774,1390,1651]
[0,241,774,927,1155,1390,1651]
[0,404,927,1155,1651]
[0,241,660,774,927,1107,1390,1651]
[0,241,927,1155,1651]
[0,241,1284,1651]
[0,404,1106,1390,1651]
[0,774,927,1155,1307,1651]
[0,404,927,1155,1307,1651]
[0,78,241,660,774,927,1284,1390,1651]
[0,660,774,1390,1651]
[0,241,660,774,927,1107,1284,1390,1651]
[0,241,404,1155,1490,1651]
[0,241,927,1155,1307,1651]
[0,660,774,1155,1490,1651]
[0,404,774,1651]
[0,78,241,774,1651]
[0,241,1490,1651]
[0,404,1106,1651]
[0,404,774,927,1155,1490,1651]
[0,1155,1490,1651]
[0,404,1155,1490,1651]
[0,660,1155,1651]
[0,927,1155,1490,1651]
[0,1107,1390,1651]
[0,241,404,927,1155,1651]
[0,241,404,774,1390,1651]
[0,241,404,1155,1651]
[0,78,241,1155,1490,1651]
[0,241,927,1284,1651]
[0,241,1107,1651]
[0,78,241,927,1155,1390,1651]
[0,112,404,1155,1651]
[0,404,1155,1307,1651]
[0,241,660,774,927,1155,1307,1651]
[0,241,404,927,1155,1490,1651]
[0,78,241,660,774,927,1107,1284,1390,1651]
[0,112,404,1106,1390,1651]
[0,404,774,1390,1651]
[0,78,241,660,774,927,1155,1390,1651]
[0,1155,1390,1651]
[0,78,241,660,774,1390,1651]
[0,241,404,1155,1390,1651]
[0,241,660,774,1651]
[0,241,1107,1390,1651]
[0,78,241,1155,1307,1651]
[0,241,774,927,1155,1307,1651]
[0,241,774,927,1651]
[0,112,404,1155,1307,1651]
[0,241,774,927,1107,1651]
[0,927,1155,1651]
[0,241,774,1651]
[0,241,660,774,927,1284,1651]
[0,241,927,1155,1390,1651]
[0,660,774,927,1284,1390,1651]
[0,112,404,1106,1651]
[0,241,1651]
[0,78,241,774,927,1155,1490,1651]
[0,241,404,774,927,1155,1490,1651]
[0,660,1155,1490,1651]
[0,241,660,774,927,1155,1390,1651]
[0,241,774,927,1155,1651]
