[0,844,1191,1642]
[0,1156,1642]
[0,168,844,1156,1642]
[0,65,179,607,844,1215,1642]
[0,357,1215,1642]
[0,607,1191,1642]
[0,607,844,1191,1642]
[0,844,1215,1642]
[0,168,607,844,1156,1642]
[0,1191,1642]
[0,1107,1642]
[0,607,1215,1642]
[0,65,168,607,844,1085,1156,1312,1457,1642]
[0,357,844,1156,1642]
[0,65,1215,1642]
[0,65,179,1191,1642]
[0,65,844,1215,1642]
[0,65,357,844,1085,1457,1642]
[0,65,179,844,1215,1642]
[0,65,179,844,1191,1642]
[0,607,1642]
[0,65,168,844,1156,1642]
[0,607,844,1215,1642]
[0,168,607,844,1156,1312,1457,1642]
[0,168,844,1201,1642]
[0,1201,1642]
[0,357,844,1457,1642]
[0,65,179,1215,1642]
[0,357,844,1085,1642]
[0,357,844,1642]
[0,844,1201,1642]
[0,65,168,607,844,1085,1156,1457,1642]
[0,65,1642]
[0,65,168,607,844,1156,1312,1457,1642]
[0,179,844,1215,1642]
[0,179,844,1191,1642]
[0,179,607,844,1191,1642]
[0,357,844,1107,1642]
[0,168,1156,1642]
[0,65,357,844,1215,1642]
[0,65,357,1457,1642]
[0,179,1642]
[0,357,1156,1642]
[0,65,168,607,844,1156,1457,1642]
[0,65,168,607,844,1156,1642]
[0,179,1215,1642]
[0,179,607,844,1215,1642]
[0,65,357,844,1107,1642]
[0,65,168,1156,1642]
[0,65,179,607,844,1191,1642]
[0,168,607,844,1085,1156,1312,1457,1642]
[0,168,1642]
[0,607,1156,1642]
[0,357,1642]
[0,357,1457,1642]
[0,357,1107,1642]
[0,65,179,1642]
[0,65,168,1642]
[0,65,1156,1642]
[0,844,1156,1642]
[0,607,844,1156,1457,1642]
[0,65,844,1156,1642]
[0,844,1107,1642]
[0,179,607,844,1191,1312,1642]
[0,179,607,844,1191,1457,1642]
[0,1215,1642]
[0,168,1201,1642]
[0,607,844,1156,1642]
[0,65,357,1642]
[0,65,357,1291,1642]
[0,65,179,607,844,1191,1312,1642]
[0,168,607,844,1085,1156,1457,1642]
[0,607,844,1191,1457,1642]
[0,179,607,844,1191,1312,1457,1642]
[0,65,179,607,844,1191,1312,1457,1642]
[0,65,1107,1642]
[0,357,844,1085,1457,1642]
[0,65,844,1107,1642]
[0,357,844,1215,1642]
[0,65,357,844,1156,1642]
[0,357,1291,1642]
[0,65,357,844,1107,1457,1642]
[0,844,1642]
[0,65,357,844,1457,1642]
[0,357,844,1107,1457,1642]
[0,179,1191,1642]
[0,168,607,844,1156,1457,1642]
