[0,103,706,997]
[0,842,997]
[0,103,521,706,842,997]
[0,168,400,706,997]
[0,400,521,706,903,997]
[0,168,400,521,706,842,903,997]
[0,400,706,997]
[0,511,899,997]
[0,899,997]
[0,521,706,997]
[0,397,997]
[0,397,521,899,997]
[0,397,706,903,997]
[0,706,842,997]
[0,168,400,521,903,997]
[0,103,168,400,521,903,997]
[0,397,706,842,903,997]
[0,521,899,997]
[0,511,997]
[0,168,521,997]
[0,397,521,706,842,903,997]
[0,400,706,842,903,997]
[0,400,521,706,997]
[0,397,521,706,903,997]
[0,135,511,899,997]
[0,168,400,521,706,997]
[0,400,706,842,997]
[0,706,997]
[0,397,706,997]
[0,400,997]
[0,521,997]
[0,397,521,706,997]
[0,168,400,521,997]
[0,400,521,997]
[0,103,168,400,521,706,784,842,903,997]
[0,400,706,903,997]
[0,400,842,997]
[0,103,521,706,997]
[0,400,521,903,997]
[0,103,706,842,997]
[0,103,168,400,521,706,842,903,997]
[0,903,997]
[0,397,521,903,997]
[0,521,706,842,997]
[0,103,168,400,521,706,903,997]
[0,706,903,997]
[0,706,842,903,997]
[0,842,903,997]
[0,168,400,521,706,903,997]
[0,400,521,706,842,903,997]
[0,135,511,997]
[0,400,521,706,842,997]
[0,521,903,997]
[0,397,521,997]
