[0,233,599,1197]
[0,233,292,599,890,983,1197]
[0,233,599,890,1197]
[0,233,292,599,890,1197]
[0,233,292,599,795,890,983,1197]
[0,599,795,890,983,1197]
[0,233,292,599,1197]
[0,233,599,795,890,1064,1197]
[0,619,890,1064,1197]
[0,233,599,795,890,979,1197]
[0,233,599,890,1064,1197]
[0,599,890,1064,1197]
[0,233,1197]
[0,599,795,890,1064,1197]
[0,233,292,599,890,1064,1197]
[0,233,890,1197]
[0,233,292,599,795,890,1064,1197]
[0,233,599,890,979,1197]
[0,599,890,979,1197]
[0,233,292,599,890,979,1197]
[0,233,599,795,890,1197]
[0,233,292,599,795,890,979,1197]
[0,599,795,890,979,1197]
[0,233,599,795,890,983,1197]
[0,890,1197]
[0,599,890,1197]
[0,619,890,1197]
[0,619,1197]
[0,599,795,890,1197]
[0,233,599,890,983,1197]
[0,599,1197]
[0,599,890,983,1197]
