[0,443,1307,2554]
[0,443,1023,2195,2554]
[0,113,873,2554]
[0,443,1023,2554]
[0,443,601,866,1023,2195,2554]
[0,144,539,2012,2554]
[0,443,1861,2012,2554]
[0,144,539,1023,2195,2554]
[0,113,443,1861,2126,2392,2554]
[0,113,873,1861,2554]
[0,2012,2554]
[0,443,2554]
[0,443,1861,2126,2554]
[0,539,1023,2242,2554]
[0,443,937,2554]
[0,144,443,866,1023,1861,2048,2554]
[0,539,1023,1307,2242,2554]
[0,1257,2554]
[0,443,1023,1861,2048,2554]
[0,113,443,1861,2012,2554]
[0,539,2554]
[0,443,866,2554]
[0,113,443,1861,2126,2554]
[0,144,443,2195,2554]
[0,443,601,866,2195,2554]
[0,937,2554]
[0,144,539,2242,2554]
[0,539,1023,1266,2195,2554]
[0,539,2195,2554]
[0,1307,2554]
[0,2242,2554]
[0,144,539,866,1023,2242,2554]
[0,1023,2554]
[0,539,866,1023,2242,2554]
[0,443,2195,2554]
[0,873,2554]
[0,443,1023,1307,2195,2554]
[0,539,866,1023,1266,2195,2554]
[0,113,443,2126,2554]
[0,443,1343,2554]
[0,144,539,866,1023,1307,2242,2554]
[0,443,1023,2048,2554]
[0,144,539,1023,2242,2554]
[0,873,1343,2554]
[0,113,443,1343,1861,2126,2554]
[0,443,1343,1861,2126,2554]
[0,113,443,873,937,1861,2012,2554]
[0,443,2012,2554]
[0,113,443,873,937,1861,2126,2392,2554]
[0,443,601,1023,1861,2048,2554]
[0,401,2012,2554]
[0,443,601,866,1023,1307,2195,2554]
[0,144,443,1861,2048,2554]
[0,2195,2554]
[0,443,937,1861,2012,2554]
[0,144,443,601,866,1023,2195,2554]
[0,1257,2012,2554]
[0,539,1023,2554]
[0,443,937,1861,2126,2392,2554]
[0,144,443,601,866,1023,1307,2195,2554]
[0,443,601,2195,2554]
[0,1343,2554]
[0,443,937,2126,2554]
[0,144,443,601,2195,2554]
[0,443,1343,2126,2554]
[0,443,937,1861,2126,2554]
[0,539,2242,2554]
[0,113,443,937,1861,2012,2554]
[0,443,601,1307,2195,2554]
[0,443,601,866,1023,1861,2048,2554]
[0,443,601,1023,1307,2195,2554]
[0,873,1861,2554]
[0,1861,2012,2554]
[0,113,443,937,1861,2126,2554]
[0,144,443,2048,2554]
[0,443,2048,2554]
[0,2126,2554]
[0,113,873,1343,2554]
[0,443,1861,2126,2392,2554]
[0,113,443,1343,2554]
[0,113,443,2554]
[0,443,866,2195,2554]
[0,144,539,1023,1266,2195,2554]
[0,1023,2048,2554]
[0,443,601,1861,2048,2554]
[0,443,1861,2048,2554]
[0,144,539,866,1023,1266,2195,2554]
[0,443,866,1023,1861,2048,2554]
[0,2048,2554]
[0,539,2012,2554]
[0,144,443,1023,1861,2048,2554]
[0,539,1023,2195,2554]
[0,113,443,937,1861,2126,2392,2554]
[0,144,443,601,866,1023,1861,2048,2554]
[0,144,443,601,866,2195,2554]
[0,144,539,2195,2554]
[0,443,937,2012,2554]
[0,113,443,873,937,1861,2126,2554]
[0,539,866,1023,1307,2242,2554]
[0,443,2126,2554]
[0,443,1307,2195,2554]
[0,937,2012,2554]
