[0,258,431,1153,1419]
[0,116,291,431,560,698,840,1153,1375,1419]
[0,291,698,1087,1419]
[0,698,1087,1419]
[0,116,291,431,560,698,1087,1419]
[0,1145,1419]
[0,258,1149,1419]
[0,116,431,560,1419]
[0,116,291,431,560,698,840,1149,1375,1419]
[0,698,1419]
[0,258,431,1419]
[0,116,291,431,560,698,840,1087,1375,1419]
[0,116,291,431,560,698,840,1087,1419]
[0,116,291,431,560,698,840,1153,1419]
[0,258,431,831,1149,1375,1419]
[0,116,291,431,698,840,1153,1419]
[0,323,698,1153,1419]
[0,560,1153,1419]
[0,116,431,560,1153,1419]
[0,116,291,431,560,1153,1375,1419]
[0,116,429,560,1419]
[0,291,431,560,1149,1419]
[0,116,429,1419]
[0,1153,1419]
[0,831,1149,1419]
[0,258,831,1153,1419]
[0,291,431,698,840,1153,1419]
[0,291,431,698,840,1419]
[0,323,1419]
[0,840,1419]
[0,116,1419]
[0,116,431,1419]
[0,258,431,831,1153,1419]
[0,431,560,1375,1419]
[0,258,431,1149,1419]
[0,116,429,560,1149,1419]
[0,291,698,840,1087,1419]
[0,291,698,840,1153,1419]
[0,291,840,1419]
[0,116,291,431,560,1149,1375,1419]
[0,429,560,1419]
[0,698,1149,1419]
[0,116,291,431,560,1153,1419]
[0,291,431,1153,1419]
[0,116,291,431,698,840,1149,1419]
[0,291,431,560,698,840,1149,1419]
[0,429,1145,1419]
[0,116,291,431,560,698,840,1149,1419]
[0,291,431,560,698,840,1087,1419]
[0,291,431,560,698,840,1153,1419]
[0,323,698,1419]
[0,258,1419]
[0,258,1153,1419]
[0,291,1419]
[0,291,698,1153,1419]
[0,291,431,1375,1419]
[0,429,560,1149,1419]
[0,560,1149,1419]
[0,698,1153,1419]
[0,291,431,560,698,1087,1419]
[0,291,698,840,1419]
[0,291,698,1419]
[0,698,840,1419]
[0,1149,1419]
[0,258,831,1149,1419]
[0,291,431,698,1087,1419]
[0,431,560,1419]
[0,291,431,698,840,1149,1419]
[0,116,291,431,698,1087,1419]
[0,291,431,560,1419]
[0,116,431,560,1153,1375,1419]
[0,116,429,560,1149,1375,1419]
[0,429,1419]
[0,291,1149,1419]
[0,258,431,831,1149,1419]
[0,291,431,560,1153,1419]
[0,291,1153,1419]
[0,431,560,1153,1419]
[0,291,698,840,1149,1419]
[0,431,1419]
[0,291,431,698,840,1087,1419]
[0,1375,1419]
[0,116,291,431,560,1149,1419]
[0,291,431,698,1419]
[0,291,431,1149,1419]
[0,291,431,1419]
[0,831,1153,1419]
[0,116,291,431,698,840,1419]
[0,831,1419]
[0,560,1419]
[0,291,698,1149,1419]
