[0,285,757,858,1121,1419]
[0,317,858,1121,1305,1419]
[0,317,757,858,1146,1365,1419]
[0,317,757,858,1121,1305,1419]
[0,858,1121,1419]
[0,317,757,858,1146,1419]
[0,317,763,904,1146,1419]
[0,317,757,858,1121,1419]
[0,858,1121,1305,1419]
[0,285,858,1121,1305,1419]
[0,757,858,1419]
[0,317,757,858,1121,1187,1305,1419]
[0,317,858,1121,1419]
[0,317,858,1187,1419]
[0,317,763,904,1146,1365,1419]
[0,317,858,1419]
[0,317,757,858,1187,1419]
[0,757,858,1121,1305,1419]
[0,763,904,1419]
[0,317,757,858,1419]
[0,757,1419]
[0,858,1419]
[0,770,1419]
[0,285,757,858,1419]
[0,285,757,858,1121,1187,1419]
[0,757,858,1121,1419]
[0,317,763,904,1419]
[0,317,763,1419]
[0,317,763,1146,1419]
[0,317,757,858,1305,1419]
[0,858,1305,1419]
[0,317,763,904,1365,1419]
[0,317,757,858,1121,1187,1419]
[0,763,1419]
[0,317,757,858,949,1305,1419]
[0,285,757,858,1121,1187,1305,1419]
[0,285,858,1419]
[0,317,858,1305,1419]
[0,317,858,1146,1419]
[0,858,1121,1187,1419]
[0,285,757,858,1121,1305,1419]
[0,285,858,1121,1419]
[0,757,858,1121,1187,1419]
[0,757,858,1305,1419]
