[0,1172,3353]
[0,550,957,1820,2374,2826,3353]
[0,957,2374,2826,3353]
[0,549,1172,3030,3353]
[0,549,3353]
[0,973,2374,2788,3353]
[0,957,2374,2826,3159,3353]
[0,550,1172,2374,2826,3353]
[0,549,3030,3353]
[0,550,957,1534,1820,2374,2826,3353]
[0,550,3159,3353]
[0,550,1172,1820,2374,2826,3159,3353]
[0,957,1820,2374,2826,3159,3353]
[0,957,1820,2374,3030,3353]
[0,1080,2374,2788,3353]
[0,550,1172,2826,3353]
[0,957,2826,3353]
[0,957,1820,3353]
[0,957,1820,2826,3353]
[0,550,973,2374,2788,3159,3353]
[0,550,957,1820,2374,3030,3353]
[0,550,1080,2374,2788,3353]
[0,1820,3353]
[0,550,957,2374,3030,3353]
[0,550,1172,2374,2788,3159,3353]
[0,550,1080,2788,3353]
[0,550,1080,2374,2788,3159,3353]
[0,550,1172,1820,3353]
[0,957,1534,1820,2374,2826,3353]
[0,550,3353]
[0,550,957,1534,1820,2374,2826,3030,3353]
[0,1172,2788,3353]
[0,973,2374,2788,3159,3353]
[0,550,957,3353]
[0,2788,3353]
[0,957,3030,3353]
[0,957,3353]
[0,550,1172,2788,3353]
[0,554,2748,3353]
[0,1080,3353]
[0,550,1172,1534,1820,2374,2826,3159,3353]
[0,550,1172,3353]
[0,1080,2374,2788,3159,3353]
[0,957,1534,1820,2374,3030,3353]
[0,550,973,2374,2788,3353]
[0,957,1820,2374,2826,3353]
[0,550,957,2374,2826,3353]
[0,973,2374,3030,3353]
[0,550,957,1534,1820,2374,2826,3159,3353]
[0,550,957,1820,2374,3353]
[0,550,1172,3159,3353]
[0,550,957,2374,3353]
[0,549,1172,3353]
[0,957,2374,3030,3353]
[0,957,1534,1820,2374,2826,3030,3353]
[0,550,973,3353]
[0,550,957,1534,1820,2374,3030,3353]
[0,549,1172,3159,3353]
[0,549,3159,3353]
[0,973,3353]
[0,957,1820,2374,3353]
[0,550,2826,3353]
[0,1172,1820,3353]
[0,550,1172,2374,2788,3353]
[0,550,1820,3353]
[0,973,2788,3353]
[0,550,1172,1820,2826,3353]
[0,550,1172,1534,1820,2374,2826,3353]
[0,1080,2788,3353]
[0,973,3030,3353]
[0,973,2374,3353]
[0,550,973,2788,3353]
[0,550,2788,3353]
[0,2374,3353]
[0,957,1534,1820,2374,2826,3159,3353]
[0,550,1172,2374,2826,3159,3353]
[0,550,1172,2826,3159,3353]
[0,554,3353]
[0,550,1820,3159,3353]
[0,957,2374,3353]
[0,550,973,2374,3353]
[0,550,973,2374,3030,3353]
[0,2748,3353]
[0,550,957,1820,3353]
[0,550,1172,1820,2374,2826,3353]
