[0,179,704,771,944,1040,1180]
[0,52,179,704,1180]
[0,179,704,771,925,1058,1180]
[0,52,179,771,925,1180]
[0,179,771,925,1058,1180]
[0,52,179,704,771,944,1040,1180]
[0,704,817,1180]
[0,179,704,817,1180]
[0,52,216,704,868,1180]
[0,179,771,1016,1180]
[0,52,216,771,1016,1180]
[0,52,179,704,1016,1180]
[0,179,704,817,1016,1180]
[0,52,179,704,771,944,1040,1135,1180]
[0,52,216,704,1180]
[0,179,771,1180]
[0,868,1180]
[0,771,1180]
[0,179,817,1180]
[0,52,179,704,771,925,1058,1180]
[0,216,704,868,1180]
[0,52,179,704,771,1016,1180]
[0,179,771,944,1040,1180]
[0,52,179,771,944,1180]
[0,52,179,704,817,868,1016,1180]
[0,216,771,1180]
[0,817,1180]
[0,179,771,925,1180]
[0,52,179,704,817,1016,1180]
[0,52,179,771,1180]
[0,52,179,771,944,1040,1135,1180]
[0,52,179,704,868,1180]
[0,216,771,1016,1180]
[0,52,179,771,944,1040,1180]
[0,704,1016,1180]
[0,52,179,704,817,1180]
[0,52,179,771,925,1058,1180]
[0,52,179,771,1016,1180]
[0,52,179,817,1180]
[0,179,704,1180]
[0,52,216,771,1180]
[0,704,1180]
[0,179,704,771,1016,1180]
[0,179,704,1016,1180]
[0,216,704,1180]
[0,179,771,944,1180]
[0,179,704,868,1180]
