[0,113,202,582,885,993,1249]
[0,336,1093,1249]
[0,336,758,1093,1249]
[0,113,202,582,758,993,1199,1249]
[0,202,582,993,1249]
[0,113,582,624,993,1199,1249]
[0,113,202,582,758,993,1093,1199,1249]
[0,582,993,1249]
[0,202,993,1249]
[0,113,202,582,758,993,1093,1249]
[0,113,336,582,993,1249]
[0,336,758,1249]
[0,113,993,1249]
[0,336,1002,1249]
[0,113,336,993,1249]
[0,582,758,993,1249]
[0,113,582,885,993,1093,1249]
[0,134,336,1093,1249]
[0,113,582,758,993,1093,1249]
[0,1093,1249]
[0,336,1249]
[0,113,582,993,1249]
[0,113,582,624,993,1249]
[0,113,582,758,993,1249]
[0,113,202,582,993,1199,1249]
[0,336,582,993,1249]
[0,202,582,993,1199,1249]
[0,336,993,1249]
[0,113,582,993,1199,1249]
[0,113,202,582,624,993,1249]
[0,134,336,758,1093,1249]
[0,113,202,582,624,993,1199,1249]
[0,113,582,885,993,1249]
[0,758,1249]
[0,113,202,336,582,885,993,1093,1249]
[0,113,202,582,885,993,1093,1199,1249]
[0,113,336,582,885,993,1249]
[0,113,202,582,885,993,1199,1249]
[0,113,336,582,885,993,1093,1249]
[0,113,202,582,993,1249]
[0,113,202,582,758,993,1249]
[0,582,1249]
[0,113,202,336,582,885,993,1249]
[0,113,202,582,885,993,1093,1249]
[0,202,993,1199,1249]
[0,1002,1249]
[0,134,336,993,1249]
[0,113,202,336,582,885,993,1093,1199,1249]
[0,993,1249]
