[0,688,1079,1850,2155,2587,2837,3353]
[0,657,3353]
[0,688,1079,1850,3353]
[0,643,1090,1843,2290,2589,3353]
[0,657,1079,1850,2587,2837,3353]
[0,688,1079,1233,1850,2155,2587,2837,3353]
[0,657,1878,2872,3353]
[0,1079,3353]
[0,1079,2290,3353]
[0,1079,1894,3353]
[0,1843,3353]
[0,657,1878,3353]
[0,1878,3353]
[0,688,1079,1850,2155,3353]
[0,688,1079,1850,2837,3353]
[0,1090,3353]
[0,1090,1843,3353]
[0,657,1092,1850,2290,3353]
[0,643,3353]
[0,643,1090,1843,2110,2290,2589,3353]
[0,688,1850,2837,3353]
[0,657,1850,2837,3353]
[0,657,1850,2587,2837,3353]
[0,643,1843,3353]
[0,643,1090,1843,2290,2589,2817,3353]
[0,643,1090,1207,1843,2290,2589,3353]
[0,688,1079,1850,2155,2587,3353]
[0,657,1092,1850,2587,2837,3353]
[0,657,1079,1210,1850,2155,2587,2837,3353]
[0,657,1092,1850,2155,2587,2837,3353]
[0,657,1092,1850,2587,3353]
[0,657,1079,1850,2155,2587,2837,3353]
[0,657,1092,1894,2837,3353]
[0,657,1079,1850,2155,2587,3353]
[0,657,1092,1850,2155,3353]
[0,688,1079,1850,2589,2837,3353]
[0,657,1894,2837,3353]
[0,643,1090,1207,1843,2110,2290,2589,3353]
[0,643,1090,1843,3353]
[0,688,1850,3353]
[0,688,1850,2587,2837,3353]
[0,643,1090,1843,2110,2290,2589,2817,3353]
[0,657,1079,1850,2587,3353]
[0,657,1850,3353]
[0,657,1079,1850,3353]
[0,657,1850,2587,3353]
[0,643,1090,1207,1843,2290,2589,2817,3353]
[0,657,1092,1850,3353]
[0,657,1092,1850,2837,3353]
[0,657,1092,1894,3353]
[0,657,1079,1850,2155,3353]
[0,657,1894,3353]
[0,688,1850,2589,2837,3353]
[0,688,1079,1850,2587,3353]
[0,657,1850,2290,3353]
[0,688,3353]
[0,643,1090,1207,1843,2290,3353]
[0,1850,2587,3353]
[0,657,1092,1850,2155,2587,3353]
[0,1894,3353]
[0,688,1850,2587,3353]
[0,657,1092,1878,2872,3353]
[0,688,1079,1850,2587,2837,3353]
[0,643,1090,1207,1843,2110,2290,2589,2817,3353]
[0,688,1079,1233,1850,2589,2837,3353]
[0,643,1843,2290,3353]
[0,657,1079,1210,1850,2587,2837,3353]
[0,1850,3353]
[0,657,1079,1850,2837,3353]
[0,643,1090,1843,2290,3353]
[0,643,1090,1207,1843,3353]
[0,657,1092,1878,3353]
