[0,455,988,2020]
[0,320,1783,2020]
[0,320,711,1041,1426,2020]
[0,704,988,2020]
[0,70,320,700,875,993,1506,1783,2020]
[0,711,1041,1426,2020]
[0,320,711,1041,1506,1783,2020]
[0,711,1541,2020]
[0,320,988,2020]
[0,1506,2020]
[0,320,875,1506,1783,2020]
[0,121,320,711,875,1041,1426,1783,2020]
[0,320,711,875,1783,2020]
[0,455,988,1300,2020]
[0,317,704,988,2020]
[0,993,2020]
[0,875,1426,2020]
[0,121,320,711,875,1783,2020]
[0,455,700,988,1150,1300,1783,2020]
[0,320,711,875,1506,1783,2020]
[0,704,988,1783,2020]
[0,320,700,988,2020]
[0,455,1300,2020]
[0,320,993,1506,2020]
[0,320,700,993,1506,2020]
[0,320,700,988,1150,1421,1783,2020]
[0,320,700,988,1421,1783,2020]
[0,455,700,988,2020]
[0,455,700,988,1300,2020]
[0,320,700,993,1783,2020]
[0,320,875,1426,2020]
[0,317,988,2020]
[0,455,700,875,988,1150,1300,1783,2020]
[0,711,2020]
[0,320,700,988,1421,2020]
[0,320,875,2020]
[0,320,875,1426,1783,2020]
[0,320,700,875,993,1506,1783,2020]
[0,988,2020]
[0,1426,2020]
[0,320,700,993,1151,1506,1783,2020]
[0,700,988,1783,2020]
[0,320,711,1041,1426,1783,2020]
[0,320,711,875,1041,1506,1783,2020]
[0,320,700,993,1506,1783,2020]
[0,121,455,711,875,1300,1783,2020]
[0,320,700,875,1783,2020]
[0,455,711,875,1151,1300,1783,2020]
[0,121,320,711,875,1041,1506,1783,2020]
[0,320,700,875,993,1783,2020]
[0,455,2020]
[0,711,1041,1506,2020]
[0,320,875,1506,2020]
[0,320,1506,2020]
[0,711,1506,2020]
[0,895,2020]
[0,320,700,988,1783,2020]
[0,70,320,700,875,993,1783,2020]
[0,317,704,988,1783,2020]
[0,320,700,875,1426,1783,2020]
[0,320,875,1783,2020]
[0,455,700,988,1783,2020]
[0,875,1506,2020]
[0,711,1041,1541,2020]
[0,70,320,704,988,1783,2020]
[0,320,700,875,988,1421,1783,2020]
[0,700,1783,2020]
[0,700,993,2020]
[0,711,1041,2020]
[0,700,875,1783,2020]
[0,70,320,700,875,988,1421,1783,2020]
[0,70,320,700,875,988,1783,2020]
[0,320,704,988,2020]
[0,320,1041,2020]
[0,121,320,711,875,1041,1151,1506,1783,2020]
[0,711,1783,2020]
[0,70,455,700,875,988,1150,1300,1783,2020]
[0,320,711,1041,2020]
[0,317,711,1041,2020]
[0,320,1426,1783,2020]
[0,320,711,875,1041,1426,1783,2020]
[0,70,455,700,988,1150,1300,1783,2020]
[0,711,1426,2020]
[0,1541,2020]
[0,320,711,875,1041,1783,2020]
[0,121,455,711,875,1151,1300,1783,2020]
[0,320,1426,2020]
[0,70,320,700,875,993,1151,1506,1783,2020]
[0,700,2020]
[0,711,875,1783,2020]
[0,700,988,2020]
[0,993,1506,2020]
[0,320,1041,1783,2020]
[0,320,700,875,988,1783,2020]
[0,455,988,1150,1300,1783,2020]
[0,1783,2020]
[0,320,700,993,2020]
[0,317,1041,2020]
[0,455,875,1300,2020]
[0,988,1421,2020]
[0,1041,2020]
[0,711,875,2020]
[0,121,455,711,875,1041,1151,1300,1783,2020]
[0,455,711,875,1300,1783,2020]
[0,320,988,1421,2020]
[0,70,320,700,875,1041,1426,1783,2020]
[0,70,320,700,875,988,1150,1421,1783,2020]
[0,317,1531,2020]
[0,320,704,988,1783,2020]
[0,455,700,988,1300,1783,2020]
[0,317,711,1041,1541,2020]
[0,700,875,2020]
[0,455,988,1783,2020]
[0,895,1531,2020]
[0,70,320,700,993,1783,2020]
[0,320,711,1041,1506,2020]
[0,320,700,875,988,1150,1421,1783,2020]
[0,1531,2020]
[0,121,320,711,875,1041,1151,1426,1783,2020]
[0,875,2020]
[0,70,320,700,988,1783,2020]
[0,320,993,2020]
[0,455,988,1300,1783,2020]
[0,1300,2020]
[0,455,711,875,1041,1151,1300,1783,2020]
[0,121,320,711,875,1506,1783,2020]
[0,70,320,700,875,1041,1783,2020]
[0,121,320,711,875,1041,1783,2020]
[0,1421,2020]
[0,320,700,875,993,1151,1506,1783,2020]
[0,700,993,1783,2020]
[0,455,875,1300,1783,2020]
[0,320,700,875,1041,1783,2020]
[0,317,895,1531,2020]
[0,320,711,1041,1783,2020]
[0,320,2020]
[0,711,1041,1783,2020]
[0,320,700,875,1041,1426,1783,2020]
