[0,387,1419]
[0,45,387,624,680,934,1173,1419]
[0,45,387,624,680,1173,1419]
[0,269,1419]
[0,387,1173,1419]
[0,624,680,1173,1419]
[0,624,934,1173,1419]
[0,387,680,1419]
[0,45,680,1173,1419]
[0,54,1173,1419]
[0,387,624,680,934,1173,1419]
[0,1045,1419]
[0,54,1045,1419]
[0,269,1173,1419]
[0,387,680,1173,1419]
[0,45,624,680,1173,1419]
[0,387,624,934,1173,1419]
[0,624,1419]
[0,45,387,1173,1419]
[0,387,624,680,1173,1419]
[0,45,1173,1419]
[0,934,1173,1419]
[0,45,680,1419]
[0,1173,1419]
[0,680,1173,1419]
[0,45,269,1173,1419]
[0,680,1419]
[0,624,1173,1419]
