[0,216,281,1178,1741,1951,2020]
[0,272,1741,1951,2020]
[0,216,1741,1951,2020]
[0,272,1741,2020]
[0,1178,2020]
[0,281,1741,1951,2020]
[0,199,272,1178,1741,1951,2020]
[0,216,281,1741,1951,2020]
[0,259,1741,1951,2020]
[0,281,1741,2020]
[0,259,1741,2020]
[0,281,1951,2020]
[0,259,2020]
[0,216,2020]
[0,281,2020]
[0,281,1178,1741,1951,2020]
[0,259,1951,2020]
[0,272,1178,1741,2020]
[0,1178,1741,2020]
[0,281,1178,1741,2020]
[0,272,1951,2020]
[0,199,272,1741,1951,2020]
[0,199,272,1741,2020]
[0,199,272,1178,1741,2020]
[0,216,1741,2020]
[0,216,1951,2020]
[0,1741,2020]
[0,272,2020]
[0,281,1178,2020]
