[0,629,1359,2150,2526,2824]
[0,471,1184,2150,2506,2824]
[0,471,1140,1370,2188,2506,2824]
[0,1184,2150,2506,2824]
[0,1359,2442,2824]
[0,471,1370,2150,2824]
[0,1370,2188,2506,2641,2824]
[0,1370,2188,2824]
[0,471,1184,1359,2188,2506,2824]
[0,471,1140,1370,2150,2526,2824]
[0,471,1370,2188,2506,2641,2824]
[0,471,1359,1534,2188,2506,2824]
[0,1359,2824]
[0,1370,2824]
[0,1184,2188,2506,2824]
[0,471,1184,1359,1534,2188,2506,2824]
[0,471,1184,1370,2188,2506,2824]
[0,471,1184,1359,2150,2506,2824]
[0,1184,2150,2506,2641,2824]
[0,471,1370,2188,2547,2824]
[0,1370,2150,2824]
[0,471,1359,2188,2824]
[0,471,1140,1370,2188,2506,2641,2824]
[0,471,1140,1370,2188,2547,2824]
[0,1184,2188,2506,2641,2824]
[0,471,1359,1534,2150,2506,2824]
[0,1370,2188,2506,2824]
[0,471,1184,2150,2506,2641,2824]
[0,471,1184,1359,1534,2150,2506,2824]
[0,1359,2188,2824]
[0,471,1184,2188,2824]
[0,629,1359,2150,2824]
[0,471,1359,2150,2824]
[0,1184,2188,2824]
[0,471,1184,1370,2188,2506,2641,2824]
[0,471,1184,1359,1534,2188,2506,2641,2824]
[0,471,1359,2188,2506,2824]
[0,471,1184,2188,2506,2641,2824]
[0,471,1184,2188,2506,2824]
[0,471,1184,1359,1534,2150,2506,2641,2824]
[0,471,1184,1359,2150,2506,2641,2824]
[0,1359,2150,2824]
[0,471,1370,2150,2526,2824]
[0,1184,2150,2824]
[0,471,1370,2188,2824]
[0,471,1359,2150,2506,2824]
[0,1184,2824]
[0,471,1184,2150,2824]
[0,471,1184,1359,2188,2506,2641,2824]
[0,629,1359,2442,2824]
[0,471,1370,2188,2506,2824]
[0,629,1359,2824]
