[0,76,178,275,345,613,1370,1632]
[0,76,178,345,613,1370,1632]
[0,178,613,1337,1632]
[0,613,1632]
[0,178,613,1370,1632]
[0,76,1632]
[0,613,1370,1632]
[0,275,1632]
[0,1337,1632]
[0,1370,1632]
[0,613,1337,1632]
[0,76,613,1370,1632]
[0,178,336,613,1370,1632]
[0,76,1337,1632]
[0,178,1632]
[0,178,1337,1632]
[0,275,1337,1632]
[0,178,345,613,1370,1632]
[0,178,1370,1632]
[0,76,1370,1632]
[0,76,178,336,613,1370,1632]
[0,178,336,613,1337,1632]
[0,76,178,336,613,1337,1632]
[0,76,178,613,1337,1632]
[0,76,178,613,1370,1632]
[0,76,178,275,336,613,1337,1632]
[0,76,613,1337,1632]
