[0,306,664,1264]
[0,296,664,1264]
[0,599,1264]
[0,296,664,999,1117,1264]
[0,95,296,664,1264]
[0,95,296,472,664,999,1117,1264]
[0,169,374,1264]
[0,95,296,664,1020,1264]
[0,289,374,472,664,1264]
[0,169,306,664,1020,1264]
[0,169,374,664,1264]
[0,374,1264]
[0,306,1264]
[0,286,1264]
[0,306,664,1020,1264]
[0,296,664,999,1264]
[0,59,306,664,1264]
[0,95,296,664,999,1117,1264]
[0,59,289,374,494,664,1264]
[0,289,664,1264]
[0,664,1264]
[0,286,599,1264]
[0,289,494,664,1264]
[0,289,374,664,1264]
[0,59,289,374,664,1264]
[0,289,472,664,1264]
[0,296,472,664,999,1117,1264]
[0,169,374,472,664,1264]
[0,169,306,664,1264]
[0,296,472,664,999,1264]
[0,95,296,664,999,1264]
[0,289,374,494,664,1264]
[0,296,1264]
[0,296,664,1020,1264]
[0,59,289,664,1264]
[0,374,664,1264]
[0,59,289,374,472,664,1264]
[0,289,1264]
[0,296,472,664,1264]
