[0,569,1046,1575,2041,2759]
[0,569,1113,1575,2041,2359,2759]
[0,1046,2041,2359,2759]
[0,1113,2041,2759]
[0,329,1113,1575,2041,2369,2759]
[0,1575,2759]
[0,569,1046,2041,2359,2759]
[0,569,1113,1575,2041,2759]
[0,1113,1575,2041,2759]
[0,329,824,1113,1575,2041,2369,2759]
[0,329,1113,1575,2041,2759]
[0,1113,2041,2359,2759]
[0,1046,2041,2759]
[0,569,1113,2041,2759]
[0,569,1046,1575,2041,2359,2759]
[0,329,1113,2041,2759]
[0,569,1046,2041,2759]
[0,423,1113,1575,2041,2359,2759]
[0,569,1575,2759]
[0,569,2041,2759]
[0,651,1575,2041,2759]
[0,1046,2759]
[0,1113,2041,2369,2759]
[0,423,1113,1575,2041,2759]
[0,423,1113,2041,2759]
[0,569,1113,1575,2041,2369,2759]
[0,2041,2759]
[0,329,1113,2041,2369,2759]
[0,569,1113,2041,2369,2759]
[0,423,1113,2041,2359,2759]
[0,569,1113,2041,2359,2759]
[0,824,2759]
[0,651,1575,2759]
[0,569,1575,2041,2759]
[0,1113,2759]
[0,824,2041,2759]
