[0,41,691,1025,1180]
[0,41,267,691,930,1180]
[0,267,479,573,691,930,1104,1180]
[0,277,496,691,1025,1180]
[0,336,1180]
[0,277,479,573,691,1104,1180]
[0,267,573,1025,1180]
[0,277,496,691,930,1180]
[0,267,479,691,1025,1180]
[0,41,573,691,1104,1180]
[0,267,479,691,930,1180]
[0,41,691,1104,1180]
[0,573,691,1104,1180]
[0,267,573,1180]
[0,267,479,573,691,845,930,1104,1180]
[0,267,479,573,691,930,1180]
[0,573,1180]
[0,41,277,479,573,691,930,1104,1180]
[0,277,691,930,1180]
[0,479,573,691,930,1180]
[0,267,479,573,691,845,930,1180]
[0,41,277,691,1025,1180]
[0,479,573,691,930,1104,1180]
[0,479,1025,1180]
[0,277,573,691,1180]
[0,267,573,691,930,1180]
[0,267,691,1180]
[0,479,573,691,865,930,1104,1180]
[0,41,267,691,1025,1180]
[0,691,1025,1180]
[0,41,267,479,573,691,1104,1180]
[0,41,267,479,573,691,930,1180]
[0,41,277,691,930,1180]
[0,41,277,479,573,691,930,1180]
[0,41,277,496,691,930,1180]
[0,479,1180]
[0,41,277,479,573,691,865,930,1104,1180]
[0,691,930,1180]
[0,41,691,930,1180]
[0,41,479,573,691,1104,1180]
[0,277,479,573,691,930,1104,1180]
[0,277,479,573,691,865,930,1104,1180]
[0,41,267,479,691,1025,1180]
[0,41,267,479,691,930,1180]
[0,41,479,573,691,930,1180]
[0,277,479,573,691,930,1180]
[0,277,691,1025,1180]
[0,41,573,691,930,1180]
[0,479,573,691,1104,1180]
[0,267,691,1025,1180]
[0,573,691,930,1180]
[0,267,479,573,691,1104,1180]
[0,267,479,573,691,1180]
[0,277,573,691,930,1180]
[0,41,267,479,573,691,845,930,1104,1180]
[0,277,691,1180]
[0,267,691,930,1180]
[0,479,573,691,1180]
[0,573,691,1180]
[0,41,267,479,573,691,930,1104,1180]
[0,336,930,1180]
[0,691,1180]
[0,277,496,691,1180]
[0,277,479,573,691,1180]
[0,267,573,691,1180]
[0,41,277,496,691,1025,1180]
[0,691,1104,1180]
[0,267,479,691,1180]
[0,573,1025,1180]
[0,41,277,479,573,691,1104,1180]
