[0,244,714,933,1277,1486,1746,2019]
[0,244,933,1277,1486,1743,2019]
[0,244,1277,1486,1743,2019]
[0,1060,2019]
[0,244,1486,1743,2019]
[0,244,435,714,933,1056,1277,1486,1746,2019]
[0,244,933,1277,1746,2019]
[0,244,435,1056,1486,2019]
[0,1056,2019]
[0,435,1060,2019]
[0,244,933,1277,2019]
[0,244,435,1056,2019]
[0,98,435,714,933,1056,1277,1486,1746,2019]
[0,244,714,1277,2019]
[0,714,1056,1486,1743,2019]
[0,435,714,2019]
[0,244,435,714,933,1277,1486,2019]
[0,435,714,933,1056,1277,1486,1743,2019]
[0,435,933,1056,1486,1597,2019]
[0,933,1277,1743,2019]
[0,1056,1486,1743,2019]
[0,244,435,714,1056,2019]
[0,244,714,933,1277,1743,2019]
[0,435,714,1056,1486,2019]
[0,244,1277,2019]
[0,435,933,1056,2019]
[0,244,714,933,1277,1486,1743,2019]
[0,244,435,714,933,1056,1277,1486,2019]
[0,435,1277,2019]
[0,435,714,1056,1486,1743,2019]
[0,244,435,933,1056,2019]
[0,1033,2019]
[0,435,714,1277,1486,2019]
[0,1277,2019]
[0,435,714,933,2019]
[0,244,435,714,1056,1486,1743,2019]
[0,435,1056,1486,1743,2019]
[0,435,714,933,1060,1486,2019]
[0,244,435,714,933,1056,1486,1743,2019]
[0,1070,2019]
[0,435,714,933,1060,2019]
[0,244,714,1056,2019]
[0,244,933,1277,1486,1746,2019]
[0,435,714,1277,1743,2019]
[0,1486,1743,2019]
[0,1056,1486,2019]
[0,933,2019]
[0,244,2019]
[0,244,435,1056,1486,1743,2019]
[0,714,1056,1486,2019]
[0,435,714,933,1277,1746,2019]
[0,244,435,714,933,1277,1486,1743,2019]
[0,435,1056,2019]
[0,435,714,933,1277,2019]
[0,714,1277,2019]
[0,435,1033,1486,2019]
[0,435,714,933,1056,1486,1743,2019]
[0,435,1056,1486,2019]
[0,933,1277,1746,2019]
[0,367,2019]
[0,435,2019]
[0,98,435,1033,1486,2019]
[0,244,435,714,1056,1486,2019]
[0,244,1056,1486,1743,2019]
[0,244,435,1277,1486,2019]
[0,435,714,933,1277,1486,2019]
[0,714,1486,2019]
[0,244,435,714,1277,1486,2019]
[0,1033,1486,2019]
[0,435,714,1277,2019]
[0,244,933,1277,1486,2019]
[0,435,714,933,1056,1486,2019]
[0,435,1033,2019]
[0,714,2019]
[0,435,714,933,1056,1486,1597,2019]
[0,435,714,933,1056,1277,1486,2019]
[0,435,714,933,1277,1743,2019]
[0,244,714,1056,1486,1743,2019]
[0,98,435,714,933,2019]
[0,435,933,1056,1486,2019]
[0,244,435,714,933,1056,1277,1486,1743,2019]
[0,244,933,1277,1743,2019]
[0,98,435,714,2019]
[0,244,1056,1486,2019]
[0,435,714,933,1056,2019]
[0,714,1056,2019]
[0,435,1070,2019]
[0,435,714,1277,1746,2019]
[0,435,714,933,1277,1486,1746,2019]
[0,98,435,714,933,1056,1277,1486,1743,2019]
[0,244,933,1056,2019]
[0,1486,2019]
[0,244,714,933,1277,2019]
[0,244,435,714,933,1056,2019]
[0,244,435,714,933,1277,1486,1746,2019]
[0,435,714,1056,2019]
[0,435,933,1060,2019]
[0,244,1743,2019]
[0,435,714,1060,2019]
[0,435,1060,1486,2019]
[0,244,435,714,933,1056,1486,2019]
[0,933,1277,2019]
[0,1743,2019]
[0,244,1056,2019]
[0,435,714,933,1056,1277,1486,1746,2019]
[0,244,1277,1486,2019]
[0,244,714,1277,1486,2019]
[0,435,714,1060,1486,2019]
[0,435,714,933,1277,1486,1743,2019]
[0,244,714,933,1277,1746,2019]
[0,244,714,1056,1486,2019]
[0,244,714,933,1277,1486,2019]
[0,435,1277,1486,2019]
