[0,619,2711,2812]
[0,227,297,642,1443,2541,2711,2812]
[0,297,642,991,1443,2541,2711,2812]
[0,1443,2812]
[0,642,2812]
[0,642,991,1443,2812]
[0,297,2711,2812]
[0,297,642,1443,2541,2812]
[0,337,2711,2812]
[0,297,642,1236,1443,2541,2812]
[0,297,642,1236,1443,2541,2711,2812]
[0,337,1443,2812]
[0,297,642,2711,2812]
[0,297,642,1332,1443,2541,2812]
[0,297,642,2812]
[0,297,1443,2812]
[0,297,2541,2812]
[0,297,642,1236,1443,1526,2541,2711,2812]
[0,227,297,642,1332,1443,2541,2711,2812]
[0,297,642,1236,1443,1526,2541,2812]
[0,227,297,642,1236,1443,1526,2541,2711,2812]
[0,297,642,991,1443,2812]
[0,227,297,642,991,1443,2541,2711,2812]
[0,619,2812]
[0,297,642,1443,2812]
[0,297,642,2541,2812]
[0,337,2812]
[0,297,1443,2711,2812]
[0,297,642,1443,2541,2711,2812]
[0,227,297,642,2541,2812]
[0,642,1443,2812]
[0,227,297,642,1443,2541,2812]
[0,297,2812]
[0,227,297,642,1332,1443,2541,2812]
[0,337,1443,2711,2812]
[0,227,297,642,1236,1443,1526,2541,2812]
[0,227,297,642,1236,1443,2541,2812]
[0,297,642,1332,1443,2541,2711,2812]
[0,227,297,642,1236,1443,2541,2711,2812]
[0,297,642,991,1443,2541,2812]
