[0,170,329,523,1273,1523,1875]
[0,329,1523,1875]
[0,351,523,1115,1523,1875]
[0,329,523,1115,1523,1875]
[0,329,1115,1523,1875]
[0,609,1523,1875]
[0,351,609,1875]
[0,329,609,1875]
[0,329,523,1875]
[0,329,1115,1875]
[0,1115,1523,1875]
[0,609,1875]
[0,170,351,609,1273,1523,1875]
[0,351,523,1875]
[0,296,609,1245,1523,1875]
[0,523,1273,1523,1875]
[0,329,609,1523,1875]
[0,80,329,523,982,1115,1523,1875]
[0,523,1875]
[0,1115,1875]
[0,351,523,1273,1523,1875]
[0,170,329,609,1273,1523,1875]
[0,329,1875]
[0,351,1875]
[0,80,329,523,1273,1523,1875]
[0,296,609,1523,1875]
[0,351,523,987,1115,1523,1875]
[0,80,329,523,982,1115,1273,1523,1875]
[0,351,523,1523,1875]
[0,329,523,1273,1523,1875]
[0,170,351,523,1115,1523,1875]
[0,523,982,1523,1875]
[0,329,523,982,1115,1273,1523,1875]
[0,170,351,523,987,1115,1523,1875]
[0,296,609,1875]
[0,351,609,1273,1523,1875]
[0,329,523,982,1115,1523,1875]
[0,170,351,523,1273,1523,1875]
[0,351,1115,1523,1875]
[0,351,609,1523,1875]
[0,329,609,1273,1523,1875]
[0,329,609,1245,1523,1875]
[0,523,982,1875]
[0,351,1273,1523,1875]
[0,170,329,609,1245,1523,1875]
[0,329,523,982,1273,1523,1875]
[0,523,1523,1875]
[0,329,523,1523,1875]
[0,523,982,1273,1523,1875]
[0,1523,1875]
[0,351,1523,1875]
