[0,1268,1607,1810]
[0,669,1143,1476,1810]
[0,1032,1268,1810]
[0,328,669,1810]
[0,756,1123,1476,1810]
[0,669,1038,1607,1810]
[0,1038,1143,1476,1607,1810]
[0,123,669,1476,1607,1810]
[0,1322,1476,1810]
[0,123,1038,1143,1322,1476,1607,1810]
[0,756,1322,1476,1607,1810]
[0,669,1143,1476,1607,1810]
[0,756,1143,1810]
[0,123,578,1032,1143,1268,1405,1607,1810]
[0,756,1038,1143,1476,1607,1810]
[0,123,669,756,1038,1143,1322,1476,1607,1810]
[0,1038,1143,1476,1810]
[0,756,1143,1322,1476,1810]
[0,123,1032,1143,1268,1405,1607,1810]
[0,328,1476,1607,1810]
[0,369,756,1123,1476,1810]
[0,123,1322,1476,1607,1810]
[0,123,669,756,1810]
[0,123,578,1158,1405,1607,1810]
[0,123,756,1123,1810]
[0,369,578,1268,1810]
[0,1038,1143,1810]
[0,1032,1268,1607,1810]
[0,369,756,1123,1810]
[0,123,328,669,1038,1476,1607,1810]
[0,328,669,1607,1810]
[0,1038,1810]
[0,669,1322,1810]
[0,123,763,1268,1405,1607,1810]
[0,123,369,578,1158,1405,1607,1810]
[0,756,1322,1476,1810]
[0,756,1322,1810]
[0,123,669,756,1038,1476,1607,1810]
[0,669,1476,1607,1810]
[0,177,1810]
[0,123,527,763,1143,1268,1405,1607,1810]
[0,578,1268,1405,1607,1810]
[0,123,527,763,1032,1143,1268,1405,1607,1810]
[0,123,669,1038,1322,1476,1607,1810]
[0,369,578,1268,1607,1810]
[0,328,1607,1810]
[0,578,1158,1405,1607,1810]
[0,1038,1322,1810]
[0,181,1379,1810]
[0,669,1038,1322,1476,1607,1810]
[0,1268,1810]
[0,123,1032,1268,1405,1607,1810]
[0,328,1810]
[0,328,527,763,1268,1405,1607,1810]
[0,41,123,1032,1143,1268,1405,1607,1810]
[0,669,1607,1810]
[0,123,578,1143,1268,1405,1607,1810]
[0,756,1143,1476,1607,1810]
[0,123,1038,1810]
[0,123,328,669,1476,1607,1810]
[0,123,578,1268,1405,1607,1810]
[0,763,1143,1268,1405,1607,1810]
[0,123,1038,1322,1476,1607,1810]
[0,328,669,1038,1607,1810]
[0,123,369,578,1268,1405,1607,1810]
[0,1322,1476,1607,1810]
[0,328,527,763,1268,1607,1810]
[0,123,328,669,756,1038,1476,1607,1810]
[0,763,1268,1607,1810]
[0,123,578,1143,1405,1607,1810]
[0,123,328,527,763,1143,1268,1405,1607,1810]
[0,369,1123,1810]
[0,123,669,1038,1476,1607,1810]
[0,328,763,1268,1405,1607,1810]
[0,123,1038,1143,1476,1607,1810]
[0,123,369,578,1032,1158,1405,1607,1810]
[0,1038,1607,1810]
[0,1379,1810]
[0,369,578,1143,1405,1810]
[0,328,669,1038,1476,1607,1810]
[0,123,369,578,1032,1143,1268,1405,1607,1810]
[0,578,1268,1607,1810]
[0,1268,1405,1810]
[0,1143,1810]
[0,123,669,1607,1810]
[0,669,1038,1476,1607,1810]
[0,123,763,1143,1268,1405,1607,1810]
[0,1038,1322,1476,1607,1810]
[0,763,1268,1810]
[0,578,1268,1810]
[0,177,756,1123,1476,1810]
[0,181,1810]
[0,123,328,527,763,1032,1143,1268,1405,1607,1810]
[0,527,763,1268,1810]
[0,1038,1143,1322,1476,1607,1810]
[0,756,1123,1810]
[0,328,669,1038,1810]
[0,369,578,1268,1405,1607,1810]
[0,421,1322,1810]
[0,123,756,1379,1810]
[0,123,763,1032,1143,1268,1405,1607,1810]
[0,1158,1810]
[0,1476,1607,1810]
[0,369,756,1379,1810]
[0,123,369,756,1379,1607,1810]
[0,1268,1405,1607,1810]
[0,763,1268,1405,1810]
[0,41,123,328,527,763,1032,1143,1268,1405,1607,1810]
[0,123,669,756,1038,1143,1476,1607,1810]
[0,756,1143,1476,1810]
[0,527,763,1143,1268,1405,1607,1810]
[0,41,123,527,763,1032,1143,1268,1405,1607,1810]
[0,123,1322,1476,1810]
[0,1143,1476,1810]
[0,578,1143,1405,1810]
[0,123,369,756,1123,1476,1810]
[0,578,1268,1405,1810]
[0,756,1038,1143,1322,1476,1607,1810]
[0,1032,1268,1405,1607,1810]
[0,578,1810]
[0,1322,1810]
[0,369,578,1143,1268,1405,1607,1810]
[0,123,369,756,1379,1810]
[0,1038,1322,1476,1810]
[0,763,1268,1405,1607,1810]
[0,123,1143,1810]
[0,669,1038,1810]
[0,328,763,1268,1607,1810]
[0,123,669,1038,1143,1476,1607,1810]
[0,578,1143,1810]
[0,328,527,763,1143,1268,1405,1607,1810]
[0,756,1810]
[0,756,1038,1810]
[0,123,1607,1810]
[0,123,369,578,1143,1405,1607,1810]
[0,328,527,763,1268,1810]
[0,369,578,1032,1158,1405,1607,1810]
[0,328,669,1476,1607,1810]
[0,527,763,1268,1607,1810]
[0,1143,1476,1607,1810]
[0,123,1143,1476,1810]
[0,123,669,1038,1143,1322,1476,1607,1810]
[0,123,1268,1405,1810]
[0,756,1143,1322,1476,1607,1810]
[0,123,669,756,1476,1607,1810]
[0,1607,1810]
[0,369,756,1379,1607,1810]
[0,41,123,763,1032,1143,1268,1405,1607,1810]
[0,123,669,1810]
[0,369,578,1158,1405,1810]
[0,578,1158,1810]
[0,123,756,1123,1476,1810]
[0,123,1476,1607,1810]
[0,578,1032,1158,1405,1607,1810]
[0,578,1143,1405,1607,1810]
[0,527,763,1268,1405,1607,1810]
[0,669,756,1038,1143,1322,1476,1607,1810]
[0,669,1810]
[0,369,578,1158,1405,1607,1810]
[0,123,1810]
[0,578,1158,1405,1810]
[0,369,578,1143,1405,1607,1810]
[0,177,1123,1810]
[0,123,1379,1810]
[0,669,756,1038,1143,1476,1607,1810]
[0,123,1268,1405,1607,1810]
[0,669,1038,1322,1810]
[0,1038,1143,1322,1476,1810]
[0,123,669,756,1607,1810]
[0,578,1143,1268,1405,1607,1810]
[0,123,369,578,1143,1268,1405,1607,1810]
[0,328,763,1268,1810]
[0,756,1379,1810]
[0,669,1038,1322,1476,1810]
[0,123,669,1143,1476,1607,1810]
[0,177,756,1123,1810]
[0,123,1143,1476,1607,1810]
[0,756,1379,1607,1810]
[0,669,1143,1810]
[0,123,756,1038,1810]
[0,1123,1810]
