[0,859,2761,3632,4107,4758]
[0,821,2427,3632,4758]
[0,821,1264,3632,4450,4758]
[0,2633,3632,4758]
[0,821,2761,3632,4758]
[0,859,1264,2761,3632,4107,4758]
[0,859,1587,2761,3632,4107,4758]
[0,821,1264,3632,4071,4758]
[0,2427,4758]
[0,859,1587,2761,3632,4758]
[0,859,1587,2646,2761,3632,4107,4758]
[0,821,2427,4758]
[0,859,2761,3632,4758]
[0,859,2761,4758]
[0,821,1264,2761,3632,4071,4758]
[0,821,1264,2427,3632,4758]
[0,102,821,1264,3632,4450,4758]
[0,821,1264,2761,3632,4758]
[0,102,859,1587,2761,3632,4107,4758]
[0,2761,3632,4758]
[0,102,821,1264,3632,4071,4758]
[0,859,1264,2761,3632,4450,4758]
[0,821,1264,3632,4758]
[0,102,821,1264,2761,3632,4071,4758]
[0,821,2761,4758]
[0,821,3632,4071,4758]
[0,821,1264,2633,3632,4758]
[0,821,2761,3632,4071,4758]
[0,102,2761,3632,4758]
[0,2761,3632,4450,4758]
[0,2633,3632,4450,4758]
[0,102,859,1264,2761,3632,4758]
[0,2761,4758]
[0,2427,3632,4758]
[0,2761,3632,4071,4758]
[0,859,1264,2761,3352,3632,4107,4758]
[0,2427,3632,4071,4758]
[0,821,2633,3632,4758]
[0,102,821,1264,2427,3632,4071,4758]
[0,102,821,1264,3632,4758]
[0,3632,4758]
[0,102,859,1264,2761,3632,4107,4758]
[0,821,3632,4758]
[0,821,1264,2633,3632,4450,4758]
[0,102,821,1264,2633,3632,4450,4758]
[0,3632,4450,4758]
[0,102,859,1587,2646,2761,3632,4107,4758]
[0,821,1264,2633,3632,4071,4758]
[0,3632,4071,4758]
[0,859,1264,2761,3632,4758]
[0,821,1264,2427,3632,4071,4758]
[0,102,2761,3632,4450,4758]
[0,948,2633,3632,4758]
[0,102,859,1264,2761,3352,3632,4107,4758]
[0,102,859,1264,2761,3632,4450,4758]
[0,3352,4758]
[0,102,821,1264,2633,3632,4071,4758]
[0,821,2427,3632,4071,4758]
