[0,466,1363,2083,3564,3747,4144,4285]
[0,1570,3747,4285]
[0,1363,2049,4144,4285]
[0,2096,3279,4285]
[0,2088,3819,4285]
[0,466,2096,3279,4285]
[0,2088,3106,4285]
[0,1363,3106,4285]
[0,466,2049,3106,4144,4285]
[0,466,1363,2083,3564,3747,4285]
[0,466,2049,3747,4285]
[0,2049,3106,4144,4285]
[0,466,2088,3747,4285]
[0,466,1363,2096,3279,3889,4285]
[0,2049,3747,4144,4285]
[0,1363,2049,3106,4144,4285]
[0,466,1363,2096,3279,4285]
[0,466,2049,3106,3747,4144,4285]
[0,2088,4285]
[0,466,1363,2049,3106,4144,4285]
[0,466,2049,3747,4144,4285]
[0,1098,2088,3106,3819,4285]
[0,2083,3747,4285]
[0,1363,2049,4285]
[0,1098,2088,3819,4285]
[0,1363,2096,3279,4285]
[0,466,2049,3106,3747,4285]
[0,2049,3747,4285]
[0,1098,2088,3106,4285]
[0,1363,2083,3747,4285]
[0,2049,3106,3747,4285]
[0,1363,3106,4144,4285]
[0,2083,4285]
[0,2049,3106,4285]
[0,466,2049,3106,4285]
[0,1363,4285]
[0,466,1363,2083,3747,4285]
[0,1363,2049,3106,4285]
[0,1098,2096,3819,4285]
[0,466,2083,3747,4285]
[0,1098,2088,4285]
[0,3106,4285]
[0,2096,3819,4285]
[0,1570,4285]
[0,466,1363,2049,3106,4285]
[0,2096,4285]
[0,2088,3747,4144,4285]
[0,2083,3747,4144,4285]
[0,466,1363,2083,3747,4144,4285]
[0,466,2088,3747,4144,4285]
[0,466,2083,3747,4144,4285]
[0,1363,2083,4285]
[0,1098,2096,4285]
[0,2088,3747,4285]
[0,2049,4285]
