[0,943,1084,1501,1817,3353]
[0,439,1817,2741,3353]
[0,1000,3353]
[0,943,1084,2741,3353]
[0,943,1084,1501,1817,3277,3353]
[0,2741,3277,3353]
[0,1000,1084,1501,1817,2388,2741,3277,3353]
[0,439,1817,3275,3353]
[0,439,1547,1817,2388,3353]
[0,439,849,1000,1547,1817,2388,2741,3353]
[0,439,1817,2388,3353]
[0,439,2741,3277,3353]
[0,1000,1084,1547,1817,2741,3353]
[0,439,876,1084,1817,2388,2741,3353]
[0,943,1084,1501,1817,2741,3353]
[0,439,876,1084,1817,2388,2741,3277,3353]
[0,439,1817,2741,3277,3353]
[0,943,1501,1817,2741,3353]
[0,1000,1501,1817,3353]
[0,1000,1084,1501,1817,2388,2741,3353]
[0,439,1000,1084,1501,1817,2388,2741,3353]
[0,1000,2388,2741,3353]
[0,439,876,1000,1084,1501,1817,2388,2741,3353]
[0,943,1084,1501,1817,2741,3277,3353]
[0,1000,1501,2388,2741,3353]
[0,1000,1547,1817,3353]
[0,439,1817,2388,2741,3277,3353]
[0,1000,1547,2741,3353]
[0,1000,1084,3275,3353]
[0,439,1083,1547,1817,2388,2741,3353]
[0,943,1084,1817,2741,3353]
[0,1000,1817,2388,2741,3353]
[0,1000,1084,1501,1817,2388,3353]
[0,435,1817,2388,2741,3353]
[0,1000,1084,1501,1817,3277,3353]
[0,439,1084,1817,2388,2741,3277,3353]
[0,1000,1084,1547,1817,2388,3353]
[0,1817,3353]
[0,1000,1084,1547,1817,3353]
[0,943,1084,1501,1817,2388,3353]
[0,943,1501,1817,2388,3353]
[0,943,3353]
[0,943,1501,1817,3277,3353]
[0,943,1084,1817,2388,3353]
[0,439,849,1000,1084,1547,1817,2388,2741,3275,3353]
[0,1000,1084,1501,1817,2741,3277,3353]
[0,943,1501,1817,3353]
[0,943,1817,3353]
[0,943,1084,3353]
[0,943,2741,3353]
[0,439,3275,3353]
[0,1000,2736,3275,3353]
[0,943,2388,2741,3353]
[0,439,1547,1817,2388,2741,3275,3353]
[0,1000,1501,1817,2388,3353]
[0,1084,3277,3353]
[0,1000,1547,3353]
[0,439,1084,1817,2388,3353]
[0,439,1000,1817,2388,3353]
[0,439,1547,1817,3275,3353]
[0,943,1817,2741,3353]
[0,439,876,1000,1084,1501,1817,2388,2741,3277,3353]
[0,1000,1084,1501,1817,2741,3353]
[0,1000,1084,1547,1817,2388,2741,3275,3353]
[0,1000,1501,2741,3353]
[0,439,1084,1817,2388,2741,3353]
[0,439,849,1000,1084,1547,1817,2388,2741,3353]
[0,1000,1817,3353]
[0,1000,1084,3353]
[0,1000,2741,3353]
[0,1000,1817,3236,3353]
[0,439,1083,1817,2388,2741,3353]
[0,943,1501,3353]
[0,1000,1084,3277,3353]
[0,943,1817,2388,3353]
[0,439,2741,3353]
[0,1817,3277,3353]
[0,439,1000,1817,2388,2741,3353]
[0,439,1000,1501,1817,2388,2741,3353]
[0,1083,1817,2388,3353]
[0,943,1084,1817,3353]
[0,1000,1084,1501,1817,3353]
[0,435,1000,1817,3353]
[0,1000,3236,3353]
[0,439,1547,1817,2388,2741,3353]
[0,439,1083,1547,1817,2388,2741,3275,3353]
[0,1000,2388,2741,3275,3353]
[0,439,876,1000,1501,1817,2388,2741,3353]
[0,439,3353]
[0,1000,1501,2388,3353]
[0,943,1817,2388,2741,3353]
[0,439,1547,1817,2741,3275,3353]
[0,1000,3275,3353]
[0,1000,1501,3353]
[0,849,1000,1084,1547,1817,2388,2741,3353]
[0,1000,1501,1817,2388,2741,3353]
[0,849,1000,1084,1547,1817,2388,2741,3275,3353]
[0,439,2741,3275,3353]
[0,2388,3353]
[0,1817,2741,3353]
[0,943,1084,1501,1817,2388,2741,3353]
[0,3277,3353]
[0,943,1084,3277,3353]
[0,1083,1817,3353]
[0,439,1000,1501,2388,2741,3353]
[0,435,1817,2388,2741,3275,3353]
[0,1000,2741,3275,3353]
[0,435,1817,2388,3353]
[0,943,1084,1817,2388,2741,3353]
[0,943,2388,3353]
[0,943,3277,3353]
[0,435,1817,3353]
[0,1817,2388,3353]
[0,1000,1084,1547,1817,2741,3275,3353]
[0,1084,3353]
[0,1000,1084,1817,3275,3353]
[0,439,1000,1501,2741,3353]
[0,439,1817,2388,2741,3353]
[0,1817,2388,2741,3275,3353]
[0,1817,3275,3353]
[0,1000,1817,2388,3353]
[0,1000,1547,1817,2388,2741,3353]
[0,1000,1817,2388,2741,3275,3353]
[0,1000,1084,1817,3353]
[0,1000,1084,1817,3277,3353]
[0,1000,1547,1817,2388,3353]
[0,2741,3353]
[0,1000,2388,3353]
[0,1817,2741,3275,3353]
[0,943,1084,1817,2741,3277,3353]
[0,943,1084,2741,3277,3353]
[0,943,1084,1817,2388,2741,3277,3353]
[0,943,1501,2741,3353]
[0,943,1501,1817,2388,2741,3353]
[0,439,1817,3277,3353]
[0,439,1547,1817,3353]
[0,439,1817,2741,3275,3353]
[0,439,1083,1817,2388,3353]
[0,1084,1817,2388,3353]
[0,439,1817,3353]
[0,439,1817,2388,2741,3275,3353]
[0,435,1000,1817,3236,3353]
[0,1084,1817,3353]
[0,1817,2388,2741,3353]
[0,849,1000,1547,1817,2388,2741,3353]
[0,1000,1501,1817,2741,3353]
[0,943,1084,1501,1817,2388,2741,3277,3353]
[0,1000,1084,1547,1817,2388,2741,3353]
[0,943,1501,2388,3353]
[0,1000,1547,1817,2741,3353]
[0,439,1000,1084,1501,1817,2388,2741,3277,3353]
[0,943,1501,2388,2741,3353]
[0,1000,1084,1547,1817,3275,3353]
[0,439,1547,1817,2741,3353]
[0,1000,2736,3353]
[0,439,1000,1547,1817,2388,2741,3353]
