[0,147,350,536,759,1084,1197]
[0,147,218,350,431,536,759,1084,1197]
[0,536,759,1084,1197]
[0,147,350,431,536,759,1084,1148,1197]
[0,431,1084,1197]
[0,536,759,1197]
[0,147,1084,1197]
[0,350,1197]
[0,147,536,759,989,1084,1197]
[0,759,1197]
[0,350,431,536,759,1084,1148,1197]
[0,350,536,759,1084,1197]
[0,147,218,350,431,536,759,989,1084,1148,1197]
[0,147,350,431,536,759,1084,1197]
[0,147,431,1084,1197]
[0,147,536,759,1197]
[0,147,350,536,759,1197]
[0,431,1197]
[0,147,350,759,1084,1197]
[0,147,1197]
[0,350,536,759,989,1084,1197]
[0,147,350,536,759,989,1084,1197]
[0,1084,1197]
[0,147,218,350,431,536,759,1084,1148,1197]
[0,350,759,1197]
[0,147,759,1197]
[0,350,759,1084,1197]
[0,147,431,759,1084,1197]
[0,536,1197]
[0,147,350,431,536,759,989,1084,1197]
[0,350,431,536,759,989,1084,1148,1197]
[0,338,1197]
[0,147,218,350,431,536,759,989,1084,1197]
[0,431,759,1197]
[0,147,431,1197]
[0,147,350,431,536,759,989,1084,1148,1197]
[0,147,350,759,1197]
[0,350,1084,1197]
[0,338,1084,1197]
[0,350,431,536,759,989,1084,1197]
[0,350,536,759,1197]
[0,147,536,759,1084,1197]
[0,147,431,759,1197]
[0,350,431,536,759,1084,1197]
