[0,94,424,576,708,998,1562]
[0,94,424,569,677,1299,1393,1562]
[0,424,985,1207,1562]
[0,424,569,677,919,998,1562]
[0,424,615,998,1393,1562]
[0,94,424,677,998,1299,1393,1562]
[0,424,576,708,1207,1299,1562]
[0,424,576,708,998,1207,1299,1562]
[0,424,708,1393,1562]
[0,424,677,1562]
[0,424,569,677,1299,1393,1562]
[0,424,615,677,1562]
[0,424,677,919,998,1299,1393,1562]
[0,94,424,576,708,998,1207,1299,1393,1562]
[0,424,1207,1299,1393,1562]
[0,424,985,1562]
[0,424,566,708,911,1299,1393,1562]
[0,424,566,708,998,1393,1562]
[0,424,919,998,1299,1393,1562]
[0,424,576,708,985,1207,1299,1562]
[0,424,576,708,1207,1299,1393,1562]
[0,424,708,998,1562]
[0,94,424,566,708,911,998,1207,1299,1393,1562]
[0,424,569,677,998,1207,1299,1393,1562]
[0,94,424,998,1299,1393,1562]
[0,94,424,677,919,998,1207,1299,1393,1562]
[0,424,569,677,1562]
[0,424,919,998,1562]
[0,94,424,677,998,1393,1562]
[0,424,576,708,1562]
[0,424,576,708,911,998,1207,1299,1393,1562]
[0,94,424,576,708,998,1299,1393,1562]
[0,424,1299,1393,1562]
[0,94,424,569,677,998,1299,1393,1562]
[0,94,424,998,1207,1299,1393,1562]
[0,94,424,576,708,985,1207,1562]
[0,94,424,615,677,919,998,1393,1562]
[0,94,424,576,708,998,1207,1562]
[0,424,576,708,1299,1393,1562]
[0,94,424,576,708,911,998,1207,1299,1393,1562]
[0,424,576,708,911,998,1393,1562]
[0,424,569,998,1562]
[0,424,566,708,1299,1393,1562]
[0,424,566,708,1207,1299,1393,1562]
[0,424,569,677,1207,1299,1393,1562]
[0,424,677,919,998,1393,1562]
[0,424,576,708,911,1299,1562]
[0,576,1299,1562]
[0,94,424,615,677,998,1393,1562]
[0,424,576,1299,1562]
[0,424,569,677,998,1562]
[0,424,566,708,1393,1562]
[0,424,569,677,998,1299,1393,1562]
[0,424,919,998,1393,1562]
[0,424,615,677,998,1562]
[0,424,615,677,919,998,1562]
[0,424,677,998,1562]
[0,424,998,1562]
[0,424,576,708,998,1393,1562]
[0,424,677,998,1299,1393,1562]
[0,94,424,615,677,919,998,1207,1299,1393,1562]
[0,94,424,576,708,911,998,1207,1299,1562]
[0,424,998,1299,1393,1562]
[0,424,677,998,1207,1299,1393,1562]
[0,94,424,1299,1393,1562]
[0,424,919,998,1207,1299,1393,1562]
[0,424,1299,1562]
[0,94,424,919,998,1207,1299,1393,1562]
[0,424,576,708,1299,1562]
[0,424,566,708,911,998,1562]
[0,424,576,708,911,998,1299,1393,1562]
[0,424,677,998,1393,1562]
[0,576,1562]
[0,424,566,708,1562]
[0,424,576,985,1562]
[0,424,708,911,1299,1562]
[0,94,424,985,1562]
[0,424,576,708,1393,1562]
[0,424,615,677,919,998,1393,1562]
[0,94,424,576,708,985,1207,1299,1562]
[0,94,424,677,998,1207,1299,1393,1562]
[0,424,569,1299,1562]
[0,424,708,911,1562]
[0,94,424,998,1393,1562]
[0,424,576,708,911,998,1207,1299,1562]
[0,424,576,998,1393,1562]
[0,424,615,677,919,998,1207,1299,1393,1562]
[0,94,424,569,677,998,1207,1299,1393,1562]
[0,424,708,998,1393,1562]
[0,94,424,677,919,998,1393,1562]
[0,424,615,677,998,1393,1562]
[0,424,566,708,998,1562]
[0,94,424,576,708,1562]
[0,424,576,708,998,1207,1299,1393,1562]
[0,424,576,708,911,1299,1393,1562]
[0,424,566,708,911,998,1393,1562]
[0,424,708,1299,1562]
[0,424,576,708,911,998,1562]
[0,424,1562]
[0,424,569,677,919,998,1393,1562]
[0,424,677,919,998,1562]
[0,424,998,1207,1562]
[0,424,566,708,998,1207,1299,1393,1562]
[0,576,998,1562]
[0,424,566,708,911,998,1299,1393,1562]
[0,424,576,998,1562]
[0,94,424,576,708,998,1207,1299,1562]
[0,424,576,985,1207,1562]
[0,985,1562]
[0,998,1562]
[0,94,424,569,677,919,998,1207,1299,1393,1562]
[0,424,569,677,919,998,1299,1393,1562]
[0,424,566,708,911,1562]
[0,424,576,708,998,1299,1393,1562]
[0,424,998,1207,1299,1393,1562]
[0,424,708,1562]
[0,424,566,708,998,1299,1393,1562]
[0,424,615,677,919,998,1299,1393,1562]
[0,424,576,708,985,1562]
[0,424,998,1393,1562]
[0,94,424,919,998,1393,1562]
[0,94,424,566,708,998,1207,1299,1393,1562]
[0,424,615,998,1562]
[0,424,569,677,1299,1562]
[0,424,576,708,998,1562]
[0,424,569,998,1393,1562]
[0,424,566,708,911,998,1207,1299,1393,1562]
[0,424,569,677,998,1393,1562]
[0,424,576,708,911,998,1207,1562]
[0,424,576,998,1207,1562]
[0,94,424,566,708,1299,1393,1562]
[0,94,424,566,708,998,1299,1393,1562]
[0,424,576,708,985,1207,1562]
[0,94,424,615,998,1393,1562]
[0,424,576,708,998,1207,1562]
[0,94,424,576,708,985,1562]
[0,424,569,677,919,998,1207,1299,1393,1562]
[0,424,677,919,998,1207,1299,1393,1562]
[0,94,424,576,708,1299,1393,1562]
[0,424,566,708,911,1299,1562]
[0,424,576,708,911,1562]
