[0,1037,1343,2211]
[0,1276,2211]
[0,431,1343,2211]
[0,431,2211]
[0,1289,2211]
[0,1058,2211]
[0,1223,2211]
[0,515,1159,1289,2211]
[0,461,2211]
[0,515,1058,1289,2211]
[0,1179,2211]
[0,461,1276,2211]
[0,1304,2211]
[0,431,1037,1343,2211]
[0,515,1037,1159,1289,2211]
[0,581,1159,1289,2211]
[0,515,1058,1304,2211]
[0,581,1289,2211]
[0,1037,1276,2211]
[0,515,1223,2211]
[0,1343,2211]
[0,515,1289,2211]
[0,581,1304,2211]
[0,1058,1289,2211]
[0,515,1179,2211]
[0,1037,2211]
[0,581,1058,1304,2211]
[0,581,1037,1343,2211]
[0,515,1304,2211]
[0,1058,1304,2211]
[0,515,2211]
[0,581,2211]
[0,461,1037,1276,2211]
[0,581,1343,2211]
[0,1159,1289,2211]
