[0,155,344,594,692,1465]
[0,155,334,594,1465]
[0,331,1465]
[0,103,155,344,594,692,1465]
[0,334,594,1120,1465]
[0,155,334,594,1120,1465]
[0,155,331,594,725,1465]
[0,155,334,584,1120,1465]
[0,328,1465]
[0,155,334,1465]
[0,155,334,584,888,1120,1465]
[0,344,594,1465]
[0,155,344,594,1465]
[0,103,155,331,594,725,1465]
[0,334,584,1465]
[0,103,155,334,584,725,1465]
[0,103,155,331,594,1465]
[0,334,584,888,1120,1465]
[0,334,584,1120,1465]
[0,103,155,344,594,1465]
[0,1120,1465]
[0,155,334,584,1465]
[0,103,155,334,584,1465]
[0,155,331,1465]
[0,103,155,334,1465]
[0,155,344,1465]
[0,334,1465]
[0,155,334,584,725,1120,1465]
[0,155,331,594,1465]
[0,334,594,1465]
[0,155,334,584,725,1465]
[0,103,155,334,584,725,1120,1465]
[0,334,1120,1465]
[0,103,155,334,584,725,888,1120,1465]
[0,155,1465]
[0,155,334,584,725,888,1120,1465]
[0,331,594,1465]
[0,344,1465]
