[0,67,647,738,1210,1402,1562]
[0,67,269,343,647,738,976,1562]
[0,67,647,705,1562]
[0,67,647,738,1562]
[0,67,647,705,1402,1562]
[0,67,269,343,647,738,976,1355,1402,1562]
[0,738,1210,1402,1562]
[0,67,269,647,705,1355,1402,1562]
[0,705,1562]
[0,738,1562]
[0,269,343,647,1402,1562]
[0,67,269,1562]
[0,647,705,1355,1402,1562]
[0,976,1562]
[0,343,647,1210,1562]
[0,738,1402,1562]
[0,976,1402,1562]
[0,269,1562]
[0,738,976,1210,1402,1562]
[0,647,705,1562]
[0,67,269,647,738,1402,1562]
[0,1210,1402,1562]
[0,269,647,738,1402,1562]
[0,67,647,1402,1562]
[0,269,647,738,1562]
[0,343,1210,1562]
[0,269,647,1562]
[0,67,647,738,1355,1402,1562]
[0,1355,1402,1562]
[0,67,1402,1562]
[0,647,738,976,1210,1402,1562]
[0,1402,1562]
[0,343,1355,1562]
[0,67,647,738,1402,1562]
[0,67,269,343,647,738,976,1210,1402,1562]
[0,269,1210,1562]
[0,343,647,738,1562]
[0,343,647,738,1210,1402,1562]
[0,269,666,1355,1562]
[0,269,666,1562]
[0,666,1355,1562]
[0,67,269,647,738,1355,1402,1562]
[0,343,738,976,1210,1562]
[0,705,1402,1562]
[0,67,269,647,705,1562]
[0,67,269,647,738,1562]
[0,67,269,1210,1402,1562]
[0,67,269,343,1562]
[0,67,269,343,647,1562]
[0,647,705,1402,1562]
[0,269,343,647,738,1562]
[0,666,1562]
[0,269,705,1562]
[0,269,738,1562]
[0,269,343,647,738,976,1210,1402,1562]
[0,67,269,343,647,705,1355,1402,1562]
[0,67,1562]
[0,67,269,343,647,705,1402,1562]
[0,343,1210,1402,1562]
[0,67,269,647,1402,1562]
[0,738,976,1210,1562]
[0,647,738,1402,1562]
[0,647,738,1562]
[0,269,343,647,738,976,1562]
[0,647,738,976,1402,1562]
[0,343,647,1562]
[0,343,647,738,976,1210,1402,1562]
[0,343,647,738,976,1562]
[0,67,269,705,1562]
[0,67,269,343,647,738,976,1402,1562]
[0,67,647,1562]
[0,738,1355,1402,1562]
[0,67,295,1562]
[0,738,1210,1562]
[0,269,1210,1402,1562]
[0,647,738,1210,1402,1562]
[0,295,1562]
[0,343,738,976,1210,1402,1562]
[0,269,343,1562]
[0,343,738,976,1402,1562]
[0,67,269,343,647,738,1210,1402,1562]
[0,343,647,1210,1402,1562]
[0,67,269,343,647,738,1402,1562]
[0,67,269,343,647,705,1562]
[0,67,269,343,647,738,1562]
[0,647,1562]
[0,67,647,705,1355,1402,1562]
[0,269,647,1402,1562]
[0,343,647,738,976,1402,1562]
[0,67,1210,1402,1562]
[0,647,1402,1562]
[0,705,1355,1402,1562]
[0,738,976,1562]
[0,269,343,647,738,1402,1562]
[0,269,343,647,1562]
[0,269,343,647,738,976,1402,1562]
[0,343,647,738,1402,1562]
[0,647,738,976,1562]
[0,343,976,1562]
[0,647,738,1355,1402,1562]
[0,343,1562]
[0,67,647,738,976,1210,1402,1562]
[0,1210,1562]
[0,67,269,647,705,1402,1562]
[0,269,343,647,738,1210,1402,1562]
[0,67,269,343,647,738,1355,1402,1562]
[0,343,647,1402,1562]
[0,738,976,1402,1562]
[0,67,269,343,647,1402,1562]
[0,343,738,976,1562]
