[0,550,987,2246,2827,3353]
[0,987,2246,2827,3353]
[0,550,987,1892,2246,2541,2827,3353]
[0,550,1684,2246,2989,3353]
[0,1736,2246,3353]
[0,1736,2246,2989,3353]
[0,987,1892,2246,2796,3353]
[0,987,3353]
[0,1684,2246,3353]
[0,550,1736,2246,3353]
[0,987,2246,2989,3353]
[0,1736,2796,3353]
[0,987,1892,3353]
[0,987,1892,2246,2989,3353]
[0,1892,2246,3353]
[0,550,1736,2246,2796,3353]
[0,550,2989,3353]
[0,1684,3353]
[0,550,1736,2796,3353]
[0,987,2246,3353]
[0,987,2827,3353]
[0,550,987,1892,2246,2827,3353]
[0,550,1892,2246,3353]
[0,550,1736,3353]
[0,550,3353]
[0,550,1684,2246,3353]
[0,987,1892,2246,3353]
[0,987,1892,2796,3353]
[0,1736,3353]
[0,550,1892,2989,3353]
[0,550,1892,2246,2989,3353]
[0,550,1892,3353]
[0,550,1736,2246,2989,3353]
[0,550,1896,2989,3353]
[0,987,2989,3353]
[0,1684,2246,2989,3353]
[0,1892,3353]
[0,550,987,1892,2246,2827,3039,3353]
[0,550,987,1892,2246,2541,2827,3039,3353]
[0,987,1892,2246,2827,3353]
[0,2246,3353]
[0,1896,3353]
[0,550,1896,3353]
