[0,164,372,611,793,1206,1522,1875]
[0,128,372,611,793,1522,1768,1875]
[0,93,372,442,1522,1875]
[0,372,611,793,1206,1522,1768,1875]
[0,372,611,793,1206,1522,1875]
[0,372,442,1522,1875]
[0,164,372,611,1522,1875]
[0,128,372,611,1522,1768,1875]
[0,372,1522,1768,1875]
[0,164,372,442,611,793,1206,1522,1768,1875]
[0,372,611,1206,1522,1875]
[0,164,372,611,793,1522,1875]
[0,128,372,611,1522,1875]
[0,372,611,1522,1768,1875]
[0,164,372,442,1522,1768,1875]
[0,128,372,442,611,793,1522,1768,1875]
[0,128,372,611,793,1522,1875]
[0,372,442,1522,1768,1875]
[0,93,372,611,1522,1875]
[0,93,372,442,1522,1768,1875]
[0,372,1522,1875]
[0,372,611,1522,1875]
[0,93,372,611,793,1522,1768,1875]
[0,93,372,1522,1875]
[0,372,1206,1522,1875]
[0,164,372,611,793,1206,1522,1768,1875]
[0,164,372,611,1522,1768,1875]
[0,128,372,442,611,1522,1768,1875]
[0,372,442,611,1522,1768,1875]
[0,93,372,442,611,793,1206,1522,1768,1875]
[0,93,372,611,793,1206,1522,1768,1875]
[0,93,372,1522,1768,1875]
[0,164,372,1522,1768,1875]
[0,93,372,611,1522,1768,1875]
[0,372,611,793,1522,1768,1875]
[0,164,372,611,793,1522,1768,1875]
[0,164,372,1522,1875]
[0,372,611,793,1522,1875]
[0,93,372,442,611,1522,1768,1875]
[0,372,1875]
