[0,510,997]
[0,472,792,997]
[0,510,906,997]
[0,337,510,763,997]
[0,510,762,906,997]
[0,337,510,624,997]
[0,472,763,997]
[0,510,624,997]
[0,472,624,763,997]
[0,337,510,997]
[0,326,472,624,997]
[0,337,510,624,763,906,997]
[0,326,472,624,792,997]
[0,472,624,763,906,997]
[0,326,472,551,624,792,906,952,997]
[0,472,997]
[0,510,624,763,997]
[0,510,624,763,906,997]
[0,326,472,551,624,792,906,997]
[0,510,624,763,906,952,997]
[0,472,906,997]
[0,326,472,551,624,762,906,952,997]
[0,337,510,624,763,997]
[0,326,510,624,762,906,952,997]
[0,472,624,762,906,997]
[0,472,624,997]
[0,510,762,997]
[0,326,472,624,792,906,997]
[0,472,551,624,763,906,997]
[0,326,510,624,997]
[0,472,624,762,997]
[0,326,510,624,762,997]
[0,472,763,906,997]
[0,337,510,624,763,906,952,997]
[0,472,792,906,997]
[0,472,762,997]
[0,472,551,624,762,906,952,997]
[0,472,551,624,762,906,997]
[0,510,763,906,997]
[0,326,472,551,624,762,906,997]
[0,326,510,997]
[0,326,510,762,997]
[0,510,624,762,906,997]
[0,510,624,762,997]
[0,326,472,624,762,906,997]
[0,326,472,624,762,997]
[0,472,551,624,763,906,952,997]
[0,472,551,624,792,906,997]
[0,510,763,997]
[0,472,551,624,792,906,952,997]
[0,326,510,624,762,906,997]
[0,472,624,792,997]
[0,472,624,792,906,997]
[0,472,762,906,997]
