[0,1912,2812]
[0,715,2812]
[0,1957,2205,2812]
[0,715,1236,1957,2812]
[0,443,1957,2812]
[0,443,1411,1957,2205,2812]
[0,443,1086,1411,1912,2205,2812]
[0,443,1411,1957,2812]
[0,224,720,1957,2205,2812]
[0,224,720,1912,2139,2812]
[0,443,1236,1912,2139,2812]
[0,715,1236,1912,2812]
[0,443,1086,1411,1788,1912,2205,2812]
[0,720,1912,2812]
[0,443,1912,2812]
[0,224,443,720,1957,2205,2812]
[0,49,443,1086,1411,1788,1912,2205,2812]
[0,224,443,1957,2205,2812]
[0,1957,2812]
[0,715,1912,2812]
[0,443,2812]
[0,1411,1912,2812]
[0,1912,2205,2812]
[0,1912,2139,2812]
[0,1236,1912,2812]
[0,720,2812]
[0,1292,1957,2812]
[0,720,1912,2139,2812]
[0,443,1292,1957,2812]
[0,443,1912,2139,2812]
[0,224,443,720,1236,1912,2139,2812]
[0,224,443,2812]
[0,443,1292,1957,2205,2812]
[0,443,1788,2812]
[0,720,1236,1912,2139,2812]
[0,224,443,1182,1411,1957,2205,2812]
[0,49,443,1292,1957,2205,2812]
[0,720,1957,2812]
[0,720,1236,1957,2812]
[0,224,443,1912,2139,2812]
[0,283,715,1236,1957,2812]
[0,715,1957,2812]
[0,715,1236,1912,2139,2812]
[0,1411,1957,2812]
[0,589,2812]
[0,224,720,1236,1957,2205,2812]
[0,49,443,1086,1292,1957,2205,2812]
[0,720,1957,2205,2812]
[0,720,1236,1957,2205,2812]
[0,589,2005,2812]
[0,224,443,1411,1957,2205,2812]
[0,49,443,1957,2205,2812]
[0,224,443,720,1236,1957,2205,2812]
[0,49,443,1086,1411,1912,2205,2812]
[0,1788,2812]
[0,224,443,1912,2812]
[0,720,1236,1912,2812]
[0,224,443,1236,1912,2139,2812]
[0,224,720,1236,1912,2139,2812]
[0,443,1411,1912,2812]
[0,443,1912,2205,2812]
[0,49,443,1411,1912,2205,2812]
[0,443,1236,1912,2812]
[0,715,1912,2139,2812]
[0,2005,2812]
[0,443,1086,1411,1912,2812]
[0,443,1182,1411,1957,2205,2812]
[0,443,1957,2205,2812]
[0,443,1086,1292,1957,2205,2812]
[0,443,1411,1912,2205,2812]
[0,443,1788,2205,2812]
[0,49,443,1912,2205,2812]
