[0,787,927,1343]
[0,85,233,793,927,996,1085,1278,1343]
[0,85,427,629,949,1085,1343]
[0,233,427,927,1085,1343]
[0,427,629,949,1085,1343]
[0,85,427,629,793,873,949,1085,1278,1343]
[0,85,927,1085,1343]
[0,85,427,793,873,949,996,1085,1278,1343]
[0,85,793,949,1085,1343]
[0,85,427,787,927,996,1085,1343]
[0,427,629,793,927,1085,1343]
[0,85,233,927,996,1085,1343]
[0,85,195,427,629,793,873,949,996,1085,1278,1343]
[0,85,233,793,927,996,1085,1343]
[0,85,793,873,949,996,1085,1278,1343]
[0,85,195,427,629,793,949,1085,1343]
[0,85,427,629,793,873,949,1085,1343]
[0,85,927,1343]
[0,85,195,427,949,1085,1343]
[0,85,949,1278,1343]
[0,195,873,949,1343]
[0,195,427,629,793,949,1343]
[0,85,195,793,873,949,1085,1343]
[0,195,873,949,1278,1343]
[0,629,949,1343]
[0,949,1085,1343]
[0,85,195,793,873,949,1085,1278,1343]
[0,85,427,949,1085,1278,1343]
[0,85,195,793,873,949,1343]
[0,85,427,927,996,1085,1343]
[0,85,427,629,793,873,927,996,1085,1278,1343]
[0,233,629,927,1343]
[0,195,427,949,1085,1343]
[0,85,233,629,793,927,996,1085,1278,1343]
[0,927,1343]
[0,85,949,1085,1343]
[0,85,427,793,873,949,1085,1343]
[0,85,427,793,927,996,1085,1278,1343]
[0,85,233,927,996,1085,1278,1343]
[0,233,427,629,927,1085,1343]
[0,427,629,793,949,1085,1343]
[0,85,427,949,1343]
[0,427,1343]
[0,233,927,996,1085,1343]
[0,195,793,949,1085,1343]
[0,427,787,927,1085,1343]
[0,85,793,949,1343]
[0,195,427,629,949,1343]
[0,85,427,629,949,1085,1278,1343]
[0,233,629,793,927,1085,1343]
[0,85,427,927,1085,1343]
[0,85,427,793,927,1085,1343]
[0,85,195,629,793,873,949,996,1085,1278,1343]
[0,195,949,1278,1343]
[0,85,427,793,873,949,1085,1278,1343]
[0,85,787,927,996,1085,1278,1343]
[0,85,233,629,793,927,1085,1343]
[0,85,793,873,949,1278,1343]
[0,233,427,629,793,927,1085,1343]
[0,85,427,927,996,1085,1278,1343]
[0,195,949,1343]
[0,85,427,949,1278,1343]
[0,85,195,793,873,949,1278,1343]
[0,85,427,629,793,927,996,1085,1343]
[0,195,427,629,949,1085,1343]
[0,195,629,793,949,1343]
[0,195,793,873,949,1278,1343]
[0,85,427,949,996,1085,1278,1343]
[0,85,233,793,873,927,996,1085,1278,1343]
[0,85,195,629,793,873,949,1085,1278,1343]
[0,85,427,629,793,949,996,1085,1278,1343]
[0,85,233,927,1085,1343]
[0,85,787,927,996,1085,1343]
[0,85,195,949,1343]
[0,195,873,949,1085,1343]
[0,195,427,629,793,949,1085,1343]
[0,233,629,927,1085,1343]
[0,85,793,949,1278,1343]
[0,195,928,1343]
[0,85,427,629,793,927,1085,1343]
[0,85,427,787,927,1085,1343]
[0,195,629,793,949,1085,1343]
[0,427,629,927,1343]
[0,85,233,427,629,793,927,996,1085,1343]
[0,427,629,949,1343]
[0,427,949,1085,1343]
[0,793,949,1343]
[0,85,949,1343]
[0,195,427,949,1343]
[0,85,233,427,629,793,927,1085,1343]
[0,85,793,873,949,1085,1343]
[0,85,427,629,949,996,1085,1278,1343]
[0,85,787,927,1343]
[0,85,427,793,927,996,1085,1343]
[0,233,927,1343]
[0,233,427,927,1343]
[0,85,427,787,927,996,1085,1278,1343]
[0,85,195,793,873,949,996,1085,1278,1343]
[0,85,793,873,949,1085,1278,1343]
[0,85,233,427,629,793,927,996,1085,1278,1343]
[0,195,793,873,949,1085,1343]
[0,427,927,1343]
[0,85,195,793,949,1343]
[0,85,427,793,949,1085,1343]
[0,928,1343]
[0,85,793,873,949,1343]
[0,85,233,629,793,927,996,1085,1343]
[0,427,793,927,1085,1343]
[0,85,195,427,629,793,873,949,1085,1278,1343]
[0,85,195,427,629,949,1085,1343]
[0,85,233,629,793,873,927,996,1085,1278,1343]
[0,85,427,629,793,949,1085,1278,1343]
[0,85,233,793,927,1085,1343]
[0,427,793,949,1343]
[0,85,233,427,629,793,873,927,996,1085,1278,1343]
[0,85,195,629,793,949,1085,1343]
[0,85,928,1343]
[0,949,1343]
[0,427,927,1085,1343]
[0,427,629,793,949,1343]
[0,787,927,1085,1343]
[0,85,927,996,1085,1343]
[0,85,195,629,793,873,949,1085,1343]
[0,427,629,927,1085,1343]
[0,85,427,629,793,949,1085,1343]
[0,195,629,949,1343]
[0,195,949,1085,1343]
[0,85,427,629,793,927,996,1085,1278,1343]
[0,793,949,1085,1343]
[0,85,427,949,1085,1343]
[0,195,793,873,949,1343]
[0,629,927,1343]
[0,85,195,949,1085,1343]
[0,233,427,629,927,1343]
[0,233,927,1085,1343]
[0,85,195,427,629,793,873,949,1085,1343]
[0,927,1085,1343]
[0,85,427,629,793,873,949,996,1085,1278,1343]
[0,427,793,949,1085,1343]
[0,427,949,1343]
[0,195,793,949,1343]
[0,85,195,793,949,1085,1343]
[0,85,787,927,1085,1343]
[0,233,793,927,1085,1343]
