[0,126,755,909,1220,1831,2411,3277,3353]
[0,871,1220,1831,2411,3353]
[0,318,755,1220,1831,2411,3277,3353]
[0,909,1220,1831,2411,3353]
[0,909,1220,3277,3353]
[0,318,909,1220,2411,3353]
[0,909,1341,3277,3353]
[0,755,1220,1831,2411,3353]
[0,1341,3353]
[0,909,1341,3353]
[0,239,871,1220,2411,3353]
[0,239,755,909,1220,1831,2411,3277,3353]
[0,239,755,1220,3277,3353]
[0,126,755,1220,2411,3277,3353]
[0,126,755,1220,3277,3353]
[0,909,1220,2411,3353]
[0,3277,3353]
[0,239,755,1220,2411,3277,3353]
[0,239,755,1220,3353]
[0,871,1220,3353]
[0,318,755,1220,2411,3277,3353]
[0,239,909,1341,3353]
[0,239,909,1341,3277,3353]
[0,909,2411,3277,3353]
[0,239,871,1220,3353]
[0,909,1341,2411,3353]
[0,909,3277,3353]
[0,126,755,1220,3353]
[0,755,1831,2411,3353]
[0,239,755,1220,2411,3353]
[0,239,755,909,1220,1831,2411,3353]
[0,871,1220,3277,3353]
[0,126,755,1220,2411,3353]
[0,755,1220,2411,3353]
[0,318,755,909,1220,1831,2411,3353]
[0,239,755,1220,1831,2411,3277,3353]
[0,755,1220,2411,3277,3353]
[0,239,909,1341,2411,3277,3353]
[0,2411,3353]
[0,239,755,909,1050,1220,1831,2411,3277,3353]
[0,239,909,1341,2411,3353]
[0,909,2411,3353]
[0,318,755,909,1220,1831,2411,3277,3353]
[0,1220,3353]
[0,755,909,1220,1831,2411,3353]
[0,871,1831,2411,3353]
[0,909,1220,3353]
[0,318,755,909,1050,1220,1831,2411,3277,3353]
[0,871,1220,2411,3353]
[0,871,2411,3353]
[0,239,909,2411,3353]
[0,755,909,1050,1220,1831,2411,3353]
[0,1341,3277,3353]
[0,126,755,909,1220,1831,2411,3353]
[0,318,755,1220,2411,3353]
[0,755,3353]
[0,126,755,1220,1831,2411,3353]
[0,909,1220,1831,2411,3277,3353]
[0,239,755,909,1050,1220,1831,2411,3353]
[0,909,3353]
[0,755,1220,3277,3353]
[0,126,755,1220,1831,2411,3277,3353]
[0,318,909,1220,2411,3277,3353]
[0,755,2411,3353]
[0,239,909,2411,3277,3353]
[0,318,909,2411,3353]
[0,909,1220,2411,3277,3353]
[0,239,755,1220,1831,2411,3353]
[0,755,1220,3353]
[0,239,871,1220,1831,2411,3353]
[0,239,871,1220,2411,3277,3353]
[0,318,909,2411,3277,3353]
[0,239,871,1220,3277,3353]
[0,126,755,909,1050,1220,1831,2411,3353]
[0,2411,3277,3353]
[0,318,755,909,1050,1220,1831,2411,3353]
[0,909,1831,2411,3353]
[0,126,755,909,1050,1220,1831,2411,3277,3353]
[0,239,871,1220,1831,2411,3277,3353]
[0,318,755,1220,1831,2411,3353]
