[0,656,1294,2356,2956]
[0,656,1294,2956]
[0,656,1294,2069,2356,2494,2956]
[0,1294,2069,2356,2956]
[0,656,1294,2069,2356,2494,2689,2956]
[0,1264,2475,2956]
[0,1294,2069,2382,2956]
[0,2475,2956]
[0,1104,2956]
[0,656,1294,2382,2956]
[0,1294,2382,2956]
[0,700,1294,2332,2537,2956]
[0,1294,2494,2956]
[0,2382,2956]
[0,656,1264,2475,2956]
[0,1264,2956]
[0,2356,2956]
[0,1104,2382,2956]
[0,656,1294,2494,2956]
[0,656,1294,2069,2356,2956]
[0,982,2956]
[0,2408,2956]
[0,656,982,1294,2069,2356,2494,2689,2956]
[0,656,1294,2069,2494,2956]
[0,1294,2069,2494,2956]
[0,1264,2069,2382,2956]
[0,656,982,1294,2069,2494,2689,2956]
[0,700,2956]
[0,656,2356,2956]
[0,1264,2382,2956]
[0,656,1294,2069,2356,2537,2956]
[0,2494,2956]
[0,656,2382,2956]
[0,1294,2069,2356,2494,2956]
[0,700,1294,2537,2956]
[0,656,1264,2956]
[0,700,1294,2956]
[0,656,2956]
[0,656,982,1294,2069,2356,2956]
[0,656,1294,2069,2494,2689,2956]
[0,1294,2537,2956]
[0,1294,2956]
[0,656,2494,2956]
[0,1264,2408,2956]
[0,700,2332,2537,2956]
[0,656,1294,2287,2382,2956]
[0,656,982,1294,2356,2956]
[0,1264,2103,2408,2956]
[0,656,982,1294,2069,2356,2537,2956]
[0,982,2356,2956]
[0,2537,2956]
[0,656,982,1294,2069,2494,2956]
[0,700,2332,2956]
[0,1294,2356,2956]
[0,656,2287,2382,2956]
[0,2332,2956]
[0,656,982,2356,2956]
