[0,233,1530,2808,3264,4758]
[0,233,835,1530,2808,3264,3754,4758]
[0,2808,4758]
[0,835,3754,4758]
[0,835,2808,3264,4758]
[0,233,835,1530,2802,3375,4758]
[0,1530,2808,4758]
[0,835,1530,3264,3754,4758]
[0,1530,2797,4758]
[0,1530,2797,3375,4758]
[0,835,1530,2802,3264,3754,4758]
[0,1530,2808,3264,3754,4758]
[0,1530,2808,3754,4758]
[0,1530,2802,3754,4758]
[0,835,1530,2808,3264,3754,4758]
[0,233,835,1530,2808,3264,4758]
[0,835,1530,2802,4758]
[0,3754,4758]
[0,835,1530,2808,3754,4758]
[0,233,1530,2802,3375,4758]
[0,1530,2802,3264,3754,4758]
[0,2808,3264,4758]
[0,835,1530,2802,3264,4758]
[0,835,2782,3543,4758]
[0,1530,2802,3375,4758]
[0,835,3264,3754,4758]
[0,835,1530,3264,4758]
[0,835,4758]
[0,233,835,1530,2802,3264,4758]
[0,835,1530,4758]
[0,835,2782,4758]
[0,233,1530,2797,3375,4758]
[0,233,835,1530,2797,3375,4758]
[0,233,835,1530,2802,3264,3754,4758]
[0,1530,4758]
[0,233,835,1530,2629,2808,3264,3754,4758]
[0,835,3264,4758]
[0,835,1530,2808,4758]
[0,835,1530,2797,4758]
[0,1530,2802,4758]
[0,233,1530,2802,3264,4758]
[0,1530,2808,3264,4758]
[0,835,2808,4758]
[0,835,1530,2802,3754,4758]
[0,1530,2802,3264,4758]
[0,835,1530,2797,3375,4758]
[0,835,1530,2808,3264,4758]
[0,835,1530,2802,3375,4758]
[0,3264,4758]
[0,2782,4758]
