[0,253,477,572,815,1029,1324,1922,2211]
[0,253,477,572,1029,1324,1922,2211]
[0,676,1922,2211]
[0,477,1132,2211]
[0,477,2211]
[0,477,815,2211]
[0,419,815,1397,1922,2211]
[0,1399,2211]
[0,253,419,815,1922,2211]
[0,477,815,1922,2211]
[0,676,1935,2211]
[0,477,1922,2211]
[0,253,419,815,1397,1922,2211]
[0,572,1029,2211]
[0,398,676,1029,2211]
[0,419,676,1935,2211]
[0,419,676,1029,1922,2211]
[0,419,676,1922,2211]
[0,419,815,1922,2211]
[0,572,1029,1922,2211]
[0,705,2211]
[0,477,815,1029,1324,1922,2211]
[0,419,676,1029,1397,1922,2211]
[0,253,477,815,1324,1922,2211]
[0,398,676,1029,1397,2211]
[0,253,419,676,1935,2211]
[0,168,253,477,815,1029,1324,1922,2211]
[0,676,1029,1399,2211]
[0,419,676,1029,1935,2211]
[0,253,419,676,1029,1935,2211]
[0,815,1324,2211]
[0,477,1132,1922,2211]
[0,676,2211]
[0,676,1397,2211]
[0,477,815,1324,2211]
[0,398,676,1029,1399,1922,2211]
[0,168,253,477,815,1324,1922,2211]
[0,676,1029,2211]
[0,419,815,2211]
[0,572,2211]
[0,676,1399,2211]
[0,253,419,676,1922,2211]
[0,815,1922,2211]
[0,676,1029,1397,1935,2211]
[0,676,1029,1935,2211]
[0,419,815,1397,2211]
[0,1397,2211]
[0,398,676,1029,1922,2211]
[0,253,477,815,1029,1324,1922,2211]
[0,1029,2211]
[0,419,815,1029,1397,1922,2211]
[0,253,419,676,1029,1397,1922,2211]
[0,398,676,1029,1397,1935,2211]
[0,253,477,815,1922,2211]
[0,477,705,1922,2211]
[0,477,1029,1922,2211]
[0,572,1029,1324,1922,2211]
[0,285,419,815,1029,1397,1922,2211]
[0,253,419,676,1029,1397,1935,2211]
[0,815,1397,2211]
[0,419,676,1029,1397,1935,2211]
[0,253,572,1029,1324,1922,2211]
[0,676,1029,1397,2211]
[0,477,572,1029,1324,1922,2211]
[0,253,419,676,1029,1922,2211]
[0,477,815,1324,1922,2211]
[0,572,1922,2211]
[0,1132,2211]
[0,398,676,1922,2211]
[0,815,2211]
[0,253,419,815,1029,1397,1922,2211]
[0,168,285,419,815,1029,1397,1922,2211]
[0,398,676,2211]
[0,398,676,1935,2211]
[0,676,1029,1397,1922,2211]
[0,168,253,477,815,1922,2211]
[0,705,1922,2211]
[0,676,1029,1399,1922,2211]
[0,477,1029,2211]
[0,676,1029,1922,2211]
[0,398,676,1029,1935,2211]
[0,572,1029,1324,2211]
