[0,180,406,1272,1651]
[0,180,406,1143,1273,1423,1651]
[0,183,370,1387,1651]
[0,370,1651]
[0,370,752,1387,1651]
[0,370,752,1651]
[0,406,1423,1651]
[0,370,667,1423,1651]
[0,752,1425,1651]
[0,183,370,667,789,1050,1272,1423,1575,1651]
[0,192,406,1143,1275,1423,1651]
[0,192,290,406,752,1143,1275,1423,1651]
[0,406,1050,1272,1651]
[0,183,370,667,789,1050,1272,1423,1651]
[0,1272,1651]
[0,192,406,1275,1423,1651]
[0,183,370,667,1050,1272,1423,1651]
[0,180,406,667,1050,1272,1423,1651]
[0,180,406,667,1273,1423,1651]
[0,180,406,1423,1651]
[0,752,1387,1651]
[0,180,406,1273,1651]
[0,183,370,667,1423,1651]
[0,192,406,752,1275,1423,1651]
[0,183,667,1272,1651]
[0,752,1275,1423,1651]
[0,183,370,752,1423,1575,1651]
[0,406,667,1050,1272,1651]
[0,180,406,1272,1423,1651]
[0,406,667,1651]
[0,406,667,1423,1651]
[0,667,1272,1651]
[0,183,370,1651]
[0,180,406,667,1143,1273,1423,1651]
[0,1425,1651]
[0,183,370,752,1423,1651]
[0,290,1423,1651]
[0,406,1651]
[0,370,752,1425,1651]
[0,1273,1651]
[0,370,752,1423,1651]
[0,183,370,667,1272,1423,1651]
[0,406,752,1423,1651]
[0,183,370,752,1425,1651]
[0,180,406,667,789,1050,1272,1423,1575,1651]
[0,1275,1651]
[0,1387,1651]
[0,183,370,752,1244,1423,1651]
[0,183,370,667,1272,1651]
[0,180,406,667,789,1143,1273,1423,1575,1651]
[0,180,406,1273,1423,1651]
[0,406,1273,1651]
[0,183,1651]
[0,667,1651]
[0,752,1423,1651]
[0,667,1423,1651]
[0,180,406,667,1050,1272,1651]
[0,183,370,752,1387,1651]
[0,406,1275,1651]
[0,192,406,1423,1651]
[0,192,290,406,1143,1275,1423,1651]
[0,183,370,752,1244,1423,1575,1651]
[0,370,1423,1651]
[0,406,667,1272,1651]
[0,290,1651]
[0,406,752,1275,1423,1651]
[0,192,406,1143,1275,1651]
[0,183,370,752,1387,1575,1651]
[0,180,406,1143,1273,1651]
[0,183,370,667,1050,1272,1651]
[0,192,406,752,1143,1275,1423,1651]
[0,370,1425,1651]
[0,180,406,667,789,1050,1272,1423,1651]
[0,752,1651]
[0,370,667,1050,1272,1651]
[0,192,406,1651]
[0,180,406,1050,1272,1651]
[0,183,370,1423,1651]
[0,192,406,752,1423,1651]
[0,406,1272,1651]
[0,370,667,1272,1651]
[0,192,406,1275,1651]
[0,1423,1651]
[0,180,406,1050,1272,1423,1651]
[0,180,406,667,1423,1651]
[0,370,1387,1651]
[0,406,752,1651]
[0,183,370,1425,1651]
[0,370,667,1651]
[0,180,406,667,789,1143,1273,1423,1651]
[0,667,1050,1272,1651]
