[0,287,432,1393,1911]
[0,247,461,1669,1911]
[0,247,1669,1911]
[0,86,287,432,1619,1858,1911]
[0,432,1619,1911]
[0,42,1911]
[0,1723,1911]
[0,461,1669,1858,1911]
[0,461,1081,1911]
[0,1393,1911]
[0,1219,1911]
[0,247,461,906,1669,1911]
[0,247,461,1081,1669,1911]
[0,247,461,1081,1669,1858,1911]
[0,461,1219,1669,1911]
[0,287,432,1619,1858,1911]
[0,247,461,1219,1669,1858,1911]
[0,1081,1911]
[0,247,1669,1858,1911]
[0,461,1219,1911]
[0,287,432,1619,1911]
[0,461,1081,1669,1911]
[0,86,432,1619,1911]
[0,1619,1911]
[0,247,1723,1911]
[0,461,1723,1911]
[0,461,1081,1669,1858,1911]
[0,461,1911]
[0,42,247,1669,1911]
[0,86,432,1619,1858,1911]
[0,461,906,1669,1911]
[0,42,247,461,906,1669,1858,1911]
[0,461,906,1911]
[0,432,1393,1911]
[0,86,287,432,1619,1911]
[0,1669,1911]
[0,42,247,461,1081,1669,1858,1911]
[0,432,1911]
[0,42,247,461,1669,1911]
[0,42,247,461,1081,1669,1911]
[0,1393,1858,1911]
[0,42,247,461,1219,1669,1858,1911]
[0,42,247,461,906,1669,1911]
[0,42,247,461,1669,1858,1911]
[0,247,461,1669,1858,1911]
[0,461,1219,1669,1858,1911]
[0,1352,1911]
[0,461,1669,1911]
[0,247,461,906,1669,1858,1911]
[0,1288,1911]
[0,247,1911]
[0,1288,1723,1911]
[0,247,461,1219,1669,1911]
[0,42,247,1911]
[0,42,247,1669,1858,1911]
[0,461,906,1669,1858,1911]
