[0,270,385,647,1046]
[0,149,593,760,1046]
[0,270,363,438,593,647,794,1046]
[0,593,856,1046]
[0,201,593,856,1046]
[0,149,438,647,1046]
[0,149,438,593,760,1046]
[0,270,363,794,1046]
[0,270,385,794,1046]
[0,270,491,647,1046]
[0,149,438,593,647,760,1046]
[0,149,270,385,647,852,1046]
[0,149,438,596,856,1046]
[0,270,491,1046]
[0,760,1046]
[0,149,794,1046]
[0,149,270,438,647,1046]
[0,201,593,1046]
[0,149,596,852,1046]
[0,149,270,363,438,593,647,794,1046]
[0,149,438,593,647,1046]
[0,149,270,385,794,1046]
[0,149,385,647,794,1046]
[0,270,363,438,647,1046]
[0,149,596,856,1046]
[0,270,593,794,1046]
[0,438,1046]
[0,438,647,1046]
[0,647,1046]
[0,270,363,438,794,1046]
[0,596,852,1046]
[0,596,1046]
[0,149,270,363,593,794,1046]
[0,149,270,647,1046]
[0,438,596,856,1046]
[0,149,201,1046]
[0,270,491,647,852,1046]
[0,270,385,647,852,1046]
[0,794,1046]
[0,201,856,1046]
[0,149,1046]
[0,270,1046]
[0,149,270,363,438,593,794,1046]
[0,149,270,593,794,1046]
[0,270,363,647,1046]
[0,149,385,647,852,1046]
[0,593,647,1046]
[0,270,596,852,1046]
[0,149,438,596,852,1046]
[0,270,363,593,794,1046]
[0,149,852,1046]
[0,270,491,852,1046]
[0,149,647,1046]
[0,149,856,1046]
[0,270,852,1046]
[0,593,1046]
[0,149,270,491,647,852,1046]
[0,149,593,647,1046]
[0,385,647,852,1046]
[0,149,201,647,1046]
[0,270,593,647,1046]
[0,149,593,856,1046]
[0,438,593,760,1046]
[0,201,1046]
[0,270,647,1046]
[0,149,385,647,1046]
[0,149,270,596,852,1046]
[0,270,363,1046]
[0,270,363,438,593,647,1046]
[0,270,596,1046]
[0,149,270,385,647,794,1046]
[0,647,852,1046]
[0,438,596,852,1046]
[0,852,1046]
[0,270,794,1046]
[0,149,385,794,1046]
[0,438,852,1046]
[0,270,363,438,593,794,1046]
[0,385,1046]
[0,438,856,1046]
[0,856,1046]
[0,385,647,1046]
[0,149,270,438,596,852,1046]
[0,270,363,593,647,1046]
[0,593,760,1046]
[0,596,856,1046]
[0,81,149,270,438,647,1046]
[0,149,760,1046]
[0,270,647,852,1046]
[0,385,794,1046]
