[0,173,307,670,1229,1419]
[0,164,307,420,670,864,974,1229,1419]
[0,173,307,420,670,864,974,1229,1419]
[0,307,792,1419]
[0,419,1419]
[0,164,357,670,1229,1419]
[0,164,307,420,670,974,1229,1419]
[0,357,1419]
[0,164,307,420,670,1229,1419]
[0,192,420,1229,1419]
[0,192,420,670,1419]
[0,173,307,514,670,974,1229,1419]
[0,173,307,514,670,1229,1419]
[0,357,670,1229,1419]
[0,192,514,1229,1419]
[0,173,307,420,670,1229,1419]
[0,173,307,420,670,974,1229,1419]
[0,173,307,670,974,1229,1419]
[0,792,1419]
[0,420,1229,1419]
[0,420,670,1419]
[0,192,420,1419]
[0,192,307,420,670,864,974,1229,1419]
[0,420,1419]
[0,192,307,670,1229,1419]
[0,307,670,1419]
[0,307,670,974,1419]
[0,307,792,1229,1419]
[0,307,514,670,974,1229,1419]
[0,307,1229,1419]
[0,514,1229,1419]
[0,307,514,670,1229,1419]
[0,192,307,420,670,974,1229,1419]
[0,192,307,514,670,1229,1419]
[0,192,307,514,670,864,974,1229,1419]
[0,192,514,1419]
[0,307,670,1229,1419]
[0,307,1419]
[0,192,420,670,1229,1419]
[0,192,307,670,974,1229,1419]
[0,164,307,670,1229,1419]
[0,307,670,974,1229,1419]
[0,173,307,514,670,864,974,1229,1419]
[0,420,670,1229,1419]
[0,357,1229,1419]
[0,357,670,1419]
[0,514,1419]
[0,192,307,514,670,974,1229,1419]
[0,670,1419]
[0,164,307,670,974,1229,1419]
[0,192,307,420,670,1229,1419]
