[0,131,398,937,1853,2208,2582,3353]
[0,1211,1793,2582,3353]
[0,493,1211,2208,2582,2999,3353]
[0,493,1211,2208,2582,3353]
[0,1572,2208,2582,3353]
[0,1211,2208,2999,3353]
[0,131,1211,2208,2999,3353]
[0,2208,3353]
[0,131,398,937,1853,2208,2582,3294,3353]
[0,1211,2208,2748,3353]
[0,387,796,1211,2208,2582,3294,3353]
[0,131,1211,2208,3353]
[0,937,2208,2582,3353]
[0,1211,3353]
[0,131,493,1211,2208,3353]
[0,398,937,2208,2582,3353]
[0,131,937,2208,2582,3294,3353]
[0,131,937,2208,2582,2999,3353]
[0,387,796,1211,1793,2582,3353]
[0,2582,3353]
[0,387,2111,3353]
[0,398,937,1572,1853,2208,2582,2999,3353]
[0,937,2208,2582,2999,3353]
[0,387,796,1211,1793,2208,2582,3353]
[0,131,493,1211,1572,1853,2208,2582,2999,3353]
[0,131,1572,2208,2582,3353]
[0,131,1211,2208,2582,3353]
[0,493,1211,1572,2208,2582,2999,3353]
[0,1793,2582,3353]
[0,131,493,1211,2208,2582,2999,3353]
[0,131,387,796,1211,1793,2208,2582,3353]
[0,387,1793,2582,3353]
[0,131,1572,3353]
[0,1572,2208,3353]
[0,796,1211,1793,2582,3353]
[0,387,1211,1793,2582,3353]
[0,1516,2138,3353]
[0,493,1211,1572,2208,2582,3353]
[0,131,398,937,2208,2582,3294,3353]
[0,387,1211,1793,2208,2582,3353]
[0,387,796,1211,2208,2582,3353]
[0,131,387,1211,1793,2208,2582,3353]
[0,1793,3353]
[0,937,2208,3353]
[0,131,398,937,2208,2582,3353]
[0,387,2208,2582,3353]
[0,2138,3353]
[0,2208,2582,3353]
[0,398,2208,2999,3353]
[0,131,387,796,1211,2208,2582,3353]
[0,131,398,937,1572,1853,2208,2582,3294,3353]
[0,131,387,1211,2208,2582,3353]
[0,1572,3353]
[0,493,1211,1572,1853,2208,2582,2999,3353]
[0,1211,1572,2208,2582,3353]
[0,387,1211,2208,3353]
[0,2111,3353]
[0,131,398,937,1572,1853,2208,2582,3353]
[0,398,937,2208,3353]
[0,398,2208,3353]
[0,131,937,2208,2999,3353]
[0,398,937,1853,2208,2582,3353]
[0,937,2208,2582,3294,3353]
[0,131,398,937,1572,1853,2208,2582,2999,3353]
[0,1211,1572,2208,2582,2999,3353]
[0,387,2582,3353]
[0,131,398,937,1853,2208,2582,2999,3353]
[0,387,2208,3353]
[0,1211,1572,1853,2208,2582,2999,3353]
[0,131,2208,2999,3353]
[0,387,796,1211,2208,3353]
[0,937,2208,2999,3353]
[0,398,937,1572,1853,2208,2582,3353]
[0,387,1211,2208,2582,3353]
[0,1211,2208,3353]
[0,493,1211,2208,2999,3353]
[0,1211,2208,2582,3353]
[0,398,2208,2582,3353]
[0,493,1211,2208,2748,3353]
[0,131,937,2208,2582,3353]
[0,131,387,796,1211,1793,2208,2582,3294,3353]
[0,131,387,796,1211,2208,2582,3294,3353]
[0,131,398,937,2208,2582,2999,3353]
[0,1211,2582,3353]
[0,796,1211,2208,3353]
[0,493,1211,2208,3353]
[0,131,2582,3353]
[0,131,937,2208,3353]
[0,131,2208,3353]
[0,398,937,1853,2208,2582,2999,3353]
[0,131,493,1211,2208,2999,3353]
[0,2208,2999,3353]
[0,1211,2208,2582,2999,3353]
[0,131,493,1211,2208,2748,3353]
[0,131,493,1211,1572,2208,2582,2999,3353]
[0,131,2208,2582,3353]
[0,398,937,2208,2582,2999,3353]
[0,398,937,2208,2999,3353]
