[0,642,1180]
[0,91,139,204,838,923,1046,1180]
[0,204,1180]
[0,193,1180]
[0,838,923,1180]
[0,204,642,838,1180]
[0,91,204,838,1180]
[0,193,642,838,923,1180]
[0,91,204,642,923,1180]
[0,91,139,204,642,838,923,1046,1135,1180]
[0,923,1180]
[0,91,204,642,838,923,1180]
[0,204,642,923,1180]
[0,193,642,923,1180]
[0,91,204,642,838,1046,1180]
[0,193,838,1180]
[0,193,838,923,1180]
[0,91,139,204,838,923,1046,1135,1180]
[0,91,204,838,923,1180]
[0,838,1180]
[0,193,642,1180]
[0,204,642,838,923,1180]
[0,91,139,838,923,1180]
[0,139,1180]
[0,204,642,1046,1180]
[0,91,139,204,642,838,923,1046,1180]
[0,91,204,838,1046,1180]
[0,204,642,838,1046,1180]
[0,139,838,923,1180]
[0,91,139,204,838,923,1135,1180]
[0,91,204,642,838,923,1046,1180]
[0,91,139,204,838,923,1180]
[0,204,838,923,1180]
[0,204,838,1180]
[0,91,139,204,642,838,923,1180]
[0,204,642,1180]
[0,204,838,1046,1180]
[0,139,838,1180]
[0,193,642,1056,1180]
[0,91,204,838,923,1046,1180]
[0,642,923,1180]
