[0,107,345,580,751,1138,1264]
[0,345,580,751,1196,1264]
[0,345,580,934,1106,1264]
[0,345,580,751,934,1264]
[0,107,345,580,899,1106,1264]
[0,107,345,899,1106,1196,1264]
[0,158,345,899,1106,1196,1264]
[0,107,345,580,751,1264]
[0,158,345,580,751,1106,1196,1264]
[0,107,345,580,934,1138,1264]
[0,345,1264]
[0,641,751,1138,1196,1264]
[0,580,934,1264]
[0,580,899,1264]
[0,158,345,899,1106,1264]
[0,158,1264]
[0,580,641,751,1138,1264]
[0,107,345,580,751,1196,1264]
[0,107,1264]
[0,107,899,1106,1264]
[0,641,751,1264]
[0,934,1106,1264]
[0,580,1138,1264]
[0,934,1106,1196,1264]
[0,107,345,406,580,641,751,934,1138,1264]
[0,1196,1264]
[0,107,345,406,580,641,751,934,1138,1196,1264]
[0,107,580,641,751,1138,1196,1264]
[0,107,580,1138,1196,1264]
[0,107,345,580,641,751,1138,1196,1264]
[0,107,345,406,580,641,751,1264]
[0,345,580,1138,1264]
[0,107,345,406,580,641,751,1138,1264]
[0,158,345,580,934,1106,1196,1264]
[0,107,580,641,751,1264]
[0,158,345,580,751,934,1106,1264]
[0,899,1106,1264]
[0,107,345,580,641,751,934,1138,1264]
[0,1138,1196,1264]
[0,158,345,580,899,1106,1264]
[0,158,345,934,1106,1196,1264]
[0,345,751,1138,1264]
[0,345,751,1264]
[0,158,345,580,641,751,1106,1196,1264]
[0,158,751,1106,1196,1264]
[0,107,345,580,641,751,1138,1264]
[0,107,641,751,1264]
[0,751,1196,1264]
[0,107,580,1264]
[0,158,751,1264]
[0,345,580,934,1264]
[0,641,751,1138,1264]
[0,345,580,899,1106,1264]
[0,158,345,751,1106,1196,1264]
[0,158,899,1106,1196,1264]
[0,345,580,751,1264]
[0,158,934,1106,1196,1264]
[0,158,345,406,580,641,751,1106,1196,1264]
[0,107,345,406,580,641,751,1138,1196,1264]
[0,158,345,934,1106,1264]
[0,107,345,580,899,1106,1196,1264]
[0,345,751,1196,1264]
[0,751,1138,1196,1264]
[0,107,899,1106,1196,1264]
[0,107,345,580,641,751,1264]
[0,107,345,580,1264]
[0,107,345,580,1196,1264]
[0,580,934,1138,1264]
[0,680,1264]
[0,158,345,580,751,934,1106,1196,1264]
[0,107,345,899,1106,1264]
[0,345,934,1264]
[0,158,345,580,934,1106,1264]
[0,345,580,751,934,1138,1264]
[0,580,1196,1264]
[0,107,580,641,751,1138,1264]
[0,107,345,580,1138,1196,1264]
[0,751,1106,1196,1264]
[0,345,934,1106,1264]
[0,158,934,1264]
[0,107,641,751,1138,1264]
[0,751,1264]
[0,680,1138,1264]
[0,107,580,1196,1264]
[0,107,1196,1264]
[0,580,1264]
[0,899,1106,1196,1264]
[0,345,580,1196,1264]
[0,751,1138,1264]
[0,107,345,580,751,934,1138,1264]
[0,345,580,751,934,1106,1264]
[0,107,751,1264]
[0,158,345,751,1264]
[0,158,345,751,1106,1264]
[0,345,580,751,1106,1264]
[0,580,641,751,1138,1196,1264]
[0,580,641,751,1264]
[0,580,934,1106,1264]
[0,158,345,406,580,641,751,934,1106,1196,1264]
[0,345,680,1138,1264]
[0,158,345,580,641,751,934,1106,1196,1264]
[0,345,580,1264]
[0,158,934,1106,1264]
[0,158,345,580,751,1106,1264]
[0,107,345,580,934,1138,1196,1264]
[0,345,899,1264]
[0,107,345,580,1138,1264]
[0,345,580,751,1138,1264]
[0,158,345,1264]
[0,751,1106,1264]
[0,580,899,1106,1264]
[0,107,345,751,1264]
[0,580,1138,1196,1264]
[0,345,580,934,1138,1264]
[0,158,345,899,1264]
[0,107,345,751,1138,1264]
[0,345,680,1264]
[0,934,1264]
[0,899,1264]
[0,158,345,580,899,1106,1196,1264]
[0,345,899,1106,1264]
[0,345,580,899,1264]
[0,345,751,1106,1264]
[0,158,899,1106,1264]
[0,934,1138,1264]
[0,158,751,1106,1264]
