[0,72,179,1031,1136,1197]
[0,212,427,622,726,1031,1197]
[0,177,622,1197]
[0,72,177,1197]
[0,177,363,622,1197]
[0,212,544,1197]
[0,72,212,427,1031,1136,1197]
[0,72,212,427,1197]
[0,72,427,1031,1136,1197]
[0,363,1197]
[0,427,622,1197]
[0,72,622,1031,1197]
[0,1136,1197]
[0,72,427,1197]
[0,72,179,346,622,726,1031,1197]
[0,72,177,363,622,1031,1197]
[0,212,427,622,1197]
[0,72,212,427,622,726,1031,1136,1197]
[0,72,212,544,1031,1197]
[0,72,622,1031,1136,1197]
[0,72,427,1031,1197]
[0,212,427,1031,1197]
[0,544,1031,1136,1197]
[0,622,1031,1136,1197]
[0,72,179,346,622,726,1031,1136,1197]
[0,179,1031,1197]
[0,72,179,346,622,1031,1197]
[0,72,544,1031,1136,1197]
[0,177,1197]
[0,72,622,726,1031,1136,1197]
[0,179,346,622,1031,1197]
[0,72,1031,1136,1197]
[0,179,346,1197]
[0,72,177,363,622,726,1031,1197]
[0,72,177,622,1031,1136,1197]
[0,72,427,622,1031,1197]
[0,72,622,1197]
[0,179,346,1031,1197]
[0,212,427,622,1031,1197]
[0,72,179,346,1031,1136,1197]
[0,72,179,346,622,1031,1136,1197]
[0,544,1197]
[0,766,1197]
[0,1031,1136,1197]
[0,72,1031,1197]
[0,72,544,1031,1197]
[0,212,544,1031,1197]
[0,72,212,427,622,726,1031,1197]
[0,72,212,427,1031,1197]
[0,72,179,346,1031,1197]
[0,72,179,1197]
[0,177,363,622,1031,1197]
[0,179,346,622,726,1031,1197]
[0,427,1197]
[0,72,622,726,1031,1197]
[0,72,179,1031,1197]
[0,427,1031,1197]
[0,212,766,1197]
[0,212,427,1197]
[0,72,177,363,622,1031,1136,1197]
[0,427,622,726,1031,1197]
[0,427,622,1031,1197]
[0,72,427,622,726,1031,1197]
[0,72,177,622,1031,1197]
[0,72,177,363,622,726,1031,1136,1197]
[0,346,1197]
[0,72,1197]
[0,427,1031,1136,1197]
[0,72,212,544,1031,1136,1197]
[0,622,1197]
[0,177,363,622,726,1031,1197]
[0,363,622,1197]
[0,72,179,346,1197]
[0,622,1031,1197]
[0,177,363,1197]
[0,179,346,622,1197]
[0,72,212,427,622,1031,1136,1197]
[0,1031,1197]
[0,177,622,1031,1197]
[0,544,1031,1197]
[0,179,1197]
[0,72,177,622,1197]
[0,622,726,1031,1197]
[0,72,212,427,622,1031,1197]
[0,346,622,1197]
