[0,238,979,1503,1806,2053]
[0,238,863,979,1503,1806,1977,2053]
[0,1503,1560,2053]
[0,979,1503,2053]
[0,238,863,979,1503,1977,2053]
[0,238,1503,1806,2053]
[0,238,863,979,1503,1560,2053]
[0,1503,2053]
[0,1524,2053]
[0,1503,1806,2053]
[0,1560,2053]
[0,238,863,979,1503,1560,1977,2053]
[0,238,1503,2053]
[0,238,1503,1806,1977,2053]
[0,238,1503,1560,2053]
[0,238,979,1503,1560,2053]
[0,238,863,979,1503,1806,2053]
[0,238,863,979,1503,1560,1806,1977,2053]
[0,1551,2053]
[0,238,863,979,1503,2053]
[0,238,979,1503,2053]
[0,979,1503,1806,2053]
[0,238,979,1503,1806,1977,2053]
