[0,308,1657,1765,1911]
[0,308,1195,1551,1657,1765,1911]
[0,308,1195,1772,1911]
[0,308,589,1082,1683,1911]
[0,308,1082,1683,1911]
[0,308,544,1082,1911]
[0,308,1044,1195,1772,1911]
[0,308,589,1082,1911]
[0,1082,1911]
[0,308,544,1082,1657,1911]
[0,308,1772,1911]
[0,308,1551,1657,1772,1911]
[0,1195,1911]
[0,308,1195,1657,1772,1911]
[0,308,1044,1195,1657,1772,1911]
[0,308,1195,1911]
[0,308,1911]
[0,308,1195,1551,1657,1772,1911]
[0,308,1657,1772,1911]
[0,345,1911]
[0,308,1195,1765,1911]
[0,308,1044,1195,1911]
[0,308,1551,1657,1765,1911]
[0,308,1765,1911]
[0,308,1082,1657,1911]
[0,308,1195,1657,1765,1911]
[0,698,1911]
[0,308,1082,1911]
