[0,325,470,830,1180]
[0,193,704,830,1055,1180]
[0,193,325,830,1180]
[0,193,830,884,1180]
[0,193,269,325,704,830,884,1180]
[0,193,269,325,704,830,1180]
[0,470,1180]
[0,193,325,704,830,1055,1180]
[0,193,830,1180]
[0,193,325,470,704,830,1055,1180]
[0,470,830,1180]
[0,342,830,1180]
[0,325,470,830,1055,1180]
[0,193,830,1055,1180]
[0,193,658,830,1180]
[0,193,830,892,1180]
[0,830,884,1180]
[0,193,269,830,884,1180]
[0,144,193,830,892,1180]
[0,193,704,830,1180]
[0,830,1180]
[0,342,658,830,1180]
[0,325,830,1055,1180]
[0,359,1180]
[0,830,892,1180]
[0,193,658,830,1055,1180]
[0,193,269,830,1180]
[0,193,269,325,830,884,1180]
[0,193,325,470,704,830,1180]
[0,144,193,269,830,884,1180]
[0,193,325,470,830,1180]
[0,144,193,269,325,830,884,1180]
[0,193,470,830,1180]
[0,193,325,704,830,1180]
[0,144,193,269,325,704,830,884,1180]
[0,325,830,892,1180]
[0,359,830,1180]
[0,325,830,1180]
[0,193,269,325,830,1180]
[0,144,193,830,1180]
[0,144,193,830,884,1180]
