[0,310,741,891,984,1796,1928,2120]
[0,310,741,891,984,1928,2120]
[0,310,741,1524,2120]
[0,310,741,984,1138,1524,1796,1928,2120]
[0,310,882,2120]
[0,310,891,2120]
[0,310,741,2120]
[0,310,424,741,984,2120]
[0,329,2120]
[0,310,424,741,882,984,2120]
[0,310,741,1392,2120]
[0,424,741,2120]
[0,310,520,741,984,1796,1928,2120]
[0,310,741,984,1138,2120]
[0,310,741,984,1871,2120]
[0,310,882,984,2120]
[0,882,984,2120]
[0,310,741,984,1138,1524,1796,2120]
[0,310,741,882,984,1796,1871,2120]
[0,741,984,2120]
[0,310,424,741,882,984,1871,2120]
[0,424,741,984,2120]
[0,984,2120]
[0,310,741,1871,2120]
[0,310,741,984,1138,1796,1928,2120]
[0,310,741,984,1138,1392,2120]
[0,138,520,741,984,1796,1928,2120]
[0,310,882,984,1871,2120]
[0,310,424,741,882,984,1796,1871,2120]
[0,891,984,2120]
[0,310,520,741,984,1928,2120]
[0,310,424,741,984,1138,1392,1524,2120]
[0,310,520,741,891,984,1796,1928,2120]
[0,138,520,741,984,1928,2120]
[0,310,741,984,1138,1392,1524,1796,2120]
[0,310,741,984,1138,1392,1524,1796,1871,2120]
[0,310,2120]
[0,882,2120]
[0,310,520,741,984,2120]
[0,310,741,984,1138,1392,1524,2120]
[0,310,741,882,984,1871,2120]
[0,741,1524,2120]
[0,310,741,984,1392,2120]
[0,741,2120]
[0,310,741,984,1138,1928,2120]
[0,138,741,2120]
[0,310,741,891,984,2120]
[0,310,741,984,1138,1796,2120]
[0,520,741,984,2120]
[0,310,424,741,984,1796,1871,2120]
[0,741,1796,2120]
[0,310,882,1871,2120]
[0,310,741,984,1796,2120]
[0,138,520,741,984,2120]
[0,310,741,984,1928,2120]
[0,310,741,1524,1796,2120]
[0,310,741,984,2120]
[0,138,741,984,2120]
[0,310,741,1796,2120]
[0,310,424,741,984,1138,1392,1524,1796,2120]
[0,310,741,984,1796,1871,2120]
[0,310,741,984,1796,1928,2120]
[0,310,424,741,984,1138,1392,1524,1796,1871,2120]
[0,310,891,984,2120]
[0,310,741,984,1524,1796,2120]
[0,917,2120]
[0,310,424,741,984,1871,2120]
[0,520,741,984,1928,2120]
[0,310,741,984,1138,1392,1524,1796,1928,2120]
[0,310,741,882,984,2120]
[0,891,2120]
[0,310,741,984,1524,2120]
[0,310,882,984,1796,1871,2120]
[0,138,2120]
[0,741,1392,2120]
[0,329,917,2120]
