[0,278,1651]
[0,339,685,1651]
[0,291,685,1003,1144,1387,1651]
[0,291,1141,1651]
[0,93,291,685,925,1141,1387,1651]
[0,291,1144,1387,1651]
[0,1141,1651]
[0,93,291,685,1144,1387,1651]
[0,925,1230,1651]
[0,685,1651]
[0,339,685,925,1141,1230,1651]
[0,278,685,1651]
[0,93,291,685,1003,1144,1387,1651]
[0,291,1651]
[0,685,1387,1651]
[0,339,685,1144,1651]
[0,291,925,1230,1651]
[0,1141,1387,1651]
[0,291,685,1141,1387,1651]
[0,278,1144,1387,1651]
[0,278,685,1054,1387,1651]
[0,339,685,925,1141,1651]
[0,685,1054,1651]
[0,93,291,685,925,1141,1230,1651]
[0,1230,1651]
[0,339,685,1141,1651]
[0,1054,1651]
[0,291,685,1144,1651]
[0,339,685,1141,1387,1651]
[0,291,685,925,1144,1651]
[0,278,685,1054,1651]
[0,93,291,685,925,1141,1230,1387,1651]
[0,685,1144,1651]
[0,339,1144,1651]
[0,291,685,925,1144,1387,1651]
[0,291,1230,1651]
[0,278,685,1003,1144,1387,1651]
[0,339,1141,1387,1651]
[0,1144,1651]
[0,339,1144,1387,1651]
[0,93,291,685,925,1141,1651]
[0,291,685,925,1141,1387,1651]
[0,278,685,1144,1651]
[0,278,1144,1651]
[0,278,685,1144,1387,1651]
[0,1144,1387,1651]
[0,339,685,925,1141,1230,1387,1651]
[0,291,1144,1651]
[0,93,291,685,925,1144,1387,1651]
[0,339,1141,1651]
[0,291,685,925,1141,1651]
[0,291,685,925,1141,1230,1651]
[0,339,685,1144,1387,1651]
[0,339,685,925,1141,1387,1651]
[0,291,685,1141,1651]
[0,685,1141,1651]
[0,291,685,1144,1387,1651]
[0,339,685,1003,1144,1387,1651]
[0,291,1141,1387,1651]
