[0,660,1403,1865,2372,2699,3353]
[0,1074,1403,1865,2372,2699,3241,3353]
[0,2372,2701,3241,3353]
[0,1409,2372,3027,3353]
[0,3027,3353]
[0,523,1403,2372,3241,3353]
[0,1099,1409,1724,2372,2981,3353]
[0,1099,1409,3027,3353]
[0,500,660,2372,2701,3353]
[0,1462,3353]
[0,1099,1409,1724,2372,3027,3353]
[0,507,2372,3353]
[0,660,1403,2372,3353]
[0,523,1865,2372,3353]
[0,660,1403,1865,2372,3353]
[0,1403,1865,2372,2981,3353]
[0,1099,1409,2372,2981,3353]
[0,1074,1403,1865,2372,3241,3353]
[0,1230,3353]
[0,523,1409,2372,2981,3353]
[0,1074,1403,1865,2372,2981,3241,3353]
[0,523,1403,2372,3353]
[0,1099,2372,3027,3353]
[0,2372,3027,3353]
[0,1403,2372,3353]
[0,523,1409,2372,2701,3353]
[0,1230,2936,3353]
[0,507,1428,2372,3353]
[0,1403,1865,2372,2699,3353]
[0,660,1403,3353]
[0,2372,3353]
[0,1409,1724,2372,3027,3353]
[0,2372,2981,3241,3353]
[0,523,1099,1409,2372,2981,3241,3353]
[0,660,1403,1865,3353]
[0,1099,1409,2372,3353]
[0,523,1403,3241,3353]
[0,500,660,1409,2372,2701,3353]
[0,523,660,1403,1865,2372,2699,3241,3353]
[0,523,2372,3353]
[0,523,1409,1724,2372,2981,3353]
[0,507,1462,2936,3353]
[0,507,1462,3353]
[0,500,660,1409,2372,2701,3241,3353]
[0,507,1428,2372,3027,3353]
[0,523,1099,1409,1724,2372,2981,3353]
[0,523,1409,2372,2701,3241,3353]
[0,1403,3353]
[0,1409,3027,3353]
[0,523,1403,1865,2372,3353]
[0,1409,2372,2981,3353]
[0,1099,2372,2981,3241,3353]
[0,1403,1865,2372,3353]
[0,523,2372,2701,3241,3353]
[0,523,1403,3353]
[0,660,1409,3353]
[0,1099,2372,3353]
[0,1099,3353]
[0,507,1345,1724,2372,3027,3353]
[0,523,1099,1409,1724,2372,2981,3241,3353]
[0,1409,3353]
[0,523,1099,1409,2372,2981,3353]
[0,1099,1409,1724,2372,2981,3241,3353]
[0,507,1345,2372,3353]
[0,2372,3241,3353]
[0,1074,1403,1865,2372,3353]
[0,1865,2372,3353]
[0,2936,3353]
[0,660,2372,3353]
[0,507,1345,2372,3027,3353]
[0,1099,1409,2372,2981,3241,3353]
[0,660,1409,2372,2701,3353]
[0,660,2372,2701,3353]
[0,1345,3353]
[0,1345,2372,3353]
[0,523,660,1403,1865,2372,2699,3353]
[0,523,2372,2981,3353]
[0,660,3353]
[0,1462,2936,3353]
[0,1099,2372,2981,3353]
[0,1099,1409,2372,3027,3353]
[0,2372,2981,3353]
[0,1409,2372,3353]
[0,523,2372,2981,3241,3353]
[0,523,1409,2372,3353]
[0,1074,1403,1865,2372,2981,3353]
[0,523,1409,2372,2981,3241,3353]
[0,523,2372,2701,3353]
[0,1409,1724,2372,2981,3353]
[0,2372,2701,3353]
[0,1428,2372,3353]
[0,660,1409,2372,3353]
[0,1099,1409,3353]
[0,507,1345,1724,2372,3353]
[0,1074,1403,1865,2372,2699,3353]
[0,507,2372,3027,3353]
