[0,2755,2812]
[0,1976,2812]
[0,302,1060,1370,1838,2210,2812]
[0,302,1060,1370,1838,2210,2644,2812]
[0,302,660,1111,2211,2706,2812]
[0,302,1060,1370,2210,2812]
[0,2211,2812]
[0,1060,2812]
[0,1060,1838,2210,2812]
[0,1370,2210,2812]
[0,302,1989,2706,2812]
[0,1989,2812]
[0,1060,1370,2210,2812]
[0,1060,2210,2812]
[0,302,2644,2812]
[0,302,1060,1370,1838,1960,2644,2812]
[0,302,660,2211,2706,2812]
[0,302,660,2211,2812]
[0,302,1398,2211,2706,2812]
[0,302,1060,1370,1838,1960,2210,2644,2812]
[0,1960,2812]
[0,302,2211,2706,2812]
[0,302,2210,2644,2812]
[0,1370,2812]
[0,660,1398,2812]
[0,302,1370,2210,2812]
[0,302,660,1398,2211,2706,2812]
[0,302,660,1111,2211,2812]
[0,660,1111,2211,2812]
[0,660,1398,2211,2812]
[0,302,2210,2812]
[0,302,1370,1960,2644,2812]
[0,616,1989,2706,2812]
[0,1398,2812]
[0,302,1060,1370,2210,2644,2812]
[0,302,2812]
[0,302,1989,2812]
[0,1398,2211,2812]
[0,302,1976,2755,2812]
[0,1370,1960,2812]
[0,1060,1370,1838,2210,2812]
[0,302,1370,2210,2644,2812]
[0,302,1060,1370,1960,2812]
[0,302,1960,2644,2812]
[0,1060,1370,1960,2812]
[0,2210,2812]
[0,632,2812]
[0,2221,2812]
[0,302,1976,2812]
[0,302,2755,2812]
[0,632,2221,2812]
[0,302,1960,2812]
[0,302,660,1398,2211,2812]
[0,302,1398,2211,2812]
[0,302,2211,2812]
[0,616,2812]
[0,1060,1960,2812]
[0,660,2812]
[0,302,1370,1960,2812]
[0,302,2211,2755,2812]
[0,302,1060,1370,1960,2644,2812]
[0,616,1989,2812]
[0,660,2211,2812]
