[0,640,2211]
[0,640,854,1316,1576,2211]
[0,640,1316,1867,2211]
[0,640,1316,1576,1867,2211]
[0,640,854,1316,1576,1784,2211]
[0,640,1316,1576,2211]
[0,590,640,854,1316,1426,1576,1867,2211]
[0,640,1316,2211]
[0,640,854,1316,1426,2211]
[0,640,854,1316,1426,1784,2211]
[0,640,854,1316,1576,1867,2211]
[0,640,1316,1426,2211]
[0,640,854,1316,1784,2211]
[0,640,854,1316,1576,1784,1951,2211]
[0,590,640,854,1316,1426,1576,1784,1951,2211]
[0,640,854,1316,1426,1576,1784,2211]
[0,640,854,1316,1426,1576,2211]
[0,640,854,1316,1426,1576,1784,1951,2211]
[0,640,854,1316,2211]
[0,1316,2211]
[0,590,640,854,1316,1426,1576,1784,2211]
[0,640,1316,1576,1784,2211]
[0,640,1316,1784,2211]
[0,640,854,1316,1426,1576,1867,2211]
