[0,774,1327]
[0,354,542,729,1327]
[0,354,542,729,1113,1163,1327]
[0,410,774,1327]
[0,354,542,729,1163,1211,1327]
[0,354,774,1113,1327]
[0,354,542,1211,1327]
[0,1119,1163,1327]
[0,354,1163,1211,1327]
[0,1163,1327]
[0,354,542,729,1211,1327]
[0,354,729,1327]
[0,354,542,1327]
[0,1119,1327]
[0,354,542,729,1119,1163,1211,1327]
[0,542,1327]
[0,354,542,1263,1327]
[0,1211,1327]
[0,354,1113,1163,1211,1327]
[0,729,1327]
[0,1119,1163,1211,1327]
[0,354,1263,1327]
[0,354,542,729,1263,1327]
[0,354,542,774,1263,1327]
[0,354,542,729,1113,1163,1211,1327]
[0,354,542,729,1113,1327]
[0,354,542,774,1113,1327]
[0,354,542,1113,1327]
[0,354,1113,1327]
[0,354,774,1327]
[0,354,1327]
[0,1113,1163,1211,1327]
[0,354,542,774,1327]
[0,354,542,1113,1163,1211,1327]
[0,542,1163,1327]
[0,354,1113,1163,1327]
[0,354,542,1113,1163,1327]
[0,1113,1327]
[0,1113,1163,1327]
[0,354,542,774,1113,1264,1327]
[0,354,542,1163,1211,1327]
[0,1163,1211,1327]
[0,354,1119,1163,1211,1327]
[0,354,542,1119,1163,1211,1327]
[0,354,542,774,1163,1211,1327]
[0,354,542,729,1264,1327]
[0,354,1211,1327]
[0,354,542,774,1264,1327]
[0,354,542,774,1211,1327]
