[0,82,618,1268,1632]
[0,82,1268,1632]
[0,701,1632]
[0,1337,1632]
[0,174,701,1069,1268,1632]
[0,82,174,701,1268,1632]
[0,82,174,345,701,1069,1268,1632]
[0,82,174,618,1069,1335,1632]
[0,82,1632]
[0,701,1069,1268,1632]
[0,174,618,1337,1632]
[0,82,174,345,618,1337,1632]
[0,701,1268,1632]
[0,174,618,1335,1632]
[0,345,618,1268,1632]
[0,174,1335,1632]
[0,174,618,1069,1335,1632]
[0,82,174,345,618,1069,1337,1632]
[0,82,174,701,1069,1268,1632]
[0,374,618,1268,1632]
[0,174,618,1069,1337,1632]
[0,174,345,618,1069,1337,1632]
[0,618,1069,1335,1632]
[0,1268,1632]
[0,174,345,618,1337,1632]
[0,1335,1632]
[0,618,1069,1337,1632]
[0,82,618,1069,1335,1632]
[0,174,345,618,1268,1632]
[0,174,1632]
[0,174,345,701,1069,1268,1632]
[0,174,1337,1632]
[0,82,345,618,1337,1632]
[0,618,1335,1632]
[0,82,701,1268,1632]
[0,618,1337,1632]
[0,82,174,618,1069,1268,1632]
[0,82,174,374,618,1069,1268,1632]
[0,374,618,1069,1268,1632]
[0,174,345,618,1069,1268,1632]
[0,82,701,1069,1268,1632]
[0,618,1069,1268,1632]
[0,174,618,1268,1632]
[0,345,1632]
[0,82,618,1335,1632]
[0,82,174,345,618,1268,1632]
[0,82,1335,1632]
[0,82,174,345,618,1069,1268,1632]
[0,82,618,1337,1632]
[0,174,345,701,1268,1632]
[0,618,1632]
[0,174,618,1069,1268,1632]
[0,174,1268,1632]
[0,82,618,1069,1268,1632]
[0,82,345,618,1268,1632]
[0,82,1337,1632]
[0,618,1268,1632]
[0,345,1268,1632]
[0,174,374,618,1069,1268,1632]
[0,174,701,1268,1632]
[0,345,618,1337,1632]
[0,82,174,345,701,1268,1632]
