[0,307,589,851,1043,1405,1672,1751,2189]
[0,307,589,851,1043,2136,2189]
[0,1043,2189]
[0,851,1062,1691,1733,2136,2189]
[0,307,589,851,1043,1405,1672,2189]
[0,851,1062,1672,1751,2136,2189]
[0,589,851,1062,1672,1751,2136,2189]
[0,307,589,851,1062,2189]
[0,288,589,1043,2136,2189]
[0,589,1011,1062,2136,2189]
[0,589,1043,1672,2189]
[0,307,589,1043,2189]
[0,307,589,1011,1062,2136,2189]
[0,851,1062,1672,2136,2189]
[0,851,1062,1672,1751,2189]
[0,307,589,1062,2136,2189]
[0,851,1062,1672,2189]
[0,589,851,1062,1691,2136,2189]
[0,589,1062,1691,2189]
[0,307,589,1011,1062,1691,2136,2189]
[0,589,1043,1751,2189]
[0,537,1043,2189]
[0,589,851,1062,1691,1733,2136,2189]
[0,1011,1062,2136,2189]
[0,1062,1691,2136,2189]
[0,589,1043,1751,2136,2189]
[0,589,1043,1672,1751,2189]
[0,307,589,1043,2136,2189]
[0,589,851,1062,1672,2189]
[0,307,589,851,1062,1672,1751,2136,2189]
[0,307,589,851,1062,1691,2136,2189]
[0,589,1043,1672,1751,2136,2189]
[0,589,851,1043,2189]
[0,851,1043,2189]
[0,1011,1062,1691,2189]
[0,589,1062,1691,2136,2189]
[0,1011,1062,1691,1733,2189]
[0,589,851,1062,2136,2189]
[0,1062,2136,2189]
[0,307,589,851,1062,1691,2189]
[0,307,589,1043,1672,1751,2189]
[0,1062,1691,2189]
[0,1011,1062,1691,1733,2136,2189]
[0,589,1062,2189]
[0,589,851,1062,1672,1751,2189]
[0,589,851,1062,2189]
[0,307,589,851,1062,1672,1751,2189]
[0,307,589,851,1043,1672,1751,2189]
[0,307,589,851,1043,1672,2189]
[0,851,1062,2189]
[0,589,1062,2136,2189]
[0,589,851,1062,1691,2189]
[0,589,1011,1062,1691,1733,2136,2189]
[0,307,589,1062,1691,2136,2189]
[0,307,589,1062,1672,2189]
[0,1011,1062,2189]
[0,307,589,1043,1405,1672,2189]
[0,288,589,851,1043,2136,2189]
[0,851,1062,1691,2136,2189]
[0,307,589,851,1043,1405,1672,1751,2136,2189]
[0,537,1043,2136,2189]
[0,851,1062,1691,1733,2189]
[0,589,1011,1062,1691,2136,2189]
[0,589,851,1043,2136,2189]
[0,589,2189]
[0,307,589,1043,1672,2189]
[0,288,589,851,1043,2189]
[0,307,589,851,1062,1672,2189]
[0,589,1043,2136,2189]
[0,2136,2189]
[0,307,589,1062,1691,2189]
[0,1062,2189]
[0,851,1062,2136,2189]
[0,1062,1672,2189]
[0,1043,2136,2189]
[0,589,1043,2189]
[0,307,589,851,1043,2189]
[0,307,589,1062,2189]
[0,307,589,851,1062,1691,1733,2136,2189]
[0,851,1062,1691,2189]
[0,307,589,1043,1672,1751,2136,2189]
[0,307,589,851,1062,2136,2189]
[0,1011,1062,1691,2136,2189]
[0,288,589,1043,2189]
[0,589,1672,2189]
[0,307,589,851,1043,1672,1751,2136,2189]
[0,851,1043,2136,2189]
[0,589,1062,1672,2189]
[0,307,589,1011,1062,1691,1733,2136,2189]
