[0,345,1212,1704,2222,3353]
[0,345,1212,1704,3153,3353]
[0,686,1576,1704,2028,2561,3353]
[0,345,1212,1704,3353]
[0,345,1212,1704,2561,3353]
[0,345,1212,1643,3153,3353]
[0,686,1212,1576,1704,2028,2561,3353]
[0,345,1212,1704,2222,3153,3353]
[0,686,1212,1704,2561,3353]
[0,686,1212,2561,3353]
[0,1212,1643,3353]
[0,345,1212,1704,2028,3353]
[0,1213,3353]
[0,345,1212,3353]
[0,686,1212,1704,2028,2561,3353]
[0,345,1212,1528,1704,2222,3153,3353]
[0,1212,2561,3353]
[0,1576,3353]
[0,345,1212,1704,2222,3247,3353]
[0,686,1576,2028,2561,3353]
[0,1212,2222,3353]
[0,686,1576,2561,3353]
[0,686,1704,2222,3353]
[0,686,2561,3353]
[0,686,2222,3353]
[0,686,2222,2561,3353]
[0,345,1212,1704,2222,2712,3353]
[0,345,1212,1704,2028,2561,3353]
[0,2222,3353]
[0,345,1212,1704,2028,3153,3353]
[0,345,1212,1528,1704,2222,3247,3353]
[0,1212,1704,2561,3353]
[0,1212,1704,2222,3353]
[0,345,1212,1528,1704,3353]
[0,345,1212,1528,1704,2222,2712,3353]
[0,345,3353]
[0,1212,3247,3353]
[0,1212,1704,3353]
[0,345,1212,2561,3353]
[0,345,1212,3153,3353]
[0,345,1212,1528,1704,2222,2712,3247,3353]
[0,345,1212,1528,1704,2222,2712,3152,3247,3353]
[0,686,1576,1704,2222,2561,3247,3353]
[0,345,1212,1643,3353]
[0,686,1576,1704,3353]
[0,345,1212,1528,1704,2028,3153,3353]
[0,345,1212,1528,1704,3153,3353]
[0,345,1212,1528,1704,2222,3353]
[0,686,3353]
[0,1212,1704,3247,3353]
[0,686,1576,1704,2561,3353]
[0,345,1576,3353]
[0,1212,1704,2222,3247,3353]
[0,345,1212,1528,1704,2222,3152,3247,3353]
[0,1212,1704,2222,2712,3353]
[0,686,1704,2222,2561,3353]
[0,2561,3353]
[0,1212,3353]
[0,686,1576,3353]
[0,1576,2561,3353]
[0,686,1576,1704,2222,2561,3353]
