[0,317,1392,1854,2351,2608,2824]
[0,74,317,647,1392,1891,2351,2613,2824]
[0,263,922,1332,2824]
[0,317,1392,1790,1891,2351,2613,2824]
[0,317,647,922,1392,1891,2351,2824]
[0,74,317,1392,2824]
[0,317,1392,1891,2351,2613,2824]
[0,461,2824]
[0,41,317,647,1392,1794,1854,2351,2608,2824]
[0,461,1392,2608,2824]
[0,317,1392,1794,1854,2351,2608,2824]
[0,41,317,1392,1794,1854,2351,2608,2824]
[0,317,647,922,1392,1854,2351,2608,2824]
[0,317,647,1392,1891,2824]
[0,41,317,647,922,1392,1794,1854,2351,2608,2824]
[0,1392,1891,2824]
[0,317,647,1392,1891,2351,2824]
[0,317,647,1392,2824]
[0,41,317,1392,1854,2351,2608,2824]
[0,74,317,1392,1790,1891,2351,2613,2824]
[0,1332,2824]
[0,317,647,1392,1891,2351,2613,2824]
[0,317,1392,2613,2824]
[0,317,1392,1891,2824]
[0,317,1392,2351,2824]
[0,263,461,1392,2351,2613,2824]
[0,263,1332,2824]
[0,461,1392,2613,2824]
[0,461,1392,2351,2824]
[0,647,2824]
[0,74,317,647,922,1392,1891,2351,2613,2824]
[0,317,1392,2608,2824]
[0,647,1392,1891,2824]
[0,74,317,647,922,1392,1790,1891,2351,2613,2824]
[0,317,1392,1891,2351,2824]
[0,1392,1891,2351,2824]
[0,74,317,1392,2613,2824]
[0,41,317,2824]
[0,647,1392,2351,2824]
[0,647,1392,1891,2351,2824]
[0,74,317,1392,1891,2351,2613,2824]
[0,317,1392,2824]
[0,461,1392,2351,2613,2824]
[0,317,647,1392,1854,2824]
[0,317,647,922,1392,1790,1891,2351,2613,2824]
[0,1392,1854,2824]
[0,317,647,1392,1794,1854,2351,2608,2824]
[0,317,647,1392,1854,2351,2824]
[0,317,647,922,1392,1794,1854,2351,2608,2824]
[0,317,647,922,1392,1854,2824]
[0,41,317,1392,2608,2824]
[0,317,647,1392,1854,2351,2608,2824]
[0,41,317,1392,2824]
[0,1392,2351,2824]
[0,461,1392,2351,2608,2824]
[0,922,1332,2824]
[0,647,1392,2824]
[0,317,647,922,1392,1854,2351,2824]
[0,317,1392,1854,2824]
[0,1392,2824]
[0,317,1392,2351,2613,2824]
[0,317,1794,2824]
[0,461,1392,2824]
[0,317,647,922,1392,1891,2824]
[0,1794,2824]
[0,647,1392,1854,2824]
[0,317,1392,2351,2608,2824]
[0,317,1206,2824]
[0,317,1392,1854,2351,2824]
[0,1392,1854,2351,2824]
[0,317,647,922,1392,1891,2351,2613,2824]
[0,263,461,1392,2824]
[0,74,317,1392,2351,2613,2824]
[0,647,1392,1854,2351,2824]
[0,317,2824]
[0,1206,2824]
[0,41,317,1392,2351,2608,2824]
[0,317,647,922,1392,2824]
