[0,918,1264]
[0,423,481,709,934,1110,1217,1264]
[0,423,918,1110,1264]
[0,423,934,1115,1264]
[0,423,481,709,873,934,996,1264]
[0,708,918,1110,1264]
[0,423,709,873,934,996,1110,1264]
[0,423,709,934,1110,1264]
[0,423,481,709,873,934,996,1110,1264]
[0,423,709,873,934,996,1264]
[0,423,481,654,918,996,1264]
[0,432,654,918,1264]
[0,423,654,934,1264]
[0,423,481,918,1110,1217,1264]
[0,946,1264]
[0,709,934,996,1264]
[0,432,654,918,996,1110,1264]
[0,432,918,996,1264]
[0,432,708,918,996,1110,1264]
[0,423,481,654,918,996,1115,1264]
[0,423,904,1264]
[0,423,481,709,934,1264]
[0,423,481,918,1110,1264]
[0,432,654,918,1110,1264]
[0,432,654,708,918,996,1110,1178,1264]
[0,708,1264]
[0,423,654,918,1264]
[0,432,654,918,996,1110,1178,1264]
[0,432,708,873,918,996,1110,1178,1264]
[0,423,934,1264]
[0,423,654,918,996,1115,1264]
[0,423,481,654,918,996,1110,1217,1264]
[0,432,708,918,996,1264]
[0,432,918,1264]
[0,423,481,654,918,996,1110,1264]
[0,654,918,1264]
[0,481,1264]
[0,423,481,709,918,996,1115,1264]
[0,432,918,1110,1264]
[0,423,481,709,934,996,1110,1264]
[0,423,654,946,1264]
[0,423,481,654,918,1110,1217,1264]
[0,423,654,934,1115,1264]
[0,709,918,996,1264]
[0,423,918,996,1264]
[0,423,654,918,996,1110,1264]
[0,423,654,918,996,1264]
[0,423,918,1110,1217,1264]
[0,423,709,934,996,1264]
[0,423,481,709,934,996,1110,1217,1264]
[0,432,708,918,1264]
[0,709,1264]
[0,423,654,904,952,1115,1264]
[0,423,946,1264]
[0,423,709,918,996,1264]
[0,423,481,709,934,996,1264]
[0,423,654,904,1115,1264]
[0,423,481,918,996,1264]
[0,709,918,1264]
[0,432,654,918,996,1264]
[0,432,654,708,873,918,996,1110,1178,1264]
[0,423,654,918,1110,1264]
[0,904,1264]
[0,423,481,709,918,996,1264]
[0,423,709,918,996,1115,1264]
[0,423,709,934,996,1110,1264]
[0,423,481,654,918,1110,1264]
[0,423,904,1115,1264]
[0,423,481,709,934,1110,1264]
[0,432,708,918,996,1110,1178,1264]
[0,708,918,1264]
[0,423,709,934,1264]
[0,423,481,709,873,934,996,1110,1217,1264]
[0,432,708,918,1110,1264]
[0,934,1264]
[0,481,946,1264]
[0,423,654,904,1264]
[0,432,1264]
[0,423,918,1115,1264]
[0,709,934,1264]
[0,423,654,918,1115,1264]
[0,423,709,918,1264]
[0,708,918,996,1264]
[0,423,709,918,1115,1264]
[0,423,918,1264]
[0,423,1264]
