[0,282,579,922]
[0,291,579,748,922]
[0,69,291,502,579,748,922]
[0,502,579,922]
[0,282,922]
[0,205,365,579,748,922]
[0,69,282,922]
[0,205,365,579,748,839,922]
[0,291,579,748,839,922]
[0,365,579,748,922]
[0,58,205,291,365,502,579,748,839,922]
[0,365,579,748,839,922]
[0,365,922]
[0,291,502,579,748,922]
[0,291,579,760,922]
[0,69,291,579,922]
[0,69,282,579,760,922]
[0,105,922]
[0,58,291,922]
[0,291,502,579,748,839,922]
[0,69,291,502,579,748,839,922]
[0,69,365,625,922]
[0,58,502,922]
[0,58,291,579,922]
[0,69,282,502,579,760,922]
[0,282,502,579,760,922]
[0,58,291,365,502,579,748,839,922]
[0,291,502,579,922]
[0,205,291,365,502,579,748,839,922]
[0,58,104,205,291,365,502,579,748,839,922]
[0,291,365,502,579,748,839,922]
[0,291,922]
[0,579,922]
[0,205,365,502,579,748,839,922]
[0,69,291,922]
[0,282,502,579,922]
[0,291,579,922]
[0,365,502,579,748,922]
[0,291,502,579,760,922]
[0,58,291,502,579,922]
[0,502,922]
[0,365,579,922]
[0,58,104,291,365,502,579,748,839,922]
[0,69,365,922]
[0,282,579,760,922]
[0,365,502,579,748,839,922]
[0,69,282,579,922]
[0,365,625,922]
[0,69,291,502,579,760,922]
[0,58,104,291,502,579,748,839,922]
[0,58,291,502,579,748,922]
[0,58,291,502,579,748,839,922]
[0,58,502,579,922]
[0,365,502,579,922]
[0,69,282,502,579,922]
[0,69,291,365,502,579,748,839,922]
[0,105,579,922]
[0,69,291,502,579,922]
