[0,262,485,1343]
[0,262,485,786,1343]
[0,85,262,534,1092,1343]
[0,85,262,734,786,937,996,1124,1343]
[0,262,734,1343]
[0,85,262,485,996,1124,1343]
[0,262,996,1124,1343]
[0,262,1343]
[0,85,262,996,1124,1343]
[0,262,786,1343]
[0,85,262,734,996,1124,1343]
[0,786,1343]
[0,85,262,534,1343]
[0,262,534,1092,1343]
[0,85,262,734,937,996,1124,1343]
[0,262,734,1124,1343]
[0,262,485,786,996,1124,1343]
[0,262,485,1124,1343]
[0,85,262,485,734,786,996,1124,1343]
[0,85,262,734,786,996,1124,1343]
[0,85,262,485,1343]
[0,85,262,485,786,996,1124,1343]
[0,85,262,1343]
[0,262,485,996,1124,1343]
[0,534,1343]
[0,262,1124,1343]
[0,262,534,1343]
[0,262,485,786,1124,1343]
[0,85,262,937,996,1124,1343]
[0,734,1343]
[0,262,734,996,1124,1343]
