[0,501,995,1562]
[0,193,437,649,1441,1562]
[0,193,404,649,1562]
[0,404,649,1093,1367,1562]
[0,193,404,649,745,1367,1562]
[0,943,1562]
[0,404,649,745,1025,1093,1367,1562]
[0,404,649,958,1562]
[0,404,649,1025,1093,1367,1562]
[0,404,649,1562]
[0,404,649,1093,1441,1562]
[0,404,649,1367,1562]
[0,193,404,649,1093,1441,1562]
[0,193,404,649,1441,1562]
[0,404,649,745,1459,1562]
[0,193,404,1562]
[0,404,649,745,1093,1441,1562]
[0,404,649,745,1025,1093,1441,1562]
[0,193,437,649,958,1562]
[0,404,1093,1562]
[0,1025,1093,1367,1562]
[0,1025,1441,1562]
[0,437,649,1562]
[0,193,404,649,1093,1367,1562]
[0,404,649,1025,1562]
[0,404,649,1441,1562]
[0,1025,1562]
[0,1441,1562]
[0,501,1562]
[0,193,404,649,745,1093,1367,1562]
[0,437,1441,1562]
[0,943,1441,1562]
[0,404,649,1093,1562]
[0,404,958,1562]
[0,437,649,958,1441,1562]
[0,404,1367,1562]
[0,958,1562]
[0,193,404,649,745,1093,1441,1562]
[0,404,649,745,1093,1367,1562]
[0,193,404,649,1459,1562]
[0,437,649,745,1441,1562]
[0,404,649,745,1367,1562]
[0,193,404,649,745,1025,1093,1367,1562]
[0,193,437,649,958,1441,1562]
[0,404,1459,1562]
[0,404,1025,1093,1441,1562]
[0,404,1093,1441,1562]
[0,193,404,649,745,1459,1562]
[0,437,958,1562]
[0,193,437,649,1562]
[0,437,649,1441,1562]
[0,193,404,649,1093,1562]
[0,404,649,958,1441,1562]
[0,1367,1562]
[0,1093,1367,1562]
[0,404,1025,1562]
[0,404,1441,1562]
[0,193,437,649,745,1441,1562]
[0,404,649,1459,1562]
[0,193,404,1093,1367,1562]
[0,1459,1562]
[0,193,404,649,745,1025,1093,1441,1562]
[0,404,649,745,1441,1562]
[0,193,404,649,745,1441,1562]
[0,1093,1562]
[0,404,1562]
[0,437,1562]
[0,404,649,1025,1093,1441,1562]
[0,404,1025,1093,1367,1562]
[0,437,649,958,1562]
[0,193,404,649,1367,1562]
[0,404,649,1025,1441,1562]
[0,1025,1093,1441,1562]
[0,404,1093,1367,1562]
