[0,88,218,380,580,1342,2120]
[0,244,569,2120]
[0,380,580,1342,2120]
[0,88,218,380,580,2120]
[0,580,2120]
[0,569,2120]
[0,88,218,580,2120]
[0,380,1820,2120]
[0,244,405,574,2120]
[0,380,1342,1820,2120]
[0,380,574,2120]
[0,218,380,574,2120]
[0,218,462,2120]
[0,88,218,380,462,574,2120]
[0,380,1342,2120]
[0,218,380,580,1342,1820,2120]
[0,218,968,2120]
[0,88,218,380,462,580,1342,1820,2120]
[0,88,218,380,580,1342,1820,2120]
[0,380,580,2120]
[0,88,244,405,574,2120]
[0,218,380,580,2120]
[0,88,218,380,462,580,1342,2120]
[0,218,2120]
[0,363,2120]
[0,244,2120]
[0,462,2120]
[0,218,462,968,2120]
[0,574,2120]
[0,968,2120]
[0,88,218,380,462,580,2120]
[0,218,580,2120]
[0,244,574,2120]
[0,380,580,1342,1820,2120]
[0,88,218,380,574,2120]
[0,218,380,580,1342,2120]
[0,363,968,2120]
[0,1342,2120]
[0,380,2120]
[0,1027,2120]
[0,363,1027,2120]
[0,462,968,2120]
