[0,319,459,901,1046]
[0,319,380,483,1046]
[0,319,380,466,901,1046]
[0,319,380,477,901,1046]
[0,459,777,1046]
[0,459,1046]
[0,459,777,998,1046]
[0,226,477,777,901,998,1046]
[0,998,1046]
[0,319,380,459,777,1046]
[0,319,380,466,901,998,1046]
[0,366,777,988,1046]
[0,901,1046]
[0,477,901,998,1046]
[0,226,477,777,988,1046]
[0,319,380,477,777,1046]
[0,319,466,777,1046]
[0,477,777,988,1046]
[0,366,777,1046]
[0,319,380,483,901,1046]
[0,366,898,1046]
[0,319,483,901,1046]
[0,319,380,477,777,901,1046]
[0,319,380,1046]
[0,319,1046]
[0,459,901,1046]
[0,319,380,477,1046]
[0,380,998,1046]
[0,319,466,1046]
[0,777,1046]
[0,901,998,1046]
[0,988,1046]
[0,319,380,483,777,901,1046]
[0,319,459,1046]
[0,380,901,1046]
[0,319,483,777,901,1046]
[0,319,380,483,777,1046]
[0,319,380,459,901,998,1046]
[0,319,477,901,998,1046]
[0,319,380,459,901,1046]
[0,319,483,1046]
[0,319,466,901,1046]
[0,477,1046]
[0,466,1046]
[0,226,477,901,998,1046]
[0,319,380,466,777,901,998,1046]
[0,319,477,777,988,1046]
[0,319,459,901,998,1046]
[0,483,777,1046]
[0,319,380,901,1046]
[0,226,477,901,1046]
[0,319,477,901,1046]
[0,777,988,1046]
[0,477,777,1046]
[0,483,1046]
[0,319,777,1046]
[0,366,1046]
[0,319,459,777,1046]
[0,319,380,466,777,1046]
[0,319,380,483,777,901,998,1046]
[0,319,380,901,998,1046]
[0,319,477,777,1046]
[0,319,477,777,901,1046]
[0,319,477,1046]
[0,319,380,483,901,998,1046]
[0,226,477,777,1046]
[0,466,777,1046]
[0,319,380,459,777,901,1046]
[0,319,380,477,901,998,1046]
[0,319,380,466,777,901,1046]
[0,319,459,777,998,1046]
[0,319,380,466,1046]
[0,319,459,777,901,1046]
[0,380,1046]
[0,777,998,1046]
[0,319,466,777,901,1046]
[0,319,380,459,1046]
[0,319,380,998,1046]
[0,226,477,777,901,1046]
[0,477,901,1046]
[0,226,477,1046]
[0,319,483,777,1046]
[0,319,380,477,777,901,998,1046]
[0,319,380,459,777,901,998,1046]
[0,459,901,998,1046]
