[0,87,298,417,648,876,922]
[0,298,922]
[0,87,417,643,876,922]
[0,648,876,922]
[0,298,615,922]
[0,298,648,922]
[0,87,298,417,665,876,922]
[0,643,922]
[0,87,643,876,922]
[0,298,417,648,922]
[0,645,922]
[0,417,645,876,922]
[0,87,298,417,615,876,922]
[0,298,417,665,876,922]
[0,87,615,922]
[0,87,298,417,648,922]
[0,87,298,417,645,876,922]
[0,665,922]
[0,417,648,876,922]
[0,298,417,615,876,922]
[0,876,922]
[0,298,665,922]
[0,298,417,615,922]
[0,87,298,417,615,922]
[0,298,417,643,922]
[0,298,665,876,922]
[0,298,417,648,876,922]
[0,298,417,665,922]
[0,87,417,643,922]
[0,87,417,665,922]
[0,417,643,876,922]
[0,298,417,645,922]
[0,298,417,645,876,922]
[0,643,876,922]
[0,417,615,922]
[0,417,648,922]
[0,87,665,922]
[0,87,298,417,665,922]
[0,87,298,417,643,922]
[0,87,615,876,922]
[0,615,876,922]
[0,87,298,417,645,922]
[0,87,643,922]
[0,417,643,922]
[0,645,876,922]
[0,87,922]
[0,615,922]
[0,648,922]
[0,87,876,922]
[0,417,615,876,922]
[0,417,665,922]
[0,298,417,643,876,922]
[0,665,876,922]
[0,417,645,922]
[0,87,298,417,643,876,922]
