[0,104,629,2003,2812]
[0,313,629,1540,2038,2360,2812]
[0,629,2076,2812]
[0,629,1540,2038,2812]
[0,629,1159,1498,2007,2465,2812]
[0,1498,2812]
[0,1159,2812]
[0,622,1498,2076,2235,2812]
[0,104,629,1159,1498,1708,2007,2235,2465,2812]
[0,629,1498,1708,2007,2465,2812]
[0,313,629,2076,2474,2812]
[0,104,622,1498,1708,2076,2812]
[0,104,629,2007,2812]
[0,629,2003,2812]
[0,629,2076,2474,2812]
[0,1159,2076,2812]
[0,629,2038,2812]
[0,104,629,1498,1708,2007,2235,2465,2812]
[0,629,2007,2812]
[0,629,1498,2007,2812]
[0,622,1498,1708,2076,2812]
[0,104,629,1498,2007,2812]
[0,104,622,1498,2076,2235,2812]
[0,104,622,1498,1708,2076,2235,2812]
[0,629,1540,2007,2812]
[0,622,1498,2076,2812]
[0,104,629,1498,2007,2465,2812]
[0,313,629,1540,2076,2474,2812]
[0,622,2076,2812]
[0,629,1498,2007,2465,2812]
[0,390,2812]
[0,629,1498,1708,2007,2235,2465,2812]
[0,104,622,1498,2076,2812]
[0,104,629,1498,2812]
[0,104,629,1498,1708,2007,2465,2812]
[0,104,629,1540,2003,2812]
[0,622,1498,1708,2076,2235,2812]
[0,2076,2812]
[0,629,1159,1498,2007,2235,2465,2812]
[0,629,1540,2038,2360,2812]
[0,629,1498,2812]
[0,2003,2812]
[0,360,2076,2812]
[0,104,629,1540,2007,2812]
[0,104,622,2076,2812]
[0,629,1540,2076,2474,2812]
[0,629,1540,2003,2235,2465,2812]
[0,400,2076,2812]
[0,629,1540,2003,2465,2812]
[0,2038,2812]
[0,629,1540,2076,2812]
[0,390,2038,2812]
[0,2007,2812]
[0,629,1540,2003,2812]
[0,629,1159,1498,1708,2007,2235,2465,2812]
[0,629,1498,2007,2235,2465,2812]
[0,629,2812]
[0,104,629,1540,2003,2235,2465,2812]
[0,313,629,1540,2038,2812]
[0,104,629,1540,2003,2465,2812]
