[0,208,1648,1911]
[0,208,378,550,985,1237,1470,1648,1809,1911]
[0,208,550,1237,1563,1911]
[0,208,550,1525,1809,1911]
[0,550,985,1237,1525,1911]
[0,1237,1911]
[0,1609,1911]
[0,208,550,1237,1470,1758,1911]
[0,985,1470,1911]
[0,208,550,985,1237,1470,1648,1911]
[0,1470,1911]
[0,208,550,1648,1758,1911]
[0,550,1911]
[0,208,550,985,1237,1470,1648,1758,1911]
[0,208,550,1563,1758,1911]
[0,208,550,985,1237,1470,1758,1911]
[0,208,550,1237,1563,1758,1911]
[0,550,985,1237,1648,1911]
[0,208,378,550,985,1237,1563,1758,1911]
[0,208,550,1237,1470,1911]
[0,1237,1470,1911]
[0,208,378,550,985,1237,1470,1648,1758,1911]
[0,550,1525,1809,1911]
[0,208,550,1525,1648,1911]
[0,208,550,1237,1525,1911]
[0,208,378,550,985,1237,1525,1648,1809,1911]
[0,1648,1911]
[0,1525,1809,1911]
[0,208,550,985,1237,1525,1911]
[0,1237,1648,1911]
[0,1470,1809,1911]
[0,208,550,985,1237,1470,1648,1809,1911]
[0,208,378,550,985,1237,1648,1911]
[0,208,550,985,1237,1525,1648,1809,1911]
[0,1470,1758,1911]
[0,550,1237,1563,1911]
[0,208,550,1237,1648,1809,1911]
[0,550,1237,1470,1911]
[0,550,1237,1525,1911]
[0,208,550,985,1237,1563,1758,1911]
[0,208,550,1470,1648,1911]
[0,550,1563,1911]
[0,208,550,1237,1470,1809,1911]
[0,208,378,550,985,1237,1648,1758,1911]
[0,208,550,1470,1758,1911]
[0,985,1237,1525,1911]
[0,208,550,1648,1809,1911]
[0,208,550,985,1237,1563,1911]
[0,208,550,985,1237,1648,1758,1911]
[0,1563,1911]
[0,460,1911]
[0,550,1237,1648,1911]
[0,550,1237,1911]
[0,550,985,1237,1470,1911]
[0,985,1237,1470,1911]
[0,208,550,1237,1470,1648,1911]
[0,985,1237,1648,1911]
[0,208,378,550,985,1237,1470,1648,1911]
[0,550,1470,1911]
[0,550,1470,1758,1911]
[0,550,1648,1911]
[0,208,378,550,985,1237,1470,1758,1911]
[0,1237,1563,1911]
[0,208,550,1563,1911]
[0,550,985,1470,1911]
[0,208,378,550,985,1237,1563,1911]
[0,550,1525,1911]
[0,1809,1911]
[0,1525,1911]
[0,1758,1911]
[0,460,1648,1911]
[0,208,550,1237,1648,1911]
[0,208,550,1470,1911]
[0,208,550,985,1237,1470,1911]
[0,208,378,550,985,1237,1470,1911]
[0,208,550,1237,1525,1809,1911]
[0,208,550,985,1237,1648,1911]
[0,1237,1525,1911]
[0,208,550,1525,1911]
[0,208,550,1237,1525,1648,1911]
[0,208,378,550,985,1237,1525,1648,1911]
[0,208,550,985,1237,1525,1809,1911]
[0,985,1911]
[0,208,550,985,1237,1525,1648,1911]
[0,208,460,1648,1911]
[0,208,550,1648,1911]
[0,208,378,550,985,1237,1648,1809,1911]
[0,208,550,1237,1470,1648,1809,1911]
[0,208,550,1470,1809,1911]
[0,550,985,1237,1563,1911]
[0,985,1237,1563,1911]
[0,208,550,1237,1648,1758,1911]
[0,208,550,985,1237,1648,1809,1911]
[0,550,1470,1809,1911]
[0,208,550,1237,1470,1648,1758,1911]
