[0,293,501,969]
[0,279,454,614,707,781,926,969]
[0,111,293,501,614,969]
[0,293,492,969]
[0,279,492,614,926,969]
[0,279,501,614,969]
[0,193,454,614,969]
[0,293,492,926,969]
[0,293,501,614,707,781,926,969]
[0,293,501,614,969]
[0,279,969]
[0,212,488,707,969]
[0,193,614,926,969]
[0,279,501,969]
[0,303,969]
[0,488,969]
[0,193,454,614,926,969]
[0,279,492,614,707,781,969]
[0,193,969]
[0,212,707,926,969]
[0,279,492,614,707,926,969]
[0,293,501,614,707,969]
[0,212,488,969]
[0,212,488,707,926,969]
[0,212,926,969]
[0,279,492,969]
[0,279,454,614,707,781,969]
[0,303,492,614,969]
[0,193,614,969]
[0,303,492,969]
[0,303,492,614,926,969]
[0,111,293,501,614,707,969]
[0,279,454,614,926,969]
[0,279,492,614,969]
[0,293,501,614,707,781,969]
[0,293,501,614,707,926,969]
[0,293,707,969]
[0,279,454,614,707,926,969]
[0,279,454,614,969]
[0,111,293,501,614,707,781,926,969]
[0,212,969]
[0,293,501,614,926,969]
[0,279,454,969]
[0,293,492,707,969]
[0,707,969]
[0,111,303,492,614,926,969]
[0,111,303,492,614,969]
[0,279,492,614,707,969]
[0,279,501,614,926,969]
[0,488,707,969]
[0,293,492,614,926,969]
[0,212,707,969]
[0,293,492,707,926,969]
[0,293,969]
[0,111,293,501,614,707,781,969]
[0,614,969]
[0,293,492,614,969]
[0,279,454,614,707,969]
[0,279,492,614,707,781,926,969]
