[0,848,908,1180]
[0,565,1180]
[0,785,943,1180]
[0,785,976,1180]
[0,814,953,1180]
[0,163,848,976,1180]
[0,908,1180]
[0,72,819,908,1180]
[0,72,785,940,1180]
[0,72,785,908,976,1180]
[0,72,163,785,940,1180]
[0,848,976,1180]
[0,72,163,565,848,908,976,1180]
[0,943,1180]
[0,976,1180]
[0,785,908,976,1180]
[0,163,785,976,1180]
[0,72,163,785,848,908,976,1180]
[0,785,940,1180]
[0,565,848,976,1180]
[0,163,908,1180]
[0,72,163,848,976,1180]
[0,72,163,785,848,940,1180]
[0,163,819,908,1180]
[0,163,785,940,1180]
[0,819,908,1180]
[0,785,848,908,976,1180]
[0,72,908,1180]
[0,947,1180]
[0,72,163,819,908,976,1180]
[0,163,976,1180]
[0,72,819,908,976,1180]
[0,819,947,1180]
[0,72,163,848,908,976,1180]
[0,565,976,1180]
[0,72,163,785,908,976,1180]
[0,940,1180]
[0,72,848,908,976,1180]
[0,953,1180]
[0,72,785,848,908,976,1180]
[0,72,163,819,908,1180]
[0,819,908,976,1180]
[0,72,565,976,1180]
[0,72,848,976,1180]
[0,163,940,1180]
[0,848,908,976,1180]
[0,72,785,976,1180]
[0,72,163,785,976,1180]
[0,163,565,976,1180]
[0,163,565,848,976,1180]
[0,72,163,565,848,976,1180]
