[0,205,295,496,660,769,891,1252,1562]
[0,496,891,1562]
[0,295,496,769,1252,1562]
[0,496,1252,1562]
[0,205,295,355,496,660,769,891,1562]
[0,769,1562]
[0,496,660,769,1562]
[0,496,1562]
[0,295,496,660,769,1562]
[0,295,496,660,769,891,1252,1562]
[0,295,496,891,1562]
[0,355,660,769,1562]
[0,355,757,1562]
[0,355,1562]
[0,496,769,1562]
[0,205,295,496,660,769,1562]
[0,205,295,355,496,660,769,1252,1299,1562]
[0,295,355,769,1562]
[0,205,295,355,496,660,769,891,1252,1562]
[0,757,1562]
[0,295,355,496,660,769,1562]
[0,295,496,660,769,891,1562]
[0,295,496,660,769,1252,1562]
[0,205,295,355,496,660,769,1562]
[0,295,496,769,1562]
[0,295,496,891,1252,1562]
[0,496,769,1252,1562]
[0,295,496,1562]
[0,295,355,1562]
[0,295,496,660,891,1562]
[0,355,769,1562]
[0,205,295,496,660,769,1252,1562]
[0,496,891,1252,1562]
[0,295,496,660,891,1252,1562]
[0,205,295,496,660,769,891,1562]
[0,295,355,660,769,1562]
[0,205,295,355,496,660,769,891,1252,1299,1562]
[0,205,295,355,496,660,769,1252,1562]
