[0,208,959,1249]
[0,54,201,879,998,1249]
[0,54,201,408,491,724,879,998,1249]
[0,207,408,879,998,1249]
[0,408,998,1249]
[0,724,998,1249]
[0,208,408,491,879,998,1249]
[0,879,998,1249]
[0,259,408,998,1249]
[0,54,879,998,1249]
[0,208,408,491,724,879,998,1249]
[0,54,208,724,998,1249]
[0,208,724,879,998,1249]
[0,54,259,408,491,879,998,1249]
[0,54,208,724,879,998,1249]
[0,408,724,998,1249]
[0,207,998,1249]
[0,208,879,998,1249]
[0,259,724,1249]
[0,54,208,408,491,724,879,998,1249]
[0,207,879,998,1249]
[0,54,259,879,998,1249]
[0,259,408,491,879,998,1249]
[0,54,208,408,879,998,1249]
[0,201,408,491,724,879,998,1249]
[0,201,724,998,1249]
[0,259,408,491,724,879,998,1249]
[0,54,208,879,998,1249]
[0,408,724,1249]
[0,207,408,724,879,998,1249]
[0,208,724,998,1249]
[0,201,408,724,998,1249]
[0,54,207,408,879,998,1249]
[0,724,879,998,1249]
[0,207,408,724,998,1249]
[0,201,408,724,879,998,1249]
[0,259,879,998,1249]
[0,54,998,1249]
[0,54,259,408,879,998,1249]
[0,259,408,724,879,998,1249]
[0,207,724,998,1249]
[0,259,998,1249]
[0,54,208,408,491,879,998,1249]
[0,54,259,724,879,998,1249]
[0,54,960,1249]
[0,54,259,408,491,724,879,998,1249]
[0,724,1249]
[0,259,408,879,998,1249]
[0,207,724,879,998,1249]
[0,259,724,998,1249]
[0,54,259,724,998,1249]
[0,208,408,879,998,1249]
[0,54,207,879,998,1249]
[0,208,408,724,879,998,1249]
[0,959,1249]
[0,259,1249]
[0,208,998,1249]
[0,207,408,491,879,998,1249]
[0,54,201,408,879,998,1249]
[0,54,724,998,1249]
[0,208,408,998,1249]
[0,201,408,491,879,998,1249]
[0,54,207,408,491,724,879,998,1249]
[0,207,408,998,1249]
[0,54,1249]
[0,998,1249]
[0,207,408,491,724,879,998,1249]
[0,408,1249]
[0,201,724,879,998,1249]
[0,201,408,998,1249]
[0,259,724,879,998,1249]
[0,201,998,1249]
[0,208,408,724,998,1249]
[0,201,879,998,1249]
[0,54,207,408,491,879,998,1249]
[0,54,201,408,491,879,998,1249]
[0,960,1249]
[0,201,408,879,998,1249]
[0,259,408,724,998,1249]
