[0,214,338,1269,1444,2086]
[0,338,1269,1444,2086]
[0,214,338,2086]
[0,782,1269,2086]
[0,782,2037,2086]
[0,754,2086]
[0,754,1444,2086]
[0,215,338,707,782,1269,2037,2086]
[0,214,338,707,782,1269,2037,2086]
[0,47,214,338,707,782,1269,2037,2086]
[0,47,215,338,707,782,1269,1444,2037,2086]
[0,1269,2086]
[0,47,214,338,2037,2086]
[0,215,338,2037,2086]
[0,215,338,1269,2086]
[0,215,338,707,782,1269,1444,2037,2086]
[0,338,2086]
[0,214,338,707,782,2086]
[0,47,214,338,707,782,1269,1444,2037,2086]
[0,338,782,1269,1444,2086]
[0,47,214,338,707,2086]
[0,215,338,782,2086]
[0,47,214,338,707,782,2037,2086]
[0,215,338,707,782,2086]
[0,338,1269,2086]
[0,214,338,1269,2086]
[0,214,338,707,782,1269,2086]
[0,214,338,2037,2086]
[0,754,1444,2037,2086]
[0,214,338,707,782,2037,2086]
[0,47,215,338,707,782,2086]
[0,215,338,2086]
[0,47,215,338,2037,2086]
[0,214,338,782,1269,1444,2086]
[0,338,782,1269,2086]
[0,338,2037,2086]
[0,782,2086]
[0,209,338,2086]
[0,707,2086]
[0,209,338,2037,2086]
[0,215,338,707,2086]
[0,47,215,338,707,2086]
[0,47,215,338,2086]
[0,214,338,782,2086]
[0,754,2037,2086]
[0,215,338,707,782,1269,1444,2086]
[0,47,215,338,707,782,2037,2086]
[0,338,782,2086]
[0,214,338,707,782,1269,1444,2086]
[0,47,214,338,707,782,2086]
[0,338,707,2086]
[0,215,338,782,1269,1444,2086]
[0,47,215,338,707,782,1269,2037,2086]
[0,215,338,707,782,2037,2086]
[0,215,338,707,782,1269,2086]
[0,214,338,782,1269,2086]
[0,214,338,707,2086]
[0,215,338,1269,1444,2086]
[0,47,214,338,2086]
[0,214,338,707,782,1269,1444,2037,2086]
[0,215,338,782,1269,2086]
