[0,532,1579,1911]
[0,202,297,511,1579,1645,1759,1911]
[0,1584,1911]
[0,202,511,1609,1911]
[0,202,532,1579,1645,1759,1911]
[0,202,511,1579,1645,1759,1911]
[0,511,1911]
[0,202,532,1579,1911]
[0,202,511,1579,1911]
[0,1609,1911]
[0,202,429,532,1579,1645,1759,1911]
[0,511,1579,1911]
[0,1579,1911]
[0,202,429,532,1579,1759,1911]
[0,202,511,1584,1759,1911]
[0,202,297,429,532,1579,1645,1759,1911]
[0,532,1584,1911]
[0,202,297,429,511,1579,1645,1759,1911]
[0,202,297,511,1579,1759,1911]
[0,532,1911]
[0,202,532,1584,1759,1911]
[0,202,532,1584,1911]
[0,202,297,429,511,1579,1759,1911]
[0,202,532,1579,1759,1911]
[0,511,1584,1911]
[0,202,511,1579,1759,1911]
[0,511,1609,1911]
[0,202,511,1584,1911]
[0,202,297,429,532,1579,1759,1911]
