[0,397,852,1098,1667,2053]
[0,852,1098,1481,1667,1888,2053]
[0,1466,1810,2053]
[0,404,852,1667,2053]
[0,1272,1481,1667,1933,2053]
[0,1632,2053]
[0,852,1098,1481,1667,2053]
[0,404,852,2053]
[0,445,894,2053]
[0,894,1667,2053]
[0,1098,1481,1667,1810,2053]
[0,445,852,2053]
[0,445,1272,1481,1667,2053]
[0,1481,1667,1933,2053]
[0,404,852,1098,1667,2053]
[0,852,1098,1667,2053]
[0,445,894,1272,1667,2053]
[0,1098,1481,1667,1933,2053]
[0,852,1098,1481,1667,1813,2053]
[0,397,852,1098,1481,1667,1810,2053]
[0,1667,2053]
[0,445,1272,2053]
[0,445,852,1098,1481,1667,2053]
[0,1272,1481,1667,2053]
[0,894,2053]
[0,445,852,1098,1481,1667,1888,2053]
[0,1272,1481,1667,1888,2053]
[0,445,852,1098,1481,1667,1813,2053]
[0,404,852,1098,1481,1667,1813,2053]
[0,397,852,1098,1481,1667,1933,2053]
[0,397,852,1667,2053]
[0,852,1098,1481,1667,1810,2053]
[0,1098,1667,2053]
[0,404,852,1098,1481,1667,2053]
[0,852,2053]
[0,1466,2053]
[0,397,852,2053]
[0,397,852,1098,1481,1667,1813,2053]
[0,445,894,1272,1481,1667,2053]
[0,1272,2053]
[0,445,894,1667,2053]
[0,397,852,1098,1481,1667,2053]
[0,1481,1667,1888,2053]
[0,1098,1481,1667,2053]
[0,1481,1667,1813,2053]
[0,1098,2053]
[0,1098,1481,1667,1888,2053]
[0,852,1098,1481,1667,1933,2053]
[0,1098,1481,1667,1813,2053]
[0,852,1667,2053]
[0,445,852,1098,1667,2053]
[0,445,1272,1481,1667,1888,2053]
[0,445,1272,1667,2053]
[0,1481,1667,2053]
[0,1272,1667,2053]
[0,1481,1667,1810,2053]
[0,445,852,1667,2053]
[0,445,894,1272,1481,1667,1888,2053]
