[0,116,491,574,840,952,1128,1285,1465]
[0,116,472,574,952,1128,1285,1465]
[0,491,574,840,952,1128,1285,1465]
[0,1211,1465]
[0,775,1465]
[0,491,574,775,840,952,1128,1285,1465]
[0,116,472,574,775,840,952,1128,1285,1465]
[0,775,952,1128,1285,1465]
[0,574,1211,1465]
[0,574,840,952,1128,1465]
[0,278,574,1128,1465]
[0,574,908,1211,1465]
[0,278,952,1128,1285,1465]
[0,952,1128,1465]
[0,775,952,1128,1465]
[0,278,574,952,1128,1285,1465]
[0,574,840,952,1128,1285,1465]
[0,574,952,1128,1285,1465]
[0,952,1128,1285,1465]
[0,116,278,472,574,840,952,1128,1285,1465]
[0,574,952,1128,1465]
[0,574,1465]
[0,116,952,1128,1285,1465]
[0,116,491,574,952,1128,1285,1465]
[0,491,574,952,1128,1285,1465]
[0,116,472,574,840,952,1128,1285,1465]
[0,116,278,574,840,952,1128,1285,1465]
[0,116,278,574,952,1128,1285,1465]
[0,116,574,1465]
[0,472,574,952,1128,1285,1465]
[0,952,1211,1465]
[0,116,278,491,574,775,840,952,1128,1285,1465]
[0,278,952,1128,1465]
[0,472,574,840,952,1128,1285,1465]
[0,472,574,952,1128,1465]
[0,116,278,491,574,840,952,1128,1285,1465]
[0,472,574,775,840,952,1128,1285,1465]
[0,775,1128,1465]
[0,116,278,491,574,952,1128,1285,1465]
[0,574,908,1465]
[0,491,574,952,1128,1465]
[0,116,278,472,574,775,840,952,1128,1285,1465]
[0,278,574,952,1128,1465]
[0,1128,1465]
[0,952,1465]
[0,278,1128,1465]
[0,116,775,952,1128,1285,1465]
[0,116,574,952,1128,1285,1465]
[0,116,278,952,1128,1285,1465]
[0,116,491,574,775,840,952,1128,1285,1465]
[0,116,574,840,952,1128,1285,1465]
[0,574,1128,1465]
