[0,594,2211]
[0,226,849,2211]
[0,207,594,885,1306,1652,2211]
[0,552,2211]
[0,66,342,594,885,1306,1652,2211]
[0,342,885,1363,1652,2211]
[0,849,2211]
[0,155,342,594,885,1363,1652,2211]
[0,226,2211]
[0,885,1363,2211]
[0,594,885,1363,1652,2211]
[0,594,885,1306,1652,2211]
[0,226,849,1306,2211]
[0,342,885,2211]
[0,594,1306,1652,2211]
[0,155,342,594,885,1117,1363,1652,2211]
[0,1306,2211]
[0,226,923,2211]
[0,207,594,1363,2211]
[0,594,885,1306,2211]
[0,342,2211]
[0,923,2211]
[0,1363,2211]
[0,594,885,1117,1363,1652,2211]
[0,66,342,594,885,1117,1363,1652,2211]
[0,226,885,1306,2211]
[0,207,594,885,1363,1652,2211]
[0,207,594,885,1306,1728,2211]
[0,594,885,1363,2211]
[0,207,594,2211]
[0,342,885,1306,2211]
[0,342,594,885,1306,1652,2211]
[0,453,885,1306,2211]
[0,226,885,2211]
[0,342,594,885,1363,1652,2211]
[0,885,2211]
[0,342,885,1363,2211]
[0,453,885,2211]
[0,66,342,594,885,1363,1652,2211]
[0,342,885,1306,1652,2211]
[0,594,885,1306,1728,2211]
[0,226,453,885,1306,1652,2211]
[0,226,453,885,1306,2211]
[0,342,594,885,1306,2211]
[0,342,594,885,1117,1363,1652,2211]
[0,207,594,885,1306,2211]
[0,594,1306,2211]
[0,453,885,1306,1652,2211]
[0,594,1306,1728,2211]
[0,207,594,885,1363,2211]
[0,594,1363,2211]
[0,885,1306,1652,2211]
[0,207,594,885,1117,1363,1652,2211]
[0,453,2211]
[0,849,1306,2211]
[0,342,594,885,1363,2211]
[0,885,1306,2211]
