[0,241,685,785,1211,1317,1615,2020]
[0,241,697,1211,1366,1615,2020]
[0,685,1211,1615,2020]
[0,46,241,685,785,927,1211,1317,1615,2020]
[0,241,685,785,927,1211,1317,1615,2020]
[0,685,2020]
[0,241,697,1366,2020]
[0,588,2020]
[0,697,1211,1615,2020]
[0,241,697,785,1211,1366,1615,2020]
[0,46,241,685,1211,1317,1615,2020]
[0,46,241,685,785,1211,1317,1615,2020]
[0,685,927,1211,1615,2020]
[0,241,685,1211,1615,2020]
[0,588,1366,2020]
[0,46,241,685,1211,1460,1615,2020]
[0,241,685,1211,1317,1615,2020]
[0,241,697,1211,1615,2020]
[0,685,1615,2020]
[0,1615,2020]
[0,241,1615,2020]
[0,697,2020]
[0,697,1615,2020]
[0,697,1366,2020]
[0,241,685,927,1211,1615,2020]
[0,1366,2020]
[0,241,697,2020]
[0,241,697,1211,1460,1615,2020]
[0,241,685,1211,1460,1615,2020]
[0,241,685,927,1211,1317,1615,2020]
[0,241,2020]
[0,241,697,1615,2020]
[0,241,685,1615,2020]
