[0,228,595,969,1343]
[0,969,1343]
[0,601,969,1343]
[0,185,887,969,1343]
[0,229,1343]
[0,228,969,1343]
[0,185,969,1343]
[0,595,932,1343]
[0,574,969,1343]
[0,185,584,932,1134,1343]
[0,179,969,1134,1343]
[0,228,361,595,932,1134,1343]
[0,179,595,887,969,1134,1343]
[0,185,1343]
[0,179,361,595,969,1134,1343]
[0,680,1343]
[0,574,1343]
[0,185,969,1134,1343]
[0,185,601,887,969,1134,1343]
[0,228,887,969,1134,1343]
[0,228,969,1134,1343]
[0,595,969,1343]
[0,179,887,969,1134,1343]
[0,179,361,601,969,1343]
[0,281,1343]
[0,179,601,969,1343]
[0,179,680,969,1134,1343]
[0,228,1343]
[0,179,361,601,969,1134,1343]
[0,179,595,969,1134,1343]
[0,228,595,932,1343]
[0,932,1343]
[0,185,601,969,1343]
[0,179,361,595,969,1343]
[0,179,1343]
[0,185,601,969,1134,1343]
[0,574,932,1343]
[0,185,344,584,932,1134,1343]
[0,179,361,601,887,969,1134,1343]
[0,228,595,932,1134,1343]
[0,229,932,1134,1343]
[0,185,932,1343]
[0,595,932,1134,1343]
[0,229,574,932,1134,1343]
[0,887,1343]
[0,361,595,969,1343]
[0,185,584,932,1343]
[0,185,344,601,969,1134,1343]
[0,179,680,969,1343]
[0,601,1343]
[0,228,887,969,1343]
[0,680,969,1343]
[0,228,595,969,1134,1343]
[0,281,969,1343]
[0,228,361,595,887,969,1134,1343]
[0,179,595,969,1343]
[0,228,595,887,969,1134,1343]
[0,228,361,595,969,1134,1343]
[0,179,601,887,969,1134,1343]
[0,229,932,1343]
[0,179,361,595,887,969,1134,1343]
[0,179,601,969,1134,1343]
[0,185,344,601,887,969,1134,1343]
[0,361,601,969,1343]
[0,179,969,1343]
[0,229,574,932,1343]
[0,584,932,1134,1343]
[0,584,932,1343]
[0,887,969,1343]
[0,595,969,1134,1343]
[0,185,887,969,1134,1343]
[0,584,1343]
[0,179,887,969,1343]
[0,595,1343]
[0,229,574,969,1343]
