[0,1282,2206,2812]
[0,123,1282,2812]
[0,123,487,1282,2206,2812]
[0,123,487,1279,1856,2342,2812]
[0,1386,2812]
[0,123,487,1385,2206,2812]
[0,487,1282,2206,2812]
[0,123,1386,2206,2812]
[0,1385,2206,2812]
[0,1421,2812]
[0,123,1385,2812]
[0,1279,2206,2812]
[0,123,487,1279,1856,2812]
[0,1282,2812]
[0,1279,1856,2342,2812]
[0,487,1279,1856,2342,2812]
[0,240,1386,2206,2812]
[0,487,1385,1653,2206,2812]
[0,240,1421,2206,2812]
[0,123,1282,2206,2812]
[0,123,1385,2206,2812]
[0,123,1279,2812]
[0,1279,1856,2812]
[0,1385,2812]
[0,123,1279,2206,2812]
[0,123,1279,1856,2812]
[0,487,1386,2206,2812]
[0,240,2812]
[0,240,1662,2812]
[0,123,1386,2812]
[0,1279,2812]
[0,1662,2812]
[0,1386,2206,2812]
[0,123,487,1386,2206,2812]
[0,487,1385,2206,2812]
[0,123,2812]
[0,1421,2206,2812]
[0,487,1279,1856,2812]
[0,1385,1653,2206,2812]
[0,123,487,1385,1653,2206,2812]
