[0,727,1393,1809,2020]
[0,274,452,727,1122,1393,1685,1823,2020]
[0,274,452,1122,1393,1823,2020]
[0,274,452,727,1122,1393,2020]
[0,727,1393,2020]
[0,274,452,727,1393,2020]
[0,452,2020]
[0,268,426,605,1393,1817,2020]
[0,727,2020]
[0,262,426,1393,1804,2020]
[0,727,1336,1804,2020]
[0,268,426,1393,1817,2020]
[0,426,727,1393,1804,2020]
[0,478,2020]
[0,452,1122,1393,2020]
[0,426,727,1393,1817,2020]
[0,452,727,1122,1393,1823,2020]
[0,371,727,1336,1804,2020]
[0,452,1393,2020]
[0,274,452,605,1122,1393,1685,1823,2020]
[0,452,727,1393,2020]
[0,426,1393,1817,2020]
[0,262,426,727,1393,1685,1817,2020]
[0,262,426,1393,1817,2020]
[0,727,1685,2020]
[0,262,426,727,1122,1393,1804,2020]
[0,1336,2020]
[0,274,452,605,1393,1685,1823,2020]
[0,371,727,1122,1393,2020]
[0,426,1393,1804,2020]
[0,426,727,1122,1393,2020]
[0,426,1393,2020]
[0,1393,2020]
[0,452,1122,1393,1823,2020]
[0,426,727,1122,1393,1804,2020]
[0,262,426,727,1122,1393,1685,1817,2020]
[0,452,1122,1685,2020]
[0,452,1122,2020]
[0,452,1685,2020]
[0,426,727,1122,1393,1817,2020]
[0,262,426,605,1393,1817,2020]
[0,371,727,1336,2020]
[0,452,727,1122,1393,2020]
[0,274,452,1393,1823,2020]
[0,262,426,727,1122,1393,1817,2020]
[0,262,426,1393,1685,1817,2020]
[0,274,452,727,1393,1823,2020]
[0,371,727,1393,2020]
[0,262,426,605,1393,1685,1817,2020]
[0,274,452,727,1122,1393,1823,2020]
[0,1122,2020]
[0,274,452,605,1122,1393,1823,2020]
[0,426,1685,2020]
[0,268,426,1393,1685,1817,2020]
[0,1685,2020]
[0,452,1393,1685,1823,2020]
[0,452,1393,1823,2020]
[0,274,452,605,1393,1823,2020]
[0,262,426,727,1393,1804,2020]
[0,268,426,605,1393,1685,1817,2020]
[0,426,727,1393,2020]
[0,452,727,1393,1823,2020]
[0,274,452,1393,2020]
[0,371,727,1122,1393,1809,2020]
[0,274,452,1393,1685,1823,2020]
[0,426,605,1393,1817,2020]
[0,426,2020]
[0,727,1336,2020]
[0,478,1685,2020]
[0,452,727,1122,1685,2020]
[0,262,426,727,1393,1817,2020]
[0,426,1393,1685,1817,2020]
[0,274,452,727,1393,1685,1823,2020]
[0,371,727,1393,1809,2020]
