[0,1446,2419,2784,3367,4758]
[0,837,1446,2784,4758]
[0,1666,2784,4758]
[0,1000,1666,2784,4758]
[0,1666,2731,4758]
[0,1446,4758]
[0,1337,2731,4758]
[0,2731,4758]
[0,837,1446,2784,3367,4758]
[0,1000,1314,1666,2731,3595,4758]
[0,1337,2864,4758]
[0,1446,2731,3371,4758]
[0,1666,2731,3595,4758]
[0,2864,4758]
[0,1000,1666,2419,2784,3367,4758]
[0,1446,2784,4758]
[0,1446,2784,3367,4758]
[0,1666,2731,3367,4758]
[0,1000,1666,2784,3367,3682,4758]
[0,1000,1666,2419,2784,3367,3682,4758]
[0,1446,2731,3580,4758]
[0,837,1446,2419,2784,3367,4758]
[0,837,1446,2419,2784,3367,3682,4758]
[0,1000,1666,2784,3367,4758]
[0,1666,2784,3367,4758]
[0,1446,2731,4758]
[0,1000,1666,2731,3595,4758]
[0,1446,2784,3371,4758]
[0,1337,2731,3580,4758]
[0,2784,4758]
[0,1666,4758]
