[0,51,424,973,1249,1469,1640,2053]
[0,366,973,1469,2053]
[0,1469,1640,2053]
[0,366,973,1249,1469,1640,2053]
[0,366,973,1249,1469,1537,1640,2053]
[0,51,366,973,1249,1469,1537,1640,2053]
[0,424,973,1469,2053]
[0,1526,2053]
[0,51,366,973,1249,1469,1640,1815,1999,2053]
[0,973,1640,2053]
[0,51,366,973,1249,1469,1537,1640,1966,2053]
[0,424,973,1640,2053]
[0,51,424,973,1249,1469,1537,1640,1815,1999,2053]
[0,1469,1815,2053]
[0,366,973,1249,1469,1815,2053]
[0,424,973,1249,1469,1640,2053]
[0,973,2053]
[0,51,424,973,1249,1469,1537,1640,2053]
[0,366,973,1249,1469,1640,1815,1999,2053]
[0,424,973,1249,1469,1640,1966,2053]
[0,51,366,973,1249,1469,1537,1640,1879,1966,2053]
[0,424,1640,2053]
[0,51,366,973,1249,1469,1640,2053]
[0,424,973,1249,1469,1537,1640,1815,2053]
[0,424,973,2053]
[0,366,973,1249,1640,2053]
[0,973,1469,2053]
[0,424,973,1469,1815,2053]
[0,424,973,1249,1469,1815,2053]
[0,1469,2053]
[0,366,1469,1640,2053]
[0,366,1640,2053]
[0,424,973,1249,1469,1537,1640,1966,2053]
[0,51,424,973,1249,1469,1537,1640,1879,1966,2053]
[0,424,1469,1640,2053]
[0,51,424,973,1249,1469,1537,1640,1966,2053]
[0,51,366,973,1249,1469,1537,1640,1815,1999,2053]
[0,366,973,1640,2053]
[0,1537,2053]
[0,366,973,1249,1469,1537,1640,1815,2053]
[0,424,973,1249,1469,1537,1640,1815,1999,2053]
[0,1640,2053]
[0,424,973,1249,1469,1640,1815,2053]
[0,424,973,1469,1640,2053]
[0,366,973,1469,1640,2053]
[0,424,1469,2053]
[0,366,973,1249,1469,1640,1879,1966,2053]
[0,424,973,1249,1469,1537,1640,1879,1966,2053]
[0,424,973,1249,1640,2053]
[0,366,1469,1815,2053]
[0,424,973,1249,1469,1640,1879,1966,2053]
[0,366,973,1249,1469,1640,1815,2053]
[0,424,1469,1815,2053]
[0,51,424,973,1249,1469,1640,1815,1999,2053]
[0,366,973,1249,1469,1537,1640,1966,2053]
[0,1516,2053]
[0,424,973,1249,1469,1640,1815,1999,2053]
[0,424,2053]
[0,366,973,1249,1469,1537,1640,1815,1999,2053]
[0,366,1469,2053]
[0,366,973,1469,1815,2053]
[0,51,366,973,1249,1469,1640,1815,2053]
[0,366,973,1249,1469,1640,1966,2053]
[0,366,973,1249,1469,1537,1640,1879,1966,2053]
[0,424,973,1249,1469,1537,1640,2053]
