[0,1481,1875]
[0,52,210,359,927,1343,1481,1805,1875]
[0,927,1343,1875]
[0,210,359,927,1343,1875]
[0,210,359,927,1805,1875]
[0,210,359,927,1343,1481,1805,1875]
[0,210,359,927,1243,1481,1805,1875]
[0,52,210,359,927,1243,1481,1805,1875]
[0,210,933,1805,1875]
[0,52,210,359,927,1243,1805,1875]
[0,927,1481,1875]
[0,210,359,927,1481,1875]
[0,206,359,927,1875]
[0,359,927,1343,1875]
[0,210,359,927,1243,1875]
[0,210,1875]
[0,210,359,927,1875]
[0,52,210,359,927,1805,1875]
[0,210,359,927,1243,1805,1875]
[0,206,359,927,1805,1875]
[0,359,927,1805,1875]
[0,210,359,927,1343,1805,1875]
[0,359,927,1243,1481,1875]
[0,210,1805,1875]
[0,359,1875]
[0,927,1875]
[0,210,359,927,1243,1481,1875]
[0,359,927,1481,1875]
[0,210,927,1805,1875]
[0,1805,1875]
[0,210,927,1875]
[0,359,927,1875]
[0,359,1805,1875]
[0,933,1875]
[0,210,359,927,1343,1481,1875]
[0,210,933,1875]
[0,359,927,1243,1875]
