[0,187,1500,2012,2554]
[0,461,704,1604,2224,2554]
[0,517,1435,2063,2554]
[0,461,2224,2554]
[0,651,1500,2063,2554]
[0,461,1500,2554]
[0,461,1500,2223,2554]
[0,187,651,1012,1500,2224,2554]
[0,235,1500,2554]
[0,651,1948,2554]
[0,461,704,1500,1604,2223,2554]
[0,2012,2554]
[0,461,704,1604,2012,2223,2554]
[0,1948,2554]
[0,187,1500,2223,2554]
[0,461,1500,1604,2223,2554]
[0,1500,2223,2554]
[0,461,1604,2224,2554]
[0,187,651,1500,2554]
[0,704,1500,2554]
[0,187,651,1012,1500,2063,2554]
[0,2223,2554]
[0,651,1012,1500,2554]
[0,461,704,1500,2224,2554]
[0,1435,2554]
[0,461,704,2223,2554]
[0,517,2554]
[0,461,704,1500,1604,2012,2224,2554]
[0,461,704,2012,2224,2554]
[0,704,2554]
[0,235,1500,2063,2554]
[0,461,704,1604,2223,2554]
[0,461,2223,2554]
[0,461,1500,1604,2224,2554]
[0,461,1500,2224,2554]
[0,651,1500,2554]
[0,651,1012,1500,2224,2554]
[0,1604,2554]
[0,651,2554]
[0,651,1012,1500,2063,2554]
[0,187,651,1012,1500,2012,2224,2554]
[0,461,704,1500,1604,2224,2554]
[0,651,1012,1500,2012,2224,2554]
[0,187,2012,2554]
[0,461,2554]
[0,461,1604,2223,2554]
[0,704,1500,2012,2554]
[0,461,704,2224,2554]
[0,187,651,1500,2224,2554]
[0,461,1604,2554]
[0,651,2224,2554]
[0,187,2223,2554]
[0,187,651,1500,2063,2554]
[0,461,704,1604,2012,2224,2554]
[0,651,1500,2224,2554]
[0,517,1435,2554]
[0,2224,2554]
[0,461,704,1500,2223,2554]
[0,1500,2554]
[0,461,704,1500,1604,2012,2223,2554]
[0,1500,2063,2554]
[0,704,2012,2554]
[0,461,704,2012,2223,2554]
[0,1500,2012,2554]
