[0,382,911,1104,1249]
[0,382,766,911,969,1096,1249]
[0,341,911,1249]
[0,213,382,766,911,1104,1249]
[0,55,213,382,766,911,969,1096,1249]
[0,1096,1249]
[0,911,1249]
[0,213,361,766,911,984,1104,1249]
[0,55,341,911,1096,1249]
[0,213,361,766,911,1096,1249]
[0,213,382,911,1249]
[0,213,766,911,984,1104,1249]
[0,213,361,911,1104,1249]
[0,55,108,213,766,911,969,1096,1249]
[0,55,213,382,766,911,1096,1249]
[0,213,911,1249]
[0,55,213,382,766,911,984,1104,1249]
[0,55,213,361,766,911,984,1104,1249]
[0,382,766,911,1104,1249]
[0,55,382,911,1104,1249]
[0,382,1249]
[0,361,911,1249]
[0,213,382,766,911,984,1104,1249]
[0,361,766,911,984,1104,1249]
[0,55,108,213,382,766,911,984,1104,1249]
[0,213,911,1096,1249]
[0,55,213,382,766,911,1104,1249]
[0,213,361,766,911,1104,1249]
[0,213,766,911,1096,1249]
[0,55,108,213,766,911,984,1104,1249]
[0,382,766,911,984,1104,1249]
[0,382,911,1096,1249]
[0,213,382,766,911,1096,1249]
[0,55,213,766,911,1104,1249]
[0,55,108,213,361,766,911,984,1104,1249]
[0,361,911,1096,1249]
[0,55,213,766,911,984,1104,1249]
[0,55,341,911,1249]
[0,361,1249]
[0,911,1104,1249]
[0,55,213,911,1104,1249]
[0,213,361,911,1096,1249]
[0,213,766,911,1104,1249]
[0,361,766,911,1096,1249]
[0,213,911,984,1104,1249]
[0,382,766,911,1096,1249]
[0,341,1249]
[0,213,382,911,1104,1249]
[0,213,382,766,911,969,1096,1249]
[0,55,108,213,382,766,911,969,1096,1249]
[0,55,382,911,1249]
[0,55,911,1249]
[0,188,911,1249]
[0,213,766,911,969,1096,1249]
[0,361,911,1104,1249]
[0,213,361,766,911,969,1096,1249]
[0,55,213,766,911,1096,1249]
[0,361,766,911,1104,1249]
[0,361,766,911,969,1096,1249]
[0,55,108,213,766,911,1096,1249]
[0,213,382,911,1096,1249]
[0,911,1096,1249]
[0,55,213,911,1096,1249]
[0,55,108,213,361,766,911,969,1096,1249]
[0,55,213,911,984,1104,1249]
[0,341,911,1096,1249]
[0,55,213,766,911,969,1096,1249]
[0,382,911,1249]
[0,213,911,1104,1249]
[0,55,213,361,766,911,969,1096,1249]
[0,213,361,911,1249]
