[0,205,426,658,704,997]
[0,183,426,658,953,997]
[0,183,426,594,658,704,953,997]
[0,183,426,525,658,704,953,997]
[0,183,426,594,658,997]
[0,212,426,594,658,704,997]
[0,183,426,525,658,704,997]
[0,205,426,658,997]
[0,205,426,594,658,704,997]
[0,183,426,594,658,953,997]
[0,426,997]
[0,205,426,594,658,997]
[0,183,426,658,704,997]
[0,212,426,594,658,997]
[0,212,426,658,704,953,997]
[0,183,594,997]
[0,183,426,594,658,704,997]
[0,426,658,704,953,997]
[0,183,997]
[0,183,426,658,997]
[0,212,426,594,658,704,953,997]
[0,212,426,658,997]
[0,183,426,658,704,953,997]
[0,183,438,658,953,997]
[0,183,426,551,658,997]
[0,205,426,658,704,953,997]
[0,183,438,658,997]
[0,438,658,997]
[0,438,997]
[0,220,997]
[0,426,658,997]
[0,183,594,953,997]
[0,183,426,525,658,997]
[0,205,426,594,658,704,953,997]
[0,212,426,658,704,997]
[0,594,997]
[0,426,658,704,997]
[0,183,426,551,658,953,997]
