[0,233,1530,2808,3264,4758]
[0,233,835,1530,2808,3264,3754,4758]
[0,835,3754,4758]
[0,835,1530,2814,4758]
[0,233,835,4758]
[0,835,1530,3264,3754,4758]
[0,1530,2808,4758]
[0,835,2814,4758]
[0,835,1530,2814,3264,4758]
[0,3028,4758]
[0,1530,2808,3264,3754,4758]
[0,1530,2808,3264,3908,4758]
[0,1530,2808,3908,4758]
[0,233,835,1530,2808,3264,4121,4758]
[0,1530,2808,3754,4758]
[0,233,835,1530,2808,3264,4011,4758]
[0,1530,2808,3264,4011,4758]
[0,835,1530,2808,3264,3908,4758]
[0,835,1530,2808,3264,3754,4758]
[0,3754,4758]
[0,233,835,1530,2808,3264,4758]
[0,1530,2814,4758]
[0,835,1530,2808,3908,4758]
[0,1530,2808,4011,4758]
[0,835,1530,2808,3754,4758]
[0,835,1530,2814,3264,4011,4758]
[0,835,1530,2808,4011,4758]
[0,2814,4758]
[0,835,1530,2808,4121,4758]
[0,233,835,1530,2850,4011,4758]
[0,1530,2808,3264,4121,4758]
[0,1530,2814,4011,4758]
[0,1530,2808,4121,4758]
[0,233,835,1530,3264,3754,4758]
[0,233,835,1530,2814,3264,4758]
[0,835,3264,3754,4758]
[0,835,1530,3264,4758]
[0,233,835,3264,3754,4758]
[0,835,4758]
[0,835,1530,2808,3264,4121,4758]
[0,835,2814,4011,4758]
[0,835,1530,2808,3264,4011,4758]
[0,835,1530,4758]
[0,835,1530,2814,4011,4758]
[0,1530,4758]
[0,233,1530,2850,4011,4758]
[0,835,1530,2850,4011,4758]
[0,1530,2850,4011,4758]
[0,835,3264,4758]
[0,835,1530,2808,4758]
[0,233,835,3754,4758]
[0,1530,2808,3264,4758]
[0,835,3028,4758]
[0,835,1530,2808,3264,4758]
[0,3264,4758]
[0,1530,2850,4758]
[0,233,1530,2814,3264,4758]
[0,233,835,1530,2814,3264,4011,4758]
[0,1530,2814,3264,4758]
[0,1530,2814,3264,4011,4758]
[0,233,835,1530,2808,3264,3908,4758]
