[0,329,407,458,670,776,848,1046]
[0,458,670,776,848,953,1046]
[0,458,670,848,1046]
[0,458,670,935,1046]
[0,329,458,670,776,848,1046]
[0,329,458,670,776,848,953,1046]
[0,458,670,841,1046]
[0,329,407,458,670,776,848,953,1046]
[0,458,813,1046]
[0,329,458,670,848,1046]
[0,458,670,1046]
[0,458,670,776,848,1046]
[0,670,1046]
[0,458,912,1046]
[0,407,1046]
[0,458,696,912,1046]
[0,458,670,787,841,1046]
[0,912,1046]
[0,458,696,1046]
[0,458,670,912,1046]
[0,696,1046]
[0,329,458,670,848,953,1046]
[0,407,813,1046]
[0,458,670,848,953,1046]
[0,458,1046]
