[0,405,495,1001,1173,1464,1562]
[0,1445,1562]
[0,54,415,1445,1562]
[0,54,415,1001,1173,1464,1562]
[0,54,415,610,1001,1173,1311,1464,1562]
[0,585,1445,1562]
[0,54,415,1562]
[0,415,1001,1464,1562]
[0,405,495,1001,1464,1562]
[0,415,689,1001,1311,1562]
[0,415,750,1001,1464,1562]
[0,415,610,1001,1173,1464,1562]
[0,415,1001,1173,1562]
[0,415,689,1001,1173,1464,1562]
[0,415,610,1001,1173,1311,1464,1562]
[0,405,1001,1173,1562]
[0,415,495,1001,1562]
[0,750,1173,1562]
[0,54,415,750,1001,1464,1562]
[0,405,1001,1173,1464,1562]
[0,54,405,495,1001,1173,1464,1562]
[0,54,415,495,1001,1562]
[0,405,495,1001,1562]
[0,415,495,750,1001,1464,1562]
[0,405,1001,1562]
[0,415,495,750,1001,1173,1464,1562]
[0,449,1562]
[0,54,415,495,750,1001,1464,1562]
[0,415,1464,1562]
[0,54,415,495,750,1001,1173,1311,1464,1562]
[0,415,689,1001,1173,1311,1464,1562]
[0,54,1464,1562]
[0,54,415,1044,1464,1562]
[0,1173,1562]
[0,405,1562]
[0,415,610,1001,1464,1562]
[0,1001,1562]
[0,54,415,1001,1562]
[0,415,750,1001,1311,1562]
[0,750,1562]
[0,597,1173,1562]
[0,415,1044,1464,1562]
[0,449,1173,1562]
[0,585,1562]
[0,54,1001,1562]
[0,54,415,495,1001,1464,1562]
[0,415,689,1001,1173,1562]
[0,54,415,689,1001,1173,1311,1464,1562]
[0,415,1001,1173,1311,1562]
[0,415,750,1001,1173,1311,1464,1562]
[0,415,750,1001,1173,1311,1562]
[0,415,495,750,1001,1173,1311,1464,1562]
[0,405,1001,1464,1562]
[0,585,1071,1562]
[0,750,1464,1562]
[0,415,610,1001,1311,1562]
[0,415,495,1001,1464,1562]
[0,415,1044,1562]
[0,54,750,1173,1562]
[0,54,415,610,1001,1173,1464,1562]
[0,1044,1562]
[0,54,405,495,1001,1464,1562]
[0,54,415,610,1001,1464,1562]
[0,585,1071,1445,1562]
[0,54,405,1001,1562]
[0,597,1562]
[0,54,415,495,750,1001,1173,1464,1562]
[0,1464,1562]
[0,54,415,1464,1562]
[0,415,610,1001,1562]
[0,415,750,1001,1173,1562]
[0,54,415,750,1001,1173,1464,1562]
[0,415,1001,1173,1464,1562]
[0,415,750,1001,1173,1464,1562]
[0,54,415,750,1001,1562]
[0,415,1001,1311,1562]
[0,1001,1464,1562]
[0,54,415,689,1001,1173,1464,1562]
[0,415,610,1001,1173,1311,1562]
[0,415,689,1001,1173,1311,1562]
[0,54,405,1562]
[0,54,1173,1562]
[0,54,415,1001,1464,1562]
[0,415,610,1001,1173,1562]
[0,1071,1562]
[0,415,750,1001,1562]
[0,415,1562]
[0,415,1001,1562]
[0,54,405,495,1001,1562]
[0,415,689,1001,1562]
[0,54,750,1464,1562]
[0,405,1464,1562]
[0,415,1445,1562]
