[0,139,373,503,881,1264]
[0,503,630,819,881,1264]
[0,373,503,630,881,1220,1264]
[0,896,1264]
[0,216,630,801,881,1264]
[0,139,216,503,630,881,1264]
[0,139,216,630,881,1264]
[0,139,503,881,1264]
[0,216,503,630,801,881,1264]
[0,373,503,630,881,1264]
[0,216,503,881,1264]
[0,373,503,881,1264]
[0,503,630,881,1264]
[0,216,503,630,881,1264]
[0,216,373,503,630,881,1264]
[0,503,819,881,1264]
[0,139,216,503,881,1264]
[0,216,373,503,881,1264]
[0,139,216,373,503,630,819,881,1264]
[0,139,216,630,819,881,1264]
[0,139,216,503,630,819,881,1264]
[0,139,503,896,1264]
[0,503,630,801,881,1264]
[0,801,881,1264]
[0,630,881,1264]
[0,503,1264]
[0,216,819,881,1264]
[0,139,216,373,503,630,881,1264]
[0,503,881,1264]
[0,139,373,503,630,881,1220,1264]
[0,216,630,881,1264]
[0,139,216,801,881,1264]
[0,503,801,881,1264]
[0,139,503,630,881,1220,1264]
[0,216,373,503,630,801,881,1264]
[0,139,216,503,630,801,881,1264]
[0,139,216,881,1264]
[0,139,216,373,503,881,1264]
[0,216,881,1264]
[0,139,503,881,1220,1264]
[0,139,503,630,881,1264]
[0,139,373,503,630,881,1264]
[0,139,216,819,881,1264]
[0,139,216,373,503,630,801,881,1264]
[0,503,896,1264]
[0,881,1264]
[0,216,801,881,1264]
[0,139,216,630,801,881,1264]
[0,819,881,1264]
