[0,241,917,1806,1875]
[0,355,917,1285,1806,1875]
[0,194,241,355,917,1105,1806,1875]
[0,194,236,434,917,1105,1756,1806,1875]
[0,355,917,1875]
[0,236,434,917,1105,1285,1875]
[0,236,917,1806,1875]
[0,355,1806,1875]
[0,355,917,1105,1875]
[0,194,236,917,1105,1806,1875]
[0,268,1875]
[0,1806,1875]
[0,241,434,917,1105,1285,1875]
[0,434,917,1105,1806,1875]
[0,917,1875]
[0,194,236,434,917,1105,1806,1875]
[0,434,917,1806,1875]
[0,355,917,1285,1875]
[0,241,355,917,1105,1806,1875]
[0,236,434,917,1875]
[0,236,434,917,1105,1806,1875]
[0,268,917,1190,1875]
[0,236,355,917,1105,1875]
[0,194,241,434,917,1105,1756,1806,1875]
[0,917,1285,1875]
[0,236,434,917,1105,1285,1756,1806,1875]
[0,241,917,1875]
[0,241,355,917,1105,1875]
[0,241,917,1105,1806,1875]
[0,241,1875]
[0,241,434,917,1105,1875]
[0,241,434,917,1105,1756,1806,1875]
[0,236,434,917,1105,1875]
[0,268,917,1806,1875]
[0,434,917,1875]
[0,355,917,1806,1875]
[0,241,917,1105,1875]
[0,194,236,434,917,1105,1285,1756,1806,1875]
[0,241,1806,1875]
[0,236,434,917,1105,1756,1806,1875]
[0,917,1190,1875]
[0,355,917,1190,1875]
[0,194,241,434,917,1105,1806,1875]
[0,268,917,1190,1806,1875]
[0,355,917,1105,1806,1875]
[0,355,917,1190,1806,1875]
[0,236,1875]
[0,236,917,1105,1875]
[0,236,917,1875]
[0,236,355,917,1105,1806,1875]
[0,241,434,917,1105,1806,1875]
[0,236,1806,1875]
[0,434,1806,1875]
[0,434,1875]
[0,355,1875]
[0,194,236,355,917,1105,1806,1875]
[0,194,241,434,917,1105,1285,1756,1806,1875]
[0,241,434,917,1105,1285,1756,1806,1875]
[0,241,434,917,1875]
[0,434,917,1105,1875]
[0,194,241,917,1105,1806,1875]
[0,355,1756,1875]
[0,236,434,917,1105,1285,1806,1875]
[0,236,917,1105,1806,1875]
[0,241,434,917,1105,1285,1806,1875]
[0,1756,1875]
[0,268,917,1875]
[0,268,1806,1875]
