[0,849,2019]
[0,447,1430,1803,2019]
[0,457,2019]
[0,433,2019]
[0,457,849,1161,1475,2019]
[0,1238,2019]
[0,481,854,2019]
[0,77,849,2019]
[0,433,849,1161,1475,2019]
[0,433,1161,1475,2019]
[0,481,2019]
[0,450,1161,2019]
[0,1161,2019]
[0,450,2019]
[0,447,849,2019]
[0,447,849,1430,2019]
[0,481,854,1430,1803,2019]
[0,457,849,1161,1475,1803,2019]
[0,77,481,854,1430,1803,2019]
[0,481,1430,2019]
[0,447,1430,2019]
[0,450,1238,2019]
[0,481,1430,1803,2019]
[0,450,957,1161,1475,2019]
[0,450,849,1238,1475,2019]
[0,450,1238,1475,2019]
[0,447,849,1430,1803,2019]
[0,433,849,1161,1286,1475,2019]
[0,450,849,1161,1475,2019]
[0,450,957,1161,1286,1475,2019]
[0,481,854,1430,2019]
[0,450,1161,1475,2019]
[0,450,849,1238,2019]
[0,447,2019]
[0,450,849,1161,1475,1803,2019]
[0,433,849,1161,2019]
[0,457,1161,1475,2019]
[0,695,2019]
[0,433,1161,2019]
[0,481,1803,2019]
[0,450,957,1161,2019]
[0,447,1803,2019]
[0,457,1161,2019]
[0,1430,2019]
