[0,705,1002,1539,1737,1913,2053]
[0,1378,1539,1737,1994,2053]
[0,1002,1483,1737,1913,2053]
[0,1483,1539,1612,1737,1913,1994,2053]
[0,1002,1278,1378,1539,1737,2053]
[0,1483,1539,1612,1737,1936,1994,2053]
[0,1002,1483,2053]
[0,1002,1483,1539,1612,1737,1936,1994,2053]
[0,1002,1278,1378,1539,1612,1737,1936,1994,2053]
[0,1483,1737,1913,1994,2053]
[0,1002,1539,1612,1737,2053]
[0,1483,1539,1737,1994,2053]
[0,1378,1539,1612,1737,1936,1994,2053]
[0,1539,2053]
[0,1002,1278,1378,1539,1612,1737,1994,2053]
[0,1278,1378,1539,1737,2053]
[0,1378,1539,1936,2053]
[0,1483,1612,1737,1936,1994,2053]
[0,705,1002,1278,1483,1737,1913,1994,2053]
[0,723,1539,1737,2053]
[0,705,1002,1278,1378,1483,1539,1612,1737,1913,1994,2053]
[0,1483,1539,1737,2053]
[0,723,1002,1278,1483,1737,1936,1994,2053]
[0,1278,1378,1539,1612,1737,1913,2053]
[0,1483,1737,1913,2053]
[0,1539,1612,1737,1913,2053]
[0,705,1002,1278,1483,1612,1737,1913,1994,2053]
[0,1483,1612,1737,1913,1994,2053]
[0,1378,1539,1936,1994,2053]
[0,1378,1539,1737,1936,1994,2053]
[0,1378,1539,1913,2053]
[0,705,1002,1483,1539,1737,1913,1994,2053]
[0,1002,1539,2053]
[0,1378,1539,1612,1737,1913,1994,2053]
[0,705,1539,1737,2053]
[0,705,1002,1483,1539,1612,1737,1913,1994,2053]
[0,705,1002,1278,1378,1539,1612,1737,1913,2053]
[0,705,1002,1483,1737,1984,2053]
[0,1483,1737,1994,2053]
[0,1483,1539,1737,1984,2053]
[0,1002,1483,1737,1913,1994,2053]
[0,1002,1483,1539,1737,1994,2053]
[0,1002,1483,1913,1994,2053]
[0,1483,2053]
[0,1483,1539,1913,1994,2053]
[0,705,1002,1278,1378,1539,1612,1737,2053]
[0,1483,1539,1936,1994,2053]
[0,705,1002,1483,1913,2053]
[0,1378,1539,1737,1913,2053]
[0,1483,1612,1737,1913,2053]
[0,1278,1378,1539,1612,1737,1913,1994,2053]
[0,1278,1378,1539,1612,1737,1936,1994,2053]
[0,723,1539,2053]
[0,705,1002,1278,1378,1539,1737,1913,2053]
[0,705,2053]
[0,1002,1483,1737,1936,1994,2053]
[0,723,1002,1278,1378,1539,1612,1737,2053]
[0,705,1002,1483,2053]
[0,723,1002,1539,1612,1737,1994,2053]
[0,1002,1483,1737,1994,2053]
[0,705,1002,1378,1539,1737,2053]
[0,1483,1737,1984,2053]
[0,1483,1936,2053]
[0,1002,1483,1539,1737,1984,2053]
[0,723,1002,1278,1483,1737,2053]
[0,1002,1278,1378,1539,1612,1737,1913,1994,2053]
[0,1483,1612,1737,1994,2053]
[0,1539,1737,1913,2053]
[0,705,1002,1539,1612,1737,2053]
[0,723,1002,1483,1737,1936,1994,2053]
[0,1002,1483,1539,1913,1994,2053]
[0,1002,1483,1737,2053]
[0,723,1002,1278,1378,1483,1539,1612,1737,1936,1994,2053]
[0,1002,1483,1539,1936,1994,2053]
[0,723,1002,1483,1539,1737,1936,1994,2053]
[0,1002,1483,1913,2053]
[0,705,1002,1483,1539,1737,1984,2053]
[0,1002,1278,1378,1539,1612,1737,2053]
[0,705,1002,1483,1539,1913,1994,2053]
[0,1483,1913,2053]
[0,723,1002,1483,1737,1994,2053]
[0,1278,1378,1539,1612,1737,2053]
[0,705,1002,1378,1539,1737,1913,2053]
[0,1539,1913,2053]
[0,1378,1539,1737,2053]
[0,705,1002,1539,2053]
[0,723,1002,1483,1539,1612,1737,1936,1994,2053]
[0,1378,1539,1913,1994,2053]
[0,1002,1483,1737,1984,2053]
[0,1278,1378,1539,1612,1737,1994,2053]
[0,705,1002,1539,1737,2053]
[0,1539,1612,1737,1994,2053]
[0,1483,1539,1737,1913,1994,2053]
[0,1378,1539,1612,1737,1994,2053]
[0,1378,1539,1737,1913,1994,2053]
[0,1539,1737,1913,1994,2053]
[0,723,1002,1278,1483,1539,1612,1737,1936,1994,2053]
[0,723,1002,1483,1539,1936,1994,2053]
[0,1539,1737,1936,1994,2053]
[0,705,1002,1539,1612,1737,1913,2053]
[0,705,1002,1278,1483,1737,1913,2053]
[0,1483,1737,1936,1994,2053]
[0,1539,1936,2053]
[0,1002,1539,1612,1737,1913,1994,2053]
[0,705,1002,1483,1913,1994,2053]
[0,723,1002,1539,1936,2053]
[0,1002,1539,1737,2053]
[0,1002,1539,1612,1737,1913,2053]
[0,1002,1378,1539,1737,1913,2053]
[0,723,1002,1483,2053]
[0,1483,1612,1737,2053]
[0,705,1539,2053]
[0,1512,2053]
[0,723,1002,1378,1539,1737,2053]
[0,705,1002,1483,1737,1913,1994,2053]
[0,723,1002,1539,1612,1737,1936,1994,2053]
[0,723,1002,1539,1737,2053]
[0,705,1002,1278,1483,1612,1737,1913,2053]
[0,1002,1483,1539,1612,1737,1913,1994,2053]
[0,1539,1737,1994,2053]
[0,723,1002,1278,1483,1612,1737,1994,2053]
[0,1378,1539,1612,1737,1913,2053]
[0,705,1002,1278,1378,1539,1612,1737,1913,1994,2053]
[0,1539,1913,1994,2053]
[0,1002,1539,1936,1994,2053]
[0,1483,1936,1994,2053]
[0,705,1002,1539,1612,1737,1913,1994,2053]
[0,1539,1612,1737,2053]
[0,1002,1539,1612,1737,1994,2053]
[0,1483,1539,1737,1936,1994,2053]
[0,723,1002,1278,1378,1539,1612,1737,1994,2053]
[0,1539,1612,1737,1913,1994,2053]
[0,1539,1612,1737,1936,1994,2053]
[0,1378,1539,1612,1737,2053]
[0,723,1002,1483,1539,1737,1994,2053]
[0,723,1002,1278,1378,1539,1612,1737,1936,1994,2053]
[0,705,1002,1483,1737,1913,2053]
[0,723,1002,1539,2053]
[0,723,1002,1278,1378,1539,1737,2053]
[0,1002,1278,1378,1539,1612,1737,1913,2053]
[0,705,1002,1278,1483,1539,1612,1737,1913,1994,2053]
[0,705,1002,1483,1737,2053]
[0,723,2053]
[0,723,1378,1539,1737,2053]
[0,723,1002,1278,1483,1737,1994,2053]
[0,1002,1539,1612,1737,1936,1994,2053]
[0,705,1002,1278,1378,1539,1737,2053]
[0,1539,1936,1994,2053]
[0,723,1002,1278,1483,1612,1737,2053]
[0,723,1002,1539,1936,1994,2053]
[0,1002,2053]
[0,1378,1539,2053]
[0,723,1002,1539,1612,1737,2053]
[0,705,1378,1539,1737,2053]
[0,723,1002,1278,1483,1539,1737,1994,2053]
[0,723,1002,1278,1483,1539,1737,1936,1994,2053]
[0,1002,1539,1737,1913,2053]
[0,723,1002,1278,1483,1612,1737,1936,1994,2053]
[0,1002,1378,1539,1737,2053]
[0,1539,1737,2053]
[0,1002,1278,1378,1539,1737,1913,2053]
[0,1483,1539,2053]
[0,1278,1378,1539,1737,1913,2053]
[0,1483,1737,2053]
[0,1483,1913,1994,2053]
[0,1002,1539,1936,2053]
[0,723,1002,1483,1737,2053]
[0,705,1002,1278,1483,1737,2053]
