[0,238,543,1179,1419]
[0,238,566,1179,1419]
[0,543,1179,1419]
[0,238,1179,1419]
[0,238,566,762,803,1179,1419]
[0,803,1419]
[0,543,1419]
[0,324,566,1419]
[0,566,1419]
[0,246,1419]
[0,324,566,1179,1419]
[0,324,566,762,803,1179,1419]
[0,348,803,1419]
[0,246,1179,1419]
[0,238,566,803,1179,1419]
[0,238,566,1179,1305,1419]
[0,142,324,566,762,803,1179,1419]
[0,1179,1419]
[0,142,324,566,803,1179,1419]
[0,238,393,566,1179,1305,1419]
[0,348,1419]
[0,238,393,566,1179,1419]
[0,566,1179,1419]
[0,324,566,803,1179,1419]
