[0,322,675,1230,1465]
[0,322,675,910,1124,1230,1465]
[0,322,1465]
[0,322,675,910,1230,1465]
[0,282,675,1124,1345,1465]
[0,322,675,1124,1465]
[0,282,1465]
[0,1124,1227,1465]
[0,322,681,1465]
[0,1345,1465]
[0,322,675,910,1124,1465]
[0,282,1124,1465]
[0,322,675,1227,1465]
[0,1124,1345,1465]
[0,1230,1465]
[0,322,1124,1230,1465]
[0,322,675,1124,1345,1465]
[0,322,675,910,1124,1227,1465]
[0,322,681,1170,1465]
[0,446,1124,1465]
[0,282,675,1465]
[0,282,675,1124,1465]
[0,322,1124,1227,1465]
[0,322,675,910,1227,1465]
[0,282,675,910,1124,1345,1465]
[0,282,675,910,1124,1465]
[0,1124,1465]
[0,446,1465]
[0,675,1124,1465]
[0,675,1465]
[0,322,675,1124,1230,1465]
[0,1124,1230,1465]
[0,322,675,910,1124,1345,1465]
[0,282,1124,1345,1465]
[0,1227,1465]
[0,681,1465]
[0,322,1124,1465]
[0,322,1124,1345,1465]
[0,322,675,1124,1227,1465]
[0,322,675,1465]
