[0,46,501,620,805,945,1562]
[0,46,501,673,945,1562]
[0,46,501,673,1562]
[0,247,501,620,805,945,1562]
[0,247,501,620,805,945,1067,1562]
[0,136,247,501,620,1562]
[0,247,501,673,805,945,1206,1562]
[0,501,620,805,945,1562]
[0,136,247,501,673,805,945,1067,1206,1562]
[0,501,673,822,1206,1562]
[0,247,501,1562]
[0,136,247,501,620,805,945,1562]
[0,247,501,673,805,945,1067,1562]
[0,501,691,1562]
[0,46,501,620,1562]
[0,46,136,247,501,620,805,945,1067,1562]
[0,247,501,945,1206,1562]
[0,247,501,673,945,1562]
[0,501,673,805,945,1562]
[0,247,501,945,1067,1562]
[0,547,1108,1562]
[0,247,501,1206,1562]
[0,247,501,620,805,945,1067,1206,1562]
[0,46,501,673,822,1108,1562]
[0,501,673,822,1562]
[0,136,501,673,1562]
[0,501,673,1562]
[0,46,136,247,501,620,805,945,1067,1206,1562]
[0,501,620,945,1562]
[0,501,673,805,945,1206,1562]
[0,501,673,1108,1562]
[0,247,501,673,1562]
[0,501,945,1206,1562]
[0,247,501,673,1206,1562]
[0,501,673,945,1562]
[0,501,945,1067,1206,1562]
[0,501,1108,1562]
[0,46,501,673,822,1206,1562]
[0,136,247,501,673,805,945,1067,1562]
[0,501,673,805,945,1067,1562]
[0,247,501,805,945,1206,1562]
[0,46,136,247,501,620,1562]
[0,501,1562]
[0,46,501,673,805,945,1562]
[0,501,805,945,1206,1562]
[0,501,805,945,1067,1206,1562]
[0,247,501,945,1562]
[0,501,620,805,945,1067,1206,1562]
[0,501,805,945,1067,1562]
[0,501,673,1206,1562]
[0,46,136,247,501,673,805,945,1067,1206,1562]
[0,46,501,673,822,1562]
[0,547,1562]
[0,136,247,501,620,805,945,1067,1206,1562]
[0,247,501,620,945,1562]
[0,46,136,501,673,805,945,1562]
[0,501,673,945,1206,1562]
[0,46,136,247,501,673,805,945,1562]
[0,46,501,620,805,945,1067,1562]
[0,247,501,805,945,1067,1206,1562]
[0,136,501,673,945,1562]
[0,46,501,620,945,1562]
[0,247,501,673,805,945,1067,1206,1562]
[0,46,501,673,805,945,1067,1562]
[0,247,501,673,805,945,1562]
[0,501,673,805,945,1067,1206,1562]
[0,501,805,945,1562]
[0,247,501,673,945,1206,1562]
[0,136,247,501,620,805,945,1067,1562]
[0,46,136,501,620,1562]
[0,46,136,247,501,620,805,945,1562]
[0,501,1206,1562]
[0,46,501,1562]
[0,46,136,501,673,945,1562]
[0,136,501,1562]
[0,501,1067,1562]
[0,46,136,501,673,1562]
[0,136,501,620,1562]
[0,247,501,945,1067,1206,1562]
[0,46,501,673,805,945,1067,1206,1562]
[0,247,501,805,945,1562]
[0,46,501,673,1206,1562]
[0,501,620,1562]
[0,501,620,805,945,1067,1562]
[0,247,501,620,1562]
[0,46,1562]
[0,46,136,247,501,673,805,945,1067,1562]
[0,136,501,673,805,945,1562]
[0,501,673,822,1108,1562]
[0,501,945,1562]
[0,136,247,501,673,805,945,1562]
[0,501,945,1067,1562]
[0,46,501,620,1206,1562]
[0,136,247,501,620,945,1562]
[0,46,501,620,805,945,1067,1206,1562]
[0,247,501,805,945,1067,1562]
[0,547,1067,1562]
[0,46,136,247,501,620,945,1562]
[0,501,620,1206,1562]
[0,46,501,691,1562]
