[0,351,1286,2369,2554]
[0,2008,2554]
[0,2369,2554]
[0,1680,2554]
[0,294,923,2187,2554]
[0,923,1405,2187,2554]
[0,767,2183,2554]
[0,1656,2183,2554]
[0,294,767,1342,2327,2554]
[0,294,767,1342,2554]
[0,294,923,1405,2187,2554]
[0,767,1286,1680,2183,2554]
[0,767,1342,2554]
[0,294,767,1286,2183,2554]
[0,351,767,1286,1656,2183,2554]
[0,351,767,1286,1680,1901,2369,2554]
[0,351,1680,2183,2554]
[0,294,767,1286,1901,2554]
[0,294,923,1286,2554]
[0,1286,1680,2554]
[0,767,1405,2187,2554]
[0,294,1342,2554]
[0,294,2187,2554]
[0,294,923,1286,2327,2554]
[0,923,1405,2554]
[0,767,1286,2554]
[0,351,767,1286,1680,2369,2554]
[0,351,1680,1901,2554]
[0,1342,2554]
[0,2187,2554]
[0,923,2008,2554]
[0,1286,1656,2183,2554]
[0,294,2554]
[0,351,767,1286,1680,1901,2183,2554]
[0,294,767,1286,1656,2183,2554]
[0,351,767,1286,2554]
[0,351,767,1286,1901,2554]
[0,1286,1680,2183,2554]
[0,1680,2183,2554]
[0,351,2554]
[0,294,767,1286,1656,1901,2554]
[0,923,2554]
[0,294,767,2183,2554]
[0,351,767,1286,1680,2183,2554]
[0,294,767,1286,1656,1901,2327,2554]
[0,351,1286,2554]
[0,294,1286,1901,2554]
[0,767,1286,1656,2183,2554]
[0,1286,1901,2554]
[0,767,1286,2183,2554]
[0,1286,2554]
[0,294,767,1901,2554]
[0,294,1656,1901,2554]
[0,351,767,1286,1680,1901,2554]
[0,767,1901,2554]
[0,923,2187,2554]
[0,351,767,1286,2369,2554]
[0,351,1656,2183,2554]
[0,351,767,1286,1680,2554]
[0,294,2183,2554]
[0,351,2183,2554]
[0,767,1286,1901,2554]
[0,767,2187,2554]
[0,2183,2554]
[0,351,767,1901,2554]
[0,294,1901,2554]
[0,351,1901,2554]
[0,767,2369,2554]
[0,923,1286,2554]
[0,767,1405,2554]
[0,1901,2554]
[0,767,1286,2369,2554]
[0,351,1286,1656,2183,2554]
[0,351,1286,1680,2183,2554]
[0,767,1286,1680,2554]
[0,351,1286,1901,2554]
[0,294,1286,1656,1901,2554]
[0,767,2554]
[0,1656,2554]
[0,294,1286,2554]
[0,351,2369,2554]
[0,351,1286,1680,1901,2554]
