[0,157,1419]
[0,331,556,806,1419]
[0,331,1219,1419]
[0,157,331,556,1135,1419]
[0,556,1135,1419]
[0,300,859,1137,1419]
[0,157,336,556,837,1137,1419]
[0,333,564,837,1219,1419]
[0,333,564,837,1419]
[0,157,331,556,806,907,1135,1419]
[0,336,1135,1419]
[0,157,333,564,837,907,1219,1419]
[0,907,1419]
[0,157,331,806,907,1219,1419]
[0,157,331,806,1219,1419]
[0,331,1135,1419]
[0,333,837,1419]
[0,157,333,564,837,907,1135,1419]
[0,157,331,556,806,1219,1419]
[0,333,564,837,1135,1419]
[0,336,556,837,1135,1419]
[0,331,806,1135,1419]
[0,336,556,859,1137,1419]
[0,157,907,1135,1419]
[0,331,556,806,1135,1419]
[0,300,556,1137,1419]
[0,331,556,1135,1419]
[0,300,556,859,1137,1419]
[0,333,564,1219,1419]
[0,157,333,837,907,1219,1419]
[0,157,331,806,1135,1419]
[0,157,331,556,806,1135,1419]
[0,331,806,1419]
[0,157,336,556,837,907,1135,1419]
[0,157,336,837,1135,1419]
[0,300,1137,1419]
[0,907,1135,1419]
[0,336,859,1137,1419]
[0,333,837,1219,1419]
[0,556,1419]
[0,331,837,1137,1419]
[0,157,336,837,1137,1419]
[0,157,333,837,1135,1419]
[0,333,837,1135,1419]
[0,157,336,556,837,1135,1419]
[0,300,1419]
[0,333,1419]
[0,333,1219,1419]
[0,157,556,1135,1419]
[0,157,907,1419]
[0,300,859,1419]
[0,157,331,556,806,907,1219,1419]
[0,157,336,837,907,1135,1419]
[0,331,1419]
[0,806,1419]
[0,157,336,837,907,1137,1419]
[0,331,806,1219,1419]
[0,331,556,1419]
[0,331,556,806,1219,1419]
[0,336,1137,1419]
[0,157,336,556,859,1137,1419]
[0,331,1137,1419]
[0,336,556,837,1137,1419]
[0,157,556,1419]
[0,157,333,564,837,1219,1419]
[0,157,331,806,907,1135,1419]
[0,333,564,1419]
[0,336,837,1419]
[0,157,333,564,837,1135,1419]
[0,336,1419]
[0,157,333,564,1219,1419]
[0,331,837,1419]
[0,300,556,1419]
[0,157,336,556,837,907,1137,1419]
[0,157,333,837,907,1135,1419]
[0,336,837,1137,1419]
[0,336,837,1135,1419]
[0,157,333,837,1219,1419]
[0,157,336,859,1137,1419]
[0,837,1419]
[0,859,1419]
