[0,92,300,542,645,1046]
[0,300,542,645,877,1046]
[0,92,300,542,645,725,1046]
[0,645,964,1046]
[0,472,1046]
[0,92,342,1046]
[0,92,300,472,1046]
[0,92,300,1046]
[0,300,472,1046]
[0,342,1046]
[0,92,542,645,984,1046]
[0,92,300,472,645,984,1046]
[0,300,1046]
[0,92,300,645,984,1046]
[0,92,300,472,645,725,877,984,1046]
[0,92,300,472,645,964,1046]
[0,342,645,1046]
[0,92,342,645,1046]
[0,92,342,645,964,1046]
[0,92,300,472,542,645,725,1046]
[0,92,300,542,645,984,1046]
[0,92,300,472,542,645,725,877,984,1046]
[0,542,645,1046]
[0,92,300,542,645,725,877,1046]
[0,92,542,645,1046]
[0,300,472,645,1046]
[0,300,542,1046]
[0,542,1046]
[0,92,300,472,645,1046]
[0,984,1046]
[0,645,1046]
[0,92,645,984,1046]
[0,300,542,877,1046]
[0,300,645,1046]
[0,92,300,472,542,645,725,877,1046]
[0,645,984,1046]
[0,92,300,542,645,877,984,1046]
[0,92,300,472,645,877,984,1046]
[0,92,645,1046]
[0,964,1046]
[0,92,300,472,645,725,877,1046]
[0,92,645,964,1046]
[0,92,300,542,645,725,877,984,1046]
[0,92,300,645,1046]
[0,472,645,1046]
[0,300,542,645,1046]
[0,92,300,472,645,877,1046]
[0,92,300,542,645,877,1046]
[0,300,472,645,877,1046]
[0,92,300,472,645,725,1046]
[0,92,1046]
[0,653,1046]
