[0,289,544,901,1284,1394,1542,1651]
[0,289,1284,1651]
[0,235,901,1284,1651]
[0,289,544,901,1284,1651]
[0,178,544,724,901,1103,1284,1651]
[0,289,901,1284,1394,1651]
[0,178,328,544,901,1082,1284,1651]
[0,66,178,328,544,724,901,1103,1284,1408,1651]
[0,66,235,289,544,701,901,1103,1284,1394,1542,1651]
[0,544,1284,1651]
[0,235,544,1284,1394,1651]
[0,235,1284,1651]
[0,544,1651]
[0,178,544,901,1082,1284,1651]
[0,289,901,1103,1284,1394,1542,1651]
[0,178,328,544,724,901,1103,1284,1651]
[0,66,289,544,701,901,1103,1284,1394,1542,1651]
[0,178,328,544,724,901,1103,1284,1408,1651]
[0,544,901,1103,1284,1651]
[0,235,544,901,1284,1394,1651]
[0,289,544,901,1284,1394,1651]
[0,66,178,544,1284,1651]
[0,178,328,544,901,1103,1284,1651]
[0,289,544,901,1103,1284,1394,1542,1651]
[0,289,901,1284,1651]
[0,66,178,328,544,901,1082,1284,1651]
[0,178,544,901,1103,1284,1651]
[0,234,1284,1651]
[0,235,544,701,901,1284,1651]
[0,66,178,544,901,1103,1284,1651]
[0,66,289,544,901,1284,1394,1542,1651]
[0,235,544,701,901,1284,1394,1542,1651]
[0,289,901,1103,1284,1651]
[0,66,178,328,544,901,1284,1651]
[0,901,1284,1651]
[0,235,544,1284,1651]
[0,289,901,1103,1284,1394,1651]
[0,289,544,701,901,1103,1284,1394,1542,1651]
[0,66,178,544,901,1284,1651]
[0,66,235,289,544,901,1284,1394,1542,1651]
[0,66,178,328,544,901,1082,1284,1408,1651]
[0,289,901,1284,1394,1542,1651]
[0,235,544,701,901,1284,1394,1651]
[0,66,178,328,544,901,1103,1284,1651]
[0,544,901,1284,1651]
[0,234,544,1284,1651]
[0,178,544,1284,1651]
[0,289,544,901,1103,1284,1651]
[0,66,178,328,544,724,901,1103,1284,1651]
[0,178,328,544,901,1082,1284,1408,1651]
[0,235,544,901,1284,1394,1542,1651]
[0,544,901,1082,1284,1651]
[0,289,544,701,901,1103,1284,1651]
[0,178,328,544,901,1284,1651]
[0,178,544,901,1284,1651]
[0,235,544,901,1284,1651]
[0,289,544,901,1103,1284,1394,1651]
[0,1284,1651]
[0,901,1651]
[0,289,544,701,901,1103,1284,1394,1651]
