[0,646,1661,2554]
[0,246,1225,1543,2158,2554]
[0,246,646,776,1225,1543,1661,2158,2554]
[0,2208,2554]
[0,776,1329,2554]
[0,246,646,776,1526,1661,2208,2513,2554]
[0,246,646,776,1543,1661,2158,2554]
[0,246,646,1225,1329,1526,1661,2208,2554]
[0,246,1225,1329,1526,1661,2208,2513,2554]
[0,776,1661,2554]
[0,646,1225,2554]
[0,776,1526,1661,2208,2554]
[0,246,646,776,1225,1329,1543,1661,2158,2554]
[0,1543,2554]
[0,1661,2208,2554]
[0,246,1661,2158,2554]
[0,769,2256,2554]
[0,246,776,1329,2256,2554]
[0,1225,1329,1526,1661,2208,2513,2554]
[0,776,2158,2554]
[0,246,776,1329,2554]
[0,776,1329,2256,2554]
[0,1543,1661,2158,2554]
[0,246,646,776,1225,1543,2158,2554]
[0,776,1329,1661,2158,2554]
[0,246,2158,2554]
[0,646,776,1526,1661,2208,2554]
[0,246,1329,1661,2158,2513,2554]
[0,246,646,1661,2158,2554]
[0,646,776,1661,2158,2554]
[0,776,1661,2208,2554]
[0,246,1661,2208,2554]
[0,246,646,1225,1543,2158,2554]
[0,246,646,776,1225,1329,1526,1661,2208,2554]
[0,1225,1329,1543,1661,2158,2554]
[0,1329,2554]
[0,246,776,1329,1661,2554]
[0,246,776,2158,2554]
[0,246,646,776,1225,1329,1543,1661,2158,2513,2554]
[0,646,1661,2158,2554]
[0,776,1329,1661,2554]
[0,246,1225,1526,2208,2554]
[0,246,1543,1661,2158,2554]
[0,246,646,1225,1329,1526,1661,2208,2513,2554]
[0,646,1225,1543,2158,2554]
[0,1526,1661,2208,2554]
[0,246,646,776,1543,2158,2554]
[0,1225,2554]
[0,776,1543,2554]
[0,2158,2554]
[0,246,646,776,2158,2554]
[0,246,646,776,1526,1661,2208,2554]
[0,646,2554]
[0,769,2554]
[0,246,2256,2554]
[0,246,1225,1526,1661,2208,2554]
[0,246,646,1225,1329,1543,1661,2158,2554]
[0,1225,2158,2554]
[0,246,646,776,1543,1661,2158,2513,2554]
[0,1225,1543,2158,2554]
[0,1661,2158,2554]
[0,646,776,2158,2554]
[0,246,1329,2554]
[0,246,776,2256,2554]
[0,1329,1661,2158,2554]
[0,646,1225,1526,2208,2554]
[0,246,646,776,1661,2158,2554]
[0,246,776,1329,1661,2158,2513,2554]
[0,246,1225,1329,1543,1661,2158,2554]
[0,1225,2208,2554]
[0,246,646,776,1225,1526,1661,2208,2554]
[0,1225,1526,1661,2208,2554]
[0,246,1526,1661,2208,2513,2554]
[0,776,1661,2158,2554]
[0,2256,2554]
[0,776,1543,2158,2554]
[0,246,776,1329,1661,2158,2554]
[0,246,646,1225,1543,1661,2158,2554]
[0,246,1225,1329,1526,1661,2208,2554]
[0,246,776,1661,2208,2554]
[0,1225,1543,1661,2158,2554]
[0,1661,2554]
[0,246,646,776,1225,1329,1526,1661,2208,2513,2554]
[0,646,1225,2158,2554]
[0,776,2554]
[0,246,1225,1543,1661,2158,2554]
[0,646,776,1543,1661,2158,2554]
[0,246,646,1225,1526,1661,2208,2554]
[0,246,776,1543,2158,2554]
[0,1225,1329,1526,1661,2208,2554]
[0,776,1543,1661,2158,2554]
[0,246,2208,2513,2554]
[0,776,2256,2554]
[0,246,2208,2554]
[0,246,1329,1661,2158,2554]
[0,2228,2554]
[0,1225,1526,2208,2554]
[0,246,646,1225,1526,2208,2554]
[0,646,1225,2208,2554]
[0,776,1329,2158,2554]
[0,246,776,1526,1661,2208,2554]
[0,246,1526,1661,2208,2554]
