[0,540,979,1264]
[0,411,697,1009,1218,1264]
[0,258,398,588,697,1009,1218,1264]
[0,398,604,697,959,1023,1218,1264]
[0,398,959,1023,1218,1264]
[0,398,697,1009,1264]
[0,787,979,1218,1264]
[0,258,411,787,1009,1264]
[0,258,398,604,697,787,979,1218,1264]
[0,979,1264]
[0,258,411,586,787,1009,1218,1264]
[0,411,787,1009,1218,1264]
[0,398,604,697,959,1023,1264]
[0,787,979,1264]
[0,411,1264]
[0,258,411,586,697,1009,1218,1264]
[0,411,586,697,1009,1264]
[0,398,697,959,1023,1218,1264]
[0,258,398,604,697,787,1009,1264]
[0,258,398,697,1009,1264]
[0,258,398,604,697,787,1009,1218,1264]
[0,258,398,787,1009,1264]
[0,697,1264]
[0,398,1023,1264]
[0,787,1009,1218,1264]
[0,258,398,959,1023,1218,1264]
[0,258,398,697,1009,1218,1264]
[0,411,697,1009,1264]
[0,697,1009,1218,1264]
[0,411,697,1264]
[0,42,697,1009,1218,1264]
[0,398,787,979,1264]
[0,398,787,979,1218,1264]
[0,42,411,787,1009,1218,1264]
[0,1009,1264]
[0,68,787,1009,1264]
[0,42,258,398,959,1023,1218,1264]
[0,68,398,586,787,1009,1218,1264]
[0,42,411,697,1009,1218,1264]
[0,398,604,697,979,1264]
[0,411,586,787,1009,1264]
[0,398,604,697,1023,1264]
[0,42,258,411,586,697,1009,1218,1264]
[0,258,398,787,979,1218,1264]
[0,398,697,1023,1264]
[0,398,959,1023,1264]
[0,697,979,1218,1264]
[0,258,398,787,1009,1218,1264]
[0,258,398,604,697,979,1218,1264]
[0,258,411,586,787,1009,1264]
[0,411,1009,1264]
[0,42,258,398,604,697,959,1023,1218,1264]
[0,68,398,586,787,1009,1264]
[0,42,258,398,697,959,1023,1218,1264]
[0,258,398,604,697,787,979,1264]
[0,42,398,697,1009,1218,1264]
[0,398,697,1009,1218,1264]
[0,411,969,1264]
[0,258,398,697,1023,1264]
[0,258,398,697,979,1264]
[0,68,398,787,1009,1218,1264]
[0,258,398,787,979,1264]
[0,258,398,697,959,1023,1264]
[0,258,411,586,697,1009,1264]
[0,258,398,959,1023,1264]
[0,398,604,787,979,1264]
[0,42,398,959,1023,1218,1264]
[0,258,411,697,1009,1218,1264]
[0,42,258,398,697,1009,1218,1264]
[0,258,411,787,1009,1218,1264]
[0,68,787,1009,1218,1264]
[0,258,398,604,787,979,1218,1264]
[0,258,411,697,1009,1264]
[0,398,979,1264]
[0,697,979,1264]
[0,697,1023,1264]
[0,68,398,1009,1264]
[0,398,604,697,979,1218,1264]
[0,42,258,398,588,697,1009,1218,1264]
[0,68,398,787,1009,1264]
[0,1023,1264]
[0,411,586,697,1009,1218,1264]
[0,398,697,979,1218,1264]
[0,398,1264]
[0,258,398,697,959,1023,1218,1264]
[0,258,398,604,697,959,1023,1218,1264]
[0,398,697,1264]
[0,42,258,411,697,1009,1218,1264]
[0,258,398,604,697,959,1023,1264]
[0,787,1009,1264]
[0,398,604,787,1009,1264]
[0,398,697,959,1023,1264]
[0,398,697,979,1264]
[0,42,787,1009,1218,1264]
[0,258,398,604,697,979,1264]
[0,258,398,604,697,1023,1264]
[0,398,1009,1264]
[0,697,1009,1264]
[0,258,398,604,787,979,1264]
[0,258,398,588,697,1009,1264]
[0,258,398,1264]
[0,42,258,411,586,787,1009,1218,1264]
[0,258,398,604,787,1009,1218,1264]
[0,398,586,787,1009,1264]
[0,42,258,411,787,1009,1218,1264]
[0,411,787,1009,1264]
[0,540,1264]
[0,258,398,1023,1264]
[0,398,787,1009,1218,1264]
[0,258,398,604,787,1009,1264]
[0,398,787,1009,1264]
