[0,149,392,475,633,728,832,922]
[0,149,475,922]
[0,149,728,922]
[0,149,392,475,620,728,832,922]
[0,475,620,728,832,922]
[0,728,922]
[0,149,620,922]
[0,620,922]
[0,149,378,475,620,728,832,922]
[0,149,475,620,728,922]
[0,475,633,922]
[0,149,922]
[0,633,922]
[0,149,392,475,519,620,728,832,922]
[0,149,475,620,922]
[0,149,475,633,728,922]
[0,475,620,728,922]
[0,149,475,620,728,832,922]
[0,149,392,475,582,633,728,832,922]
[0,149,378,475,620,728,922]
[0,475,633,728,922]
[0,475,633,728,832,922]
[0,149,635,922]
[0,635,922]
[0,149,475,633,728,832,922]
[0,475,922]
[0,149,475,633,922]
[0,475,620,922]
