[0,694,1533,1931,2364,2759]
[0,83,694,1533,1931,2572,2759]
[0,83,694,1533,2022,2759]
[0,694,1931,2759]
[0,83,694,1533,1931,2364,2572,2759]
[0,694,1533,2022,2759]
[0,516,2022,2364,2506,2759]
[0,1103,2759]
[0,516,1533,1931,2364,2572,2759]
[0,83,516,1453,1931,2022,2364,2506,2759]
[0,1453,2022,2759]
[0,516,1533,1931,2759]
[0,516,1453,2022,2759]
[0,694,1533,2022,2454,2759]
[0,516,1296,2262,2759]
[0,516,1296,2759]
[0,83,516,1453,2022,2364,2506,2759]
[0,694,1533,1931,2759]
[0,516,2022,2759]
[0,694,1533,1931,2022,2759]
[0,516,1533,1931,2572,2759]
[0,1103,2262,2759]
[0,83,694,1533,1931,2262,2364,2572,2759]
[0,516,2022,2262,2759]
[0,516,1453,1931,2022,2364,2506,2759]
[0,2022,2759]
[0,1296,2759]
[0,83,516,2022,2759]
[0,516,1453,2022,2506,2759]
[0,83,694,1533,1931,2022,2454,2759]
[0,83,516,1533,1931,2364,2572,2759]
[0,516,2022,2506,2759]
[0,516,2022,2572,2759]
[0,83,516,1533,1931,2572,2759]
[0,83,694,1533,1931,2022,2759]
[0,694,1533,1931,2572,2759]
[0,83,516,1533,1931,2759]
[0,516,1453,2022,2364,2506,2759]
[0,516,2759]
[0,1931,2759]
[0,694,2022,2759]
[0,83,516,2022,2364,2506,2759]
[0,516,1931,2759]
[0,516,2022,2262,2364,2759]
[0,516,1533,1931,2364,2759]
[0,83,516,1931,2759]
[0,694,1533,1931,2262,2364,2572,2759]
[0,83,516,2022,2262,2364,2759]
[0,694,1533,1931,2022,2454,2759]
[0,694,1533,1931,2364,2572,2759]
[0,83,516,2022,2572,2759]
[0,516,2364,2759]
