[0,300,868,1291,1655,1843,2122,2368,2554]
[0,320,1291,2230,2554]
[0,300,1291,1655,1843,2122,2554]
[0,454,868,1291,1655,2230,2554]
[0,2230,2554]
[0,300,1655,1843,2069,2230,2368,2554]
[0,454,1655,1843,2230,2368,2554]
[0,1291,2230,2554]
[0,868,2230,2554]
[0,320,2122,2554]
[0,454,868,1226,1655,2069,2554]
[0,454,1292,2170,2554]
[0,1226,2554]
[0,300,1226,1655,1843,2554]
[0,1226,1655,2069,2554]
[0,300,1655,1843,2554]
[0,454,1291,1655,2554]
[0,454,1291,2554]
[0,868,1655,2069,2554]
[0,300,1226,1655,2230,2554]
[0,868,2120,2554]
[0,2170,2554]
[0,300,1655,2230,2554]
[0,868,2069,2554]
[0,454,1226,1655,1843,2069,2230,2554]
[0,454,1291,1655,2230,2368,2554]
[0,300,1226,1655,1843,2230,2554]
[0,454,1655,1843,2554]
[0,1655,1843,2554]
[0,454,1655,2230,2368,2554]
[0,320,868,1291,2120,2554]
[0,300,1655,2122,2554]
[0,454,2230,2368,2554]
[0,300,1226,1655,1843,2069,2230,2368,2554]
[0,454,868,1226,1655,1843,2069,2368,2554]
[0,1291,1655,2122,2554]
[0,300,1655,2069,2554]
[0,1655,2122,2554]
[0,300,1655,1843,2069,2230,2554]
[0,320,1291,1655,2122,2554]
[0,868,1291,1655,2122,2554]
[0,454,2069,2554]
[0,320,2120,2554]
[0,868,1291,2120,2554]
[0,320,2230,2554]
[0,454,868,1291,1655,1843,2230,2554]
[0,1655,2069,2554]
[0,1291,2554]
[0,868,1226,2069,2554]
[0,868,1291,2554]
[0,868,2554]
[0,454,1655,1843,2230,2554]
[0,868,1291,2122,2554]
[0,300,1291,1655,2230,2368,2554]
[0,300,868,1291,1655,2230,2554]
[0,300,868,1226,1655,2069,2554]
[0,300,868,1226,1655,1843,2069,2554]
[0,454,1291,2230,2554]
[0,454,1226,1655,1843,2069,2230,2368,2554]
[0,454,1655,2554]
[0,300,2554]
[0,1291,2120,2554]
[0,320,1291,1655,1843,2122,2554]
[0,320,868,1291,1655,2122,2554]
[0,868,1226,1655,2069,2554]
[0,454,1292,2554]
[0,1843,2554]
[0,454,1291,1655,2230,2554]
[0,300,1226,1655,1843,2069,2230,2554]
[0,300,1291,1655,1843,2122,2368,2554]
[0,454,1291,2230,2368,2554]
[0,320,1291,2120,2554]
[0,2120,2554]
[0,1226,1843,2554]
[0,868,1843,2554]
[0,1226,1655,2230,2554]
[0,300,2230,2554]
[0,300,1655,1843,2230,2368,2554]
[0,454,868,1226,1655,1843,2069,2554]
[0,454,1291,1655,1843,2230,2368,2554]
[0,300,868,1291,1655,1843,2230,2368,2554]
[0,2069,2554]
[0,868,1291,1655,2554]
[0,300,2069,2554]
[0,454,868,1226,1655,2069,2368,2554]
[0,1292,2554]
[0,454,868,1291,2554]
[0,2122,2554]
[0,300,2122,2554]
[0,454,1655,1843,2069,2230,2368,2554]
[0,454,1226,1655,1843,2554]
[0,320,1655,2122,2554]
[0,300,1655,1843,2230,2554]
[0,2230,2368,2554]
[0,454,1226,1655,1843,2230,2554]
[0,868,2122,2554]
[0,300,1291,1655,2122,2554]
[0,1291,1655,2554]
[0,454,1226,1655,1843,2069,2554]
[0,454,1226,1843,2554]
[0,454,1226,1655,2230,2554]
[0,454,1291,1655,1843,2230,2554]
[0,300,1226,1655,2069,2554]
[0,1226,2069,2554]
[0,300,1291,1655,2230,2554]
[0,868,1291,1655,2230,2554]
[0,1655,2554]
[0,454,868,1291,1655,2554]
[0,320,868,1291,2230,2554]
[0,454,1843,2554]
[0,300,1291,1655,1843,2230,2554]
[0,868,1226,1843,2554]
[0,1226,1655,2554]
[0,1291,1655,2230,2554]
[0,300,868,1291,1655,1843,2230,2554]
[0,454,1655,2230,2554]
[0,1655,2230,2554]
[0,454,1655,1843,2069,2230,2554]
[0,454,1655,2069,2554]
[0,300,1655,2230,2368,2554]
[0,300,868,1226,1655,1843,2554]
[0,320,1291,1655,1843,2122,2368,2554]
[0,454,2230,2554]
[0,454,1226,1655,2069,2554]
[0,300,2230,2368,2554]
[0,454,868,1291,1655,1843,2230,2368,2554]
[0,300,868,1843,2554]
[0,300,868,1291,1655,1843,2122,2554]
[0,320,868,1291,1655,1843,2122,2554]
[0,300,1291,1655,1843,2230,2368,2554]
[0,300,868,1226,1843,2554]
[0,454,1226,2069,2554]
[0,454,1226,2554]
[0,300,1843,2554]
[0,300,1226,1843,2554]
[0,454,1226,1655,2554]
[0,868,1291,2230,2554]
[0,320,868,1291,1655,1843,2122,2368,2554]
[0,454,2554]
[0,300,868,1291,1655,2122,2554]
[0,454,2170,2554]
