[0,272,642,922]
[0,322,922]
[0,323,475,642,739,922]
[0,323,475,642,741,922]
[0,80,323,642,922]
[0,80,272,475,642,922]
[0,80,272,475,642,741,922]
[0,272,642,741,922]
[0,80,323,475,642,739,922]
[0,80,215,323,415,475,642,741,922]
[0,80,323,475,642,741,922]
[0,80,323,415,475,642,741,922]
[0,323,475,642,922]
[0,80,323,475,642,922]
[0,80,322,642,922]
[0,215,323,475,642,739,922]
[0,323,922]
[0,80,272,642,922]
[0,272,475,642,741,922]
[0,80,642,922]
[0,642,922]
[0,215,922]
[0,215,323,475,642,922]
[0,215,475,642,922]
[0,323,642,922]
[0,215,323,642,922]
[0,215,323,475,642,741,922]
[0,272,922]
[0,215,642,922]
[0,80,272,415,475,642,741,922]
[0,80,272,642,741,922]
[0,80,215,323,475,642,739,922]
[0,80,215,323,475,642,741,922]
[0,322,642,922]
[0,272,475,642,922]
[0,80,272,415,475,642,922]
