[0,384,564,1081,1416,1701,1824,2120]
[0,384,564,673,1081,1317,1416,1701,1824,2120]
[0,384,564,1081,1416,1701,2120]
[0,384,1265,2120]
[0,384,564,1081,1317,1416,1701,2120]
[0,384,2120]
[0,1317,2120]
[0,384,1265,1701,2120]
[0,384,564,673,1081,1416,1701,2120]
[0,384,564,1416,2120]
[0,1416,2120]
[0,384,564,673,1081,1317,1416,1701,2120]
[0,384,564,1416,1701,2120]
[0,564,2120]
[0,302,384,564,1081,1317,1416,1701,2120]
[0,1081,2120]
[0,384,1081,1416,1701,2120]
[0,302,384,564,673,1081,1317,1416,1701,2120]
[0,384,1317,2120]
[0,384,564,1416,1701,1824,2120]
[0,384,1416,2120]
[0,384,564,2120]
[0,384,564,673,1416,1701,2120]
[0,384,564,1265,1701,2120]
[0,384,1081,2120]
[0,1081,1701,2120]
[0,384,564,673,1416,1701,1824,2120]
[0,302,384,564,673,1081,1317,1416,1701,1824,2120]
[0,384,564,673,1081,1416,1701,1824,2120]
[0,302,384,564,1081,1317,1416,1701,1824,2120]
[0,1317,1701,2120]
[0,384,1317,1701,2120]
[0,384,564,1081,1317,1416,1701,1824,2120]
[0,1265,2120]
[0,384,564,1265,2120]
[0,1265,1701,2120]
[0,384,1416,1701,2120]
[0,384,1081,1701,2120]
