[0,350,540,704,895,969]
[0,322,414,969]
[0,147,322,414,540,641,824,895,969]
[0,147,322,540,704,969]
[0,322,540,704,969]
[0,322,414,540,895,969]
[0,322,414,521,641,895,969]
[0,147,322,414,540,704,895,969]
[0,350,704,969]
[0,322,414,521,641,723,969]
[0,147,322,414,540,704,969]
[0,147,322,704,895,969]
[0,322,704,969]
[0,147,322,641,969]
[0,322,414,895,969]
[0,322,414,521,969]
[0,147,322,414,540,641,895,969]
[0,322,414,540,641,969]
[0,350,540,704,969]
[0,322,414,521,895,969]
[0,322,414,540,641,824,895,969]
[0,147,322,969]
[0,322,895,969]
[0,322,521,969]
[0,322,521,641,969]
[0,414,867,969]
[0,322,414,540,969]
[0,147,322,704,969]
[0,322,414,540,641,895,969]
[0,322,969]
[0,350,895,969]
[0,147,322,540,641,969]
[0,322,414,521,641,723,895,969]
[0,322,886,969]
[0,350,704,895,969]
[0,322,414,540,704,895,969]
[0,322,540,641,969]
[0,147,350,540,704,895,969]
[0,147,322,895,969]
[0,414,969]
[0,322,414,540,704,969]
[0,350,969]
[0,147,322,414,540,641,969]
[0,147,322,540,704,895,969]
[0,322,414,521,641,969]
[0,147,350,540,704,969]
[0,322,540,969]
[0,322,641,969]
