[0,377,1763,2133,2835,3133,3402,4285]
[0,677,1713,2133,2835,3019,3402,4285]
[0,377,2133,3133,4285]
[0,2133,3019,4285]
[0,377,677,1713,2133,2835,3019,3402,3844,4285]
[0,644,1713,2133,3019,3402,4285]
[0,677,2133,2835,3019,3402,4285]
[0,377,1763,2133,3133,3402,4285]
[0,719,2133,3019,4285]
[0,677,1713,2133,3019,3402,3844,4285]
[0,377,1062,1763,2133,2835,3133,4285]
[0,677,1713,2133,3019,4285]
[0,377,2133,3133,3844,4285]
[0,377,1763,2133,2835,3133,3844,4285]
[0,644,2133,2835,3133,3402,4285]
[0,677,1713,2133,3019,3402,4285]
[0,644,2133,3019,3402,3844,4285]
[0,644,1713,2133,2835,3026,3844,4285]
[0,377,644,1763,2133,2835,3133,3402,4285]
[0,644,2133,2835,3026,3844,4285]
[0,677,1713,2133,3019,3844,4285]
[0,377,677,1713,2133,3019,3402,3844,4285]
[0,377,1763,2133,3133,4285]
[0,644,1713,2133,2835,3019,3402,4285]
[0,377,1062,1763,2133,3133,4285]
[0,644,1763,2133,2835,3133,3402,3844,4285]
[0,2133,3133,4285]
[0,377,1763,2133,3133,3844,4285]
[0,644,2133,3133,3844,4285]
[0,644,2133,2835,3133,3844,4285]
[0,644,1763,2133,3019,3402,3844,4285]
[0,377,1763,2133,2835,3133,4285]
[0,377,644,1763,2133,3019,3402,4285]
[0,644,1763,2133,2835,3133,3402,4285]
[0,644,2133,2835,3133,4285]
[0,377,1062,2133,3133,4285]
[0,1062,4285]
[0,377,644,1763,2133,2835,3133,3402,3844,4285]
[0,644,1763,2133,3133,4285]
[0,644,1763,2133,2835,3133,3844,4285]
[0,377,644,1763,2133,2835,3019,3402,4285]
[0,2133,3133,3844,4285]
[0,677,2133,3019,3402,4285]
[0,644,2133,3026,4285]
[0,3133,4285]
[0,644,1763,2133,3133,3844,4285]
[0,644,1713,2133,3019,4285]
[0,644,2133,3019,3402,4285]
[0,644,2133,2835,3019,3402,4285]
[0,644,2133,3019,4285]
[0,377,644,1763,2133,3019,3402,3844,4285]
[0,644,2133,3019,3844,4285]
[0,644,1763,2133,3019,3402,4285]
[0,377,677,1713,2133,2835,3019,3402,4285]
[0,677,2133,3019,3844,4285]
[0,1062,3133,4285]
[0,377,2133,2835,3133,4285]
[0,2133,4285]
[0,644,2133,3026,3844,4285]
[0,677,2133,3019,4285]
[0,644,1763,2133,2835,3019,3402,4285]
[0,644,1713,2133,3026,3844,4285]
[0,644,2133,3133,4285]
[0,377,644,1763,2133,2835,3019,3402,3844,4285]
[0,1062,2133,3133,4285]
[0,377,1062,1763,2133,2835,3133,3402,4285]
[0,644,1763,2133,2835,3133,4285]
[0,377,677,1713,2133,3019,3402,4285]
[0,2133,3026,4285]
