[0,74,240,367,569,815,1152,1318,1632]
[0,240,389,815,894,1300,1632]
[0,74,389,815,894,1300,1632]
[0,341,734,1180,1587,1632]
[0,240,389,549,815,1152,1300,1632]
[0,240,367,569,815,894,1152,1632]
[0,240,389,549,815,1152,1632]
[0,240,815,894,1152,1632]
[0,815,1152,1300,1632]
[0,74,1300,1632]
[0,341,569,815,1152,1318,1632]
[0,389,549,1300,1632]
[0,74,240,389,549,815,1152,1300,1632]
[0,367,569,1152,1632]
[0,389,549,815,1152,1300,1632]
[0,734,1180,1632]
[0,240,549,815,1152,1632]
[0,240,389,549,734,815,1152,1300,1632]
[0,389,549,734,815,1152,1632]
[0,74,389,549,1152,1632]
[0,74,367,815,894,1152,1632]
[0,74,240,367,569,734,815,1152,1318,1632]
[0,240,815,1300,1632]
[0,389,549,734,815,1152,1300,1632]
[0,240,549,734,815,1152,1632]
[0,240,815,894,1300,1632]
[0,549,815,1300,1632]
[0,240,815,1152,1632]
[0,74,240,367,569,1152,1632]
[0,815,894,1300,1632]
[0,1300,1632]
[0,74,815,1152,1318,1632]
[0,240,389,815,1300,1632]
[0,569,815,1195,1632]
[0,240,734,815,1152,1632]
[0,1194,1632]
[0,815,1152,1318,1632]
[0,549,1300,1632]
[0,734,815,1152,1632]
[0,240,367,569,1152,1632]
[0,549,815,1152,1300,1632]
[0,74,815,894,1152,1632]
[0,74,240,367,569,815,894,1152,1632]
[0,815,894,1152,1632]
[0,74,389,549,734,815,1152,1632]
[0,240,549,1152,1632]
[0,74,240,389,549,815,894,1300,1632]
[0,74,549,1152,1632]
[0,74,389,549,815,1152,1632]
[0,389,549,815,894,1300,1632]
[0,569,1194,1632]
[0,815,1632]
[0,1266,1632]
[0,367,569,734,815,1152,1632]
[0,74,240,367,569,734,815,1152,1632]
[0,341,569,1194,1632]
[0,341,1180,1632]
[0,240,389,549,1300,1632]
[0,74,367,569,734,815,1152,1632]
[0,569,815,1195,1587,1632]
[0,74,569,1194,1632]
[0,341,569,815,1194,1632]
[0,389,549,1152,1632]
[0,549,1266,1632]
[0,74,569,815,1152,1318,1632]
[0,569,734,815,1152,1632]
[0,74,569,734,815,1152,1632]
[0,240,367,815,894,1152,1632]
[0,240,389,549,815,894,1300,1632]
[0,74,240,367,569,815,1152,1632]
[0,389,815,1632]
[0,569,1632]
[0,389,549,815,1300,1632]
[0,1152,1632]
[0,240,569,815,1152,1318,1632]
[0,341,734,1180,1632]
[0,74,341,569,815,1152,1318,1632]
[0,815,1300,1632]
[0,240,569,734,815,1152,1632]
[0,569,815,1152,1318,1632]
[0,240,367,569,815,894,1152,1318,1632]
[0,74,341,569,815,1194,1587,1632]
[0,569,1152,1632]
[0,549,734,815,1152,1632]
[0,1180,1632]
[0,569,815,1194,1632]
[0,240,367,569,734,815,1152,1632]
[0,74,1194,1632]
[0,240,367,569,734,815,1152,1318,1632]
[0,74,815,1300,1632]
[0,341,569,815,1152,1632]
[0,240,367,569,815,1152,1318,1632]
[0,74,569,1152,1632]
[0,240,389,549,1152,1632]
[0,74,549,734,815,1152,1632]
[0,240,549,1300,1632]
[0,74,1632]
[0,389,815,894,1300,1632]
[0,549,734,815,1152,1300,1632]
[0,74,815,894,1300,1632]
[0,240,389,549,815,1300,1632]
[0,240,1300,1632]
[0,549,815,894,1300,1632]
[0,569,1195,1587,1632]
[0,74,389,549,815,1152,1300,1632]
[0,389,815,1300,1632]
[0,240,815,1152,1318,1632]
[0,549,1632]
[0,74,240,367,815,894,1152,1632]
[0,389,549,815,1152,1632]
[0,549,815,1152,1632]
[0,367,569,815,1152,1632]
[0,341,1180,1587,1632]
[0,341,1266,1632]
[0,240,367,569,815,1152,1632]
[0,74,341,569,1194,1632]
[0,240,389,549,734,815,1152,1632]
[0,240,549,815,1300,1632]
[0,240,367,815,1152,1632]
[0,74,240,367,569,815,894,1152,1318,1632]
[0,74,240,389,549,734,815,1152,1300,1632]
[0,815,1152,1632]
[0,240,569,815,1152,1632]
[0,549,1152,1632]
[0,569,815,1152,1632]
[0,74,367,569,1152,1632]
[0,74,1152,1632]
[0,74,389,549,815,894,1300,1632]
[0,74,815,1152,1632]
[0,367,815,1152,1632]
[0,367,815,894,1152,1632]
[0,240,569,1152,1632]
[0,74,389,549,734,815,1152,1300,1632]
[0,569,1195,1632]
[0,74,734,815,1152,1632]
[0,74,341,569,815,1194,1632]
[0,74,341,569,1194,1587,1632]
[0,367,1152,1632]
