[0,379,1202,1419]
[0,379,784,1419]
[0,46,321,784,1202,1419]
[0,379,1419]
[0,1202,1419]
[0,46,321,1202,1419]
[0,784,1419]
[0,379,784,1202,1419]
[0,70,507,1202,1419]
[0,392,1419]
[0,321,784,975,1202,1419]
[0,46,379,784,1202,1419]
[0,784,1202,1419]
[0,49,379,784,1202,1419]
[0,321,1419]
[0,784,975,1202,1419]
[0,49,379,784,975,1202,1419]
[0,49,379,1202,1419]
[0,321,784,1419]
[0,321,1202,1419]
[0,46,379,784,975,1202,1419]
[0,379,784,975,1202,1419]
[0,46,321,784,975,1202,1419]
[0,321,784,1202,1419]
[0,46,379,1202,1419]
[0,507,784,1419]
[0,49,507,784,975,1202,1419]
[0,49,507,784,1202,1419]
[0,507,784,1202,1419]
[0,392,1202,1419]
[0,49,507,1202,1419]
[0,507,1419]
[0,507,1202,1419]
[0,70,392,1202,1419]
[0,507,784,975,1202,1419]
