[0,194,948,2019]
[0,1232,2019]
[0,143,653,1232,2019]
[0,948,2019]
[0,194,948,1232,2019]
[0,653,2019]
[0,157,440,817,1203,1473,2019]
[0,653,1232,2019]
[0,233,698,2019]
[0,440,817,1203,1473,2019]
[0,440,948,1232,1473,1755,2019]
[0,440,948,1232,1473,2019]
[0,143,438,653,852,948,1232,1473,2019]
[0,1203,2019]
[0,143,948,1232,2019]
[0,438,948,1232,2019]
[0,698,1104,1671,2019]
[0,440,1232,1473,2019]
[0,157,440,1203,1473,2019]
[0,233,698,1104,1671,2019]
[0,948,1232,1473,2019]
[0,143,438,653,948,1232,1473,2019]
[0,143,948,2019]
[0,698,2019]
[0,194,2019]
[0,438,653,948,1232,1473,2019]
[0,143,438,948,1232,2019]
[0,143,438,948,1232,1473,2019]
[0,948,1232,2019]
[0,233,698,1104,2019]
[0,157,438,948,1232,1473,2019]
[0,143,653,2019]
[0,440,1232,2019]
[0,286,948,2019]
[0,698,1104,2019]
[0,143,948,1232,1473,2019]
[0,440,817,1203,2019]
[0,440,948,1232,2019]
[0,438,2019]
[0,286,2019]
[0,143,440,948,1232,1473,2019]
[0,143,2019]
[0,143,438,948,1232,1893,2019]
[0,440,1203,1473,2019]
[0,233,2019]
[0,438,948,1232,1473,2019]
[0,157,440,948,1232,1473,1755,2019]
[0,440,1203,2019]
[0,157,440,948,1232,1473,2019]
[0,143,653,1232,1893,2019]
[0,438,1232,1473,2019]
[0,440,2019]
[0,440,948,1232,1755,2019]
[0,438,1232,2019]
