[0,237,346,473,612,730,852,923,1046]
[0,237,473,612,1046]
[0,237,821,1046]
[0,238,473,730,1046]
[0,237,612,730,1046]
[0,238,473,612,730,852,923,1046]
[0,196,238,304,852,923,1046]
[0,196,238,304,346,486,612,821,1046]
[0,238,821,923,1046]
[0,237,473,612,852,923,1046]
[0,238,304,346,486,1046]
[0,238,346,473,612,852,1046]
[0,196,238,304,346,486,612,821,923,1046]
[0,238,304,346,486,612,821,1046]
[0,346,486,1046]
[0,238,304,346,473,852,923,1046]
[0,196,238,304,346,852,923,1046]
[0,238,304,346,852,923,1046]
[0,346,1046]
[0,237,473,821,923,1046]
[0,237,346,486,1046]
[0,237,304,346,473,612,730,852,923,1046]
[0,238,730,923,1046]
[0,304,486,1046]
[0,237,473,923,1046]
[0,237,346,473,612,852,923,1046]
[0,196,238,304,346,486,1046]
[0,238,473,1046]
[0,238,473,612,852,923,1046]
[0,237,486,923,1046]
[0,238,304,346,486,612,1046]
[0,238,473,730,923,1046]
[0,237,346,473,852,923,1046]
[0,196,238,304,346,473,852,923,1046]
[0,486,1046]
[0,237,304,346,473,612,852,923,1046]
[0,238,486,612,821,923,1046]
[0,237,852,1046]
[0,238,304,852,923,1046]
[0,238,486,1046]
[0,237,346,473,923,1046]
[0,196,238,304,346,473,612,852,923,1046]
[0,237,473,852,1046]
[0,238,346,486,821,923,1046]
[0,196,238,852,923,1046]
[0,238,852,923,1046]
[0,237,346,473,612,852,1046]
[0,238,612,730,1046]
[0,237,1046]
[0,238,473,612,730,923,1046]
[0,196,238,304,346,486,612,1046]
[0,237,473,852,923,1046]
[0,237,473,612,730,923,1046]
[0,237,304,852,923,1046]
[0,238,346,473,612,852,923,1046]
[0,237,473,1046]
[0,238,730,1046]
[0,238,346,473,923,1046]
[0,238,346,473,1046]
[0,238,346,473,612,730,852,923,1046]
[0,237,852,923,1046]
[0,238,346,486,923,1046]
[0,237,473,730,923,1046]
[0,238,346,473,612,730,923,1046]
[0,238,346,486,612,821,1046]
[0,238,473,612,730,1046]
[0,237,486,1046]
[0,196,238,486,1046]
[0,237,730,923,1046]
[0,237,821,923,1046]
[0,237,730,1046]
[0,238,346,486,1046]
[0,196,238,1046]
[0,238,346,473,852,923,1046]
[0,237,473,730,1046]
[0,237,346,486,923,1046]
[0,237,473,612,730,852,923,1046]
[0,238,346,486,612,1046]
[0,238,852,1046]
[0,237,346,473,612,730,923,1046]
[0,237,304,346,473,852,923,1046]
[0,238,1046]
[0,238,473,923,1046]
[0,304,1046]
[0,238,346,486,612,821,923,1046]
[0,237,346,473,1046]
[0,237,346,473,821,923,1046]
[0,238,486,923,1046]
[0,237,304,346,852,923,1046]
[0,238,821,1046]
[0,237,473,612,852,1046]
[0,238,304,346,473,612,852,923,1046]
[0,238,473,852,1046]
[0,238,304,346,486,612,821,923,1046]
[0,238,473,612,1046]
[0,196,238,346,486,1046]
[0,238,486,612,821,1046]
[0,238,473,612,852,1046]
[0,238,304,346,473,612,730,852,923,1046]
[0,238,486,612,1046]
[0,238,473,852,923,1046]
[0,196,238,304,346,473,612,730,852,923,1046]
[0,730,1046]
[0,237,473,612,730,1046]
[0,238,486,821,1046]
[0,238,486,821,923,1046]
