[0,1862,2941,4285]
[0,1134,2314,3034,4285]
[0,2039,2941,4285]
[0,293,1862,2941,4285]
[0,1862,2314,2941,4285]
[0,866,1862,2610,2941,4147,4285]
[0,1862,2610,2941,4285]
[0,866,2294,3141,4285]
[0,449,1862,3034,4285]
[0,3070,4285]
[0,293,1862,2314,2941,4147,4285]
[0,3052,4285]
[0,1134,3052,4285]
[0,293,1862,2610,2941,4285]
[0,1134,2095,3034,4285]
[0,449,2095,3034,4285]
[0,866,3141,4285]
[0,1862,3034,4285]
[0,2314,3034,4285]
[0,866,1862,2610,2941,4285]
[0,2941,4285]
[0,1862,3070,4285]
[0,866,1862,2941,4285]
[0,1862,2610,2941,4147,4285]
[0,2095,3034,4285]
[0,449,1862,3070,4285]
[0,3141,4285]
[0,293,1862,2314,2941,4285]
[0,1134,3034,4285]
[0,293,1862,2610,2941,4147,4285]
[0,2294,3141,4285]
[0,3034,4285]
