[0,474,969]
[0,69,415,474,659,969]
[0,84,415,474,532,737,810,969]
[0,69,474,969]
[0,84,474,659,969]
[0,69,415,474,737,810,969]
[0,84,474,737,969]
[0,474,737,810,969]
[0,84,415,474,659,969]
[0,84,474,969]
[0,69,474,755,969]
[0,69,474,659,969]
[0,474,755,969]
[0,474,659,810,969]
[0,185,474,969]
[0,474,737,969]
[0,84,474,737,810,969]
[0,69,415,474,532,737,810,969]
[0,84,415,474,659,810,969]
[0,84,415,474,969]
[0,474,659,969]
[0,84,415,474,737,810,969]
[0,69,474,737,810,969]
[0,84,474,755,969]
[0,427,969]
[0,84,474,659,810,969]
[0,69,415,474,755,969]
