[0,228,389,619,840,997]
[0,613,840,997]
[0,228,786,840,997]
[0,840,997]
[0,65,141,343,840,997]
[0,389,613,997]
[0,65,141,228,544,786,840,997]
[0,228,997]
[0,141,228,402,619,840,997]
[0,65,141,228,619,840,997]
[0,228,402,840,997]
[0,65,141,228,402,544,840,997]
[0,389,613,836,997]
[0,228,402,997]
[0,65,141,343,544,619,840,997]
[0,228,840,997]
[0,619,840,997]
[0,228,613,997]
[0,65,141,343,402,840,997]
[0,141,228,838,997]
[0,141,228,402,544,840,997]
[0,343,402,840,997]
[0,65,840,997]
[0,65,141,228,402,840,997]
[0,65,228,389,619,840,997]
[0,228,402,619,997]
[0,65,619,840,997]
[0,141,228,786,840,997]
[0,228,544,619,840,997]
[0,65,141,228,343,402,544,619,840,997]
[0,343,402,619,840,997]
[0,65,141,343,619,840,997]
[0,228,544,840,997]
[0,141,228,544,619,838,997]
[0,65,141,228,544,619,838,997]
[0,65,343,619,840,997]
[0,141,343,619,840,997]
[0,65,228,389,613,836,997]
[0,65,389,619,840,997]
[0,228,619,840,997]
[0,141,228,619,838,997]
[0,141,228,544,619,840,997]
[0,65,141,228,544,619,840,997]
[0,343,402,544,619,840,997]
[0,343,544,619,840,997]
[0,65,228,544,619,838,944,997]
[0,65,141,228,838,997]
[0,65,343,402,786,840,997]
[0,141,343,840,997]
[0,141,228,619,840,997]
[0,65,141,228,402,544,619,840,997]
[0,228,402,619,840,997]
[0,343,619,840,997]
[0,544,619,840,997]
[0,141,343,544,619,840,997]
[0,228,838,997]
[0,65,228,619,840,997]
[0,228,836,997]
[0,65,228,389,619,840,944,997]
[0,389,619,840,997]
[0,65,141,228,544,840,997]
[0,389,997]
[0,141,228,402,544,619,840,997]
[0,343,619,997]
[0,141,228,840,997]
[0,65,141,343,402,544,619,840,997]
[0,228,402,544,840,997]
[0,228,613,836,997]
[0,65,141,228,343,402,544,840,997]
[0,65,228,544,619,840,997]
[0,65,228,613,836,997]
[0,389,619,997]
[0,613,997]
[0,65,228,544,619,838,997]
[0,65,343,402,840,997]
[0,65,141,343,402,786,840,997]
[0,65,228,389,613,836,944,997]
[0,389,613,840,997]
[0,65,343,402,544,619,840,997]
[0,228,544,619,838,997]
[0,65,141,228,544,619,786,840,997]
[0,65,141,228,786,840,997]
[0,228,619,838,997]
[0,619,997]
[0,65,141,228,343,402,786,840,997]
[0,141,228,402,840,997]
[0,544,997]
[0,228,619,997]
[0,141,228,544,840,997]
[0,228,389,613,836,997]
[0,65,141,228,343,402,840,997]
[0,343,402,997]
[0,228,544,997]
[0,65,141,228,343,402,544,619,786,840,997]
[0,343,840,997]
[0,343,786,840,997]
[0,65,343,544,619,840,997]
[0,228,389,619,997]
[0,343,402,786,840,997]
[0,65,141,228,997]
[0,65,141,228,840,997]
[0,389,840,997]
[0,786,840,997]
[0,141,228,997]
[0,65,141,228,619,838,997]
[0,65,141,228,343,402,544,786,840,997]
[0,65,343,840,997]
[0,343,997]
[0,613,836,997]
[0,65,544,619,840,997]
[0,836,997]
