[0,310,845,1082,1388,1810]
[0,310,845,1197,1810]
[0,431,926,1305,1810]
[0,431,926,1670,1810]
[0,519,977,1311,1810]
[0,440,1230,1810]
[0,431,926,1305,1670,1810]
[0,431,977,1414,1810]
[0,1197,1388,1810]
[0,845,1082,1388,1810]
[0,310,845,1214,1810]
[0,1197,1810]
[0,1230,1810]
[0,310,845,1197,1388,1670,1810]
[0,926,1388,1810]
[0,977,1810]
[0,310,1214,1388,1810]
[0,453,1810]
[0,310,1388,1670,1810]
[0,310,845,1214,1388,1670,1810]
[0,519,977,1311,1670,1810]
[0,845,1810]
[0,453,1388,1810]
[0,440,1810]
[0,310,1810]
[0,1082,1388,1810]
[0,310,845,1082,1388,1670,1810]
[0,310,1214,1388,1670,1810]
[0,845,1197,1810]
[0,431,1810]
[0,926,1810]
[0,310,845,1082,1214,1388,1670,1810]
[0,1388,1810]
[0,310,845,1214,1388,1810]
[0,519,1810]
[0,845,1214,1810]
[0,845,1082,1388,1670,1810]
[0,310,926,1388,1810]
[0,1214,1810]
[0,310,845,926,1197,1388,1670,1810]
[0,310,926,1388,1670,1810]
[0,453,1197,1388,1670,1810]
[0,519,977,1810]
[0,310,845,926,1214,1388,1670,1810]
[0,310,1197,1810]
[0,310,1082,1214,1388,1670,1810]
[0,453,1197,1388,1810]
[0,310,1197,1388,1670,1810]
[0,310,926,1810]
[0,310,1082,1388,1810]
[0,431,977,1810]
[0,1082,1810]
[0,1214,1388,1810]
[0,310,1197,1388,1810]
[0,1197,1388,1670,1810]
[0,310,926,1082,1214,1388,1670,1810]
[0,310,1670,1810]
[0,310,926,1214,1388,1810]
[0,310,926,1214,1388,1670,1810]
[0,310,1388,1810]
[0,310,1214,1810]
[0,310,1082,1810]
[0,1388,1670,1810]
[0,431,926,1810]
[0,845,1082,1214,1388,1670,1810]
[0,431,1670,1810]
[0,310,845,1197,1388,1810]
