[0,310,965,1565,1834,2229,2554]
[0,965,1565,2229,2554]
[0,998,2554]
[0,350,998,1565,2229,2554]
[0,479,1305,2554]
[0,957,1889,2554]
[0,350,998,2229,2554]
[0,350,998,1565,1834,2229,2554]
[0,1834,2554]
[0,1889,2554]
[0,479,998,1666,1834,2229,2554]
[0,350,965,2554]
[0,350,998,2554]
[0,350,1305,1565,1834,2229,2554]
[0,350,965,1565,2229,2554]
[0,479,2229,2554]
[0,479,998,1305,1666,1834,2229,2438,2554]
[0,310,965,2229,2554]
[0,350,965,1565,2554]
[0,1565,2554]
[0,310,965,1565,2229,2554]
[0,1305,2554]
[0,350,1889,2554]
[0,350,2554]
[0,350,998,1666,1834,2229,2554]
[0,479,998,1305,1666,1834,2229,2554]
[0,479,998,1305,1666,2229,2554]
[0,350,957,2284,2554]
[0,350,1834,2554]
[0,350,1834,2229,2554]
[0,965,1565,2554]
[0,350,1565,1834,2229,2554]
[0,350,1305,2229,2554]
[0,350,965,1276,1565,1834,2229,2554]
[0,350,965,1276,1565,2229,2554]
[0,310,440,965,1565,1834,2229,2438,2554]
[0,2229,2554]
[0,1565,2229,2554]
[0,2086,2554]
[0,2284,2554]
[0,957,2554]
[0,350,957,1565,1889,2332,2554]
[0,479,998,1666,2554]
[0,479,2554]
[0,350,1305,2554]
[0,350,998,1565,2554]
[0,350,998,1305,1565,1834,2229,2554]
[0,350,965,1276,1565,1834,2229,2438,2554]
[0,310,440,965,1565,1834,2229,2554]
[0,479,998,2554]
[0,350,1305,1565,2229,2554]
[0,350,965,2229,2554]
[0,350,965,1565,1834,2229,2554]
[0,479,998,1666,2229,2554]
[0,965,2229,2554]
[0,479,1305,1666,2229,2554]
[0,479,998,2229,2554]
[0,350,998,1666,2229,2554]
[0,350,957,2554]
[0,998,1565,2554]
[0,350,2229,2554]
[0,350,957,1889,2554]
[0,350,957,1565,1889,2554]
[0,350,998,1666,2554]
[0,965,2554]
[0,479,1305,1666,2554]
[0,350,2284,2554]
[0,998,1666,2554]
[0,479,1305,2229,2554]
[0,310,2229,2554]
