[0,219,720,1125,1419]
[0,101,434,720,949,1176,1419]
[0,434,596,720,1016,1176,1419]
[0,87,434,720,949,1176,1419]
[0,87,434,720,1419]
[0,720,1016,1419]
[0,101,434,720,1036,1176,1419]
[0,101,434,720,933,1036,1176,1419]
[0,101,434,720,933,1036,1176,1377,1419]
[0,720,1419]
[0,198,434,596,720,1036,1125,1176,1419]
[0,198,434,596,720,1016,1125,1176,1419]
[0,198,434,596,720,1036,1176,1377,1419]
[0,101,720,949,1419]
[0,87,434,596,720,1016,1176,1419]
[0,198,434,596,720,1036,1125,1176,1377,1419]
[0,87,434,720,1016,1176,1377,1419]
[0,87,434,720,1016,1419]
[0,434,720,1419]
[0,720,1016,1176,1419]
[0,434,720,949,1176,1419]
[0,198,434,720,1016,1176,1377,1419]
[0,87,434,720,949,1377,1419]
[0,198,434,720,1036,1419]
[0,87,434,720,1176,1419]
[0,434,720,1036,1176,1419]
[0,87,720,1419]
[0,101,434,720,949,1377,1419]
[0,434,720,1016,1419]
[0,434,596,720,1036,1176,1419]
[0,87,434,720,1016,1176,1419]
[0,87,434,720,949,1419]
[0,720,1036,1176,1419]
[0,101,720,1036,1419]
[0,198,434,720,1016,1125,1176,1377,1419]
[0,101,434,720,949,1419]
[0,198,720,1016,1419]
[0,434,720,1176,1419]
[0,198,720,1036,1419]
[0,434,720,1125,1419]
[0,1125,1419]
[0,198,434,720,1016,1176,1419]
[0,198,434,596,720,1016,1176,1377,1419]
[0,198,434,596,720,949,1036,1176,1377,1419]
[0,434,720,933,1036,1176,1419]
[0,720,1036,1419]
[0,87,720,949,1419]
[0,434,720,949,1419]
[0,198,434,720,1036,1125,1176,1377,1419]
[0,101,434,720,949,1176,1377,1419]
[0,87,434,720,949,1176,1377,1419]
[0,198,434,596,720,1016,1125,1176,1377,1419]
[0,198,434,596,720,949,1036,1176,1419]
[0,101,434,596,720,1036,1176,1377,1419]
[0,198,434,720,1036,1125,1176,1419]
[0,101,434,720,1036,1419]
[0,198,434,596,720,1016,1176,1419]
[0,101,434,596,720,1036,1176,1419]
[0,101,720,1125,1419]
[0,468,1125,1419]
[0,198,434,720,1036,1176,1419]
[0,198,434,720,1016,1419]
[0,720,1176,1419]
[0,101,434,720,1036,1176,1377,1419]
[0,101,434,596,720,949,1036,1176,1419]
[0,720,1125,1419]
[0,101,434,596,720,949,1036,1176,1377,1419]
[0,468,1419]
[0,434,720,1036,1419]
[0,198,434,720,1016,1125,1176,1419]
[0,720,949,1419]
[0,87,434,596,720,1016,1176,1377,1419]
[0,87,720,1016,1419]
[0,198,434,720,1036,1176,1377,1419]
[0,198,434,596,720,1036,1176,1419]
[0,434,720,1016,1176,1419]
[0,101,434,720,1125,1419]
[0,198,434,596,720,949,1036,1125,1176,1377,1419]
[0,198,434,596,720,949,1036,1125,1176,1419]
