[0,1989,2956]
[0,458,829,1989,2956]
[0,458,829,1847,2057,2712,2956]
[0,458,2579,2956]
[0,458,829,2956]
[0,458,1989,2956]
[0,458,1847,2579,2956]
[0,458,829,1847,2712,2956]
[0,2712,2956]
[0,458,2956]
[0,458,829,1847,2057,2579,2956]
[0,1847,2956]
[0,2082,2956]
[0,458,829,2712,2956]
[0,458,829,1847,2956]
[0,458,829,1847,2057,2200,2579,2956]
[0,458,829,1847,2057,2579,2901,2956]
[0,458,829,1847,2579,2956]
[0,1847,2579,2956]
[0,2579,2956]
[0,458,1847,2956]
[0,790,2082,2956]
[0,458,829,1847,2579,2901,2956]
[0,1989,2712,2956]
[0,458,829,2579,2956]
[0,458,829,1989,2712,2956]
[0,458,829,1847,2057,2200,2579,2901,2956]
