[0,449,1911]
[0,449,1221,1539,1911]
[0,461,790,1221,1539,1911]
[0,461,1911]
[0,461,1539,1911]
[0,461,1221,1539,1828,1911]
[0,461,1221,1539,1911]
[0,301,461,790,1221,1539,1911]
[0,301,461,1221,1492,1539,1911]
[0,301,461,1221,1539,1911]
[0,301,461,1221,1492,1539,1828,1911]
[0,301,461,790,1221,1539,1828,1911]
[0,301,461,653,790,1221,1539,1911]
[0,301,461,653,790,1221,1539,1828,1911]
[0,1539,1911]
[0,301,461,653,790,1221,1492,1539,1911]
[0,449,1539,1911]
[0,301,461,1221,1539,1828,1911]
[0,461,790,1539,1911]
[0,301,461,653,790,1221,1492,1539,1828,1911]
