[0,279,2182,2554]
[0,533,732,1378,1616,1814,2061,2297,2424,2554]
[0,99,242,1378,1616,1758,2238,2424,2554]
[0,1378,1616,1814,2554]
[0,99,533,732,1378,1814,2424,2554]
[0,1378,1814,2554]
[0,732,1814,2554]
[0,99,1744,2392,2554]
[0,99,732,1378,1814,2554]
[0,453,1378,2554]
[0,99,1378,1616,1814,2061,2297,2424,2554]
[0,279,1893,2554]
[0,732,1378,2554]
[0,533,732,1378,1616,2297,2554]
[0,732,1378,1616,2297,2554]
[0,453,1378,1616,2238,2554]
[0,1378,1616,1814,2297,2424,2554]
[0,99,1378,1616,1814,2554]
[0,242,1378,2238,2554]
[0,453,1378,1814,2554]
[0,99,533,732,1378,1616,1814,2424,2554]
[0,206,732,1378,1616,2061,2297,2554]
[0,2238,2554]
[0,1378,1616,1758,2238,2554]
[0,206,1378,1616,2297,2554]
[0,732,1378,1616,1814,2061,2297,2554]
[0,1378,1616,1814,2061,2297,2554]
[0,2392,2554]
[0,99,2182,2554]
[0,1378,1616,2238,2554]
[0,732,1378,1616,1814,2554]
[0,1758,2554]
[0,732,1378,1616,1814,2061,2297,2424,2554]
[0,99,1378,2061,2554]
[0,242,453,1378,1616,2238,2554]
[0,206,1378,1616,2061,2297,2554]
[0,99,1421,2392,2554]
[0,99,732,1378,1616,1814,2554]
[0,1378,1616,1814,2297,2554]
[0,2297,2424,2554]
[0,1758,2238,2554]
[0,1616,1814,2554]
[0,99,1616,1758,2238,2424,2554]
[0,1378,2297,2554]
[0,1421,2554]
[0,1378,1616,1814,2061,2297,2424,2554]
[0,2182,2554]
[0,99,1378,1616,1814,2297,2424,2554]
[0,533,732,1378,1616,1814,2061,2297,2554]
[0,1378,2061,2554]
[0,206,1378,1616,2297,2424,2554]
[0,1421,2392,2554]
[0,732,1378,1616,2061,2297,2554]
[0,99,206,1378,1616,2297,2424,2554]
[0,453,1814,2554]
[0,1378,2061,2424,2554]
[0,1744,2392,2554]
[0,242,1378,1616,1758,2238,2424,2554]
[0,99,533,732,1378,1616,1814,2061,2297,2424,2554]
[0,732,1378,1814,2424,2554]
[0,1616,1758,2554]
[0,1378,1814,2424,2554]
[0,1814,2554]
[0,99,1750,2392,2554]
[0,99,732,1378,1616,1814,2061,2297,2424,2554]
[0,533,732,1378,1814,2424,2554]
[0,533,732,1378,1616,2061,2297,2554]
[0,533,732,1378,1616,1814,2424,2554]
[0,99,1378,2297,2424,2554]
[0,242,1378,1616,2238,2554]
[0,732,1378,2297,2554]
[0,206,1378,1616,1814,2061,2297,2554]
[0,1378,2554]
[0,99,206,732,1378,1616,1814,2061,2297,2424,2554]
[0,453,1378,1616,1758,2238,2424,2554]
[0,99,2297,2424,2554]
[0,1750,2554]
[0,1893,2554]
[0,99,533,732,1378,1616,1814,2554]
[0,99,1814,2424,2554]
[0,99,1421,2554]
[0,99,1378,2061,2424,2554]
[0,99,453,1378,1616,1814,2392,2554]
[0,1378,1616,2061,2297,2554]
[0,453,2554]
[0,1750,2392,2554]
[0,99,242,453,1378,1616,1758,2238,2424,2554]
[0,453,2238,2554]
[0,1616,1758,2238,2554]
[0,99,206,1378,1616,1814,2061,2297,2424,2554]
[0,99,1378,1616,2297,2424,2554]
[0,99,1378,1814,2424,2554]
[0,99,1616,1814,2554]
[0,1378,1616,1814,2392,2554]
[0,1378,2238,2554]
[0,732,1378,1814,2554]
[0,242,1378,1616,1758,2238,2554]
[0,99,1744,2554]
[0,1378,1616,1758,2238,2424,2554]
[0,1378,1616,2297,2424,2554]
[0,99,1378,1616,1758,2238,2424,2554]
[0,206,1378,1616,1814,2297,2424,2554]
[0,99,533,732,1378,1814,2554]
[0,453,1378,2238,2554]
[0,206,1378,1616,1814,2061,2297,2424,2554]
[0,1378,2297,2424,2554]
[0,242,453,1378,1616,1758,2238,2554]
[0,206,732,1378,1616,1814,2061,2297,2554]
[0,732,1378,1616,1814,2297,2554]
[0,99,206,1378,1616,1814,2297,2424,2554]
[0,2297,2554]
[0,1616,1758,2238,2424,2554]
[0,533,732,1378,1616,1814,2554]
[0,99,1378,1616,1814,2392,2554]
[0,99,1814,2554]
[0,1378,1616,2297,2554]
[0,732,1378,1616,1814,2297,2424,2554]
[0,732,1378,1616,1814,2424,2554]
[0,453,1378,1616,1814,2392,2554]
[0,533,732,1378,1814,2554]
[0,99,1378,2554]
[0,99,1750,2554]
[0,453,1378,1616,1814,2554]
[0,206,1378,1616,1814,2297,2554]
[0,99,1378,1814,2554]
[0,1814,2424,2554]
[0,206,732,1378,1616,1814,2061,2297,2424,2554]
[0,1744,2554]
[0,242,453,1378,1616,1758,2238,2424,2554]
[0,453,1378,1616,1758,2238,2554]
