[0,360,1562]
[0,607,1214,1562]
[0,220,360,553,1214,1337,1562]
[0,220,360,918,1214,1337,1562]
[0,360,1214,1562]
[0,157,220,360,1214,1337,1562]
[0,220,523,1214,1562]
[0,220,360,750,1214,1562]
[0,220,360,750,1562]
[0,360,918,1214,1562]
[0,220,360,553,1214,1562]
[0,220,360,523,607,750,1562]
[0,157,220,360,750,1214,1337,1562]
[0,607,918,1214,1562]
[0,220,360,523,1562]
[0,918,1562]
[0,220,360,523,607,1562]
[0,220,360,1214,1562]
[0,360,607,750,1562]
[0,360,607,750,1214,1562]
[0,220,360,918,1214,1562]
[0,157,220,360,607,750,1214,1337,1562]
[0,220,1562]
[0,220,360,1214,1337,1562]
[0,750,1562]
[0,220,360,1562]
[0,220,360,523,607,750,1214,1562]
[0,220,523,1562]
[0,523,1562]
[0,220,360,607,750,1214,1562]
[0,607,1562]
[0,220,360,523,607,750,1214,1337,1562]
[0,220,360,607,750,1562]
[0,220,360,750,1214,1337,1562]
[0,360,750,1214,1562]
[0,918,1214,1562]
[0,157,220,360,523,607,750,1214,1337,1562]
[0,360,750,1562]
[0,523,1214,1562]
[0,220,360,607,750,1214,1337,1562]
[0,157,220,360,918,1214,1337,1562]
[0,360,553,1214,1562]
