[0,76,690,913,1236,1465]
[0,336,913,1236,1465]
[0,336,535,690,913,1236,1465]
[0,76,690,1236,1465]
[0,690,1236,1465]
[0,535,690,876,1236,1465]
[0,690,876,1236,1465]
[0,76,336,535,690,876,1236,1465]
[0,690,876,1465]
[0,336,1465]
[0,336,690,876,1236,1465]
[0,76,690,876,1236,1465]
[0,690,913,1465]
[0,336,1236,1465]
[0,76,690,913,1465]
[0,76,535,690,913,1236,1465]
[0,535,690,913,1236,1465]
[0,336,876,1236,1465]
[0,1236,1465]
[0,76,876,1465]
[0,876,1465]
[0,76,336,535,690,913,1236,1465]
[0,336,690,913,1236,1465]
[0,76,1465]
[0,690,1465]
[0,690,913,1236,1465]
[0,76,146,336,535,690,876,1236,1465]
[0,336,535,690,876,1236,1465]
[0,76,535,690,876,1236,1465]
[0,913,1465]
[0,336,876,1465]
[0,76,1236,1465]
[0,76,146,336,535,690,913,1236,1465]
[0,336,913,1465]
