[0,774,2005,2759]
[0,549,2005,2207,2503,2759]
[0,549,2005,2503,2578,2759]
[0,533,2005,2260,2503,2759]
[0,774,2005,2503,2759]
[0,549,2503,2759]
[0,774,2407,2759]
[0,2005,2207,2503,2578,2759]
[0,2005,2759]
[0,774,2019,2503,2759]
[0,774,2005,2207,2503,2759]
[0,2005,2503,2578,2759]
[0,372,774,1323,2005,2759]
[0,2045,2759]
[0,533,2005,2260,2503,2578,2759]
[0,549,2005,2207,2503,2578,2759]
[0,533,2005,2503,2578,2759]
[0,372,774,1323,2005,2207,2759]
[0,2407,2759]
[0,533,2005,2503,2759]
[0,533,2045,2759]
[0,602,2045,2759]
[0,774,2578,2759]
[0,774,2019,2759]
[0,549,2005,2759]
[0,549,2503,2578,2759]
[0,533,2005,2759]
[0,774,2005,2207,2759]
[0,774,2759]
[0,549,2005,2503,2759]
[0,549,2005,2260,2503,2759]
[0,774,2005,2207,2503,2578,2759]
[0,774,1323,2005,2759]
[0,2019,2759]
[0,549,2759]
[0,2005,2207,2503,2759]
[0,549,2005,2260,2503,2578,2759]
[0,2503,2759]
[0,774,1323,2005,2207,2759]
[0,2005,2503,2759]
