[0,92,496,781,1138,1279,1327]
[0,327,837,1065,1327]
[0,180,837,1327]
[0,1042,1327]
[0,180,837,1065,1327]
[0,452,837,1149,1327]
[0,846,1327]
[0,247,496,571,1021,1279,1327]
[0,253,437,542,781,846,1042,1279,1327]
[0,374,781,1138,1279,1327]
[0,253,840,1065,1327]
[0,247,781,846,1021,1279,1327]
[0,374,781,1138,1327]
[0,247,781,846,1021,1327]
[0,253,846,1279,1327]
[0,247,455,781,846,1021,1327]
[0,253,542,1042,1327]
[0,247,1042,1327]
[0,542,1327]
[0,247,846,1042,1327]
[0,247,1327]
[0,247,455,846,1279,1327]
[0,92,1138,1327]
[0,327,1065,1327]
[0,253,781,846,1042,1279,1327]
[0,253,846,1327]
[0,247,571,1138,1327]
[0,247,455,846,1021,1327]
[0,247,496,571,781,846,1021,1327]
[0,247,455,846,1327]
[0,253,437,846,1042,1327]
[0,496,781,1138,1327]
[0,571,1042,1327]
[0,180,492,837,1065,1327]
[0,1149,1327]
[0,247,571,1279,1327]
[0,253,437,542,781,846,1042,1327]
[0,1065,1327]
[0,840,1279,1327]
[0,247,374,455,571,781,846,1042,1279,1327]
[0,247,496,571,1138,1327]
[0,496,781,1279,1327]
[0,247,374,455,571,846,1042,1327]
[0,247,374,455,781,846,1042,1327]
[0,247,781,846,1042,1279,1327]
[0,374,1327]
[0,247,571,1138,1279,1327]
[0,253,781,846,1042,1327]
[0,247,846,1279,1327]
[0,180,492,837,1065,1279,1327]
[0,247,1138,1327]
[0,92,781,1327]
[0,253,542,781,846,1042,1327]
[0,247,455,781,846,1042,1279,1327]
[0,781,1279,1327]
[0,542,1042,1327]
[0,247,1021,1327]
[0,781,1327]
[0,247,571,781,846,1021,1327]
[0,247,846,1021,1327]
[0,781,1138,1327]
[0,180,837,1279,1327]
[0,253,840,1065,1279,1327]
[0,496,781,1327]
[0,180,837,1149,1327]
[0,247,455,846,1021,1279,1327]
[0,492,837,1065,1327]
[0,247,455,496,781,846,1021,1279,1327]
[0,180,837,1065,1279,1327]
[0,253,840,1279,1327]
[0,452,837,1327]
[0,571,1021,1327]
[0,92,781,1138,1327]
[0,253,840,1327]
[0,253,846,1042,1327]
[0,247,571,846,1042,1327]
[0,327,837,1327]
[0,327,1327]
[0,253,542,781,846,1042,1279,1327]
[0,492,1327]
[0,571,1327]
[0,247,571,1042,1327]
[0,92,327,837,1065,1279,1327]
[0,837,1327]
[0,374,781,1279,1327]
[0,92,781,1138,1279,1327]
[0,247,496,571,781,846,1021,1279,1327]
[0,374,781,1327]
[0,247,1021,1279,1327]
[0,253,1042,1327]
[0,92,496,781,1138,1327]
[0,92,327,837,1065,1327]
[0,253,840,1042,1279,1327]
[0,247,455,1042,1327]
[0,247,571,1327]
[0,247,374,455,781,846,1042,1279,1327]
[0,247,571,1021,1279,1327]
[0,253,1042,1279,1327]
[0,837,1279,1327]
[0,1138,1327]
[0,92,374,781,1138,1327]
[0,837,1149,1327]
[0,247,846,1021,1279,1327]
[0,247,571,781,846,1021,1279,1327]
[0,253,437,542,846,1042,1327]
[0,247,846,1327]
[0,247,781,846,1042,1327]
[0,92,374,781,1138,1279,1327]
[0,837,1065,1327]
[0,180,1065,1327]
[0,253,781,846,1327]
[0,1279,1327]
[0,247,374,455,571,781,846,1042,1327]
[0,247,374,455,846,1042,1327]
[0,1063,1327]
[0,247,455,781,846,1042,1327]
[0,247,571,846,1021,1327]
[0,492,1065,1327]
[0,247,571,1021,1327]
[0,253,542,846,1042,1327]
[0,1021,1327]
[0,253,840,1042,1327]
[0,247,374,571,846,1042,1327]
[0,247,455,496,846,1279,1327]
[0,247,496,571,846,1021,1327]
[0,247,496,571,1021,1327]
[0,253,1065,1327]
[0,247,496,571,1138,1279,1327]
[0,327,837,1065,1279,1327]
[0,247,455,496,846,1021,1279,1327]
[0,374,1138,1327]
[0,247,846,1042,1279,1327]
[0,92,781,1279,1327]
[0,247,455,1021,1327]
[0,327,837,1279,1327]
[0,840,1327]
[0,247,455,781,846,1021,1279,1327]
[0,247,455,846,1042,1327]
[0,253,781,846,1279,1327]
