[0,1470,1846,2260,2605,3353]
[0,583,1377,1848,3353]
[0,1154,1470,1846,3188,3353]
[0,1154,1377,1955,2268,3188,3353]
[0,1154,1470,1846,3353]
[0,583,1154,1470,1846,3353]
[0,1846,2260,2617,3188,3353]
[0,1154,1470,1846,2260,2605,2893,3353]
[0,1955,2268,2612,2865,3353]
[0,583,1154,1377,1955,2268,2612,2865,3353]
[0,1154,1794,3353]
[0,583,1377,1955,2268,2612,2865,3353]
[0,1377,1955,3353]
[0,1377,1846,2260,2617,3188,3353]
[0,583,840,1377,1955,2268,2612,2865,3353]
[0,583,1154,1377,1955,2268,2612,3188,3353]
[0,1377,1955,2612,3353]
[0,1470,1846,2260,3353]
[0,583,1012,1377,1846,2260,3353]
[0,262,583,1154,1377,1955,2268,2612,2865,3353]
[0,583,1470,1846,2260,3353]
[0,94,1377,1848,3109,3353]
[0,1377,1955,2268,3188,3353]
[0,1955,2268,2612,3353]
[0,1377,1848,3109,3353]
[0,583,1012,1377,1848,2268,3353]
[0,94,583,1154,1470,1846,2260,2605,2893,3353]
[0,262,583,840,1154,1377,1955,2268,3188,3353]
[0,1012,1377,1846,2260,3353]
[0,94,583,1012,1377,1846,2260,2617,3188,3353]
[0,1154,3109,3353]
[0,1012,1377,1848,3109,3353]
[0,523,1154,1794,3353]
[0,583,1846,2260,3353]
[0,1367,1848,3109,3353]
[0,1154,1470,1846,2605,2893,3353]
[0,1154,1377,1955,2268,2612,3353]
[0,1470,1846,3353]
[0,262,583,1377,1955,2268,2612,2865,3353]
[0,583,1377,1846,3353]
[0,1955,3188,3353]
[0,1848,3109,3353]
[0,94,583,1012,1377,1848,2268,3109,3353]
[0,583,1154,1470,1846,2260,2605,3353]
[0,1955,3353]
[0,262,583,1154,1377,1955,2268,3188,3353]
[0,1794,3353]
[0,1377,1846,2260,3353]
[0,1154,1470,1846,2260,2617,3353]
[0,840,1377,1955,2612,3353]
[0,1154,1470,1846,2893,3353]
[0,262,583,840,1377,1955,2268,3353]
[0,583,1377,1846,2260,3353]
[0,523,1955,3353]
[0,1377,1955,2268,2612,3353]
[0,1367,1848,3353]
[0,583,1470,1846,2260,2617,3353]
[0,523,1154,3109,3353]
[0,583,1012,1377,1848,3109,3353]
[0,583,1154,1377,1955,2268,3353]
[0,1794,2906,3353]
[0,94,583,1154,1470,1846,2260,2617,3188,3353]
[0,1377,1955,2268,3353]
[0,583,1012,1377,1846,2260,2617,3188,3353]
[0,583,840,1377,1955,2268,3353]
[0,583,1154,1470,1846,2260,3353]
[0,1846,2617,3188,3353]
[0,1955,2612,3353]
[0,1377,1848,3353]
[0,1154,1470,1846,2617,3188,3353]
[0,94,1012,1377,1848,3109,3353]
[0,1846,2893,3353]
[0,583,840,1377,1955,2268,2612,3353]
[0,523,1154,1794,3109,3353]
[0,583,1846,3353]
[0,262,583,840,1154,1377,1955,2268,3353]
[0,1955,2268,3353]
[0,1012,1377,1846,2260,2617,3353]
[0,523,1955,2906,3353]
[0,1955,2906,3353]
[0,1154,1470,1846,2260,2617,3188,3353]
[0,262,583,840,1377,1955,2268,3188,3353]
[0,1377,1846,2260,2617,3353]
[0,262,583,840,1154,1377,1955,2268,2612,2865,3188,3353]
[0,583,1154,1377,1955,2268,2612,3353]
[0,1154,1377,1955,3353]
[0,1367,1848,2268,3109,3353]
[0,1154,1377,1955,2268,2612,2865,3353]
[0,1846,2617,3353]
[0,583,1012,1377,1848,2268,3109,3353]
[0,1154,1377,1955,2268,3353]
[0,583,1377,1955,3353]
[0,1846,2260,3353]
[0,262,1377,1955,2268,2612,2865,3353]
[0,1470,1846,2260,2617,3353]
[0,1154,1377,3353]
[0,1154,1470,1846,2617,3353]
[0,583,1012,1377,1848,3353]
[0,94,1377,1846,2260,2617,3188,3353]
[0,583,1012,1377,1846,2260,2617,3353]
[0,1154,1377,1955,2268,2612,3188,3353]
[0,840,1377,1955,2268,3353]
[0,1154,1470,1846,2260,3353]
[0,583,1154,1470,1846,2260,2617,3188,3353]
[0,1377,1848,2268,3353]
[0,1848,3353]
[0,583,1377,1955,2268,3353]
[0,583,1377,1848,2268,3353]
[0,1154,1470,1846,2260,2605,3353]
[0,583,1154,1470,1846,2260,2605,2893,3353]
[0,262,583,1377,1955,2268,3353]
[0,1377,1846,3353]
[0,1377,1955,2268,2612,2865,3353]
[0,1012,1377,1848,2268,3353]
[0,1367,1848,2268,3353]
[0,840,1377,1955,2268,3188,3353]
[0,583,1470,1846,2260,2605,3353]
[0,583,1955,2612,3353]
[0,1470,1846,2893,3353]
[0,262,583,1377,1955,2268,2612,3353]
[0,1012,1377,1846,2260,2617,3188,3353]
[0,262,583,1154,1377,1955,2268,2612,3353]
[0,262,1377,1955,2268,3353]
[0,94,583,1012,1377,1848,3109,3353]
[0,523,1154,3353]
[0,583,1470,1846,3353]
[0,1846,2260,2617,3353]
[0,1154,3353]
[0,840,1377,1955,3353]
[0,583,1848,3353]
[0,583,840,1377,1955,3353]
[0,262,1377,1955,2268,2612,3353]
[0,840,1377,1955,2268,2612,2865,3353]
[0,583,1377,1955,2268,2612,3353]
[0,1470,1846,2617,3353]
[0,583,1377,1955,2612,3353]
[0,583,1955,3353]
[0,840,1377,1955,2268,2612,3353]
[0,583,1154,1470,1846,2260,2617,3353]
[0,262,583,840,1377,1955,2268,2612,2865,3353]
[0,262,583,1154,1377,1955,2268,3353]
[0,262,583,840,1154,1377,1955,2268,2612,2865,3353]
[0,1012,3353]
[0,1846,3353]
[0,262,583,840,1377,1955,2268,2612,3353]
[0,1377,1955,3188,3353]
[0,262,583,1154,1377,1955,2268,2612,2865,3188,3353]
[0,94,1012,1377,1846,2260,2617,3188,3353]
[0,1012,1377,1848,3353]
[0,262,583,1154,1377,1955,2268,2612,3188,3353]
[0,1846,3188,3353]
