[0,387,969]
[0,475,969]
[0,61,273,387,475,691,920,969]
[0,61,273,387,475,969]
[0,346,442,787,969]
[0,61,387,475,787,969]
[0,331,387,475,620,787,920,969]
[0,61,969]
[0,346,620,879,969]
[0,475,787,969]
[0,61,691,787,969]
[0,345,668,879,969]
[0,345,920,969]
[0,61,387,475,691,920,969]
[0,331,387,620,787,969]
[0,346,442,620,787,920,969]
[0,331,387,475,620,787,969]
[0,346,442,620,787,969]
[0,387,787,969]
[0,387,475,691,787,969]
[0,879,969]
[0,331,387,475,969]
[0,346,442,969]
[0,61,920,969]
[0,61,273,387,475,691,787,969]
[0,345,645,787,969]
[0,61,387,920,969]
[0,273,387,475,691,787,969]
[0,331,969]
[0,61,387,475,969]
[0,61,387,475,691,787,920,969]
[0,346,442,920,969]
[0,61,620,879,969]
[0,346,969]
[0,61,387,475,920,969]
[0,331,387,620,787,920,969]
[0,331,475,969]
[0,475,691,787,969]
[0,61,345,645,787,969]
[0,61,387,969]
[0,273,969]
[0,273,387,920,969]
[0,61,475,969]
[0,273,387,691,969]
[0,61,387,475,691,787,969]
[0,204,331,387,620,787,969]
[0,61,387,787,969]
[0,61,345,668,879,969]
[0,273,475,620,969]
[0,920,969]
[0,346,879,969]
[0,345,645,787,920,969]
[0,331,787,969]
[0,691,969]
[0,387,475,691,969]
[0,620,787,969]
[0,331,475,620,787,969]
[0,273,387,475,620,787,920,969]
[0,345,879,969]
[0,346,620,787,969]
[0,61,787,969]
[0,273,387,475,969]
[0,345,969]
[0,273,387,475,920,969]
[0,691,787,969]
[0,61,345,645,787,920,969]
[0,331,387,442,620,787,920,969]
[0,620,879,969]
[0,61,273,387,475,691,787,920,969]
[0,331,387,620,920,969]
[0,345,645,920,969]
[0,620,969]
[0,61,879,969]
[0,787,969]
[0,346,645,969]
[0,346,645,787,920,969]
[0,273,387,787,969]
[0,331,387,920,969]
[0,387,475,969]
[0,273,387,475,620,969]
[0,273,475,620,920,969]
[0,345,645,969]
[0,273,620,787,969]
[0,273,387,475,787,969]
[0,273,387,475,620,787,969]
[0,204,331,387,442,620,787,920,969]
[0,273,920,969]
[0,346,920,969]
[0,273,691,969]
[0,387,475,787,969]
[0,331,475,620,969]
[0,346,645,920,969]
[0,61,273,387,475,920,969]
[0,331,920,969]
[0,204,331,387,442,620,787,969]
[0,204,331,620,787,969]
[0,61,273,387,475,691,969]
[0,331,387,620,969]
[0,331,387,442,620,787,969]
[0,331,387,787,969]
[0,346,442,787,920,969]
[0,273,387,969]
[0,346,620,969]
[0,273,620,969]
[0,346,787,969]
[0,645,787,969]
[0,61,387,475,691,969]
[0,331,387,969]
[0,346,645,787,969]
[0,345,787,969]
[0,331,620,969]
[0,273,475,620,787,969]
[0,475,691,969]
[0,273,387,691,787,969]
[0,331,620,787,969]
[0,345,668,969]
[0,331,387,475,620,920,969]
[0,273,620,920,969]
[0,273,787,969]
[0,331,387,475,620,969]
[0,273,387,475,620,920,969]
[0,273,387,475,691,969]
