[0,485,637,768,922]
[0,47,485,768,922]
[0,47,922]
[0,485,922]
[0,47,213,485,714,857,922]
[0,768,857,922]
[0,485,546,768,857,922]
[0,213,485,922]
[0,213,714,922]
[0,485,558,637,714,768,857,922]
[0,485,714,922]
[0,47,485,714,857,922]
[0,485,714,857,922]
[0,485,637,768,857,922]
[0,485,714,768,857,922]
[0,213,485,714,857,922]
[0,485,558,768,857,922]
[0,768,922]
[0,47,485,546,768,857,922]
[0,213,714,857,922]
[0,47,485,546,714,768,857,922]
[0,485,558,768,922]
[0,485,546,714,768,857,922]
[0,47,485,637,714,768,857,922]
[0,47,768,857,922]
[0,485,558,637,768,922]
[0,47,714,922]
[0,47,485,714,922]
[0,485,768,922]
[0,213,922]
[0,47,485,558,637,714,768,857,922]
[0,485,768,857,922]
[0,485,558,637,768,857,922]
[0,47,485,714,768,857,922]
[0,213,485,714,922]
[0,714,922]
[0,47,485,768,857,922]
[0,485,637,714,768,857,922]
[0,47,768,922]
