[0,77,472,610,922]
[0,77,472,610,715,832,922]
[0,90,523,922]
[0,90,497,614,715,832,922]
[0,610,922]
[0,112,472,922]
[0,472,610,922]
[0,77,472,614,715,922]
[0,77,472,614,922]
[0,112,472,610,922]
[0,472,614,922]
[0,614,922]
[0,636,922]
[0,472,614,715,922]
[0,90,922]
[0,77,472,610,715,922]
[0,472,614,715,832,922]
[0,112,922]
[0,112,472,614,715,832,922]
[0,497,610,922]
[0,520,650,922]
[0,112,472,614,715,922]
[0,112,472,832,922]
[0,112,497,610,922]
[0,497,614,922]
[0,112,472,614,922]
[0,112,497,614,715,832,922]
[0,497,614,715,832,922]
[0,77,472,614,715,832,922]
[0,112,472,610,715,922]
[0,90,636,922]
[0,112,497,614,922]
[0,472,610,715,922]
[0,497,614,715,922]
[0,472,610,715,832,922]
[0,523,922]
[0,112,472,610,715,832,922]
[0,112,497,614,715,922]
[0,90,497,614,715,922]
[0,472,922]
[0,650,922]
[0,90,520,650,922]
[0,112,497,610,715,832,922]
[0,112,497,610,715,922]
