[0,2057,2407,2956]
[0,210,2407,2956]
[0,585,2034,2368,2956]
[0,585,2407,2956]
[0,210,585,1381,1565,2034,2368,2956]
[0,585,1565,2368,2956]
[0,1524,2956]
[0,210,2034,2368,2507,2956]
[0,210,2034,2507,2956]
[0,585,1524,2956]
[0,210,1048,1565,2034,2368,2956]
[0,210,1048,2034,2368,2507,2956]
[0,1048,2368,2956]
[0,210,2034,2407,2956]
[0,210,585,1381,1565,2034,2368,2507,2956]
[0,486,2034,2507,2956]
[0,728,2034,2368,2956]
[0,210,585,1565,2034,2368,2956]
[0,1048,2034,2368,2956]
[0,210,585,2034,2368,2507,2956]
[0,585,2057,2407,2956]
[0,210,1048,1565,2034,2368,2891,2956]
[0,210,585,1565,2034,2368,2507,2956]
[0,210,585,909,1381,1565,2034,2368,2507,2956]
[0,585,909,1565,2034,2368,2956]
[0,210,585,2057,2407,2956]
[0,1048,2956]
[0,210,585,1524,2057,2407,2956]
[0,2034,2507,2956]
[0,585,1524,2057,2407,2956]
[0,2034,2956]
[0,1048,1565,2368,2956]
[0,210,1048,1565,2034,2368,2507,2891,2956]
[0,2034,2368,2956]
[0,210,2507,2956]
[0,2080,2956]
[0,2507,2956]
[0,1565,2956]
[0,728,2034,2956]
[0,550,2956]
[0,585,1524,2407,2956]
[0,585,2368,2956]
[0,210,2034,2368,2891,2956]
[0,486,2956]
[0,1048,1565,2034,2368,2956]
[0,210,1048,2034,2368,2891,2956]
[0,210,2057,2407,2956]
[0,2368,2956]
[0,728,1565,2034,2956]
[0,486,2034,2956]
[0,210,585,1381,1524,2057,2407,2956]
[0,1565,2368,2956]
[0,210,585,909,1565,2034,2368,2956]
[0,486,2080,2956]
[0,210,1048,2034,2368,2956]
[0,585,2956]
[0,585,1565,2034,2368,2956]
[0,728,2956]
[0,728,2368,2956]
[0,2407,2956]
[0,210,1048,1565,2034,2368,2507,2956]
[0,210,585,909,1381,1565,2034,2368,2956]
[0,2034,2407,2956]
[0,210,585,2034,2368,2956]
[0,210,2034,2368,2956]
