[0,1115,1327]
[0,142,681,902,1085,1201,1327]
[0,142,518,902,1201,1327]
[0,374,902,1327]
[0,374,697,902,1327]
[0,698,1085,1327]
[0,142,902,1085,1201,1327]
[0,67,142,518,902,1085,1201,1327]
[0,67,902,1085,1201,1327]
[0,142,374,902,1201,1327]
[0,518,1327]
[0,72,902,1115,1327]
[0,67,142,902,1085,1201,1327]
[0,902,1115,1327]
[0,698,902,1327]
[0,916,1327]
[0,902,1201,1327]
[0,518,902,1201,1327]
[0,374,1327]
[0,697,902,1327]
[0,67,681,902,1201,1327]
[0,698,902,1085,1327]
[0,374,902,1201,1327]
[0,681,902,1115,1327]
[0,142,374,902,1085,1201,1327]
[0,681,902,1327]
[0,697,1327]
[0,72,681,902,1115,1327]
[0,67,697,902,1085,1201,1327]
[0,681,902,1201,1327]
[0,374,1085,1327]
[0,142,681,902,1327]
[0,142,374,902,1327]
[0,902,1085,1327]
[0,142,1327]
[0,142,697,902,1201,1327]
[0,681,1327]
[0,72,902,1201,1327]
[0,142,518,902,1327]
[0,67,902,1201,1327]
[0,142,902,1201,1327]
[0,142,697,902,1085,1201,1327]
[0,72,1201,1327]
[0,697,902,1085,1201,1327]
[0,142,374,697,902,1085,1201,1327]
[0,72,902,1085,1201,1327]
[0,142,916,1327]
[0,374,697,1327]
[0,67,142,374,902,1085,1201,1327]
[0,67,142,697,902,1085,1201,1327]
[0,518,902,1327]
[0,72,1115,1327]
[0,698,1327]
[0,67,142,374,697,902,1085,1201,1327]
[0,142,374,697,902,1201,1327]
[0,374,697,902,1201,1327]
[0,72,681,902,1085,1201,1327]
[0,142,374,697,902,1327]
[0,374,902,1085,1327]
[0,142,697,902,1327]
[0,374,697,902,1085,1201,1327]
[0,1085,1327]
[0,374,902,1085,1201,1327]
[0,697,902,1201,1327]
[0,67,142,681,902,1085,1201,1327]
[0,67,142,681,902,1201,1327]
[0,142,902,1327]
[0,681,902,1085,1201,1327]
[0,902,1327]
[0,67,1201,1327]
[0,142,518,902,1085,1201,1327]
[0,902,1085,1201,1327]
[0,1201,1327]
[0,142,681,902,1201,1327]
[0,518,902,1085,1201,1327]
