[0,76,336,691,919,1252,1362,1465]
[0,76,691,919,1252,1362,1465]
[0,76,336,616,691,751,919,1252,1465]
[0,76,1252,1465]
[0,76,336,616,691,919,1252,1465]
[0,76,691,919,1252,1465]
[0,76,336,616,691,751,919,1252,1362,1465]
[0,691,919,1465]
[0,76,919,1465]
[0,76,616,691,919,1252,1465]
[0,336,691,919,1252,1362,1465]
[0,76,616,691,751,919,1252,1465]
[0,336,919,1465]
[0,76,691,919,1465]
[0,336,691,919,1465]
[0,691,919,1252,1362,1465]
[0,691,1465]
[0,919,1465]
[0,76,336,616,691,919,1252,1362,1465]
[0,76,691,751,919,1252,1465]
[0,76,1465]
[0,1252,1465]
[0,76,691,1252,1465]
[0,691,919,1252,1465]
[0,691,1252,1465]
[0,76,691,751,919,1252,1362,1465]
[0,336,691,919,1252,1465]
[0,76,336,691,919,1252,1465]
