[0,56,192,554,646,760,829,1197]
[0,192,554,646,1197]
[0,555,829,1197]
[0,123,640,1197]
[0,554,646,760,1197]
[0,554,646,760,829,886,1197]
[0,123,1197]
[0,554,646,1197]
[0,640,1197]
[0,554,1197]
[0,192,554,646,760,829,1197]
[0,56,192,554,646,760,1197]
[0,829,1197]
[0,56,192,554,646,760,829,886,1197]
[0,56,192,554,646,1197]
[0,56,829,1197]
[0,192,646,1197]
[0,56,646,1197]
[0,56,1197]
[0,554,760,1197]
[0,646,1197]
[0,192,554,646,760,1197]
[0,554,646,760,829,1197]
[0,192,646,760,1197]
[0,192,1197]
[0,192,554,646,760,829,886,1197]
[0,555,1197]
