[0,104,255,558,831,1209,1343]
[0,104,383,831,1343]
[0,855,1102,1343]
[0,104,1343]
[0,558,831,1343]
[0,255,558,831,1069,1343]
[0,161,1343]
[0,255,558,831,1069,1209,1343]
[0,255,831,1343]
[0,558,831,1069,1343]
[0,161,512,831,1284,1343]
[0,558,831,1069,1209,1343]
[0,161,831,1343]
[0,104,161,255,558,831,1343]
[0,383,1343]
[0,255,1343]
[0,255,558,831,1209,1343]
[0,383,831,1343]
[0,161,855,1343]
[0,161,1051,1343]
[0,104,161,383,831,1343]
[0,314,1051,1343]
[0,104,563,831,1343]
[0,314,1343]
[0,558,831,1209,1343]
[0,104,255,558,831,1069,1209,1343]
[0,104,558,831,1209,1343]
[0,104,558,831,1343]
[0,563,831,1343]
[0,104,161,255,831,1343]
[0,104,161,255,558,831,1069,1209,1343]
[0,104,831,1343]
[0,104,558,831,1069,1209,1343]
[0,855,1343]
[0,831,1343]
[0,1051,1343]
[0,161,512,831,1343]
[0,104,255,831,1343]
[0,512,831,1343]
[0,161,855,1102,1343]
[0,104,1051,1343]
[0,255,558,831,1343]
[0,104,161,255,558,831,1209,1343]
[0,104,255,558,831,1343]
