[0,862,1805,2236,2923,3353]
[0,281,862,1360,1803,2089,2373,2923,3353]
[0,1803,2373,2923,3353]
[0,1360,2373,2923,3353]
[0,548,862,1805,2236,2923,3353]
[0,281,862,1005,1803,2341,2923,3353]
[0,281,862,1803,2341,2923,3353]
[0,862,1005,2373,3353]
[0,281,1360,2373,2923,3353]
[0,548,862,1010,1805,2236,2923,3212,3353]
[0,1942,3353]
[0,1005,2089,2373,3353]
[0,759,2373,3353]
[0,862,1805,2230,2923,3353]
[0,281,862,1005,1360,1803,2373,2923,3212,3353]
[0,1002,3353]
[0,1803,3353]
[0,759,2089,3353]
[0,2230,3353]
[0,281,862,1005,1803,2373,2923,3212,3353]
[0,862,1005,2089,2373,3353]
[0,281,862,1005,1360,1803,2089,2373,2923,3212,3353]
[0,1803,2341,2923,3353]
[0,862,2373,3353]
[0,759,1360,2373,2923,3353]
[0,2089,2373,2923,3353]
[0,862,1805,3353]
[0,759,1360,2089,2373,2923,3353]
[0,1942,2373,2923,3353]
[0,862,1360,2373,3353]
[0,862,1010,2230,3353]
[0,317,548,862,1805,2236,2923,3353]
[0,281,862,1005,1803,2341,2923,3212,3353]
[0,2236,3353]
[0,862,1803,2373,3353]
[0,1005,2373,3353]
[0,281,862,2923,3353]
[0,1805,2230,3353]
[0,862,1010,3353]
[0,862,1010,1805,2230,2923,3353]
[0,281,862,1005,2089,2373,2923,3353]
[0,862,1005,2341,3353]
[0,862,1805,2230,3353]
[0,862,1360,1803,2089,2373,2923,3353]
[0,759,2373,2923,3353]
[0,759,2089,2373,2923,3353]
[0,862,1010,1805,2230,3353]
[0,281,862,1360,1803,2341,2923,3353]
[0,1360,2373,3353]
[0,2373,2923,3353]
[0,317,548,862,1010,1805,2236,2923,3353]
[0,862,3353]
[0,1805,2236,3353]
[0,862,2373,2923,3353]
[0,862,1005,3353]
[0,862,1805,2236,3353]
[0,1005,2089,2373,2923,3353]
[0,1803,2373,3353]
[0,1010,2230,3353]
[0,281,2089,2373,2923,3353]
[0,281,862,1005,1360,1803,2373,2923,3353]
[0,1803,2089,2373,2923,3353]
[0,1020,3353]
[0,1005,2341,3353]
[0,281,862,1360,2373,2923,3353]
[0,622,1002,1942,2373,3353]
[0,317,548,862,1010,1805,2236,2923,3212,3353]
[0,281,862,1360,1803,2373,2923,3353]
[0,862,1803,2341,3353]
[0,1510,2341,3353]
[0,548,862,1805,2236,3353]
[0,862,1005,1803,2341,3353]
[0,281,862,1005,1360,1803,2341,2923,3353]
[0,2446,3353]
[0,281,2089,2373,3353]
[0,862,1010,1805,2230,2923,3212,3353]
[0,862,1005,1803,2373,2923,3353]
[0,281,862,1803,2089,2373,2923,3353]
[0,1010,2236,3353]
[0,862,1360,2373,2923,3353]
[0,862,1360,1803,2373,2923,3353]
[0,281,862,2089,2373,2923,3353]
[0,862,1803,3353]
[0,862,1803,2373,2923,3353]
[0,1510,3353]
[0,1005,2373,2923,3353]
[0,281,862,1005,2089,2373,2923,3212,3353]
[0,281,759,2089,2373,3353]
[0,548,862,1010,1805,2236,2923,3353]
[0,2373,3353]
[0,1803,2341,3353]
[0,862,1360,1803,2341,3353]
[0,2089,3353]
[0,2923,3353]
[0,1805,3353]
[0,1002,1942,2373,3353]
[0,1805,2236,2923,3353]
[0,862,1803,2341,2923,3353]
[0,862,1005,1803,2373,3353]
[0,862,1010,1942,2373,2923,3353]
[0,1805,2230,2923,3353]
[0,862,2923,3353]
[0,1360,3353]
[0,1010,3353]
[0,862,1010,2373,3353]
[0,759,1360,2373,3353]
[0,862,1010,1942,2373,2923,3212,3353]
[0,1010,1942,2373,2923,3353]
[0,281,759,1360,2089,2373,2923,3353]
[0,1942,2373,3353]
[0,759,2089,2373,3353]
[0,281,759,2089,2373,2923,3353]
[0,1002,2373,3353]
[0,2089,2373,3353]
[0,281,862,1005,1803,2373,2923,3353]
[0,862,1005,2089,2373,2923,3353]
[0,1010,1942,2373,3353]
[0,281,2923,3353]
[0,2341,3353]
[0,862,1010,2236,3353]
[0,862,2089,2373,2923,3353]
[0,862,1360,1803,2373,3353]
[0,862,1010,1942,2373,3353]
[0,1005,3353]
[0,862,1005,1803,2341,2923,3353]
[0,1805,2923,3353]
[0,862,1360,1803,2341,2923,3353]
[0,281,3353]
[0,862,1805,2923,3353]
[0,281,862,1005,1360,1803,2341,2923,3212,3353]
[0,862,1010,1805,2236,3353]
[0,281,862,1803,2373,2923,3353]
[0,548,862,1010,1805,2236,3353]
[0,1010,2373,3353]
[0,281,2373,2923,3353]
[0,862,1803,2089,2373,2923,3353]
[0,281,862,1005,1360,1803,2089,2373,2923,3353]
