[0,352,699,962,1296,1881,2149,2535,2676,2824]
[0,352,699,962,1881,2149,2535,2824]
[0,699,962,1881,2149,2519,2824]
[0,352,962,1296,1881,2149,2519,2824]
[0,299,962,1296,2149,2519,2824]
[0,71,699,1881,2149,2824]
[0,299,962,1881,2149,2519,2824]
[0,962,2149,2535,2824]
[0,352,962,1881,2149,2519,2824]
[0,699,2824]
[0,699,962,1941,2149,2535,2676,2824]
[0,962,1941,2149,2535,2676,2824]
[0,71,699,962,1881,2149,2519,2676,2824]
[0,2149,2824]
[0,962,1881,2149,2824]
[0,352,699,962,1941,2149,2535,2676,2824]
[0,699,962,1296,1881,2149,2519,2824]
[0,299,962,1296,1881,2149,2519,2824]
[0,352,699,962,1881,2149,2519,2676,2824]
[0,352,962,2149,2535,2824]
[0,299,699,962,1296,1881,2149,2519,2676,2824]
[0,962,1941,2149,2535,2824]
[0,352,962,1296,2149,2824]
[0,699,962,1941,2149,2824]
[0,962,2149,2519,2824]
[0,699,962,2149,2535,2824]
[0,71,699,962,2149,2535,2676,2824]
[0,352,962,2149,2519,2824]
[0,71,352,699,962,1296,1881,2149,2535,2676,2824]
[0,352,962,1881,2149,2535,2824]
[0,352,962,1296,1881,2149,2535,2824]
[0,352,699,962,1881,2149,2535,2676,2824]
[0,699,962,2149,2535,2676,2824]
[0,71,352,699,962,1296,1881,2149,2519,2676,2824]
[0,71,352,699,962,1941,2149,2535,2676,2824]
[0,962,1296,2149,2519,2824]
[0,699,962,1881,2149,2535,2676,2824]
[0,699,962,2149,2824]
[0,71,699,962,1941,2149,2535,2676,2824]
[0,352,699,962,1296,1881,2149,2535,2824]
[0,299,699,962,1296,1881,2149,2519,2824]
[0,352,962,2149,2824]
[0,699,962,1296,1881,2149,2519,2676,2824]
[0,352,962,1296,2149,2535,2824]
[0,962,1941,2149,2824]
[0,71,699,962,1881,2149,2519,2824]
[0,352,699,962,1941,2149,2535,2824]
[0,699,2149,2535,2676,2824]
[0,299,699,962,1881,2149,2519,2824]
[0,699,962,1881,2149,2519,2676,2824]
[0,962,1296,1881,2149,2535,2824]
[0,699,962,1941,2149,2535,2824]
[0,352,699,962,1881,2149,2519,2824]
[0,299,962,2149,2519,2824]
[0,962,1881,2149,2535,2824]
[0,352,699,962,1296,1881,2149,2519,2676,2824]
[0,352,962,1296,2149,2519,2824]
[0,71,699,2149,2824]
[0,962,2099,2824]
[0,699,2149,2824]
[0,962,2149,2535,2676,2824]
[0,962,1296,2149,2824]
[0,352,699,962,2149,2535,2824]
[0,699,2149,2535,2824]
[0,352,699,962,1296,1881,2149,2519,2824]
[0,962,1296,1881,2149,2519,2824]
[0,962,1881,2149,2535,2676,2824]
[0,71,699,962,1881,2149,2824]
[0,71,352,699,962,1881,2149,2535,2676,2824]
[0,71,352,699,962,1881,2149,2519,2676,2824]
[0,962,1881,2149,2519,2824]
[0,699,962,1296,1881,2149,2535,2676,2824]
[0,71,699,2149,2535,2676,2824]
[0,699,962,1881,2149,2824]
[0,699,962,1881,2149,2535,2824]
[0,699,1881,2149,2824]
[0,962,2149,2824]
[0,962,2824]
[0,71,699,962,1881,2149,2535,2824]
[0,962,1881,2149,2519,2676,2824]
[0,299,699,962,1881,2149,2519,2676,2824]
[0,962,1296,2149,2535,2824]
[0,71,699,962,1881,2149,2535,2676,2824]
[0,71,699,2149,2535,2824]
[0,699,962,1296,1881,2149,2535,2824]
