[0,2590,2812]
[0,226,462,1281,2638,2812]
[0,621,1281,2812]
[0,226,621,2424,2638,2812]
[0,226,462,2424,2638,2812]
[0,226,462,621,1281,2424,2638,2812]
[0,226,621,2424,2812]
[0,226,462,1281,2424,2812]
[0,621,2590,2812]
[0,2638,2812]
[0,462,2590,2812]
[0,619,2638,2812]
[0,226,621,1281,2812]
[0,2424,2812]
[0,462,2638,2812]
[0,226,462,2638,2812]
[0,226,462,621,1281,2638,2812]
[0,226,619,2812]
[0,226,621,1281,2590,2812]
[0,226,621,2812]
[0,621,2638,2812]
[0,619,2812]
[0,226,462,1281,2424,2638,2812]
[0,621,2812]
[0,462,2424,2812]
[0,621,2424,2812]
[0,226,621,1281,2638,2812]
[0,226,462,2424,2812]
[0,226,619,2638,2812]
[0,462,1281,2424,2812]
[0,226,621,2590,2812]
[0,226,462,2812]
[0,226,621,2638,2812]
[0,226,621,838,2424,2812]
[0,1281,2812]
[0,226,621,838,2424,2638,2812]
[0,462,2812]
[0,462,1281,2812]
[0,226,462,1281,2812]
