[0,68,191,605,932,1295,1367,1610,1691,1810]
[0,181,1810]
[0,932,1295,1367,1691,1810]
[0,191,932,1367,1810]
[0,68,605,932,1295,1367,1691,1810]
[0,191,1367,1610,1691,1810]
[0,191,605,932,1295,1367,1610,1691,1810]
[0,191,605,932,1810]
[0,1367,1810]
[0,68,191,932,1295,1367,1691,1810]
[0,191,605,932,1367,1691,1810]
[0,605,1810]
[0,191,605,932,1367,1810]
[0,68,1810]
[0,68,191,538,605,932,1295,1367,1610,1691,1810]
[0,605,932,1367,1810]
[0,68,1295,1367,1691,1810]
[0,68,1367,1610,1691,1810]
[0,1367,1691,1810]
[0,191,932,1810]
[0,68,191,538,605,932,1295,1367,1691,1810]
[0,68,191,1367,1610,1691,1810]
[0,932,1367,1810]
[0,68,1367,1691,1810]
[0,68,538,605,932,1295,1367,1691,1810]
[0,605,932,1810]
[0,191,1367,1810]
[0,605,1367,1691,1810]
[0,68,932,1295,1367,1691,1810]
[0,68,191,605,932,1295,1367,1691,1810]
[0,68,191,932,1367,1691,1810]
[0,191,1810]
[0,68,191,932,1367,1610,1691,1810]
[0,1367,1610,1691,1810]
[0,191,932,1295,1367,1691,1810]
[0,191,932,1367,1610,1691,1810]
[0,68,191,1367,1691,1810]
[0,191,605,932,1295,1367,1691,1810]
[0,605,932,1367,1691,1810]
[0,605,932,1295,1367,1691,1810]
[0,932,1367,1691,1810]
[0,605,1367,1810]
[0,191,932,1295,1367,1610,1691,1810]
[0,1295,1367,1691,1810]
[0,191,1367,1691,1810]
[0,932,1810]
[0,68,1691,1810]
[0,68,191,932,1295,1367,1610,1691,1810]
[0,191,932,1367,1691,1810]
[0,1691,1810]
[0,191,605,932,1367,1610,1691,1810]
