[0,87,204,838,934,1180]
[0,905,1180]
[0,636,934,1180]
[0,87,204,636,838,934,1180]
[0,87,199,838,934,1180]
[0,204,1180]
[0,194,1180]
[0,194,636,905,1180]
[0,199,636,1180]
[0,87,199,636,838,934,1180]
[0,204,636,1180]
[0,838,934,1180]
[0,194,636,1180]
[0,636,905,1180]
[0,204,934,1180]
[0,636,1180]
[0,204,838,934,1180]
[0,934,1180]
[0,204,838,1180]
[0,194,838,934,1180]
[0,199,1180]
[0,204,636,838,934,1180]
[0,199,838,934,1180]
[0,859,1180]
[0,194,636,838,934,1180]
[0,199,636,838,934,1180]
[0,199,636,934,1180]
[0,199,838,1180]
[0,204,636,934,1180]
[0,194,636,934,1180]
[0,194,859,1180]
[0,194,838,1180]
[0,838,1180]
