[0,168,593,3525,4138,4407,4758]
[0,220,4758]
[0,168,3525,4138,4758]
[0,593,3773,4758]
[0,74,3276,4138,4407,4758]
[0,3525,4138,4758]
[0,168,3536,4758]
[0,74,4407,4758]
[0,2665,4758]
[0,1707,3773,4758]
[0,74,3773,4758]
[0,220,3536,4758]
[0,2665,4407,4758]
[0,314,4758]
[0,74,4758]
[0,593,1845,3536,4758]
[0,3276,4138,4407,4758]
[0,3525,4758]
[0,3536,4758]
[0,74,593,1707,3773,4758]
[0,168,593,1845,3536,4758]
[0,3276,4758]
[0,593,1707,3773,4758]
[0,1707,4758]
[0,3525,4138,4407,4758]
[0,168,3525,4138,4407,4758]
[0,3276,4138,4758]
[0,2665,3276,4138,4407,4758]
[0,4407,4758]
[0,3773,4758]
[0,74,2665,4407,4758]
[0,168,593,3536,4758]
[0,2665,4138,4758]
[0,1845,3536,4758]
[0,1845,4758]
[0,168,593,1845,2666,3536,4351,4758]
[0,2665,3276,4138,4758]
[0,1845,2666,3536,4758]
[0,168,4758]
[0,593,1845,2666,3536,4758]
[0,593,3525,4138,4758]
[0,593,3536,4758]
[0,1845,2666,3536,4351,4758]
[0,74,593,3773,4758]
[0,593,3525,4138,4407,4758]
[0,220,2665,4758]
[0,74,2665,3276,4138,4407,4758]
[0,220,2665,4138,4758]
[0,168,593,1845,2666,3536,4758]
[0,593,1845,2666,3536,4351,4758]
