[0,495,819,1502,2020]
[0,354,495,819,1502,1845,2020]
[0,819,1502,2020]
[0,495,1604,1845,2020]
[0,495,1472,2020]
[0,354,495,1356,1604,1845,2020]
[0,354,495,1604,2020]
[0,819,1502,1845,2020]
[0,495,1502,1845,2020]
[0,1356,2020]
[0,495,1593,2020]
[0,495,1604,2020]
[0,495,819,1187,1356,1593,1845,2020]
[0,495,819,1593,1845,2020]
[0,354,495,819,1187,1356,1593,1845,2020]
[0,354,495,1593,2020]
[0,354,495,819,1356,1502,1845,2020]
[0,495,819,1356,1604,1845,2020]
[0,495,819,1356,1502,1845,2020]
[0,354,495,819,1198,1356,1502,1845,2020]
[0,819,2020]
[0,495,1502,2020]
[0,495,819,1502,1845,2020]
[0,495,819,1356,1845,2020]
[0,1472,2020]
[0,495,2020]
[0,495,819,1198,1356,1604,1845,2020]
[0,495,1356,1604,1845,2020]
[0,495,819,1356,2020]
[0,495,819,1198,1356,1593,1845,2020]
[0,495,819,1198,1502,1845,2020]
[0,819,1356,2020]
[0,354,495,819,1198,1356,1502,1604,1845,2020]
[0,354,495,819,1593,1845,2020]
[0,354,495,1502,2020]
[0,495,1356,1604,2020]
[0,495,1593,1845,2020]
[0,354,495,1593,1845,2020]
[0,819,1356,1502,1845,2020]
[0,495,819,1198,1502,2020]
[0,495,819,1198,1356,1502,1845,2020]
[0,495,819,1593,2020]
[0,354,495,1502,1845,2020]
[0,354,495,819,1198,1356,1593,1845,2020]
[0,495,1356,2020]
[0,354,495,819,1356,1604,1845,2020]
[0,354,495,819,1198,1356,1604,1845,2020]
[0,354,1356,1845,2020]
[0,1502,2020]
[0,495,819,1356,1593,2020]
[0,495,819,1356,1604,2020]
[0,354,495,1604,1845,2020]
[0,354,495,819,1356,1593,1845,2020]
[0,495,819,1356,1593,1845,2020]
[0,354,1356,2020]
