[0,121,496,679,763,1269,1345,1669,1810]
[0,496,679,1345,1669,1810]
[0,121,496,679,1345,1659,1810]
[0,121,496,763,1810]
[0,496,679,763,1269,1345,1669,1810]
[0,496,679,1345,1810]
[0,121,496,679,763,1659,1810]
[0,496,1669,1810]
[0,496,679,763,1659,1810]
[0,496,679,763,1345,1669,1810]
[0,496,1345,1669,1810]
[0,121,496,1345,1659,1810]
[0,496,1345,1810]
[0,496,763,1669,1810]
[0,121,496,1810]
[0,121,496,679,763,1345,1659,1810]
[0,121,496,763,1669,1810]
[0,121,496,1669,1810]
[0,121,496,679,1345,1669,1810]
[0,496,763,1345,1810]
[0,121,496,679,763,1269,1345,1659,1810]
[0,496,679,1345,1659,1810]
[0,501,1810]
[0,496,763,1269,1345,1810]
[0,121,496,1345,1669,1810]
[0,496,679,763,1810]
[0,121,496,679,763,1345,1669,1810]
[0,496,679,763,1669,1810]
[0,496,1659,1810]
[0,496,679,763,1269,1345,1810]
[0,496,679,763,1345,1659,1810]
[0,121,496,679,763,1669,1810]
[0,496,1345,1659,1810]
[0,496,1810]
[0,496,679,763,1345,1810]
[0,496,1269,1345,1810]
[0,121,496,1659,1810]
[0,496,679,763,1269,1345,1659,1810]
[0,121,496,763,1659,1810]
[0,496,763,1659,1810]
[0,496,763,1810]
[0,121,496,679,763,1810]
