[0,401,1430,1536,1664,1984,2053]
[0,401,713,786,1430,1536,1664,1837,2053]
[0,401,1430,1536,1664,1837,1984,2053]
[0,1536,1664,1837,2053]
[0,401,713,1430,1536,1664,1837,1984,2053]
[0,401,1430,1536,1664,2053]
[0,1536,1837,2053]
[0,1536,1984,2053]
[0,401,713,1536,1837,2053]
[0,401,713,1430,1536,1664,1837,2053]
[0,401,1536,1837,2053]
[0,1536,1664,1984,2053]
[0,401,1536,2053]
[0,1498,1664,1976,2053]
[0,401,1536,1664,1976,2053]
[0,1664,2053]
[0,401,713,1536,1664,1837,2053]
[0,401,1536,1664,1837,2053]
[0,401,1430,1536,1664,1976,2053]
[0,401,1430,1536,1664,1837,1976,2053]
[0,1536,2053]
[0,401,713,1430,1536,1664,1837,1976,2053]
[0,401,713,786,1430,1536,1664,1837,1976,2053]
[0,1536,1664,2053]
[0,401,1430,1536,2053]
[0,401,1536,1664,1984,2053]
[0,1498,1664,1984,2053]
[0,401,1430,1536,1664,1837,2053]
[0,1498,1664,2053]
[0,1536,1976,2053]
[0,401,713,1536,2053]
[0,1498,2053]
[0,401,1536,1664,2053]
[0,1536,1664,1976,2053]
[0,401,713,786,1430,1536,1664,1837,1984,2053]
