[0,139,245,455,690,808,978,1123,1261,1562]
[0,139,407,695,808,978,1123,1261,1562]
[0,455,808,1123,1562]
[0,407,1123,1261,1562]
[0,139,407,690,808,978,1123,1261,1562]
[0,139,407,978,1123,1261,1562]
[0,139,407,978,1123,1562]
[0,455,978,1123,1562]
[0,978,1562]
[0,455,808,978,1123,1562]
[0,407,690,978,1123,1562]
[0,1123,1562]
[0,139,407,494,978,1123,1261,1562]
[0,455,1071,1261,1562]
[0,139,1562]
[0,139,455,1562]
[0,139,455,808,978,1123,1562]
[0,407,1562]
[0,407,978,1123,1562]
[0,139,455,808,978,1123,1261,1562]
[0,139,407,494,695,808,978,1123,1261,1562]
[0,455,934,1562]
[0,407,695,1123,1562]
[0,139,407,690,978,1123,1562]
[0,139,407,1123,1261,1562]
[0,407,808,978,1123,1562]
[0,139,245,455,1123,1261,1562]
[0,139,455,978,1123,1562]
[0,407,690,1123,1562]
[0,139,245,455,978,1123,1261,1562]
[0,139,245,407,978,1123,1261,1562]
[0,139,245,407,808,978,1123,1261,1562]
[0,455,695,1071,1261,1562]
[0,455,1123,1261,1562]
[0,139,245,407,503,690,808,978,1123,1261,1562]
[0,139,455,1123,1261,1562]
[0,139,1123,1562]
[0,402,1562]
[0,139,407,695,978,1123,1261,1562]
[0,139,407,808,978,1123,1261,1562]
[0,407,1123,1562]
[0,455,978,1123,1261,1562]
[0,139,407,494,695,978,1123,1261,1562]
[0,139,407,695,978,1123,1562]
[0,934,1562]
[0,245,1562]
[0,139,245,407,695,808,978,1123,1261,1562]
[0,139,407,503,690,808,978,1123,1261,1562]
[0,139,245,407,494,695,808,978,1123,1261,1562]
[0,139,407,808,978,1123,1562]
[0,455,1261,1562]
[0,139,407,503,978,1123,1261,1562]
[0,139,407,1562]
[0,139,455,690,808,978,1123,1261,1562]
[0,407,695,978,1123,1562]
[0,139,407,1123,1562]
[0,978,1123,1562]
[0,407,808,1123,1562]
[0,139,245,455,808,978,1123,1261,1562]
[0,455,1562]
[0,139,245,407,690,808,978,1123,1261,1562]
[0,139,407,690,978,1123,1261,1562]
[0,139,455,1123,1562]
[0,455,1123,1562]
[0,455,695,1261,1562]
[0,139,407,503,690,978,1123,1261,1562]
[0,139,455,978,1123,1261,1562]
