[0,889,1202,1427]
[0,152,272,675,808,889,1148,1427]
[0,575,889,1427]
[0,391,675,1427]
[0,152,808,889,1427]
[0,152,272,675,808,889,1236,1427]
[0,152,272,391,575,675,808,889,1202,1427]
[0,152,272,349,675,808,889,1148,1427]
[0,675,1427]
[0,391,1427]
[0,391,675,889,1202,1427]
[0,391,668,1427]
[0,152,272,349,675,808,889,1236,1427]
[0,615,808,889,1427]
[0,152,272,349,575,675,808,889,1236,1427]
[0,615,889,1427]
[0,152,615,675,808,889,1427]
[0,152,889,1236,1427]
[0,675,889,1148,1427]
[0,152,272,575,675,889,1236,1427]
[0,391,668,889,1236,1427]
[0,675,889,1236,1427]
[0,152,272,391,675,1427]
[0,152,272,391,668,889,1236,1427]
[0,152,272,575,675,1236,1427]
[0,152,575,675,889,1236,1427]
[0,152,272,391,675,808,889,1202,1427]
[0,152,272,575,675,1427]
[0,152,391,666,889,1202,1427]
[0,152,272,391,666,808,889,1202,1427]
[0,152,323,889,1202,1427]
[0,889,1148,1427]
[0,288,808,1224,1427]
[0,152,391,889,1236,1427]
[0,152,272,889,1427]
[0,152,272,391,575,675,889,1202,1427]
[0,152,889,1224,1427]
[0,152,272,391,666,889,1427]
[0,152,272,391,666,889,1202,1427]
[0,152,272,349,615,675,808,889,1148,1427]
[0,152,272,615,675,808,889,1427]
[0,675,889,1427]
[0,152,615,889,1427]
[0,1224,1427]
[0,152,272,675,1427]
[0,152,272,391,1427]
[0,152,272,349,889,1148,1427]
[0,152,272,349,808,889,1236,1427]
[0,391,889,1427]
[0,152,272,391,675,889,1427]
[0,889,1427]
[0,152,391,666,1427]
[0,808,1224,1427]
[0,288,1427]
[0,152,272,391,675,889,1202,1427]
[0,152,808,889,1236,1427]
[0,152,272,391,575,668,808,889,1236,1427]
[0,323,669,889,1202,1427]
[0,323,669,889,1224,1427]
[0,152,272,349,1427]
[0,391,666,889,1427]
[0,391,889,1236,1427]
[0,152,272,675,889,1236,1427]
[0,152,323,669,889,1202,1427]
[0,152,323,669,889,1224,1427]
[0,152,272,575,889,1236,1427]
[0,152,272,675,889,1427]
[0,152,575,675,808,889,1236,1427]
[0,323,889,1224,1427]
[0,391,668,889,1427]
[0,152,575,675,1236,1427]
[0,323,889,1427]
[0,391,666,1427]
[0,152,675,889,1236,1427]
[0,152,272,391,889,1236,1427]
[0,152,272,889,1148,1427]
[0,152,272,391,666,808,889,1427]
[0,152,675,889,1427]
[0,152,272,889,1236,1427]
[0,889,1224,1427]
[0,675,1236,1427]
[0,152,889,1427]
[0,152,272,391,575,668,889,1236,1427]
[0,152,272,615,889,1427]
[0,323,669,889,1427]
[0,272,889,1427]
[0,1236,1427]
[0,152,391,668,889,1236,1427]
[0,152,889,1148,1427]
[0,391,675,889,1427]
[0,152,675,1427]
[0,152,272,391,675,808,889,1427]
[0,152,272,391,666,1427]
[0,152,272,349,675,808,889,1427]
[0,152,272,391,668,808,889,1236,1427]
[0,152,272,615,808,889,1427]
[0,152,272,675,1236,1427]
[0,615,675,1427]
[0,391,889,1202,1427]
[0,575,889,1236,1427]
[0,152,272,808,889,1236,1427]
[0,152,272,1427]
[0,152,675,808,889,1427]
[0,391,666,889,1202,1427]
[0,152,575,675,1427]
[0,152,272,808,889,1427]
[0,152,675,808,889,1148,1427]
[0,152,675,1236,1427]
[0,808,1427]
[0,152,675,808,889,1236,1427]
[0,152,575,889,1236,1427]
[0,152,1427]
[0,152,272,349,889,1427]
[0,288,808,1427]
[0,615,675,808,889,1427]
[0,152,272,349,615,675,808,889,1427]
[0,152,323,889,1224,1427]
[0,889,1236,1427]
[0,152,391,666,889,1427]
[0,152,889,1202,1427]
[0,152,272,349,889,1236,1427]
[0,152,391,675,889,1202,1427]
[0,152,391,675,1427]
[0,152,272,349,808,889,1427]
[0,323,889,1202,1427]
[0,615,675,889,1427]
[0,152,272,391,889,1427]
[0,152,391,675,889,1427]
[0,152,808,889,1148,1427]
[0,152,272,675,808,889,1427]
[0,152,675,889,1148,1427]
[0,152,272,675,889,1148,1427]
[0,152,272,575,675,808,889,1236,1427]
