[0,117,610,843,955,1281,2070,2132,2189]
[0,610,843,955,2070,2132,2189]
[0,1281,2189]
[0,72,610,843,955,1281,2070,2189]
[0,610,843,955,1281,2070,2189]
[0,610,843,955,1281,2189]
[0,72,361,610,846,1281,2091,2189]
[0,72,610,843,955,2070,2132,2189]
[0,72,1281,2070,2189]
[0,361,610,843,955,1281,2189]
[0,361,610,843,955,2189]
[0,72,610,843,1281,2091,2189]
[0,361,610,1281,2189]
[0,72,361,610,843,955,1281,2070,2132,2189]
[0,610,846,1281,2091,2189]
[0,843,955,2189]
[0,72,361,610,843,955,1281,2091,2189]
[0,72,361,610,843,955,2070,2189]
[0,610,846,2189]
[0,117,610,843,955,2070,2132,2189]
[0,72,610,846,1281,2091,2189]
[0,117,610,843,1281,2070,2189]
[0,57,117,610,843,955,1281,2070,2132,2189]
[0,57,610,843,955,2070,2189]
[0,72,117,610,843,955,1281,2070,2132,2189]
[0,610,846,1281,2189]
[0,72,610,843,1281,2070,2189]
[0,610,843,1281,2091,2189]
[0,610,2189]
[0,72,361,610,843,1281,2091,2189]
[0,72,117,610,843,955,2070,2132,2189]
[0,610,843,1281,2189]
[0,361,610,843,1281,2091,2189]
[0,610,843,2091,2189]
[0,610,2091,2189]
[0,72,2070,2189]
[0,361,610,843,955,1281,2091,2189]
[0,610,843,2189]
[0,610,843,955,2189]
[0,2091,2189]
[0,72,361,610,843,955,1281,2070,2189]
[0,57,117,610,843,955,2070,2132,2189]
[0,1281,2091,2189]
[0,955,2189]
[0,72,361,610,843,955,2070,2132,2189]
[0,610,843,955,2091,2189]
[0,361,610,2189]
[0,361,610,843,955,2091,2189]
[0,117,610,843,955,1281,2070,2189]
[0,361,610,843,1281,2189]
[0,117,610,843,2070,2189]
[0,610,843,1281,2070,2189]
[0,361,610,843,2189]
[0,72,361,610,843,1281,2070,2189]
[0,117,610,843,955,2070,2189]
[0,361,610,843,1281,2070,2189]
[0,610,843,2070,2189]
[0,610,2070,2189]
[0,72,610,843,955,2070,2189]
[0,361,610,843,955,1281,2070,2189]
[0,610,843,955,1281,2070,2132,2189]
[0,2070,2189]
[0,1281,2070,2189]
[0,610,843,955,1281,2091,2189]
[0,610,843,955,2070,2189]
[0,361,610,843,955,2070,2189]
[0,361,610,846,1281,2091,2189]
[0,361,610,843,2070,2189]
[0,72,610,843,955,1281,2070,2132,2189]
[0,610,846,2091,2189]
[0,72,610,843,955,2091,2189]
[0,610,1281,2189]
[0,57,610,843,955,2070,2132,2189]
[0,72,361,610,843,955,2091,2189]
[0,361,610,846,1281,2189]
[0,72,117,610,843,955,2070,2189]
