[0,146,243,331,564,1632]
[0,146,243,655,935,1632]
[0,243,502,564,1632]
[0,146,243,564,1069,1632]
[0,146,564,935,1632]
[0,146,331,655,1632]
[0,146,564,1069,1632]
[0,655,935,1632]
[0,564,1069,1197,1632]
[0,146,243,502,564,1632]
[0,146,243,331,502,564,1069,1197,1632]
[0,146,331,564,935,1632]
[0,331,1632]
[0,331,564,935,1632]
[0,146,243,655,1632]
[0,243,655,935,1632]
[0,564,1632]
[0,331,564,1069,1632]
[0,146,331,564,1069,1632]
[0,243,655,1632]
[0,146,243,489,564,1632]
[0,146,243,489,564,1069,1632]
[0,146,243,564,1069,1197,1632]
[0,146,331,564,1632]
[0,331,655,1632]
[0,146,243,331,489,564,1632]
[0,564,935,1632]
[0,146,243,331,502,564,935,1632]
[0,146,243,564,1632]
[0,146,564,1632]
[0,146,243,331,502,564,1632]
[0,146,564,1069,1197,1632]
[0,146,243,489,564,1069,1197,1632]
[0,564,1069,1632]
[0,146,243,502,564,1069,1632]
[0,146,243,331,655,935,1632]
[0,331,655,935,1632]
[0,146,243,331,564,1069,1197,1632]
[0,146,243,502,564,1069,1197,1632]
[0,146,243,331,489,564,1069,1197,1632]
[0,146,243,564,935,1632]
[0,243,564,1632]
[0,655,1632]
[0,331,564,1632]
[0,146,331,655,935,1632]
[0,146,243,331,564,935,1632]
[0,502,564,1632]
