[0,181,457,546,803,922]
[0,181,260,457,784,922]
[0,181,260,480,784,922]
[0,509,922]
[0,181,509,922]
[0,181,480,784,922]
[0,457,803,922]
[0,181,260,480,873,922]
[0,457,922]
[0,181,457,546,717,803,922]
[0,181,457,922]
[0,181,922]
[0,480,922]
[0,181,457,546,784,922]
[0,181,457,784,922]
[0,181,260,457,922]
[0,181,260,480,922]
[0,181,457,717,803,922]
[0,181,260,457,873,922]
[0,181,509,873,922]
[0,181,260,509,873,922]
[0,181,480,922]
[0,457,784,922]
[0,181,260,457,717,803,922]
[0,480,857,922]
[0,181,260,480,857,922]
[0,181,260,457,546,784,922]
[0,181,260,457,546,717,803,922]
[0,181,457,803,922]
[0,181,260,457,546,717,784,922]
[0,181,260,457,803,922]
[0,181,260,509,922]
