[0,264,476,997]
[0,264,425,506,561,627,997]
[0,324,476,576,627,997]
[0,264,542,953,997]
[0,293,476,997]
[0,252,476,997]
[0,324,506,561,627,997]
[0,324,506,561,627,953,997]
[0,293,542,997]
[0,293,576,627,997]
[0,293,476,576,627,953,997]
[0,252,324,506,627,997]
[0,293,425,627,997]
[0,252,997]
[0,285,997]
[0,252,510,627,997]
[0,252,425,627,997]
[0,324,576,627,997]
[0,627,953,997]
[0,264,510,627,953,997]
[0,252,324,476,576,627,953,997]
[0,476,997]
[0,252,476,627,953,997]
[0,542,997]
[0,264,506,997]
[0,425,997]
[0,491,997]
[0,324,506,627,997]
[0,252,324,476,627,997]
[0,293,542,627,953,997]
[0,285,476,576,627,953,997]
[0,293,542,627,997]
[0,293,997]
[0,252,324,506,561,627,997]
[0,293,425,542,627,997]
[0,264,997]
[0,264,425,506,561,627,953,997]
[0,285,576,627,997]
[0,324,506,627,953,997]
[0,264,476,627,953,997]
[0,293,476,627,997]
[0,510,997]
[0,324,476,576,627,953,997]
[0,252,542,997]
[0,285,576,997]
[0,264,542,997]
[0,293,476,576,627,997]
[0,324,506,997]
[0,293,425,997]
[0,264,510,627,997]
[0,252,425,997]
[0,324,476,627,997]
[0,324,576,997]
[0,285,476,576,627,997]
[0,264,506,627,997]
[0,324,997]
[0,285,476,997]
[0,285,476,627,997]
[0,252,324,476,576,627,997]
[0,264,506,627,953,997]
[0,252,542,627,997]
[0,264,510,997]
[0,252,425,542,627,997]
[0,264,425,506,627,997]
[0,252,510,997]
[0,506,997]
[0,293,576,997]
[0,252,324,506,561,627,953,997]
[0,425,627,997]
[0,252,476,627,997]
[0,264,476,627,997]
[0,627,997]
[0,293,425,542,627,953,997]
[0,264,425,506,627,953,997]
[0,252,510,627,953,997]
[0,252,425,542,627,953,997]
[0,324,476,997]
[0,576,997]
