[0,173,816,1249]
[0,173,530,907,1132,1178,1249]
[0,144,752,816,1249]
[0,907,1249]
[0,397,907,1249]
[0,568,1249]
[0,144,752,907,1135,1249]
[0,173,752,816,1249]
[0,911,1249]
[0,144,525,907,1249]
[0,173,752,816,907,981,1249]
[0,816,1249]
[0,173,530,907,981,1249]
[0,136,530,911,1132,1178,1249]
[0,144,911,1249]
[0,144,525,911,1249]
[0,144,816,1135,1249]
[0,173,530,816,907,1132,1249]
[0,530,1249]
[0,136,530,911,1249]
[0,752,907,1249]
[0,173,907,981,1249]
[0,173,752,907,1132,1249]
[0,173,752,907,981,1132,1249]
[0,752,1249]
[0,397,752,907,1249]
[0,136,530,911,1132,1249]
[0,144,530,911,1132,1178,1249]
[0,173,1249]
[0,144,530,911,1135,1249]
[0,173,752,816,907,981,1132,1178,1249]
[0,173,530,907,1132,1249]
[0,54,144,752,907,981,1135,1178,1249]
[0,144,911,1135,1249]
[0,144,752,816,907,981,1135,1249]
[0,173,816,1132,1249]
[0,173,530,907,1249]
[0,173,752,816,1132,1178,1249]
[0,173,752,907,1249]
[0,173,752,816,907,1132,1249]
[0,144,1249]
[0,173,907,1249]
[0,173,530,752,816,907,981,1132,1178,1249]
[0,136,911,1249]
[0,144,907,1135,1249]
[0,173,752,816,1132,1249]
[0,752,816,1249]
[0,144,530,911,1249]
[0,530,911,1249]
[0,144,907,1135,1178,1249]
[0,144,752,816,907,981,1135,1178,1249]
[0,173,907,1132,1249]
[0,525,907,1249]
[0,54,144,752,816,907,981,1135,1178,1249]
[0,173,752,816,907,1132,1178,1249]
[0,144,525,907,1135,1249]
[0,525,911,1249]
[0,54,144,397,752,816,907,981,1135,1249]
[0,144,907,1249]
[0,173,752,907,981,1249]
[0,144,911,1132,1249]
[0,173,530,752,816,907,981,1132,1249]
[0,173,816,981,1249]
[0,136,1249]
[0,54,144,397,752,907,981,1135,1249]
[0,136,911,1132,1249]
[0,144,752,816,907,1135,1249]
[0,173,530,907,981,1132,1178,1249]
[0,144,752,816,907,1135,1178,1249]
[0,144,525,911,1135,1249]
[0,144,397,752,907,1135,1249]
[0,144,752,907,981,1135,1249]
[0,173,752,816,981,1249]
[0,144,816,1249]
[0,568,907,1249]
[0,144,752,907,1135,1178,1249]
[0,525,1249]
[0,144,568,907,1249]
[0,54,144,397,752,907,981,1135,1178,1249]
[0,144,911,1132,1178,1249]
[0,144,397,752,816,907,981,1135,1249]
[0,173,530,907,981,1132,1249]
[0,530,907,1249]
[0,144,752,907,1249]
[0,144,752,816,1135,1249]
[0,54,144,752,816,907,981,1135,1249]
[0,144,752,816,1135,1178,1249]
[0,397,1249]
[0,144,397,752,907,981,1135,1249]
[0,54,144,397,752,816,907,981,1135,1178,1249]
[0,144,530,911,1132,1249]
[0,144,397,752,907,1249]
[0,173,530,816,907,981,1132,1249]
[0,144,752,907,981,1135,1178,1249]
[0,173,752,816,907,981,1132,1249]
[0,54,144,752,907,981,1135,1249]
