[0,1382,4285]
[0,1169,2756,4243,4285]
[0,697,1107,2359,4285]
[0,1107,1402,2359,2652,3739,4285]
[0,268,1107,1402,2359,2652,2850,3739,4243,4285]
[0,757,1107,2197,2652,4285]
[0,268,697,1107,1402,2359,2652,3739,4285]
[0,1107,1402,2359,2652,2850,3739,4243,4285]
[0,1112,2850,4285]
[0,1107,1402,2359,2652,2850,3739,4285]
[0,1107,2359,2652,4285]
[0,1402,2359,2652,4285]
[0,268,697,1107,1402,2359,2652,3739,4243,4285]
[0,268,757,1107,2197,2756,4243,4285]
[0,1107,1402,2359,2652,4285]
[0,268,757,1107,1402,2197,2756,4285]
[0,268,1107,1402,2359,2652,3739,4243,4285]
[0,1402,2359,4243,4285]
[0,268,1402,2359,2652,4285]
[0,1107,1402,2359,3739,4285]
[0,757,1107,1402,2197,2756,4285]
[0,1107,2197,2652,4285]
[0,1107,2197,4285]
[0,268,757,1107,1402,2197,2652,4285]
[0,268,757,1107,2197,2652,4243,4285]
[0,697,1107,1402,2359,4285]
[0,268,757,1107,1402,2197,2652,4243,4285]
[0,1768,4285]
[0,1112,4285]
[0,2756,4285]
[0,697,1107,1402,2359,3739,4285]
[0,757,1107,2197,2652,4243,4285]
[0,1107,2197,2652,4243,4285]
[0,1107,2359,4285]
[0,1097,2359,4285]
[0,2626,4285]
[0,268,757,1107,2197,2652,4285]
[0,1402,2359,2652,4243,4285]
[0,1107,1402,2359,4285]
[0,268,697,1107,1402,2359,2652,2850,4285]
[0,1402,4285]
[0,2652,4285]
[0,1107,4285]
[0,268,697,1107,1402,2359,2652,2850,3739,4285]
[0,757,1107,2197,2756,4243,4285]
[0,1107,1402,2359,2652,2850,4285]
[0,697,1107,1402,2359,2652,3739,4285]
[0,2359,4285]
[0,1107,1402,2359,2652,3739,4243,4285]
[0,268,757,1107,1402,2197,2756,4243,4285]
[0,697,1107,2359,3739,4285]
[0,1107,1402,2359,2652,4243,4285]
[0,1107,2197,2756,4285]
[0,1107,2359,3739,4285]
[0,1107,2359,4243,4285]
[0,1402,2359,4285]
[0,1768,2359,4285]
[0,1169,2118,2756,4285]
[0,1107,2197,2756,4243,4285]
[0,268,1768,2359,4285]
[0,1169,2118,2756,4243,4285]
[0,1169,2756,4285]
[0,268,1107,1402,2359,2652,2850,3739,4285]
[0,1097,4285]
[0,1382,2652,4285]
[0,1097,2197,4285]
[0,268,757,1107,2197,2756,4285]
[0,1107,2359,2652,4243,4285]
[0,757,1107,2197,2756,4285]
[0,1107,2197,4243,4285]
[0,268,1107,1402,2359,2652,4285]
[0,268,1107,1402,2359,2652,2850,4285]
[0,2197,4285]
[0,268,1107,1402,2359,2652,3739,4285]
[0,268,697,1107,1402,2359,2652,4285]
[0,697,1107,1402,2359,2652,4285]
[0,1107,2652,4285]
[0,757,1107,1402,2197,2652,4285]
[0,1169,4285]
[0,991,2626,4285]
[0,268,1402,2359,2652,4243,4285]
[0,268,697,1107,1402,2359,2652,2850,3739,4243,4285]
[0,2850,4285]
