[0,214,593,894,1530,2020]
[0,587,894,1530,2020]
[0,214,1530,2020]
[0,214,515,894,1173,1530,1935,2020]
[0,593,894,1173,1530,2020]
[0,214,587,894,1173,1530,1935,2020]
[0,1530,2020]
[0,214,515,609,894,1173,1530,2020]
[0,214,515,609,894,1173,1530,1935,2020]
[0,214,515,593,894,1173,1530,1935,2020]
[0,214,593,894,1530,1935,2020]
[0,515,1173,1530,2020]
[0,410,1530,2020]
[0,587,894,1173,1530,2020]
[0,515,2020]
[0,214,593,894,1173,1530,2020]
[0,214,515,1173,1530,1935,2020]
[0,214,593,894,1173,1530,1935,2020]
[0,587,1046,1530,2020]
[0,587,1530,2020]
[0,214,587,894,1173,1530,2020]
[0,593,1530,2020]
[0,214,587,1046,1530,2020]
[0,515,1530,2020]
[0,214,515,1173,1530,2020]
[0,214,515,894,1173,1530,2020]
[0,587,2020]
[0,593,894,1530,2020]
[0,515,894,1173,1530,2020]
[0,214,587,894,1530,1935,2020]
[0,593,2020]
[0,214,587,1046,1530,1935,2020]
[0,214,587,894,1530,2020]
