[0,1786,2054,2759]
[0,145,385,1786,2054,2480,2759]
[0,385,1786,2480,2759]
[0,633,2019,2759]
[0,385,2019,2454,2759]
[0,1786,2353,2759]
[0,1786,2019,2454,2759]
[0,375,1786,2054,2759]
[0,145,385,1786,2454,2759]
[0,385,1786,2019,2264,2454,2759]
[0,633,2074,2759]
[0,633,2019,2353,2759]
[0,1786,2454,2759]
[0,375,1786,2054,2480,2759]
[0,385,1786,2054,2249,2480,2759]
[0,145,385,2019,2264,2454,2759]
[0,633,2353,2759]
[0,1786,2019,2264,2454,2759]
[0,2019,2353,2759]
[0,385,1786,2054,2249,2353,2480,2759]
[0,1786,2054,2480,2759]
[0,145,385,1786,2480,2759]
[0,385,1786,2249,2480,2759]
[0,2019,2264,2454,2759]
[0,1786,2480,2759]
[0,2019,2454,2759]
[0,633,2759]
[0,375,1786,2353,2759]
[0,145,385,1786,2054,2249,2353,2480,2759]
[0,145,385,1786,2019,2264,2353,2454,2759]
[0,385,1786,2054,2480,2759]
[0,145,385,1786,2019,2264,2454,2759]
[0,2019,2264,2353,2759]
[0,375,1786,2480,2759]
[0,2054,2480,2759]
[0,145,385,1786,2054,2249,2480,2759]
[0,1786,2054,2249,2353,2480,2759]
[0,145,385,2019,2264,2353,2454,2759]
[0,1786,2249,2480,2759]
[0,1786,2759]
[0,385,1786,2759]
[0,375,1786,2759]
[0,2019,2759]
[0,385,2019,2759]
[0,385,2019,2264,2353,2759]
[0,2074,2759]
[0,1786,2054,2249,2480,2759]
[0,145,385,1786,2019,2454,2759]
[0,2054,2249,2480,2759]
[0,385,2019,2264,2454,2759]
[0,385,2019,2264,2353,2454,2759]
[0,385,1786,2353,2759]
[0,375,1786,2054,2353,2759]
[0,375,2019,2759]
[0,385,2019,2353,2759]
[0,2054,2759]
[0,385,1786,2019,2353,2759]
[0,375,2054,2759]
[0,375,2019,2353,2759]
[0,2353,2759]
[0,385,1786,2019,2454,2759]
[0,385,1786,2454,2759]
