[0,658,881,1427]
[0,191,667,881,1427]
[0,658,926,1427]
[0,881,1427]
[0,191,658,881,1062,1427]
[0,667,941,1427]
[0,926,1427]
[0,191,667,881,1062,1150,1427]
[0,667,881,1034,1427]
[0,667,1034,1427]
[0,326,667,881,1062,1427]
[0,658,881,1062,1427]
[0,326,667,881,1427]
[0,326,658,881,1427]
[0,191,667,881,1062,1427]
[0,667,881,1427]
[0,941,1427]
[0,667,881,1062,1427]
[0,191,658,881,1427]
[0,326,881,1427]
[0,191,658,881,1062,1150,1427]
[0,1034,1427]
[0,326,667,941,1427]
[0,326,658,881,1062,1427]
[0,191,667,1034,1427]
[0,191,667,881,1034,1150,1427]
[0,191,667,881,1034,1427]
[0,326,941,1427]
