[0,984,2759]
[0,306,1140,1977,2052,2310,2509,2759]
[0,306,1176,2052,2759]
[0,306,987,1176,1977,2310,2509,2759]
[0,1176,2052,2759]
[0,984,1973,2310,2759]
[0,1084,2052,2329,2759]
[0,306,1084,2052,2310,2759]
[0,1140,2759]
[0,1169,2052,2329,2759]
[0,1176,1977,2310,2759]
[0,306,984,1140,1977,2052,2310,2509,2759]
[0,1176,1977,2759]
[0,306,1140,1977,2310,2759]
[0,1084,1973,2310,2759]
[0,1084,1973,2759]
[0,306,1169,2052,2329,2759]
[0,1169,2052,2759]
[0,306,1084,2052,2759]
[0,306,1169,2052,2759]
[0,306,1084,2052,2329,2759]
[0,1084,2052,2759]
[0,306,1176,1977,2052,2310,2509,2759]
[0,306,1176,1977,2310,2509,2759]
[0,1084,2759]
[0,306,984,1250,1973,2310,2759]
[0,984,1973,2759]
[0,306,1084,1973,2310,2759]
[0,306,1176,2052,2310,2759]
[0,306,1140,1977,2310,2509,2759]
[0,306,987,1176,1977,2052,2310,2509,2759]
[0,306,984,1973,2310,2759]
[0,306,1176,1977,2052,2310,2759]
[0,1176,2759]
[0,306,984,1140,1977,2310,2509,2759]
[0,1140,1977,2310,2759]
[0,306,1084,1973,2052,2310,2759]
[0,1169,2052,2310,2759]
[0,306,1176,1977,2310,2759]
[0,306,1140,1977,2052,2310,2759]
[0,1084,2052,2310,2759]
[0,1176,2052,2310,2759]
[0,1140,1977,2759]
[0,1169,2759]
[0,306,1169,2052,2310,2759]
[0,306,984,1250,1973,2052,2310,2759]
