[0,368,580,1188,2120]
[0,701,1392,2120]
[0,354,580,1392,1698,2120]
[0,354,580,701,1392,2120]
[0,354,580,2120]
[0,368,701,1188,1392,2120]
[0,580,2120]
[0,354,580,1188,1392,1698,2120]
[0,701,2120]
[0,368,693,2120]
[0,368,1188,2120]
[0,368,580,1188,1392,2120]
[0,368,693,1188,1392,1698,2120]
[0,368,580,1652,2120]
[0,368,693,1392,1698,2120]
[0,1392,2120]
[0,693,1392,2120]
[0,368,580,701,1188,1392,2120]
[0,368,580,701,2120]
[0,354,1188,2120]
[0,354,580,1188,1392,2120]
[0,580,1652,2120]
[0,368,580,701,1188,1392,1652,2120]
[0,368,580,2120]
[0,368,701,1392,2120]
[0,354,580,1188,2120]
[0,368,701,2120]
[0,354,580,701,1188,1392,1698,2120]
[0,580,1698,2120]
[0,368,701,1392,1652,2120]
[0,580,1392,1652,2120]
[0,354,580,701,2120]
[0,368,580,701,1392,2120]
[0,616,2120]
[0,580,1392,1698,2120]
[0,693,2120]
[0,368,580,1188,1392,1652,2120]
[0,368,580,1392,1652,2120]
[0,1188,2120]
[0,368,701,1188,1392,1652,2120]
[0,368,693,1188,1392,2120]
[0,183,701,2120]
[0,354,580,1698,2120]
[0,354,701,2120]
[0,354,701,1392,2120]
[0,368,693,1392,2120]
[0,354,580,701,1188,1392,2120]
