[0,567,765,1024,1368,1642]
[0,195,953,1642]
[0,1024,1642]
[0,1024,1368,1642]
[0,545,867,1016,1642]
[0,567,1368,1642]
[0,567,765,1024,1368,1547,1642]
[0,765,1024,1368,1547,1642]
[0,702,1311,1642]
[0,545,867,996,1642]
[0,195,702,938,1311,1642]
[0,163,567,765,1024,1368,1642]
[0,702,1368,1642]
[0,765,1024,1368,1642]
[0,195,1311,1642]
[0,953,1642]
[0,567,765,1642]
[0,867,1642]
[0,765,1024,1642]
[0,702,1642]
[0,163,567,765,1024,1368,1547,1642]
[0,702,953,1368,1642]
[0,163,567,765,1024,1642]
[0,702,938,1311,1642]
[0,567,1024,1642]
[0,567,1024,1368,1642]
[0,195,702,953,1642]
[0,702,953,1642]
[0,567,1642]
[0,545,1642]
[0,567,765,1024,1547,1642]
[0,1024,1368,1547,1642]
[0,1311,1642]
[0,307,1642]
[0,1024,1547,1642]
[0,765,1642]
[0,195,702,953,1368,1642]
[0,545,702,1642]
[0,195,702,1311,1642]
[0,307,867,1642]
[0,545,867,1642]
[0,567,867,1642]
[0,567,867,1024,1642]
[0,567,765,1024,1642]
