[0,157,374,469,664,917,1264]
[0,374,917,1264]
[0,157,374,664,917,1264]
[0,157,374,473,664,1104,1264]
[0,157,374,1264]
[0,374,664,1104,1264]
[0,157,374,469,664,917,1033,1264]
[0,374,664,917,1264]
[0,157,374,664,1264]
[0,157,374,469,664,1104,1264]
[0,157,374,469,554,664,1264]
[0,157,374,664,1104,1264]
[0,305,1264]
[0,157,374,917,1033,1264]
[0,374,1264]
[0,157,374,469,664,1264]
[0,157,374,469,554,664,917,1033,1264]
[0,157,374,664,917,1033,1264]
[0,157,374,1104,1264]
[0,157,374,469,1264]
[0,157,374,917,1264]
[0,305,1104,1264]
[0,157,374,473,664,1264]
[0,157,374,554,664,1264]
[0,157,374,469,554,664,1104,1264]
[0,157,374,469,554,664,917,1264]
[0,374,664,1264]
[0,374,1104,1264]
[0,157,374,473,1264]
