[0,1067,2061,2759]
[0,468,914,1067,1539,2061,2241,2706,2759]
[0,339,905,2168,2759]
[0,135,486,1067,2086,2241,2706,2759]
[0,468,914,2086,2241,2706,2759]
[0,135,914,2168,2759]
[0,486,914,1918,2759]
[0,468,914,2086,2759]
[0,914,1918,2759]
[0,486,914,1918,2241,2759]
[0,468,914,2086,2241,2580,2759]
[0,914,2086,2706,2759]
[0,135,486,1067,2086,2241,2759]
[0,486,914,1918,2241,2706,2759]
[0,1067,2759]
[0,135,914,2241,2706,2759]
[0,135,486,914,1067,1539,2086,2241,2706,2759]
[0,468,1067,1539,2061,2759]
[0,486,914,2241,2759]
[0,905,2241,2759]
[0,52,468,914,2086,2241,2759]
[0,486,914,2241,2706,2759]
[0,468,914,1918,2759]
[0,52,468,914,2086,2241,2706,2759]
[0,905,2168,2759]
[0,135,486,914,1067,1539,2086,2241,2759]
[0,468,1067,2061,2759]
[0,486,1067,2086,2241,2706,2759]
[0,52,468,914,1067,1539,2061,2241,2706,2759]
[0,468,1067,2061,2706,2759]
[0,776,2759]
[0,914,2241,2759]
[0,52,468,1067,1539,2061,2241,2706,2759]
[0,1067,2086,2759]
[0,486,914,2168,2759]
[0,486,1067,1539,2086,2759]
[0,135,486,914,1918,2241,2706,2759]
[0,52,468,914,2086,2241,2580,2759]
[0,914,2168,2759]
[0,486,914,1067,1539,2086,2241,2759]
[0,135,486,1067,1539,2086,2241,2706,2759]
[0,776,2241,2759]
[0,486,1067,1539,2086,2241,2759]
[0,468,1067,2061,2241,2706,2759]
[0,486,1067,2086,2706,2759]
[0,468,914,1067,1539,2061,2241,2759]
[0,468,1067,2061,2241,2759]
[0,486,1067,2086,2759]
[0,135,486,1067,1539,2086,2241,2759]
[0,468,1067,1539,2061,2241,2706,2759]
[0,914,2241,2706,2759]
[0,486,914,1918,2706,2759]
[0,135,486,1067,2086,2759]
[0,1067,1539,2061,2759]
[0,339,905,2168,2516,2759]
[0,914,1918,2706,2759]
[0,468,914,2086,2706,2759]
[0,135,914,2241,2759]
[0,1918,2759]
[0,776,2241,2706,2759]
[0,468,1067,1539,2061,2241,2759]
[0,468,914,2086,2580,2759]
[0,468,914,2086,2241,2759]
[0,914,2759]
[0,914,2086,2759]
[0,905,2759]
[0,486,1067,2086,2241,2759]
[0,135,486,914,1918,2241,2759]
