[0,251,506,1040,1199,1493,1810]
[0,251,1075,1493,1810]
[0,1199,1418,1493,1810]
[0,251,506,1075,1199,1418,1493,1810]
[0,144,1110,1452,1744,1810]
[0,1199,1744,1810]
[0,1075,1211,1469,1810]
[0,1199,1493,1810]
[0,251,506,1534,1744,1810]
[0,251,506,747,1493,1810]
[0,1075,1199,1493,1810]
[0,251,506,1469,1810]
[0,56,251,506,1040,1199,1405,1493,1744,1810]
[0,251,1810]
[0,613,1534,1810]
[0,506,1211,1810]
[0,251,506,1075,1211,1810]
[0,251,1469,1744,1810]
[0,251,506,613,1040,1199,1534,1744,1810]
[0,506,1810]
[0,251,506,1810]
[0,1040,1199,1534,1810]
[0,1199,1418,1493,1744,1810]
[0,1469,1744,1810]
[0,251,1418,1493,1810]
[0,56,1418,1493,1810]
[0,1075,1211,1469,1744,1810]
[0,506,1040,1199,1493,1744,1810]
[0,506,1534,1810]
[0,251,1040,1493,1810]
[0,251,1075,1199,1418,1493,1744,1810]
[0,56,251,1534,1744,1810]
[0,56,251,1493,1744,1810]
[0,1418,1493,1810]
[0,251,1075,1211,1469,1810]
[0,1040,1534,1810]
[0,1075,1469,1810]
[0,251,1075,1199,1423,1571,1810]
[0,251,1075,1199,1493,1810]
[0,506,613,1040,1534,1810]
[0,1166,1452,1744,1810]
[0,251,1199,1810]
[0,747,1166,1452,1810]
[0,1075,1199,1418,1493,1810]
[0,144,1166,1452,1744,1810]
[0,251,1075,1211,1469,1744,1810]
[0,1075,1810]
[0,56,251,1418,1493,1810]
[0,56,251,1418,1493,1744,1810]
[0,1040,1810]
[0,1110,1452,1744,1810]
[0,144,747,1166,1452,1744,1810]
[0,56,251,1040,1199,1493,1744,1810]
[0,251,1040,1493,1744,1810]
[0,613,1810]
[0,506,613,1040,1199,1534,1810]
[0,251,1199,1418,1493,1744,1810]
[0,506,1075,1469,1810]
[0,251,1405,1493,1744,1810]
[0,506,613,1040,1199,1534,1744,1810]
[0,506,1040,1199,1493,1810]
[0,506,1166,1452,1810]
[0,251,1040,1199,1405,1493,1744,1810]
[0,251,1744,1810]
[0,56,251,1744,1810]
[0,506,1469,1810]
[0,56,251,1199,1405,1493,1744,1810]
[0,251,506,1075,1469,1810]
[0,56,251,1493,1810]
[0,251,1075,1199,1418,1493,1810]
[0,251,506,613,1040,1199,1534,1810]
[0,475,1411,1810]
[0,251,1075,1211,1810]
[0,251,1199,1405,1493,1744,1810]
[0,1411,1810]
[0,251,506,1040,1199,1405,1493,1744,1810]
[0,251,506,1493,1810]
[0,251,506,1211,1810]
[0,506,1040,1199,1405,1493,1744,1810]
[0,251,506,1075,1199,1493,1810]
[0,251,1534,1810]
[0,475,1810]
[0,1075,1199,1810]
[0,1075,1571,1810]
[0,747,1452,1810]
[0,56,1571,1810]
[0,1075,1199,1423,1571,1744,1810]
[0,506,1040,1199,1534,1810]
[0,56,251,1534,1810]
[0,1075,1199,1418,1493,1744,1810]
[0,1166,1452,1810]
[0,1166,1810]
[0,251,1075,1571,1810]
[0,251,1075,1571,1744,1810]
[0,506,1452,1810]
[0,56,1810]
[0,1075,1199,1571,1810]
[0,251,506,1534,1810]
[0,251,1199,1405,1493,1810]
[0,613,1534,1744,1810]
[0,56,251,1075,1211,1469,1744,1810]
[0,144,506,747,1166,1452,1744,1810]
[0,747,1810]
[0,1075,1199,1423,1571,1810]
[0,251,1075,1469,1810]
[0,251,506,747,1452,1744,1810]
[0,251,1040,1199,1493,1810]
[0,251,506,613,1534,1744,1810]
[0,506,1075,1493,1810]
[0,1418,1493,1744,1810]
[0,56,251,1075,1469,1744,1810]
[0,1571,1744,1810]
[0,1075,1571,1744,1810]
[0,1452,1744,1810]
[0,1211,1810]
[0,506,1493,1810]
[0,56,251,506,613,1040,1534,1744,1810]
[0,251,1075,1199,1571,1810]
[0,56,1571,1744,1810]
[0,506,747,1452,1810]
[0,251,1211,1810]
[0,251,506,1040,1493,1810]
[0,1040,1199,1405,1493,1744,1810]
[0,251,747,1199,1810]
[0,144,1166,1493,1810]
[0,1534,1810]
[0,56,251,1469,1744,1810]
[0,506,747,1166,1452,1810]
[0,251,506,613,1534,1810]
[0,251,506,1075,1199,1418,1493,1744,1810]
[0,747,1199,1810]
[0,251,506,1075,1211,1469,1810]
[0,56,251,506,1075,1211,1469,1744,1810]
[0,251,1452,1744,1810]
[0,251,506,1452,1744,1810]
[0,1075,1199,1571,1744,1810]
[0,506,1040,1493,1810]
[0,56,251,506,1040,1199,1493,1744,1810]
[0,56,251,1571,1744,1810]
[0,1405,1493,1744,1810]
[0,251,506,1040,1199,1534,1810]
[0,251,1571,1810]
[0,1452,1810]
[0,251,1418,1493,1744,1810]
[0,251,1199,1571,1810]
[0,56,251,1075,1571,1744,1810]
[0,506,1040,1199,1405,1493,1810]
[0,56,251,1199,1418,1493,1744,1810]
[0,56,251,506,1493,1744,1810]
[0,251,747,1199,1744,1810]
[0,506,613,1040,1534,1744,1810]
[0,251,1075,1199,1571,1744,1810]
[0,1469,1810]
[0,1075,1493,1810]
[0,1166,1493,1810]
[0,56,251,1405,1493,1744,1810]
[0,56,1493,1810]
[0,251,1199,1744,1810]
[0,251,1075,1810]
[0,506,613,1534,1744,1810]
[0,251,1199,1418,1493,1810]
[0,251,506,747,1452,1810]
[0,1405,1493,1810]
[0,56,251,1075,1199,1423,1571,1744,1810]
[0,251,1075,1199,1423,1571,1744,1810]
[0,56,251,506,1534,1744,1810]
[0,251,1199,1423,1571,1810]
[0,56,251,506,613,1534,1744,1810]
[0,1040,1199,1405,1493,1810]
[0,56,251,1040,1493,1744,1810]
[0,56,251,506,1452,1744,1810]
[0,1110,1452,1810]
[0,251,506,1040,1199,1405,1493,1810]
[0,144,506,747,1166,1452,1810]
[0,251,506,613,1040,1534,1744,1810]
[0,251,506,1493,1744,1810]
[0,251,1571,1744,1810]
[0,56,251,1810]
[0,56,251,506,747,1452,1744,1810]
[0,251,506,613,1040,1534,1810]
[0,251,506,1075,1493,1810]
[0,1040,1493,1810]
[0,1199,1423,1571,1810]
[0,1040,1493,1744,1810]
[0,144,1110,1452,1810]
[0,56,251,506,747,1493,1744,1810]
[0,506,613,1534,1810]
[0,1075,1469,1744,1810]
[0,251,1493,1744,1810]
[0,56,251,506,613,1040,1199,1534,1744,1810]
[0,251,506,1075,1211,1469,1744,1810]
[0,56,251,1040,1199,1405,1493,1744,1810]
[0,1199,1405,1493,1810]
[0,56,1405,1493,1744,1810]
[0,56,251,1075,1199,1418,1493,1744,1810]
[0,251,1199,1493,1810]
[0,251,506,1040,1534,1810]
[0,1571,1810]
[0,1199,1810]
[0,251,506,747,1493,1744,1810]
[0,251,1452,1810]
[0,56,1405,1493,1810]
[0,1199,1405,1493,1744,1810]
[0,251,1040,1199,1405,1493,1810]
[0,1493,1744,1810]
[0,251,1405,1493,1810]
[0,1040,1199,1493,1744,1810]
[0,144,747,1166,1452,1810]
[0,251,1040,1199,1493,1744,1810]
[0,506,1040,1534,1810]
[0,144,1166,1452,1810]
[0,56,251,506,1075,1199,1418,1493,1744,1810]
[0,251,506,1040,1199,1493,1744,1810]
[0,56,251,1075,1199,1571,1744,1810]
[0,1744,1810]
[0,1534,1744,1810]
[0,1493,1810]
[0,1199,1571,1810]
[0,1075,1211,1810]
[0,251,1075,1469,1744,1810]
[0,506,1075,1810]
[0,56,251,1452,1744,1810]
[0,506,1040,1810]
[0,1040,1199,1493,1810]
[0,251,506,1452,1810]
[0,251,1534,1744,1810]
[0,251,1493,1810]
[0,251,1469,1810]
[0,56,251,1469,1810]
[0,1423,1571,1810]
