[0,149,261,634,922,1651]
[0,527,922,1651]
[0,265,633,922,1651]
[0,261,634,922,1651]
[0,597,922,1651]
[0,149,265,634,922,1651]
[0,266,527,922,1651]
[0,149,265,922,1651]
[0,148,265,633,922,1651]
[0,149,266,527,922,1651]
[0,648,922,1651]
[0,173,922,1651]
[0,266,597,922,1651]
[0,148,265,634,922,1651]
[0,149,266,922,1651]
[0,261,597,922,1651]
[0,633,922,1651]
[0,149,266,648,922,1651]
[0,149,261,597,922,1651]
[0,149,527,922,1651]
[0,149,266,597,922,1651]
[0,148,265,922,1651]
[0,149,261,922,1651]
[0,265,634,922,1651]
[0,266,648,922,1651]
[0,149,922,1651]
[0,922,1651]
[0,634,922,1651]
[0,148,922,1651]
