[0,123,464,987,1411,1522,1671,1786,2053]
[0,987,1411,2053]
[0,776,987,1411,1671,1786,2053]
[0,123,987,1411,1694,2053]
[0,1115,2053]
[0,776,987,1411,1671,2053]
[0,456,987,1411,1671,2053]
[0,776,987,1411,1522,1671,1786,2003,2053]
[0,776,987,1411,1522,2003,2053]
[0,776,987,1411,1671,2003,2053]
[0,1671,2053]
[0,1737,2053]
[0,776,987,1411,1671,1786,2003,2053]
[0,987,1411,1522,1786,2053]
[0,464,987,1411,1522,2003,2053]
[0,456,987,1411,1671,1786,2053]
[0,987,1411,1671,2003,2053]
[0,456,987,1411,2053]
[0,776,987,1522,2053]
[0,464,987,1411,1694,2053]
[0,123,464,726,987,1411,1522,1671,1786,2003,2053]
[0,1411,2053]
[0,464,987,1522,1786,2053]
[0,987,1411,1522,1671,1786,2053]
[0,585,776,987,1522,1786,2053]
[0,123,464,987,1522,1671,1786,2053]
[0,456,987,1411,1671,1786,2003,2053]
[0,987,1411,1694,1997,2053]
[0,585,776,987,1411,1522,1671,1786,2003,2053]
[0,987,1411,1997,2053]
[0,464,987,1411,1522,2053]
[0,464,726,987,1522,1786,2053]
[0,123,464,726,987,1522,1671,1786,2053]
[0,1522,2003,2053]
[0,776,987,1411,1522,2053]
[0,776,987,1411,1522,1786,2053]
[0,1522,2053]
[0,464,987,1411,1522,1671,1786,2003,2053]
[0,456,987,1411,1671,2003,2053]
[0,776,987,1522,2003,2053]
[0,464,987,1522,1671,2053]
[0,987,1411,1671,1786,2053]
[0,776,987,1411,1522,1671,2003,2053]
[0,776,987,1522,1671,1786,2053]
[0,123,464,987,1411,1522,1671,1786,2003,2053]
[0,776,987,1411,1522,1671,2053]
[0,987,1411,1671,2053]
[0,987,1522,1671,1786,2053]
[0,1522,1671,1786,2053]
[0,585,776,987,1522,1671,1786,2053]
[0,464,987,1411,1522,1671,2053]
[0,123,987,1411,2053]
[0,987,2053]
[0,464,987,1411,1522,1671,2003,2053]
[0,123,987,1411,1694,1997,2053]
[0,987,1522,1786,2053]
[0,464,1411,2053]
[0,1522,1786,2053]
[0,464,987,1522,2053]
[0,464,987,1522,1671,1786,2053]
[0,776,987,1522,1786,2053]
[0,987,1522,2053]
[0,776,987,1411,1522,1671,1786,2053]
[0,987,1522,2003,2053]
[0,987,1411,1694,2053]
[0,456,1411,2053]
[0,987,1411,1522,2053]
[0,1411,1671,2003,2053]
[0,123,464,726,987,1522,1786,2053]
[0,464,987,1411,1694,1997,2053]
[0,123,464,987,1522,1786,2053]
[0,1115,1737,2053]
[0,464,987,1411,2053]
[0,464,987,1411,1522,1671,1786,2053]
[0,585,776,987,1411,1522,1671,1786,2053]
[0,123,464,726,987,1411,1522,1671,1786,2053]
[0,987,1411,1522,2003,2053]
[0,1411,1671,2053]
[0,776,987,1522,1671,2053]
