[0,136,476,755,892,1121,1343]
[0,136,476,711,1121,1343]
[0,136,476,755,892,1121,1265,1343]
[0,136,697,1343]
[0,168,1343]
[0,77,168,304,476,711,892,1121,1343]
[0,476,711,1343]
[0,476,1343]
[0,136,271,476,697,1121,1343]
[0,168,304,476,697,1121,1343]
[0,77,168,304,476,697,1121,1343]
[0,136,271,476,711,1121,1343]
[0,168,476,697,1121,1343]
[0,136,476,711,892,1121,1265,1343]
[0,136,476,697,1343]
[0,136,476,711,892,1121,1343]
[0,468,711,1121,1343]
[0,168,304,476,1121,1343]
[0,476,755,1343]
[0,168,304,476,697,892,1121,1343]
[0,168,476,697,892,1121,1343]
[0,136,1121,1343]
[0,476,697,892,1121,1343]
[0,136,476,697,1121,1343]
[0,136,271,476,697,1343]
[0,136,468,1121,1343]
[0,468,1121,1343]
[0,168,697,1343]
[0,476,711,892,1121,1343]
[0,476,697,1343]
[0,136,271,476,730,1121,1343]
[0,136,1343]
[0,136,476,755,1121,1343]
[0,168,476,697,1343]
[0,168,304,476,711,892,1121,1343]
[0,136,271,476,697,892,1121,1343]
[0,168,476,711,892,1121,1343]
[0,136,476,1121,1343]
[0,468,711,1343]
[0,77,168,304,476,697,892,1121,1343]
[0,77,168,304,476,711,892,1121,1265,1343]
[0,476,730,1343]
[0,476,711,1121,1343]
[0,136,476,697,892,1121,1343]
[0,168,1121,1343]
[0,697,1343]
[0,136,271,476,1121,1343]
[0,468,1343]
[0,77,168,304,476,1121,1343]
[0,136,476,730,1121,1343]
[0,476,755,892,1121,1343]
[0,168,304,476,711,892,1121,1265,1343]
[0,476,697,1121,1343]
[0,136,271,476,711,892,1121,1343]
[0,476,1121,1343]
[0,476,755,1121,1343]
[0,77,168,304,476,711,1121,1343]
[0,476,730,1121,1343]
[0,1121,1343]
[0,168,304,476,711,1121,1343]
[0,168,476,1121,1343]
[0,136,271,476,711,892,1121,1265,1343]
[0,77,168,304,476,697,892,1121,1265,1343]
[0,168,304,476,697,892,1121,1265,1343]
[0,168,476,711,1121,1343]
[0,136,468,711,1121,1343]
