[0,510,1427]
[0,192,700,1017,1287,1427]
[0,192,700,1009,1427]
[0,192,591,962,1427]
[0,700,1009,1427]
[0,192,591,1427]
[0,192,444,510,591,700,962,1009,1287,1427]
[0,525,1427]
[0,591,1427]
[0,591,962,1427]
[0,192,510,591,700,1009,1287,1427]
[0,591,700,1427]
[0,192,591,700,1427]
[0,192,591,700,962,1017,1427]
[0,192,591,700,1017,1287,1427]
[0,192,444,510,591,700,1009,1287,1427]
[0,192,591,700,962,1017,1287,1427]
[0,192,962,1427]
[0,192,591,1287,1427]
[0,700,1017,1427]
[0,192,525,700,1427]
[0,525,700,1427]
[0,700,1427]
[0,192,700,1287,1427]
[0,510,700,1427]
[0,192,591,700,962,1009,1287,1427]
[0,192,444,510,591,700,962,1017,1287,1427]
[0,962,1427]
[0,531,1031,1427]
[0,192,444,510,591,700,1287,1427]
[0,192,591,1031,1427]
[0,192,1287,1427]
[0,591,700,962,1009,1427]
[0,591,1031,1427]
[0,192,591,700,1287,1427]
[0,192,510,700,1427]
[0,192,1031,1427]
[0,591,700,962,1017,1427]
[0,192,591,700,1009,1287,1427]
[0,1031,1427]
[0,192,700,1017,1427]
[0,192,510,591,700,1017,1287,1427]
[0,192,510,591,700,962,1009,1287,1427]
[0,531,1427]
[0,192,1427]
[0,192,510,591,700,1287,1427]
[0,591,700,962,1427]
[0,192,444,510,591,700,1017,1287,1427]
[0,192,700,1427]
[0,192,525,700,1287,1427]
[0,192,510,700,1287,1427]
[0,192,510,591,700,962,1017,1287,1427]
[0,192,700,1009,1287,1427]
[0,192,591,700,962,1427]
[0,192,591,700,962,1009,1427]
