[0,247,504,831,1197]
[0,247,504,831,1147,1197]
[0,221,831,1197]
[0,247,414,830,1147,1197]
[0,247,414,753,837,1197]
[0,247,837,1197]
[0,227,1197]
[0,753,1197]
[0,504,1197]
[0,247,753,1197]
[0,247,414,753,837,1147,1197]
[0,49,91,247,414,753,837,1147,1197]
[0,247,1147,1197]
[0,247,414,1197]
[0,247,830,1197]
[0,247,504,1197]
[0,504,831,1197]
[0,221,504,1147,1197]
[0,221,504,831,1147,1197]
[0,247,504,837,1197]
[0,221,1147,1197]
[0,247,504,837,1147,1197]
[0,91,247,414,753,837,1147,1197]
[0,91,247,414,837,1147,1197]
[0,221,504,1197]
[0,247,753,1147,1197]
[0,247,414,837,1197]
[0,91,247,414,837,1197]
[0,247,414,837,1147,1197]
[0,831,1197]
[0,247,414,1147,1197]
[0,91,247,414,1197]
[0,227,749,1197]
[0,247,504,1147,1197]
[0,221,1197]
[0,91,247,414,753,837,1197]
[0,49,91,247,414,837,1147,1197]
[0,837,1197]
[0,504,837,1197]
[0,247,414,830,1197]
[0,91,247,414,1147,1197]
[0,227,1147,1197]
[0,247,831,1197]
[0,49,91,247,414,1147,1197]
[0,227,749,1147,1197]
[0,749,1197]
[0,247,1197]
[0,221,504,831,1197]
[0,1147,1197]
[0,830,1197]
