[0,422,1585,1897,2053]
[0,257,1585,2053]
[0,112,422,688,819,1585,1897,2053]
[0,457,1585,2053]
[0,422,688,1585,2053]
[0,112,422,688,819,1585,1676,1897,2053]
[0,112,422,688,1585,1676,1897,2053]
[0,203,457,782,897,1585,1933,2053]
[0,457,782,897,1585,1933,2053]
[0,457,897,1585,1676,1933,2053]
[0,203,422,688,897,1585,1676,1897,2053]
[0,422,688,897,1585,1897,2053]
[0,203,457,897,1585,2053]
[0,422,688,897,1585,1676,1897,2053]
[0,782,1585,1933,2053]
[0,457,1585,1676,1933,2053]
[0,782,2053]
[0,457,897,1585,2053]
[0,203,422,1585,2053]
[0,1585,2053]
[0,457,782,897,1585,1676,1933,2053]
[0,782,1585,2053]
[0,203,422,688,1585,2053]
[0,422,688,897,1585,2053]
[0,203,422,1585,1897,2053]
[0,257,1585,1897,2053]
[0,203,457,782,897,1585,1676,1933,2053]
[0,257,1626,2053]
[0,457,1585,1933,2053]
[0,457,1626,2053]
[0,203,457,897,1585,1933,2053]
[0,203,422,1585,1676,1897,2053]
[0,422,1585,2053]
[0,422,688,1585,1897,2053]
[0,422,688,1585,1676,1897,2053]
[0,203,422,688,897,1585,1897,2053]
[0,203,422,688,1585,1676,1897,2053]
[0,422,1585,1676,1897,2053]
[0,203,457,1585,1676,1933,2053]
[0,112,422,1585,1676,1897,2053]
[0,203,422,688,1585,1897,2053]
[0,203,457,1585,1933,2053]
[0,1626,2053]
[0,457,897,1585,1933,2053]
[0,422,688,819,1585,1897,2053]
[0,457,2053]
[0,112,422,688,1585,1897,2053]
[0,112,422,1585,1897,2053]
[0,203,457,1585,2053]
[0,203,422,688,897,1585,2053]
