[0,148,340,608,1318,1565,1632]
[0,340,833,1632]
[0,291,786,1415,1632]
[0,340,833,1309,1632]
[0,340,608,1318,1632]
[0,291,760,1199,1565,1632]
[0,148,340,587,734,1343,1632]
[0,608,1318,1632]
[0,340,608,1309,1632]
[0,148,833,1309,1415,1632]
[0,148,833,1309,1632]
[0,340,608,1199,1632]
[0,148,340,608,734,1318,1565,1632]
[0,608,1309,1632]
[0,148,608,1318,1632]
[0,148,340,760,1199,1632]
[0,608,1632]
[0,760,1632]
[0,291,1632]
[0,608,1199,1632]
[0,148,760,1199,1632]
[0,148,608,1199,1632]
[0,786,1415,1632]
[0,291,760,1199,1632]
[0,291,786,1632]
[0,587,1343,1632]
[0,340,587,1343,1632]
[0,786,1632]
[0,760,1199,1565,1632]
[0,148,608,1309,1632]
[0,477,1348,1632]
[0,148,340,608,1199,1632]
[0,760,1199,1632]
[0,148,340,760,1199,1565,1632]
[0,340,760,1199,1632]
[0,340,1309,1632]
[0,148,340,608,734,1318,1632]
[0,148,340,608,1199,1565,1632]
[0,148,587,1343,1632]
[0,148,340,608,1309,1565,1632]
[0,148,340,608,1318,1632]
[0,148,340,608,734,1309,1632]
[0,587,1632]
[0,148,340,608,1309,1632]
[0,148,340,608,734,1309,1565,1632]
[0,833,1309,1632]
[0,477,1632]
[0,148,760,1199,1565,1632]
[0,833,1632]
[0,340,833,1309,1415,1632]
[0,340,1632]
[0,148,340,587,1343,1632]
