[0,587,1331,1632]
[0,587,940,1093,1232,1331,1632]
[0,273,344,587,940,990,1117,1216,1331,1632]
[0,273,587,940,1331,1632]
[0,587,940,1232,1331,1632]
[0,587,943,1232,1331,1632]
[0,273,587,943,1232,1331,1632]
[0,587,940,1117,1216,1331,1632]
[0,587,940,990,1232,1331,1632]
[0,344,1632]
[0,275,587,943,1093,1331,1632]
[0,273,587,940,1093,1232,1331,1632]
[0,587,943,1093,1232,1331,1632]
[0,587,940,990,1216,1331,1632]
[0,273,344,587,940,990,1093,1232,1331,1632]
[0,275,587,943,1093,1232,1331,1632]
[0,587,943,1632]
[0,587,956,1632]
[0,273,344,587,940,1232,1331,1632]
[0,273,587,940,990,1117,1216,1331,1632]
[0,273,344,587,943,1232,1331,1632]
[0,587,940,990,1632]
[0,273,587,943,1093,1331,1632]
[0,273,587,940,1093,1331,1632]
[0,587,940,1331,1632]
[0,587,940,1632]
[0,344,1331,1632]
[0,587,956,1331,1632]
[0,273,344,587,940,1117,1216,1331,1632]
[0,273,587,940,1117,1216,1331,1632]
[0,275,587,956,1331,1632]
[0,273,587,940,990,1093,1232,1331,1632]
[0,344,1093,1632]
[0,273,344,587,940,1216,1331,1632]
[0,587,943,1093,1331,1632]
[0,273,587,940,1232,1331,1632]
[0,273,587,940,1216,1331,1632]
[0,273,587,943,1093,1232,1331,1632]
[0,587,940,990,1331,1632]
[0,587,943,1331,1632]
[0,587,940,1216,1331,1632]
[0,587,1632]
[0,1331,1632]
[0,587,940,990,1093,1232,1331,1632]
[0,587,940,990,1117,1216,1331,1632]
[0,273,344,587,943,1093,1232,1331,1632]
[0,273,587,943,1331,1632]
[0,1093,1632]
[0,587,940,1093,1331,1632]
[0,275,587,943,1331,1632]
[0,273,344,587,940,1093,1232,1331,1632]
