[0,158,1229,1632]
[0,158,341,485,589,713,971,1229,1632]
[0,57,158,341,485,593,713,1229,1632]
[0,158,341,589,971,1229,1632]
[0,187,1208,1632]
[0,593,1025,1632]
[0,341,593,1632]
[0,589,713,1632]
[0,589,971,1229,1632]
[0,341,593,1229,1632]
[0,158,341,593,713,1229,1632]
[0,158,341,593,1632]
[0,158,713,1632]
[0,341,589,1229,1632]
[0,593,1229,1632]
[0,158,593,713,1632]
[0,57,158,341,485,589,713,1229,1632]
[0,158,341,1632]
[0,158,341,593,1229,1632]
[0,158,341,485,593,713,1229,1632]
[0,286,1632]
[0,341,1632]
[0,713,1632]
[0,57,1632]
[0,57,593,713,1632]
[0,57,158,593,713,1632]
[0,158,341,589,713,1229,1632]
[0,158,341,589,713,971,1229,1632]
[0,158,341,593,933,1229,1632]
[0,158,1632]
[0,57,158,341,593,713,1229,1632]
[0,1025,1632]
[0,57,158,589,713,1632]
[0,57,589,713,1632]
[0,158,341,589,1229,1632]
[0,341,589,1632]
[0,158,589,713,1632]
[0,593,713,1632]
[0,593,1208,1632]
[0,158,341,485,589,713,1229,1632]
[0,341,593,933,1229,1632]
[0,593,933,1229,1632]
[0,158,341,593,713,1632]
[0,57,593,1632]
[0,158,341,589,1632]
[0,593,1632]
[0,158,341,589,713,1632]
[0,1229,1632]
[0,57,158,341,589,713,1229,1632]
[0,341,589,971,1229,1632]
[0,187,593,1229,1632]
[0,187,1229,1632]
[0,158,589,1229,1632]
[0,57,158,341,589,713,971,1229,1632]
[0,187,1632]
[0,158,593,1025,1632]
[0,589,1229,1632]
[0,158,1025,1632]
[0,57,158,341,485,589,713,971,1229,1632]
[0,57,158,341,593,713,1632]
[0,1208,1632]
[0,57,589,1632]
[0,187,593,1208,1632]
[0,589,1632]
[0,57,158,341,589,713,1632]
[0,158,593,1229,1632]
