[0,392,1264]
[0,112,223,416,623,1264]
[0,392,620,1264]
[0,416,1264]
[0,112,223,392,451,1264]
[0,112,223,304,392,451,620,1166,1264]
[0,112,392,623,1264]
[0,112,223,304,392,451,562,620,1166,1264]
[0,416,620,1264]
[0,623,1264]
[0,112,223,392,451,620,1264]
[0,112,416,623,1264]
[0,451,620,1264]
[0,112,223,304,451,1264]
[0,451,1264]
[0,112,451,620,1264]
[0,112,223,392,451,620,1166,1264]
[0,392,791,1264]
[0,112,223,392,620,1264]
[0,112,223,416,620,1264]
[0,112,223,451,1264]
[0,112,416,620,1264]
[0,112,451,1264]
[0,112,223,451,620,1264]
[0,223,623,1264]
[0,112,392,620,1264]
[0,112,223,304,451,620,1166,1264]
[0,416,623,1264]
[0,392,623,1264]
[0,791,1264]
[0,112,392,791,1264]
[0,112,223,304,392,451,620,1264]
[0,112,223,451,620,1166,1264]
[0,112,223,304,451,620,1264]
