[0,258,543,752,1040,1197]
[0,258,1113,1197]
[0,531,603,1113,1197]
[0,258,531,603,810,930,1113,1197]
[0,258,747,810,930,981,1113,1197]
[0,258,981,1197]
[0,531,603,747,810,1113,1197]
[0,531,747,1113,1197]
[0,258,752,1197]
[0,81,258,747,810,930,1113,1197]
[0,747,810,1113,1197]
[0,258,752,1040,1197]
[0,258,531,603,747,810,930,981,1113,1197]
[0,81,258,747,1113,1197]
[0,258,603,981,1197]
[0,258,747,810,930,1113,1197]
[0,258,603,1003,1197]
[0,258,603,810,930,1113,1197]
[0,258,603,752,1197]
[0,981,1197]
[0,258,747,1197]
[0,603,810,1113,1197]
[0,258,531,603,752,981,1113,1197]
[0,258,747,981,1197]
[0,930,1197]
[0,258,747,981,1113,1197]
[0,258,603,810,1113,1197]
[0,1040,1197]
[0,258,531,603,747,810,930,1113,1197]
[0,258,603,1197]
[0,258,603,752,981,1113,1197]
[0,258,603,810,930,1197]
[0,603,810,1197]
[0,81,258,747,810,1113,1197]
[0,258,488,1197]
[0,258,603,752,981,1197]
[0,603,1197]
[0,258,531,603,747,810,1113,1197]
[0,258,752,981,1197]
[0,81,258,747,810,930,981,1113,1197]
[0,258,752,1113,1197]
[0,258,531,603,981,1113,1197]
[0,258,543,752,1197]
[0,258,603,810,1197]
[0,531,747,1197]
[0,603,1113,1197]
[0,81,258,747,930,1113,1197]
[0,258,488,981,1197]
[0,258,531,603,1113,1197]
[0,603,930,1197]
[0,258,1040,1197]
[0,747,1113,1197]
[0,1113,1197]
[0,752,1197]
[0,531,747,810,1113,1197]
[0,258,747,810,1113,1197]
[0,258,603,1113,1197]
[0,531,603,810,1113,1197]
[0,258,752,981,1113,1197]
[0,258,603,930,1197]
[0,258,747,930,1113,1197]
[0,747,1197]
[0,258,747,1113,1197]
[0,258,603,981,1113,1197]
[0,258,543,752,981,1197]
[0,258,543,752,981,1113,1197]
[0,258,747,930,1197]
[0,258,1197]
[0,258,531,603,810,1113,1197]
[0,81,258,747,981,1113,1197]
