[0,139,407,695,791,978,1071,1123,1261,1562]
[0,407,791,978,1562]
[0,139,407,690,794,978,1123,1261,1562]
[0,407,690,794,978,1123,1261,1562]
[0,407,1123,1562]
[0,139,407,794,1562]
[0,407,794,978,1123,1562]
[0,934,1562]
[0,139,407,690,794,978,1071,1123,1261,1488,1562]
[0,139,407,695,934,1123,1261,1562]
[0,139,407,978,1123,1261,1488,1562]
[0,139,407,791,978,1123,1562]
[0,407,1123,1261,1562]
[0,139,407,695,934,1562]
[0,139,407,794,978,1123,1562]
[0,139,407,934,1261,1562]
[0,139,407,978,1123,1261,1562]
[0,139,407,978,1123,1562]
[0,1123,1562]
[0,407,794,978,1562]
[0,139,407,690,794,978,1123,1261,1488,1562]
[0,139,407,934,1562]
[0,139,407,791,1562]
[0,139,407,934,1123,1261,1488,1562]
[0,407,794,978,1123,1261,1562]
[0,139,407,1562]
[0,139,407,695,934,1261,1562]
[0,407,695,934,1261,1562]
[0,407,695,791,978,1562]
[0,139,407,690,794,978,1071,1123,1261,1562]
[0,407,695,934,1562]
[0,407,791,978,1123,1261,1562]
[0,407,695,791,978,1123,1562]
[0,407,1562]
[0,139,407,1123,1562]
[0,407,934,1261,1562]
[0,139,407,794,978,1123,1261,1562]
[0,407,978,1123,1562]
[0,407,794,1562]
[0,139,407,791,978,1562]
[0,139,407,791,978,1123,1261,1562]
[0,407,695,791,1562]
[0,139,407,695,934,1123,1261,1488,1562]
[0,139,407,1123,1261,1562]
[0,407,791,978,1123,1562]
[0,139,407,695,791,978,1123,1261,1562]
[0,407,695,791,978,1123,1261,1562]
[0,139,407,934,1123,1261,1562]
[0,139,407,1123,1261,1488,1562]
[0,407,934,1562]
[0,407,791,1562]
[0,139,407,695,791,978,1123,1261,1488,1562]
[0,139,407,695,791,978,1071,1123,1261,1488,1562]
[0,139,407,794,978,1562]
