[0,888,1129,1642]
[0,876,1129,1642]
[0,1068,1642]
[0,927,1642]
[0,584,888,1159,1642]
[0,89,584,876,1159,1642]
[0,89,888,1159,1642]
[0,89,876,1159,1642]
[0,584,927,1129,1642]
[0,89,876,1086,1129,1642]
[0,89,584,876,927,1129,1642]
[0,584,927,1642]
[0,89,584,888,1159,1642]
[0,89,584,876,1086,1129,1642]
[0,876,1642]
[0,89,876,1083,1129,1642]
[0,89,584,927,1129,1642]
[0,584,876,1642]
[0,584,876,1159,1642]
[0,888,1159,1642]
[0,876,1159,1642]
[0,89,584,876,1083,1129,1642]
[0,584,876,1129,1642]
[0,584,888,1129,1642]
[0,89,876,1129,1642]
[0,927,1129,1642]
[0,89,584,876,927,1086,1129,1642]
[0,888,1642]
[0,89,584,888,1129,1642]
[0,89,888,1129,1642]
[0,89,927,1129,1642]
[0,89,584,876,1129,1642]
[0,89,584,876,927,1083,1129,1642]
[0,584,888,1642]
