[0,203,344,1522,1875]
[0,203,374,1087,1522,1875]
[0,1087,1875]
[0,444,1875]
[0,344,1522,1875]
[0,203,374,1087,1206,1522,1875]
[0,203,374,484,1087,1206,1522,1875]
[0,1522,1875]
[0,374,1087,1522,1774,1875]
[0,344,484,1522,1875]
[0,344,484,1087,1522,1875]
[0,203,374,1087,1206,1522,1774,1875]
[0,344,1087,1522,1875]
[0,203,344,1087,1522,1875]
[0,344,484,1087,1522,1774,1875]
[0,374,1087,1875]
[0,203,344,484,1522,1875]
[0,401,1522,1875]
[0,203,344,484,1087,1206,1522,1875]
[0,203,344,484,1087,1522,1875]
[0,484,1522,1875]
[0,203,374,484,1087,1206,1522,1774,1875]
[0,344,1875]
[0,444,1522,1875]
[0,203,344,484,1522,1774,1875]
[0,374,1522,1774,1875]
[0,374,1087,1522,1875]
[0,203,374,1522,1875]
[0,374,1522,1875]
[0,344,484,1522,1774,1875]
[0,203,344,484,1087,1206,1522,1774,1875]
[0,344,484,1087,1206,1522,1875]
[0,374,1087,1206,1522,1774,1875]
[0,203,484,1522,1875]
[0,401,1875]
[0,344,484,1087,1206,1522,1774,1875]
[0,1087,1522,1875]
[0,374,1087,1206,1522,1875]
[0,374,1875]
[0,484,1875]
