[0,425,1192,2019]
[0,206,425,524,2019]
[0,206,425,524,759,1089,1315,1737,1891,2019]
[0,1192,2019]
[0,425,759,1089,1315,1737,2019]
[0,206,425,524,1192,2019]
[0,425,1315,2019]
[0,206,425,524,1089,1315,1737,1891,2019]
[0,206,425,759,1089,1315,1737,1891,2019]
[0,206,425,947,1192,1315,1737,1891,2019]
[0,206,2019]
[0,206,425,1192,1737,1891,2019]
[0,1315,2019]
[0,425,1089,1315,1737,2019]
[0,439,2019]
[0,206,425,2019]
[0,206,425,1737,1891,2019]
[0,206,425,1089,1315,1737,1891,2019]
[0,425,947,1192,1737,2019]
[0,206,425,759,1089,1315,1737,2019]
[0,206,425,524,1192,1315,2019]
[0,206,425,524,1315,1737,1891,2019]
[0,206,425,524,1737,2019]
[0,206,425,1315,1737,2019]
[0,206,425,1192,1315,2019]
[0,206,425,947,1192,1737,1891,2019]
[0,206,425,1192,1315,1737,1891,2019]
[0,206,425,1089,2019]
[0,425,1315,1737,2019]
[0,206,425,1315,1737,1891,2019]
[0,206,425,524,1192,1315,1737,2019]
[0,206,425,1192,1315,1737,2019]
[0,206,425,1192,2019]
[0,425,759,1315,2019]
[0,425,1192,1737,2019]
[0,425,759,1315,1737,2019]
[0,425,2019]
[0,425,1737,2019]
[0,206,425,1089,1315,2019]
[0,206,425,1192,1737,2019]
[0,206,425,947,1192,1315,1737,2019]
[0,206,425,1089,1315,1737,2019]
[0,425,1089,1315,2019]
[0,206,425,947,1192,1737,2019]
[0,206,425,524,1737,1891,2019]
[0,206,425,524,947,1192,1315,1737,2019]
[0,206,425,524,1192,1315,1737,1891,2019]
[0,425,759,2019]
[0,425,1089,1737,2019]
[0,425,1089,2019]
[0,206,425,1737,2019]
[0,206,425,524,947,1192,1315,1737,1891,2019]
[0,206,425,524,1315,1737,2019]
[0,1089,2019]
