[0,989,1560,2238,2554]
[0,980,1326,1560,2238,2554]
[0,456,989,1211,1326,1560,2238,2554]
[0,297,980,1560,2009,2238,2554]
[0,456,980,1211,1326,1560,2238,2554]
[0,980,2554]
[0,456,989,1326,1560,2238,2554]
[0,456,1560,2238,2554]
[0,456,980,1211,1326,1560,2009,2238,2554]
[0,456,2554]
[0,456,989,2554]
[0,456,980,2554]
[0,980,1560,2238,2554]
[0,297,980,1560,2238,2554]
[0,456,989,1211,1326,1560,2009,2238,2554]
[0,456,980,1326,1560,2238,2554]
[0,456,989,1560,2009,2238,2554]
[0,1560,2554]
[0,866,1326,2554]
[0,456,980,1326,1560,2009,2238,2554]
[0,456,980,1560,2554]
[0,2238,2554]
[0,456,980,1560,2238,2554]
[0,456,989,1560,2238,2554]
[0,297,1560,2238,2554]
[0,456,1326,1560,2238,2554]
[0,1560,2238,2554]
[0,456,989,1560,2554]
[0,456,980,1560,2009,2238,2554]
[0,980,1211,1326,1560,2238,2554]
[0,866,2554]
[0,456,989,1326,1560,2009,2238,2554]
[0,866,1326,2238,2554]
[0,1326,1560,2238,2554]
[0,456,1211,1326,1560,2238,2554]
[0,1326,2554]
[0,456,1326,1560,2009,2238,2554]
[0,1211,1326,1560,2238,2554]
[0,989,1560,2554]
[0,866,2238,2554]
[0,456,1560,2554]
[0,989,2554]
[0,980,1560,2554]
