[0,1018,1625,2372,2661,3299,4040,4285]
[0,1018,1625,2661,3299,4285]
[0,964,1522,2372,2661,3228,4285]
[0,1018,1625,2177,2372,2661,4040,4285]
[0,964,2177,2661,4285]
[0,964,2177,2661,3228,4285]
[0,964,1522,2661,3228,3566,4285]
[0,1182,3228,4285]
[0,1182,1522,2177,2661,3228,4285]
[0,1018,1625,2177,2372,2661,3299,4040,4285]
[0,1522,2177,2372,2661,3228,4040,4285]
[0,964,2064,2661,4285]
[0,1018,1625,2661,4040,4285]
[0,1182,2661,3299,4285]
[0,964,2661,4040,4285]
[0,1522,2372,2661,3228,4285]
[0,1182,2661,3228,3566,4285]
[0,1522,2372,2661,4285]
[0,1522,2543,2661,4285]
[0,1522,2372,2661,3228,4040,4285]
[0,964,1522,2372,2661,3228,3566,4285]
[0,1522,2543,2661,3228,4040,4285]
[0,1182,2661,4285]
[0,1182,1522,2661,3228,3566,4285]
[0,1182,1625,2661,3299,4285]
[0,1182,2661,4040,4285]
[0,1625,2661,4285]
[0,964,2661,3228,4040,4285]
[0,1018,1625,2372,2661,4285]
[0,964,1522,2177,2372,2661,3228,3566,4040,4285]
[0,1182,1522,2543,2661,3228,4040,4285]
[0,964,1522,2372,2661,3228,3566,4040,4285]
[0,1182,1625,2661,3299,4040,4285]
[0,1522,2661,3228,3566,4285]
[0,1018,1625,2661,3299,4040,4285]
[0,964,1522,2661,3228,4285]
[0,1182,1522,2177,2543,2661,3228,4040,4285]
[0,1522,2372,2661,3228,3566,4285]
[0,1018,1625,2372,2661,3299,4285]
[0,964,1522,2661,4285]
[0,964,1522,2372,2661,4285]
[0,1018,1625,2661,4285]
[0,1182,1522,2177,2661,3228,4040,4285]
[0,1182,2661,3228,4040,4285]
[0,964,1522,2372,2661,3228,4040,4285]
[0,1182,1522,2661,4285]
[0,1625,2661,3299,4285]
[0,964,2661,3228,4285]
[0,1018,2661,4285]
[0,1182,1522,2661,3228,4040,4285]
[0,1182,1625,2661,4285]
[0,964,2177,2661,3228,4040,4285]
[0,964,2661,4285]
[0,1058,2661,4285]
[0,1522,2661,4285]
[0,1522,2661,4040,4285]
[0,1522,2661,3228,4285]
[0,1182,1522,2177,2661,3228,3566,4285]
[0,1182,1522,2177,2661,3228,3566,4040,4285]
[0,1018,1625,2372,2661,4040,4285]
[0,964,1522,2177,2372,2661,3228,4040,4285]
[0,1522,2661,3228,4040,4285]
[0,1182,1522,2177,2543,2661,3228,3566,4040,4285]
[0,1182,2177,2661,3228,4285]
[0,1625,2661,4040,4285]
[0,1182,2661,3228,4285]
[0,1182,1522,2661,3228,4285]
[0,964,1522,2661,3228,4040,4285]
[0,1182,1522,2661,3228,3566,4040,4285]
[0,1182,1625,2473,2661,3299,4040,4285]
[0,1182,1625,2661,4040,4285]
[0,2661,4285]
[0,1182,4285]
[0,1522,2543,2661,4040,4285]
[0,964,2064,2661,4040,4285]
