[0,1104,1327]
[0,216,413,747,954,1327]
[0,413,954,1327]
[0,413,1053,1327]
[0,1053,1327]
[0,747,1327]
[0,413,813,1327]
[0,813,1327]
[0,835,1327]
[0,747,835,1327]
[0,413,747,813,1212,1327]
[0,612,813,1327]
[0,612,813,1111,1327]
[0,413,612,813,1053,1327]
[0,216,813,1327]
[0,413,835,1104,1327]
[0,65,747,813,1327]
[0,813,902,1111,1212,1327]
[0,65,747,835,1327]
[0,413,954,1212,1327]
[0,131,413,813,1078,1237,1327]
[0,1147,1327]
[0,612,813,1212,1327]
[0,41,216,454,612,813,1111,1212,1327]
[0,413,747,835,1104,1327]
[0,216,413,813,1327]
[0,813,1111,1327]
[0,813,1212,1327]
[0,65,216,747,835,1104,1327]
[0,413,1078,1327]
[0,413,1111,1327]
[0,216,454,612,813,1212,1327]
[0,747,813,902,1111,1327]
[0,835,1104,1327]
[0,747,813,902,1111,1212,1327]
[0,413,813,1053,1327]
[0,216,413,813,1053,1327]
[0,216,454,612,813,1327]
[0,1078,1327]
[0,1111,1327]
[0,216,413,747,813,1212,1327]
[0,216,413,747,813,954,1212,1327]
[0,612,813,1111,1212,1327]
[0,65,216,413,747,813,954,1212,1327]
[0,413,1327]
[0,216,413,612,813,1053,1237,1327]
[0,413,612,813,1078,1327]
[0,216,813,1111,1327]
[0,747,813,1327]
[0,413,747,954,1327]
[0,216,413,612,813,1053,1327]
[0,41,454,612,813,1111,1212,1327]
[0,1212,1327]
[0,413,747,813,1111,1327]
[0,711,835,1327]
[0,413,813,1237,1327]
[0,413,835,1327]
[0,413,747,813,954,1212,1327]
[0,954,1327]
[0,813,1111,1212,1327]
[0,216,747,835,1104,1327]
[0,216,747,813,1212,1327]
[0,216,813,1212,1327]
[0,131,413,813,1078,1327]
[0,454,612,813,1212,1327]
[0,813,1147,1327]
[0,413,813,1078,1327]
[0,413,813,1111,1327]
[0,711,835,1212,1327]
[0,454,612,813,1111,1212,1327]
[0,216,454,612,813,1111,1212,1327]
[0,454,612,813,1327]
[0,747,813,1111,1327]
[0,65,747,813,1212,1327]
[0,413,813,1212,1327]
[0,216,413,813,1212,1327]
[0,813,902,1111,1327]
[0,216,835,1104,1327]
[0,747,813,1212,1327]
[0,65,216,413,747,835,1104,1327]
[0,413,747,954,1212,1327]
[0,747,1111,1327]
[0,131,413,612,813,1078,1237,1327]
[0,65,747,835,1104,1327]
[0,216,413,835,1104,1327]
[0,216,612,813,1327]
[0,131,813,1327]
[0,65,216,413,747,813,1212,1327]
[0,413,813,1053,1237,1327]
[0,131,813,1147,1327]
[0,413,813,1078,1237,1327]
[0,131,413,612,813,1078,1327]
[0,216,413,747,835,1104,1327]
[0,65,216,747,813,1212,1327]
[0,216,413,747,954,1212,1327]
[0,747,835,1104,1327]
[0,41,612,813,1111,1212,1327]
[0,216,413,813,1053,1237,1327]
