[0,251,2189]
[0,1544,1802,2189]
[0,1163,1544,2189]
[0,53,1333,1544,1878,2189]
[0,53,483,1168,1333,1544,1878,2189]
[0,381,1174,2189]
[0,483,1333,1544,1878,2189]
[0,251,1333,1544,1802,2189]
[0,539,1174,1544,1878,2189]
[0,251,1333,1878,2189]
[0,381,1385,2189]
[0,483,1168,1333,1544,1878,2189]
[0,539,1174,1590,2189]
[0,539,1174,1544,2189]
[0,381,1174,1590,2189]
[0,53,1163,1544,1878,2189]
[0,1333,1544,1878,2189]
[0,539,1163,2189]
[0,539,1174,2189]
[0,251,933,1163,1544,1878,2189]
[0,1333,1878,2189]
[0,53,251,1163,1544,1878,2189]
[0,251,1544,1802,2189]
[0,53,251,1333,1544,1878,2189]
[0,1802,2189]
[0,1163,1878,2189]
[0,251,1163,1544,1878,2189]
[0,251,1802,2189]
[0,1163,1544,1878,2189]
[0,53,539,1174,1590,2189]
[0,539,1163,1544,2189]
[0,53,539,1174,2189]
[0,53,1174,1878,2189]
[0,251,1333,1544,1878,2189]
[0,53,539,1163,1544,1878,2189]
[0,1333,2189]
[0,1544,2189]
[0,251,1544,2189]
[0,53,1174,1544,1878,2189]
[0,1163,2189]
[0,1174,2189]
[0,53,1333,1544,1802,2189]
[0,1174,1544,1878,2189]
[0,53,483,1333,1544,1878,2189]
[0,53,539,1174,1544,1878,2189]
[0,1174,1544,2189]
[0,1333,1544,1802,2189]
[0,1174,1590,2189]
[0,1385,2189]
[0,1878,2189]
[0,251,1878,2189]
[0,53,1174,2189]
[0,483,1333,1878,2189]
[0,483,1333,2189]
[0,1168,1333,1544,1878,2189]
[0,53,251,1333,1544,1802,2189]
[0,53,251,1333,1878,2189]
[0,1174,1878,2189]
[0,539,1163,1544,1878,2189]
[0,53,251,1878,2189]
[0,1333,1802,2189]
[0,53,251,933,1163,1544,1878,2189]
