[0,461,618,765,943,1152,1327]
[0,765,943,1327]
[0,765,1327]
[0,461,765,1327]
[0,1152,1327]
[0,1121,1327]
[0,418,765,943,1152,1327]
[0,461,765,943,1327]
[0,461,765,1152,1327]
[0,765,1152,1327]
[0,765,940,1152,1327]
[0,418,765,943,1327]
[0,400,461,642,765,943,1152,1327]
[0,461,765,943,1152,1327]
[0,400,461,618,765,943,1152,1327]
[0,461,642,765,943,1152,1327]
[0,418,765,940,1152,1327]
[0,418,765,1327]
[0,418,765,1152,1327]
[0,418,618,765,943,1152,1327]
[0,765,943,1152,1327]
[0,400,461,765,943,1152,1327]
