[0,752,996,1249]
[0,269,752,1249]
[0,269,752,997,1249]
[0,76,269,540,752,997,1249]
[0,219,540,752,907,996,1249]
[0,540,985,1249]
[0,997,1249]
[0,76,752,996,1249]
[0,76,219,540,752,996,1249]
[0,76,219,752,996,1249]
[0,219,752,996,1249]
[0,76,997,1249]
[0,76,219,269,540,752,907,997,1062,1249]
[0,76,219,540,752,907,996,1249]
[0,752,1249]
[0,915,1249]
[0,76,219,269,540,752,907,996,1249]
[0,76,269,752,997,1249]
[0,219,540,752,997,1249]
[0,76,269,411,540,752,907,997,1249]
[0,76,219,540,752,907,997,1062,1249]
[0,76,540,997,1249]
[0,76,269,540,752,907,997,1062,1249]
[0,76,269,540,752,907,997,1249]
[0,752,997,1249]
[0,100,540,985,1249]
[0,219,540,752,907,997,1249]
[0,76,1249]
[0,540,997,1249]
[0,269,411,540,752,997,1249]
[0,76,752,997,1249]
[0,269,411,540,752,907,997,1249]
[0,76,269,411,540,752,907,997,1062,1249]
[0,219,540,752,996,1249]
[0,269,540,752,997,1249]
[0,540,1249]
[0,76,219,540,752,907,997,1249]
[0,76,219,540,752,997,1249]
[0,76,219,752,997,1249]
[0,269,540,752,907,997,1249]
[0,76,219,269,411,540,752,907,997,1062,1249]
[0,219,752,997,1249]
