[0,333,537,641,820,1046]
[0,641,762,1046]
[0,44,333,537,641,820,1046]
[0,333,641,913,1046]
[0,472,675,1046]
[0,44,472,554,641,762,1046]
[0,105,333,1046]
[0,820,1046]
[0,44,472,675,1046]
[0,333,554,675,1046]
[0,472,675,788,1046]
[0,472,676,775,1046]
[0,105,554,675,1046]
[0,44,141,333,472,554,658,775,1046]
[0,44,472,675,762,1046]
[0,641,1046]
[0,44,105,333,472,554,675,762,1046]
[0,44,105,333,472,554,641,762,1046]
[0,333,1046]
[0,141,333,472,658,1046]
[0,333,675,1046]
[0,641,913,1046]
[0,44,333,554,641,1046]
[0,472,554,641,762,1046]
[0,105,472,554,641,762,1046]
[0,44,537,708,1046]
[0,333,537,641,762,1046]
[0,333,554,641,762,1046]
[0,44,537,641,820,1046]
[0,44,333,554,641,762,1046]
[0,44,472,676,818,1046]
[0,537,641,820,1046]
[0,105,333,472,554,675,762,1046]
[0,44,141,472,554,658,775,1046]
[0,44,472,641,1046]
[0,105,472,554,675,788,1046]
[0,333,554,641,1046]
[0,105,333,472,554,675,788,1046]
[0,44,472,554,675,762,1046]
[0,472,599,1046]
[0,105,472,554,675,762,1046]
[0,44,472,554,676,775,1046]
[0,141,333,472,658,775,1046]
[0,537,1046]
[0,537,641,1046]
[0,44,472,554,658,775,1046]
[0,472,554,675,788,1046]
[0,44,472,676,1046]
[0,472,658,775,1046]
[0,141,472,658,1046]
[0,105,333,554,675,788,1046]
[0,105,472,554,641,1046]
[0,44,105,472,554,675,788,1046]
[0,333,554,641,913,1046]
[0,472,554,641,1046]
[0,44,333,554,641,913,1046]
[0,44,472,676,775,1046]
[0,105,1046]
[0,105,472,641,762,1046]
[0,554,1046]
[0,472,554,658,775,1046]
[0,44,472,658,1046]
[0,472,641,762,1046]
[0,44,472,554,641,1046]
[0,105,472,641,1046]
[0,554,641,762,1046]
[0,333,554,675,788,1046]
[0,44,472,1046]
[0,105,472,675,788,1046]
[0,554,641,1046]
[0,105,333,554,641,762,1046]
[0,472,1046]
[0,537,708,1046]
[0,472,675,762,1046]
[0,105,333,641,762,1046]
[0,105,333,472,554,641,762,1046]
[0,44,333,537,641,762,1046]
[0,554,675,788,1046]
[0,333,641,820,1046]
[0,44,554,641,1046]
[0,472,554,675,762,1046]
[0,44,472,675,788,1046]
[0,44,105,333,472,554,675,788,1046]
[0,554,641,913,1046]
[0,44,1046]
[0,44,537,1046]
[0,105,472,675,1046]
[0,105,333,554,675,762,1046]
[0,472,641,1046]
[0,44,472,554,675,788,1046]
[0,105,333,641,1046]
[0,472,554,676,775,1046]
[0,141,472,554,658,775,1046]
[0,641,820,1046]
[0,554,675,1046]
[0,105,333,554,675,1046]
[0,105,554,675,762,1046]
[0,105,554,1046]
[0,44,537,641,762,1046]
[0,105,554,641,1046]
[0,472,676,818,1046]
[0,537,641,762,1046]
[0,105,554,675,788,1046]
[0,44,472,599,1046]
[0,44,472,658,775,1046]
[0,472,676,1046]
[0,141,472,658,775,1046]
[0,44,105,472,554,675,762,1046]
[0,333,641,1046]
[0,333,641,762,1046]
[0,44,554,1046]
[0,472,658,1046]
[0,141,333,472,554,658,775,1046]
[0,44,537,641,1046]
[0,105,472,675,762,1046]
[0,44,105,472,554,641,762,1046]
[0,105,472,1046]
[0,675,1046]
[0,105,333,554,641,1046]
