[0,159,248,534,719,800,1046,1199,1295,1562]
[0,159,248,534,1113,1199,1295,1562]
[0,501,1046,1295,1562]
[0,800,1562]
[0,107,233,534,1199,1295,1562]
[0,159,248,534,800,1046,1113,1199,1295,1562]
[0,107,1295,1562]
[0,248,534,1295,1562]
[0,107,233,501,1295,1562]
[0,107,233,501,1113,1199,1295,1479,1562]
[0,159,248,534,800,1046,1199,1295,1562]
[0,534,800,1046,1295,1562]
[0,534,1199,1295,1562]
[0,1295,1562]
[0,248,534,800,1046,1199,1295,1562]
[0,248,534,1113,1199,1295,1562]
[0,800,1113,1295,1562]
[0,107,1113,1295,1562]
[0,159,248,534,719,800,1113,1199,1295,1562]
[0,501,800,1046,1295,1562]
[0,159,248,534,719,800,1046,1113,1199,1295,1562]
[0,248,534,800,1046,1113,1199,1295,1562]
[0,107,233,501,719,800,1113,1199,1295,1479,1562]
[0,233,501,800,1199,1295,1562]
[0,232,534,1046,1295,1562]
[0,248,534,1046,1295,1562]
[0,534,800,1295,1562]
[0,107,233,534,1295,1562]
[0,159,248,534,1199,1295,1562]
[0,107,800,1113,1295,1562]
[0,1113,1199,1295,1562]
[0,534,800,1113,1199,1295,1562]
[0,107,233,501,800,1046,1113,1199,1295,1562]
[0,800,1199,1295,1562]
[0,501,1113,1199,1295,1562]
[0,501,800,1046,1113,1199,1295,1562]
[0,233,501,800,1046,1113,1199,1295,1562]
[0,107,233,501,1113,1199,1295,1562]
[0,107,233,501,800,1199,1295,1562]
[0,534,1113,1199,1295,1562]
[0,159,248,534,719,800,1199,1295,1562]
[0,534,1046,1295,1562]
[0,501,800,1113,1199,1295,1562]
[0,501,1562]
[0,534,1562]
[0,501,800,1295,1562]
[0,233,501,800,1295,1562]
[0,534,800,1199,1295,1562]
[0,501,1295,1562]
[0,1046,1295,1562]
[0,800,1295,1562]
[0,501,1199,1295,1562]
[0,1046,1113,1199,1295,1562]
[0,248,534,1199,1295,1562]
[0,233,501,1199,1295,1562]
[0,159,248,534,800,1199,1295,1562]
[0,233,534,1295,1562]
[0,107,233,1295,1562]
[0,107,233,501,1199,1295,1562]
[0,248,534,800,1113,1199,1295,1562]
[0,534,1295,1562]
[0,159,248,534,719,800,1046,1113,1199,1295,1479,1562]
[0,159,248,534,800,1113,1199,1295,1562]
[0,248,534,800,1295,1562]
[0,233,1199,1295,1562]
[0,107,233,501,800,1113,1199,1295,1562]
[0,248,1199,1295,1562]
[0,248,534,800,1199,1295,1562]
[0,107,233,501,800,1295,1562]
[0,159,248,534,800,1113,1199,1295,1479,1562]
[0,107,233,501,719,800,1113,1199,1295,1562]
[0,1199,1295,1562]
[0,107,233,501,719,800,1046,1113,1199,1295,1562]
[0,800,1046,1113,1199,1295,1562]
[0,248,534,800,1046,1295,1562]
[0,159,248,534,800,1046,1113,1199,1295,1479,1562]
[0,534,800,1046,1113,1199,1295,1562]
[0,233,1295,1562]
[0,107,233,1199,1295,1562]
[0,159,248,534,719,800,1113,1199,1295,1479,1562]
[0,233,501,1113,1199,1295,1562]
[0,501,800,1046,1199,1295,1562]
[0,501,800,1113,1295,1562]
[0,233,501,800,1113,1199,1295,1562]
[0,501,800,1562]
[0,1113,1295,1562]
[0,501,800,1199,1295,1562]
[0,800,1046,1295,1562]
[0,248,1295,1562]
[0,107,233,501,719,800,1046,1113,1199,1295,1479,1562]
[0,233,501,1295,1562]
[0,653,1562]
[0,534,1199,1562]
[0,107,233,501,800,1113,1199,1295,1479,1562]
[0,800,1113,1199,1295,1562]
[0,107,501,800,1113,1295,1562]
