[0,711,818,988,1327]
[0,379,633,711,818,988,1074,1327]
[0,379,633,711,818,988,1074,1168,1327]
[0,48,633,718,818,988,1074,1327]
[0,285,379,711,818,988,1168,1327]
[0,285,379,718,818,988,1074,1327]
[0,285,633,711,818,988,1074,1168,1327]
[0,718,818,1327]
[0,718,818,988,1168,1327]
[0,379,718,1327]
[0,285,379,633,711,818,988,1074,1327]
[0,48,285,379,633,711,818,988,1074,1168,1327]
[0,285,711,818,988,1074,1168,1327]
[0,48,711,818,988,1074,1327]
[0,48,988,1327]
[0,711,988,1327]
[0,285,379,633,711,818,988,1074,1168,1327]
[0,718,1327]
[0,718,988,1168,1327]
[0,379,718,818,988,1168,1327]
[0,711,818,988,1074,1327]
[0,285,379,633,718,818,988,1074,1327]
[0,633,711,818,988,1074,1168,1327]
[0,285,379,711,818,988,1074,1168,1327]
[0,285,711,988,1327]
[0,711,818,1327]
[0,48,633,711,818,988,1074,1327]
[0,48,818,1327]
[0,379,633,718,818,988,1074,1168,1327]
[0,379,711,818,988,1074,1168,1327]
[0,285,379,718,818,988,1074,1168,1327]
[0,285,379,718,818,988,1327]
[0,285,379,711,818,988,1074,1327]
[0,48,379,718,988,1327]
[0,379,711,818,988,1074,1327]
[0,285,633,711,818,988,1074,1327]
[0,379,718,818,988,1327]
[0,285,711,818,988,1168,1327]
[0,718,818,988,1327]
[0,718,818,988,1074,1327]
[0,379,711,988,1168,1327]
[0,711,988,1168,1327]
[0,48,285,379,633,718,818,988,1074,1168,1327]
[0,711,818,988,1074,1168,1327]
[0,285,379,633,718,818,988,1074,1168,1327]
[0,818,988,1327]
[0,379,718,988,1168,1327]
[0,48,285,988,1327]
[0,379,718,818,988,1074,1327]
[0,633,718,818,988,1074,1168,1327]
[0,48,718,1327]
[0,48,285,633,711,818,988,1074,1168,1327]
[0,379,718,818,988,1074,1168,1327]
[0,379,711,988,1327]
[0,633,718,818,988,1074,1327]
[0,285,711,988,1168,1327]
[0,48,285,379,718,818,988,1074,1327]
[0,718,818,988,1074,1168,1327]
[0,48,285,818,988,1327]
[0,633,711,818,988,1074,1327]
[0,379,711,1327]
[0,48,285,379,718,818,988,1074,1168,1327]
[0,285,711,818,988,1074,1327]
[0,285,379,711,818,988,1327]
[0,48,285,379,633,711,818,988,1074,1327]
[0,285,379,718,818,988,1168,1327]
[0,711,1327]
[0,988,1327]
[0,711,818,988,1168,1327]
[0,285,711,818,988,1327]
[0,285,711,1327]
[0,48,285,633,711,818,988,1074,1327]
[0,285,988,1327]
[0,48,718,988,1327]
[0,48,633,711,818,988,1074,1168,1327]
[0,48,285,379,633,718,818,988,1074,1327]
[0,818,1327]
[0,48,711,818,988,1327]
[0,379,711,818,988,1168,1327]
[0,379,718,988,1327]
[0,718,988,1327]
[0,379,633,718,818,988,1074,1327]
[0,285,818,988,1327]
[0,379,711,818,988,1327]
