[0,2294,3331,4285]
[0,1842,2294,2685,3856,4285]
[0,402,1865,2220,2612,3388,3856,4217,4285]
[0,1228,3085,4285]
[0,1842,2685,4285]
[0,2612,4285]
[0,2294,2626,3388,3856,4217,4285]
[0,3085,4285]
[0,2294,3388,4285]
[0,1914,2612,4217,4285]
[0,1914,2612,3856,4285]
[0,1228,1842,2294,2685,3331,3856,4217,4285]
[0,402,2220,2612,3388,3856,4217,4285]
[0,2294,3388,3856,4285]
[0,2294,2685,3856,4285]
[0,402,2220,2612,3388,3856,4285]
[0,2612,4217,4285]
[0,1407,2626,4285]
[0,1372,4285]
[0,1228,2294,3331,4285]
[0,1228,2294,4285]
[0,1228,1842,2294,4285]
[0,1842,2294,3331,3856,4285]
[0,1842,2294,2685,4285]
[0,3388,4285]
[0,1914,2612,4285]
[0,2220,2612,3388,3856,4217,4285]
[0,1842,2294,2685,3331,3856,4285]
[0,2220,2612,3388,3856,4285]
[0,2626,4285]
[0,1842,2294,2626,3388,3856,4285]
[0,1842,2294,3331,4285]
[0,1842,2685,3856,4285]
[0,2220,3856,4285]
[0,2294,2626,3388,3856,4285]
[0,2685,4285]
[0,1228,1842,2294,3331,3856,4285]
[0,1228,4285]
[0,402,1842,2294,3388,3856,4285]
[0,1842,2294,3388,4285]
[0,1372,3388,4285]
[0,2294,2685,4217,4285]
[0,402,1842,2294,2626,3388,3856,4217,4285]
[0,2220,4285]
[0,2294,3331,3856,4285]
[0,1842,2294,2685,3331,3856,4217,4285]
[0,402,1842,2294,2626,3388,3856,4285]
[0,1228,1842,2294,2685,3331,3856,4285]
[0,402,1865,2220,2612,3388,3856,4285]
[0,1842,2294,2626,3388,3856,4217,4285]
[0,2294,3388,4217,4285]
[0,2387,4285]
[0,2294,4217,4285]
[0,1228,1842,2294,3331,4285]
[0,2294,2685,4285]
[0,2220,3388,4285]
[0,2294,3856,4285]
[0,2220,3388,3856,4285]
[0,2220,3388,4217,4285]
[0,2294,4285]
[0,2220,3388,3856,4217,4285]
[0,1842,2294,3388,3856,4285]
[0,1842,2294,2685,4217,4285]
[0,2220,4217,4285]
[0,1842,2294,4285]
[0,402,2220,3388,3856,4285]
[0,2294,3388,3856,4217,4285]
[0,1842,2294,2685,3856,4217,4285]
