[0,127,351,545,600,798,993,1046]
[0,600,1046]
[0,127,351,545,600,798,1046]
[0,351,600,1046]
[0,545,600,798,1046]
[0,127,545,798,1046]
[0,545,600,744,888,1046]
[0,600,798,1046]
[0,351,798,1046]
[0,59,127,600,744,1046]
[0,127,351,600,798,1046]
[0,798,1046]
[0,127,545,1046]
[0,127,351,1046]
[0,127,545,600,744,993,1046]
[0,351,1046]
[0,744,888,1046]
[0,351,600,798,1046]
[0,127,351,545,600,744,888,1046]
[0,127,600,1046]
[0,127,600,744,888,1046]
[0,127,545,600,798,1046]
[0,127,600,744,1046]
[0,127,351,993,1046]
[0,127,351,600,744,888,1046]
[0,351,600,744,888,1046]
[0,600,744,888,1046]
[0,351,744,1046]
[0,545,600,1046]
[0,545,600,744,1046]
[0,59,127,351,545,600,744,1046]
[0,600,744,1046]
[0,545,798,1046]
[0,59,127,351,545,600,744,993,1046]
[0,127,351,600,744,1046]
[0,744,1046]
[0,351,600,744,1046]
[0,127,351,545,600,744,1046]
[0,127,600,798,1046]
[0,127,351,545,600,744,993,1046]
[0,59,127,351,600,744,1046]
[0,127,1046]
[0,127,351,798,1046]
[0,127,545,600,798,993,1046]
[0,127,545,600,744,888,1046]
[0,127,545,600,744,1046]
[0,127,351,798,993,1046]
[0,351,744,888,1046]
[0,545,1046]
