[0,432,761,1325,1562]
[0,1022,1279,1562]
[0,439,1562]
[0,208,1022,1285,1562]
[0,1022,1562]
[0,208,439,737,981,1210,1457,1562]
[0,1060,1210,1428,1562]
[0,208,712,761,981,1279,1457,1562]
[0,208,439,1022,1279,1457,1562]
[0,208,439,1060,1279,1562]
[0,208,981,1110,1166,1279,1457,1562]
[0,208,439,761,981,1279,1562]
[0,208,1022,1285,1457,1562]
[0,432,761,1210,1562]
[0,208,439,737,981,1285,1457,1562]
[0,439,1325,1562]
[0,208,439,1060,1279,1457,1562]
[0,208,761,981,1457,1562]
[0,208,439,1022,1279,1562]
[0,208,439,981,1279,1562]
[0,761,981,1279,1562]
[0,208,439,737,1060,1210,1562]
[0,439,761,1562]
[0,208,439,771,981,1210,1562]
[0,439,737,981,1210,1562]
[0,208,771,981,1562]
[0,712,761,981,1562]
[0,208,439,771,981,1210,1457,1562]
[0,208,439,1022,1110,1279,1457,1562]
[0,737,1022,1285,1562]
[0,737,981,1285,1562]
[0,981,1285,1562]
[0,208,439,1457,1562]
[0,208,439,737,981,1285,1562]
[0,208,439,1060,1110,1457,1562]
[0,208,439,1060,1210,1428,1562]
[0,208,439,1325,1562]
[0,439,981,1279,1562]
[0,439,1110,1562]
[0,208,1060,1279,1457,1562]
[0,208,771,981,1210,1562]
[0,208,1562]
[0,439,761,981,1279,1562]
[0,208,439,1060,1110,1279,1457,1562]
[0,761,1325,1562]
[0,208,439,1060,1562]
[0,208,439,771,981,1457,1562]
[0,208,981,1110,1279,1562]
[0,208,1060,1110,1562]
[0,208,439,761,981,1562]
[0,208,439,737,1060,1210,1428,1562]
[0,439,981,1562]
[0,208,981,1285,1457,1562]
[0,439,737,981,1285,1562]
[0,208,439,712,761,981,1110,1279,1457,1562]
[0,1210,1428,1562]
[0,208,1060,1110,1457,1562]
[0,208,1022,1110,1166,1279,1457,1562]
[0,208,439,761,981,1110,1279,1562]
[0,208,439,712,761,981,1110,1166,1279,1457,1562]
[0,771,981,1210,1562]
[0,208,1060,1210,1428,1562]
[0,208,439,737,981,1060,1210,1285,1457,1562]
[0,208,439,981,1210,1562]
[0,208,439,737,981,1060,1210,1457,1562]
[0,208,1060,1457,1562]
[0,439,1022,1285,1562]
[0,761,1562]
[0,208,771,981,1457,1562]
[0,1210,1562]
[0,208,1022,1457,1562]
[0,208,1060,1210,1562]
[0,712,771,981,1562]
[0,208,761,981,1562]
[0,439,737,981,1562]
[0,208,439,981,1562]
[0,208,439,981,1110,1166,1279,1457,1562]
[0,208,981,1210,1562]
[0,1110,1562]
[0,432,1562]
[0,208,981,1210,1457,1562]
[0,208,439,712,771,981,1210,1457,1562]
[0,208,439,981,1110,1562]
[0,208,712,771,981,1562]
[0,439,981,1210,1562]
[0,208,1457,1562]
[0,439,771,981,1562]
[0,208,439,737,981,1562]
[0,432,1210,1562]
[0,439,1060,1279,1562]
[0,1060,1210,1562]
[0,208,761,981,1279,1562]
[0,208,439,761,981,1110,1279,1457,1562]
[0,432,761,1562]
[0,208,981,1562]
[0,208,981,1110,1279,1457,1562]
[0,981,1279,1562]
[0,208,439,1022,1562]
[0,1325,1562]
[0,208,1022,1110,1562]
[0,1457,1562]
[0,208,981,1110,1562]
[0,208,439,1060,1210,1562]
[0,208,1060,1562]
[0,208,771,981,1210,1457,1562]
[0,439,1060,1562]
[0,208,439,737,1022,1285,1457,1562]
[0,208,981,1279,1457,1562]
[0,208,439,761,981,1279,1457,1562]
[0,737,981,1562]
[0,208,981,1457,1562]
[0,208,439,1562]
[0,208,1022,1110,1279,1457,1562]
[0,208,439,761,981,1110,1562]
[0,208,1022,1562]
[0,208,439,761,981,1110,1166,1279,1457,1562]
[0,208,439,761,1325,1562]
[0,208,439,981,1110,1279,1562]
[0,439,737,1060,1562]
[0,737,1060,1562]
[0,439,1022,1562]
[0,439,737,1022,1285,1562]
[0,208,981,1285,1562]
[0,208,712,761,981,1457,1562]
[0,712,1110,1562]
[0,208,439,981,1279,1457,1562]
[0,439,981,1285,1562]
[0,439,737,1022,1562]
[0,737,1022,1562]
[0,208,439,737,1060,1562]
[0,208,439,761,981,1457,1562]
[0,439,771,981,1210,1562]
[0,208,712,761,981,1562]
[0,439,1110,1279,1562]
[0,208,439,1060,1457,1562]
[0,208,1022,1110,1457,1562]
[0,1022,1285,1562]
[0,208,1060,1279,1562]
[0,208,712,771,981,1210,1457,1562]
[0,761,981,1562]
[0,208,439,737,1022,1285,1562]
[0,439,1022,1279,1562]
[0,208,439,1022,1285,1562]
[0,208,439,981,1285,1562]
[0,208,439,737,1022,1562]
[0,208,1022,1279,1562]
[0,208,981,1279,1562]
[0,439,761,1325,1562]
[0,208,439,712,761,981,1279,1457,1562]
[0,208,439,981,1285,1457,1562]
[0,208,761,981,1279,1457,1562]
[0,737,981,1210,1562]
[0,981,1210,1562]
[0,1428,1562]
[0,208,1022,1279,1457,1562]
[0,208,439,737,981,1210,1562]
[0,1166,1562]
[0,208,439,1022,1285,1457,1562]
[0,981,1562]
[0,1060,1562]
[0,208,439,981,1210,1457,1562]
[0,439,761,981,1562]
[0,771,981,1562]
[0,208,439,981,1110,1279,1457,1562]
[0,208,712,771,981,1457,1562]
[0,208,439,1022,1110,1166,1279,1457,1562]
[0,1060,1279,1562]
[0,208,439,771,981,1562]
