[0,627,1679,2145,2812]
[0,627,2102,2752,2812]
[0,627,2812]
[0,225,387,627,789,1679,2251,2812]
[0,2251,2812]
[0,225,627,2251,2812]
[0,627,789,1679,2251,2734,2812]
[0,627,2251,2771,2812]
[0,2123,2812]
[0,2145,2812]
[0,225,387,627,789,1679,2251,2734,2812]
[0,225,387,627,1679,2251,2771,2812]
[0,225,627,2145,2812]
[0,627,2102,2734,2812]
[0,627,2145,2752,2812]
[0,225,627,789,1679,2251,2771,2812]
[0,225,387,627,789,1679,2251,2771,2812]
[0,627,789,1679,2102,2812]
[0,627,1679,2734,2812]
[0,627,2102,2812]
[0,225,627,2145,2752,2812]
[0,225,627,1679,2251,2812]
[0,627,1679,2102,2812]
[0,627,1679,2812]
[0,225,387,627,1679,2251,2812]
[0,627,2123,2812]
[0,225,627,1679,2251,2771,2812]
[0,225,627,789,2145,2812]
[0,627,789,1679,2102,2734,2812]
[0,627,789,1679,2251,2812]
[0,225,627,789,1679,2145,2752,2812]
[0,225,627,1679,2145,2812]
[0,225,627,789,1679,2251,2812]
[0,627,1679,2102,2734,2812]
[0,2102,2812]
[0,225,387,627,2251,2812]
[0,627,2251,2812]
[0,225,627,789,1679,2145,2812]
[0,627,1679,2251,2812]
[0,225,627,789,2145,2752,2812]
[0,225,627,2251,2771,2812]
[0,627,2145,2812]
[0,1679,2812]
[0,225,387,627,2251,2771,2812]
