[0,279,1013,2483,3131,4237,4520,4758]
[0,843,3786,4758]
[0,3424,4758]
[0,321,1013,1220,2396,2652,4237,4520,4758]
[0,321,1013,2396,2675,4237,4758]
[0,982,3131,4237,4520,4758]
[0,982,2483,3131,4758]
[0,982,2483,4758]
[0,59,1013,2675,4237,4520,4758]
[0,279,982,2483,3131,4520,4758]
[0,982,2675,4237,4520,4758]
[0,279,982,3131,4758]
[0,1013,2396,2652,4758]
[0,279,982,2483,3131,4237,4520,4758]
[0,982,4237,4520,4758]
[0,321,1013,2652,4237,4758]
[0,1013,4758]
[0,321,1013,2675,4237,4758]
[0,1013,3424,4758]
[0,982,4237,4758]
[0,279,982,2675,4237,4520,4758]
[0,3786,4758]
[0,843,2675,4297,4758]
[0,1013,4237,4520,4758]
[0,279,982,2483,2675,4237,4520,4758]
[0,982,2483,3131,4520,4758]
[0,2483,4758]
[0,982,4758]
[0,59,1013,4237,4520,4758]
[0,1013,2483,3131,4237,4520,4758]
[0,1013,3131,4237,4758]
[0,1013,2396,2675,4758]
[0,59,1013,2396,2652,4758]
[0,1013,2483,3131,4758]
[0,59,321,1013,1220,2396,2652,4237,4520,4758]
[0,1013,2483,3131,4237,4758]
[0,59,1013,2652,4758]
[0,321,1013,2396,2675,4237,4520,4758]
[0,279,1013,2396,2675,4237,4758]
[0,2652,4758]
[0,279,1013,2483,3424,4758]
[0,279,982,2483,3131,4237,4758]
[0,1013,2675,4758]
[0,59,1013,2396,2675,4237,4520,4758]
[0,3409,4758]
[0,982,3131,4758]
[0,59,1013,4758]
[0,279,1013,2483,3131,4237,4758]
[0,982,2675,4758]
[0,59,321,1013,2396,2652,4237,4520,4758]
[0,982,2483,3131,4237,4758]
[0,59,1013,2396,2652,4237,4758]
[0,1013,4237,4758]
[0,1013,2675,4237,4520,4758]
[0,1013,2396,2652,4237,4520,4758]
[0,279,1013,3409,4237,4520,4758]
[0,279,982,3131,4237,4520,4758]
[0,1013,2652,4758]
[0,1013,2396,2675,4237,4520,4758]
[0,3131,4758]
[0,1013,3409,4237,4520,4758]
[0,279,982,2675,4237,4758]
[0,982,2675,4237,4758]
[0,1013,1220,2396,2652,4237,4520,4758]
[0,279,982,3131,4237,4758]
[0,2675,4758]
[0,1013,2396,2652,4237,4758]
[0,321,1013,2396,2652,4237,4758]
[0,1013,3409,4237,4758]
[0,1013,3409,4758]
[0,982,3131,4237,4758]
[0,1013,3131,4237,4520,4758]
[0,982,2483,2675,4237,4520,4758]
[0,1013,2396,2675,4237,4758]
[0,279,1013,3424,4758]
[0,279,982,2483,3131,4758]
[0,279,1013,2396,2675,4237,4520,4758]
[0,321,1013,2396,2652,4237,4520,4758]
[0,59,321,1013,2396,2675,4237,4520,4758]
[0,59,1013,4237,4758]
[0,749,3424,4758]
[0,1013,2483,3424,4758]
[0,1013,3131,4758]
[0,1013,2652,4237,4758]
[0,279,1013,3409,4237,4758]
[0,1013,2675,4237,4758]
[0,843,2675,4758]
[0,59,1013,2396,2652,4237,4520,4758]
