[0,56,304,417,488,638,738,969]
[0,56,313,417,488,638,725,969]
[0,640,738,969]
[0,56,697,969]
[0,313,417,640,738,969]
[0,313,417,488,638,725,969]
[0,640,969]
[0,697,969]
[0,56,313,417,488,638,738,969]
[0,417,725,969]
[0,313,640,969]
[0,241,640,969]
[0,638,725,969]
[0,56,969]
[0,313,417,488,638,738,969]
[0,638,738,969]
[0,304,738,969]
[0,313,417,638,725,969]
[0,56,638,738,969]
[0,313,417,638,738,969]
[0,417,738,969]
[0,56,304,447,697,969]
[0,417,969]
[0,241,969]
[0,447,697,969]
[0,725,969]
[0,313,640,738,969]
[0,304,447,697,969]
[0,241,313,640,969]
[0,313,417,969]
[0,738,969]
[0,313,725,969]
[0,56,313,417,472,640,738,969]
[0,313,738,969]
[0,304,638,738,969]
[0,151,417,969]
[0,304,417,738,969]
[0,313,638,725,969]
[0,56,447,697,969]
[0,56,313,417,640,738,969]
[0,313,969]
[0,56,313,417,969]
[0,372,725,969]
[0,304,969]
[0,313,417,725,969]
[0,313,638,738,969]
[0,313,417,738,969]
[0,304,417,488,638,738,969]
[0,304,417,638,738,969]
[0,313,417,472,640,738,969]
[0,372,969]
