[0,262,1766,2020]
[0,216,1766,2020]
[0,660,1173,2020]
[0,258,1776,1940,2020]
[0,216,660,1173,1776,1940,2020]
[0,262,1940,2020]
[0,216,258,1776,1940,2020]
[0,258,1173,2020]
[0,258,2020]
[0,216,2020]
[0,258,1173,1776,2020]
[0,216,1776,1940,2020]
[0,660,1776,2020]
[0,262,2020]
[0,227,1776,2020]
[0,660,1173,1766,2020]
[0,216,1776,2020]
[0,227,2020]
[0,262,1766,1940,2020]
[0,1173,2020]
[0,216,1173,1776,2020]
[0,660,2020]
[0,1173,1766,2020]
[0,216,262,1173,1766,1940,2020]
[0,262,1173,1766,2020]
[0,262,1173,2020]
[0,227,1766,1940,2020]
[0,262,1173,1766,1940,2020]
[0,227,1855,2020]
[0,216,258,660,1173,1776,1940,2020]
[0,216,660,1173,1766,2020]
[0,216,1766,1940,2020]
[0,1776,2020]
[0,258,1940,2020]
[0,216,660,1173,1766,1940,2020]
[0,216,262,660,1173,1766,1940,2020]
[0,227,1936,2020]
[0,227,1776,1936,2020]
[0,258,1173,1776,1940,2020]
[0,216,1173,1776,1940,2020]
[0,216,1173,1766,1940,2020]
[0,227,1918,2020]
[0,660,1766,2020]
[0,227,1940,2020]
[0,660,1173,1776,2020]
[0,216,258,1173,1776,1940,2020]
[0,216,660,1173,1776,2020]
[0,216,1940,2020]
[0,216,262,1766,1940,2020]
[0,1766,2020]
[0,216,1173,1766,2020]
[0,1173,1776,2020]
[0,227,1766,2020]
[0,258,1776,2020]
