[0,565,2019]
[0,372,565,693,1747,2019]
[0,372,565,693,1247,1713,2019]
[0,107,372,472,565,693,823,1247,1637,1713,2019]
[0,391,565,823,1141,2019]
[0,372,630,1713,2019]
[0,107,372,565,693,823,1247,1637,1713,2019]
[0,107,372,472,565,693,834,1141,1747,2019]
[0,107,372,472,565,693,823,1247,1713,2019]
[0,472,2019]
[0,372,565,693,1247,2019]
[0,372,472,565,693,1141,1747,2019]
[0,565,823,1141,2019]
[0,472,1247,2019]
[0,372,565,693,1141,1747,2019]
[0,565,1247,1713,2019]
[0,1141,2019]
[0,472,1713,2019]
[0,693,1247,2019]
[0,372,565,823,1247,1713,2019]
[0,372,565,693,834,1141,1289,1747,2019]
[0,565,1247,2019]
[0,693,1141,2019]
[0,107,372,565,693,1247,1713,2019]
[0,107,372,472,565,693,1247,1637,1713,2019]
[0,565,1141,1713,2019]
[0,565,834,1247,2019]
[0,372,565,1747,2019]
[0,372,565,693,834,1141,1747,2019]
[0,565,834,1141,2019]
[0,372,565,693,823,1247,1713,2019]
[0,107,372,472,565,693,834,1141,1632,1747,2019]
[0,107,372,472,565,693,823,1075,1247,1637,1713,2019]
[0,372,565,693,1247,1637,1713,2019]
[0,372,2019]
[0,565,834,1247,1713,2019]
[0,391,565,1247,2019]
[0,372,565,834,1141,2019]
[0,565,1713,2019]
[0,391,565,1141,2019]
[0,372,565,823,1075,1247,1713,2019]
[0,565,834,1141,1747,2019]
[0,630,1247,1713,2019]
[0,107,391,565,823,1141,1747,2019]
[0,565,823,1141,1747,2019]
[0,107,372,565,693,834,1141,1632,1747,2019]
[0,372,565,1141,2019]
[0,372,565,693,834,1141,1289,1632,1747,2019]
[0,372,693,1247,1713,2019]
[0,372,565,1713,2019]
[0,1247,2019]
[0,107,565,693,1247,2019]
[0,372,565,823,1247,2019]
[0,372,693,2019]
[0,472,693,2019]
[0,565,1141,1747,2019]
[0,391,565,834,1247,1713,2019]
[0,107,372,472,565,693,823,1075,1247,1713,2019]
[0,565,823,1247,2019]
[0,107,565,693,1247,1713,2019]
[0,107,391,565,823,1141,1713,2019]
[0,565,823,1141,1713,2019]
[0,107,372,565,693,823,1247,1713,2019]
[0,391,565,823,1141,1747,2019]
[0,372,565,2019]
[0,372,565,834,1141,1289,1747,2019]
[0,372,565,834,1141,1747,2019]
[0,107,472,693,1247,1713,2019]
[0,472,693,1247,2019]
[0,565,1747,2019]
[0,372,630,1247,1713,2019]
[0,372,565,693,823,1075,1247,1713,2019]
[0,565,823,1247,1713,2019]
[0,372,693,1747,2019]
[0,630,2019]
[0,630,1713,2019]
[0,107,372,565,693,823,1075,1247,1637,1713,2019]
[0,372,693,1247,2019]
[0,372,472,565,693,834,1141,1747,2019]
[0,372,472,565,693,1247,1637,1713,2019]
[0,565,693,1247,2019]
[0,391,565,834,1247,2019]
[0,391,565,823,1141,1713,2019]
[0,107,372,565,693,823,1075,1247,1713,2019]
[0,372,565,823,1247,1637,1713,2019]
[0,107,372,472,565,693,834,1141,1289,1632,1747,2019]
[0,630,1247,2019]
[0,472,693,1247,1713,2019]
[0,565,1141,2019]
[0,372,693,1141,1747,2019]
[0,372,565,693,834,1141,1632,1747,2019]
[0,107,372,472,565,693,1247,1713,2019]
[0,372,630,2019]
[0,693,2019]
[0,107,372,565,693,834,1141,1289,1632,1747,2019]
[0,372,693,1141,2019]
[0,107,391,565,834,1247,1713,2019]
[0,372,565,1247,2019]
[0,107,372,565,693,834,1141,1747,2019]
[0,107,372,565,693,1247,1637,1713,2019]
[0,391,565,2019]
[0,372,472,565,693,1247,1713,2019]
[0,565,693,1247,1713,2019]
[0,472,1247,1713,2019]
