[0,548,843,1642]
[0,51,851,1228,1642]
[0,898,1228,1642]
[0,51,142,548,656,851,1228,1642]
[0,548,680,1228,1642]
[0,51,1642]
[0,68,830,1228,1642]
[0,548,898,1642]
[0,618,843,1228,1642]
[0,51,142,548,656,758,843,1228,1642]
[0,51,142,548,843,1228,1642]
[0,548,1228,1642]
[0,68,1228,1642]
[0,68,843,1228,1642]
[0,142,548,843,1228,1642]
[0,68,548,1642]
[0,548,680,1642]
[0,142,1228,1642]
[0,142,548,656,758,843,1228,1642]
[0,548,851,1228,1642]
[0,51,1228,1642]
[0,68,548,680,898,1228,1642]
[0,548,1642]
[0,68,548,830,1228,1642]
[0,51,548,843,1228,1642]
[0,1228,1642]
[0,51,548,851,1228,1642]
[0,548,680,898,1228,1642]
[0,68,548,680,1228,1642]
[0,68,618,843,1228,1642]
[0,68,851,1228,1642]
[0,51,142,548,656,843,1228,1642]
[0,142,548,656,843,1228,1642]
[0,548,851,1642]
[0,51,142,548,851,1228,1642]
[0,548,898,1228,1642]
[0,142,843,1228,1642]
[0,68,1642]
[0,618,1642]
[0,830,1228,1642]
[0,68,548,851,1228,1642]
[0,68,898,1228,1642]
[0,548,843,1228,1642]
[0,142,851,1228,1642]
[0,843,1228,1642]
[0,51,843,1228,1642]
[0,618,843,1642]
[0,68,548,898,1228,1642]
[0,68,548,680,1642]
[0,142,1642]
[0,142,548,851,1228,1642]
[0,51,142,548,656,758,851,1228,1642]
[0,548,830,1228,1642]
[0,142,548,656,758,851,1228,1642]
[0,142,548,656,851,1228,1642]
[0,548,830,1642]
[0,851,1228,1642]
