[0,1039,1290,1875]
[0,182,320,481,775,1040,1344,1776,1875]
[0,320,869,1776,1875]
[0,47,320,1776,1875]
[0,182,320,481,775,1040,1344,1875]
[0,47,1482,1875]
[0,320,1482,1875]
[0,402,869,1776,1875]
[0,391,775,1040,1776,1875]
[0,320,775,1040,1875]
[0,1039,1776,1875]
[0,182,1875]
[0,47,391,1776,1875]
[0,320,1040,1776,1875]
[0,1344,1875]
[0,182,775,1039,1290,1482,1776,1875]
[0,47,320,481,775,1040,1776,1875]
[0,47,775,1776,1875]
[0,320,775,1040,1482,1875]
[0,1040,1875]
[0,47,320,481,775,1040,1344,1776,1875]
[0,47,1776,1875]
[0,320,481,775,1040,1776,1875]
[0,775,1482,1875]
[0,47,182,320,481,775,869,1040,1344,1776,1875]
[0,320,1875]
[0,775,1039,1290,1875]
[0,320,481,775,1040,1344,1776,1875]
[0,182,1039,1290,1875]
[0,47,182,320,481,775,1040,1344,1776,1875]
[0,369,775,1040,1776,1875]
[0,182,320,481,775,1040,1344,1482,1875]
[0,47,182,1039,1776,1875]
[0,391,775,1040,1875]
[0,47,320,1040,1776,1875]
[0,775,1039,1875]
[0,47,182,320,481,775,869,1040,1344,1482,1776,1875]
[0,47,775,1039,1290,1776,1875]
[0,775,1039,1776,1875]
[0,182,1039,1776,1875]
[0,320,775,1040,1776,1875]
[0,182,1039,1875]
[0,320,1776,1875]
[0,47,775,1482,1875]
[0,1039,1875]
[0,369,775,1039,1290,1875]
[0,182,775,869,1039,1290,1482,1776,1875]
[0,320,869,1875]
[0,775,1482,1776,1875]
[0,47,182,1776,1875]
[0,320,481,775,1040,1482,1875]
[0,402,869,1875]
[0,182,1039,1290,1776,1875]
[0,47,775,1040,1776,1875]
[0,47,320,775,1040,1776,1875]
[0,320,481,775,1040,1344,1482,1875]
[0,320,481,775,1040,1875]
[0,320,1040,1875]
[0,1776,1875]
[0,369,775,1039,1875]
[0,775,869,1039,1290,1482,1776,1875]
[0,182,320,481,775,869,1040,1344,1482,1776,1875]
[0,320,775,1040,1344,1875]
[0,320,481,775,1040,1344,1482,1776,1875]
[0,869,1875]
[0,775,1040,1875]
[0,391,1040,1776,1875]
[0,47,182,1039,1290,1776,1875]
[0,391,1875]
[0,391,1040,1875]
[0,47,369,775,1039,1290,1482,1776,1875]
[0,182,775,1039,1290,1776,1875]
[0,47,182,775,1039,1290,1482,1776,1875]
[0,182,775,1039,1290,1875]
[0,47,775,1482,1776,1875]
[0,369,1039,1875]
[0,369,775,1039,1290,1482,1776,1875]
[0,47,402,1776,1875]
[0,775,1040,1776,1875]
[0,47,391,1040,1776,1875]
[0,47,369,775,1040,1776,1875]
[0,1039,1290,1776,1875]
[0,47,182,775,869,1039,1290,1482,1776,1875]
[0,402,1875]
[0,182,320,481,775,1040,1344,1482,1776,1875]
[0,47,775,1039,1290,1482,1776,1875]
[0,47,320,481,775,1040,1344,1482,1776,1875]
[0,320,481,775,869,1040,1344,1482,1776,1875]
[0,320,481,775,869,1040,1344,1776,1875]
[0,47,402,869,1776,1875]
[0,320,1040,1344,1875]
[0,775,1039,1290,1482,1875]
[0,775,1039,1290,1482,1776,1875]
[0,369,775,1040,1875]
[0,869,1482,1875]
[0,1482,1875]
[0,391,1776,1875]
[0,320,481,775,1040,1344,1875]
[0,775,1875]
[0,320,869,1482,1875]
[0,1040,1482,1875]
[0,182,775,1039,1290,1482,1875]
[0,47,182,775,1039,1290,1776,1875]
[0,402,1776,1875]
[0,775,1776,1875]
[0,775,1039,1290,1776,1875]
[0,320,1040,1482,1875]
[0,47,182,320,481,775,1040,1344,1482,1776,1875]
[0,369,775,1039,1290,1482,1875]
[0,47,391,775,1040,1776,1875]
[0,182,1776,1875]
[0,182,320,481,775,869,1040,1344,1776,1875]
[0,369,1040,1875]
