[0,312,517,1109,2120]
[0,312,517,1109,1264,1993,2120]
[0,312,517,1047,2120]
[0,312,517,1109,1264,2120]
[0,312,1644,2120]
[0,507,2120]
[0,312,1109,2120]
[0,312,524,1047,1993,2120]
[0,1046,2120]
[0,312,1047,1644,2120]
[0,312,517,1047,1307,2120]
[0,517,1644,2120]
[0,312,517,1046,1355,1993,2120]
[0,312,517,1109,1264,1357,1644,1993,2120]
[0,312,517,1046,1993,2120]
[0,312,517,1046,1355,1644,1993,2120]
[0,312,517,1046,1357,1993,2120]
[0,524,2120]
[0,312,517,1046,1357,2120]
[0,1047,1644,2120]
[0,312,1109,1264,1993,2120]
[0,1046,1644,2120]
[0,312,517,1109,1264,1644,1993,2120]
[0,312,517,1047,1993,2120]
[0,1109,2120]
[0,312,517,1046,1264,1644,1993,2120]
[0,312,517,1046,2120]
[0,517,2120]
[0,312,524,1109,2120]
[0,312,524,1047,1307,1993,2120]
[0,312,1046,1357,1644,2120]
[0,312,517,1644,2120]
[0,312,524,1047,1307,2120]
[0,497,2120]
[0,1047,2120]
[0,312,1047,1307,1644,2120]
[0,312,1046,1355,1644,2120]
[0,312,517,1046,1644,2120]
[0,312,524,1109,1993,2120]
[0,312,1046,1644,2120]
[0,312,517,2120]
[0,312,517,1046,1264,1644,2120]
[0,312,1047,1307,2120]
[0,312,524,1047,1307,1644,2120]
[0,312,524,1993,2120]
[0,312,524,1644,2120]
[0,312,1047,2120]
[0,312,517,1046,1355,2120]
[0,312,517,1047,1307,1644,2120]
[0,312,517,1993,2120]
[0,312,1046,1355,2120]
[0,312,1046,1264,1644,2120]
[0,312,517,1046,1264,1993,2120]
[0,517,1264,1644,2120]
[0,312,1046,1357,2120]
[0,312,524,1047,1307,1644,1993,2120]
[0,1644,2120]
[0,312,524,1047,2120]
[0,312,517,1046,1355,1644,2120]
[0,312,517,1047,1307,1644,1993,2120]
[0,312,517,1047,1307,1993,2120]
[0,312,1046,2120]
[0,312,517,1109,1264,1644,2120]
[0,312,517,1046,1357,1644,1993,2120]
[0,312,517,1264,1644,2120]
[0,312,517,1046,1264,2120]
[0,312,517,1046,1357,1644,2120]
[0,312,1046,1264,2120]
[0,312,1109,1264,2120]
[0,312,2120]
[0,312,517,1109,1264,1355,1644,1993,2120]
[0,312,524,2120]
