[0,202,334,553,746,924,1003,1197]
[0,169,924,1151,1197]
[0,755,1197]
[0,553,924,1197]
[0,202,924,1003,1056,1197]
[0,202,924,1056,1197]
[0,169,924,1197]
[0,202,924,1003,1056,1151,1197]
[0,169,1197]
[0,202,1197]
[0,202,924,1003,1197]
[0,202,334,553,746,924,1003,1056,1197]
[0,202,746,1197]
[0,169,1003,1197]
[0,202,558,768,924,1056,1197]
[0,169,553,755,1056,1197]
[0,1003,1197]
[0,202,334,924,1003,1151,1197]
[0,169,553,755,1197]
[0,202,334,924,1003,1056,1197]
[0,558,1197]
[0,202,553,746,924,1197]
[0,202,334,553,924,1003,1056,1151,1197]
[0,202,746,924,1197]
[0,202,553,746,1056,1197]
[0,202,334,924,1003,1197]
[0,202,334,553,924,1003,1151,1197]
[0,202,334,553,924,1003,1056,1197]
[0,202,334,924,1197]
[0,202,924,1197]
[0,202,334,553,924,1197]
[0,553,1197]
[0,138,202,553,746,924,1056,1197]
[0,169,755,1197]
[0,202,334,553,746,924,1197]
[0,169,834,1197]
[0,202,924,1151,1197]
[0,169,755,1056,1197]
[0,169,1056,1197]
[0,746,1197]
[0,768,1197]
[0,202,334,553,746,924,1003,1151,1197]
[0,202,334,553,924,1003,1197]
[0,834,1197]
[0,202,1151,1197]
[0,202,768,924,1056,1197]
[0,924,1197]
[0,138,202,558,768,924,1056,1197]
[0,202,924,1003,1077,1197]
[0,202,768,1197]
[0,202,558,768,1056,1197]
[0,558,768,1197]
[0,202,1056,1197]
[0,202,746,1056,1197]
[0,553,755,1197]
[0,202,558,768,1197]
[0,202,553,746,924,1056,1197]
[0,202,334,924,1003,1056,1151,1197]
[0,202,553,746,1197]
[0,202,924,1003,1151,1197]
[0,202,553,924,1197]
[0,169,1151,1197]
[0,202,334,553,746,924,1003,1056,1151,1197]
[0,202,768,1056,1197]
