[0,1659,2360,3094,4285]
[0,1130,4285]
[0,3090,4285]
[0,1659,3443,4285]
[0,1874,4285]
[0,573,1659,2363,4285]
[0,1130,1659,2957,4285]
[0,1130,2957,4285]
[0,1130,1659,2360,3094,4285]
[0,1130,1653,3090,4285]
[0,3094,4285]
[0,1130,3090,4285]
[0,1130,1659,3094,4285]
[0,1659,2363,3094,4285]
[0,1659,3094,4285]
[0,1659,4285]
[0,3514,4285]
[0,697,1659,3094,4285]
[0,1659,2363,4285]
[0,573,1659,4285]
[0,1653,2363,3090,4285]
[0,697,4285]
[0,1659,2844,4285]
[0,1653,3090,4285]
[0,1874,3514,4285]
[0,1130,1659,2363,3094,4285]
[0,573,1659,3993,4285]
[0,573,1659,3094,4285]
[0,1130,3094,4285]
[0,697,1659,2360,3094,4285]
[0,1130,1653,2363,3090,4285]
[0,697,1874,3514,4285]
[0,2957,4285]
[0,697,3514,4285]
[0,697,1659,2844,4285]
[0,1653,4285]
