[0,175,267,482,1194,1465]
[0,482,1221,1465]
[0,141,267,482,717,916,1194,1465]
[0,141,267,482,1221,1465]
[0,141,267,482,609,717,916,1194,1465]
[0,141,267,482,691,970,1194,1465]
[0,141,717,970,1194,1465]
[0,141,267,482,970,1194,1465]
[0,555,1465]
[0,141,691,1194,1465]
[0,482,1465]
[0,141,482,1194,1465]
[0,141,267,717,1194,1465]
[0,267,482,609,717,970,1194,1465]
[0,691,1465]
[0,141,482,691,970,1194,1465]
[0,717,970,1194,1465]
[0,1151,1465]
[0,267,482,717,916,1221,1465]
[0,175,267,1194,1465]
[0,141,267,482,609,717,1221,1465]
[0,482,609,717,1194,1465]
[0,141,267,717,916,1194,1465]
[0,141,267,482,609,717,970,1194,1465]
[0,141,482,609,1221,1465]
[0,141,267,482,1194,1465]
[0,267,482,717,970,1194,1465]
[0,84,175,267,482,609,717,1194,1465]
[0,141,482,970,1194,1465]
[0,141,482,717,970,1194,1465]
[0,482,916,1465]
[0,175,267,482,609,717,1194,1465]
[0,175,267,482,609,717,970,1194,1465]
[0,267,482,916,1465]
[0,482,691,970,1221,1465]
[0,141,267,482,717,970,1194,1465]
[0,482,717,916,1194,1465]
[0,141,482,717,916,1194,1465]
[0,482,916,1194,1465]
[0,482,717,1194,1465]
[0,175,267,482,609,1194,1465]
[0,141,482,609,1194,1465]
[0,267,482,916,1221,1465]
[0,482,691,970,1194,1465]
[0,267,482,609,1194,1465]
[0,482,970,1194,1465]
[0,141,267,482,609,1221,1465]
[0,141,267,717,916,1221,1465]
[0,141,717,916,1221,1465]
[0,691,970,1194,1465]
[0,141,482,717,1194,1465]
[0,175,1194,1465]
[0,482,970,1465]
[0,141,691,970,1194,1465]
[0,482,717,916,1221,1465]
[0,141,267,482,609,1194,1465]
[0,717,1221,1465]
[0,84,175,267,482,609,717,970,1194,1465]
[0,916,1465]
[0,141,267,482,717,1194,1465]
[0,141,717,916,1194,1465]
[0,717,916,1221,1465]
[0,482,916,1221,1465]
[0,1221,1465]
[0,482,1194,1465]
[0,267,482,1194,1465]
[0,141,267,482,691,970,1194,1359,1465]
[0,141,717,1194,1465]
[0,609,717,1194,1465]
[0,141,267,1221,1465]
[0,717,1194,1465]
[0,267,482,609,717,1194,1465]
[0,141,482,717,916,1221,1465]
[0,482,609,1194,1465]
[0,717,1465]
[0,141,267,482,717,916,1221,1465]
[0,141,1221,1465]
[0,717,916,1194,1465]
[0,970,1465]
[0,141,1194,1465]
[0,482,970,1221,1465]
[0,691,1194,1465]
[0,141,267,1194,1465]
[0,141,267,482,609,717,1194,1465]
[0,141,267,482,609,717,916,1221,1465]
[0,1194,1465]
[0,482,717,970,1194,1465]
[0,267,482,717,1194,1465]
[0,555,1151,1465]
[0,141,482,1221,1465]
