[0,1015,1444,1875]
[0,76,314,589,1444,1875]
[0,314,1297,1444,1875]
[0,314,589,1015,1297,1444,1875]
[0,314,1015,1444,1875]
[0,314,1015,1297,1444,1875]
[0,76,314,1015,1297,1444,1875]
[0,314,1875]
[0,589,1444,1875]
[0,589,1875]
[0,314,1015,1305,1444,1875]
[0,76,314,589,1015,1444,1875]
[0,314,1015,1875]
[0,314,1444,1875]
[0,76,314,589,1015,1297,1444,1875]
[0,76,134,314,1015,1297,1444,1875]
[0,76,134,314,1297,1444,1875]
[0,314,589,1444,1875]
[0,314,1327,1875]
[0,314,589,1015,1444,1875]
[0,76,314,1297,1444,1875]
[0,314,1305,1444,1875]
[0,1015,1875]
[0,87,314,589,1015,1444,1875]
[0,76,134,314,589,1015,1297,1444,1875]
[0,1444,1875]
[0,76,314,589,1015,1305,1444,1875]
[0,314,589,1015,1305,1444,1875]
[0,589,1015,1444,1875]
[0,1327,1875]
