[0,636,945,1180]
[0,153,387,534,618,945,1180]
[0,153,387,618,945,1180]
[0,385,636,945,1180]
[0,153,385,636,945,1180]
[0,387,618,1180]
[0,153,385,618,952,1180]
[0,197,636,1180]
[0,153,385,636,1180]
[0,153,636,952,1180]
[0,197,618,1180]
[0,153,385,534,636,945,1180]
[0,153,387,636,952,1180]
[0,385,618,952,1180]
[0,153,387,534,636,1180]
[0,153,321,387,534,636,945,1180]
[0,385,618,945,1180]
[0,153,387,534,636,952,1180]
[0,387,636,952,1180]
[0,153,385,618,945,1180]
[0,387,534,636,1180]
[0,387,636,945,1180]
[0,153,636,945,1180]
[0,385,534,636,1180]
[0,387,618,945,1180]
[0,153,387,636,945,1180]
[0,197,618,952,1180]
[0,153,618,952,1180]
[0,618,952,1180]
[0,385,636,1180]
[0,385,618,1180]
[0,153,387,534,636,945,1180]
[0,153,336,387,534,618,945,1180]
[0,153,387,534,618,1180]
[0,153,636,1180]
[0,636,1180]
[0,153,618,945,1180]
[0,636,952,1180]
[0,153,618,1180]
[0,618,945,1180]
[0,153,385,534,636,1180]
[0,153,321,387,534,636,952,1180]
[0,387,534,618,1180]
[0,153,387,636,1180]
[0,387,636,1180]
[0,618,1180]
[0,153,387,618,1180]
