[0,209,1342,1651]
[0,97,203,259,1121,1281,1342,1476,1651]
[0,206,1121,1342,1651]
[0,826,1651]
[0,826,1281,1651]
[0,203,1651]
[0,79,203,1121,1281,1651]
[0,97,203,1281,1651]
[0,206,1342,1651]
[0,97,203,1121,1281,1476,1651]
[0,1281,1651]
[0,97,203,259,1281,1651]
[0,209,1651]
[0,209,1121,1342,1651]
[0,203,1121,1281,1651]
[0,79,203,1121,1281,1476,1651]
[0,79,203,259,1121,1281,1476,1651]
[0,203,1281,1476,1651]
[0,259,1281,1651]
[0,1121,1342,1651]
[0,79,203,259,826,1121,1281,1342,1476,1651]
[0,79,203,259,1121,1281,1342,1476,1651]
[0,203,1281,1651]
[0,203,826,1281,1476,1651]
[0,79,203,259,1121,1281,1651]
[0,203,1121,1281,1476,1651]
[0,203,826,1121,1281,1476,1651]
[0,259,1651]
[0,79,203,1121,1281,1342,1476,1651]
[0,1342,1651]
[0,79,203,826,1121,1281,1476,1651]
[0,79,203,826,1121,1281,1342,1476,1651]
[0,79,203,259,1281,1651]
[0,209,1281,1651]
[0,97,203,1121,1281,1342,1476,1651]
[0,97,203,259,1121,1281,1476,1651]
[0,79,203,1281,1651]
[0,97,203,259,1121,1281,1651]
[0,206,1651]
[0,206,1281,1651]
[0,203,826,1281,1651]
[0,97,203,1121,1281,1651]
