[0,279,1190,1427]
[0,761,1427]
[0,235,1427]
[0,279,1427]
[0,1377,1427]
[0,1190,1427]
[0,352,1190,1377,1427]
[0,1190,1377,1427]
[0,279,1377,1427]
[0,352,1136,1427]
[0,235,761,1190,1427]
[0,234,352,1136,1377,1427]
[0,235,1190,1427]
[0,352,1136,1377,1427]
[0,234,352,1190,1427]
[0,761,1190,1377,1427]
[0,235,1377,1427]
[0,234,352,1427]
[0,1136,1377,1427]
[0,234,279,1190,1377,1427]
[0,234,279,352,1190,1377,1427]
[0,234,279,1377,1427]
[0,234,352,1377,1427]
[0,235,1190,1377,1427]
[0,1136,1427]
[0,279,1190,1377,1427]
[0,352,1190,1427]
[0,352,1377,1427]
[0,235,761,1190,1377,1427]
[0,235,1136,1427]
[0,761,1190,1427]
[0,352,1427]
[0,234,352,1136,1427]
[0,234,352,1190,1377,1427]
[0,235,1136,1377,1427]
