[0,862,2264,2788,4758]
[0,1004,1617,2788,4758]
[0,506,1004,2237,2788,3288,4758]
[0,1574,2788,4758]
[0,2788,3277,4758]
[0,2788,4758]
[0,1574,2237,2788,4686,4758]
[0,2088,2788,4686,4758]
[0,862,2788,4758]
[0,862,2264,2788,3277,4691,4758]
[0,60,1574,2788,4691,4758]
[0,60,1551,2264,2788,3277,4758]
[0,60,1574,2788,4758]
[0,60,862,2264,2788,4691,4758]
[0,506,862,1551,2264,2788,3277,4758]
[0,60,862,1551,2264,2788,3277,4691,4758]
[0,506,862,2264,2788,3277,4294,4758]
[0,2264,2788,4758]
[0,60,1574,2788,4686,4758]
[0,2088,2788,4758]
[0,506,1004,2237,2788,4691,4758]
[0,1551,2264,2788,3277,4758]
[0,506,862,2264,2788,4691,4758]
[0,60,1551,2264,2788,3277,4294,4758]
[0,862,2264,2788,3277,4294,4758]
[0,60,862,2264,2788,3277,4691,4758]
[0,60,2264,2788,4758]
[0,60,862,2264,2788,3277,4758]
[0,862,1551,2788,4758]
[0,1617,2788,4758]
[0,1004,2237,2788,4758]
[0,506,1004,2237,2788,3288,4691,4758]
[0,60,1574,2237,2788,3288,4691,4758]
[0,1574,2237,2788,3288,4691,4758]
[0,1574,2788,4686,4758]
[0,506,862,2264,2788,3277,4758]
[0,60,506,1004,1617,2237,2788,3288,4691,4758]
[0,1551,2264,2788,4691,4758]
[0,506,862,2264,2788,4758]
[0,1574,2237,2788,4758]
[0,2870,4758]
[0,1004,1617,2237,2788,3288,4758]
[0,60,862,2264,2788,4758]
[0,506,862,2264,2788,3277,4691,4758]
[0,1004,1617,2237,2788,4758]
[0,2876,4758]
[0,506,862,1551,2264,2788,3277,4294,4758]
[0,60,1004,2237,2788,4691,4758]
[0,60,506,862,1551,2264,2788,3277,4294,4758]
[0,1574,2788,3288,4758]
[0,1004,2237,2788,3288,4758]
[0,822,2788,4758]
[0,60,1551,2788,4758]
[0,862,2264,2788,3277,4758]
[0,1004,2237,2788,3288,4691,4758]
[0,862,1551,2264,2788,4758]
[0,822,2088,2788,4758]
[0,60,1574,2788,3288,4691,4758]
[0,2088,2870,4758]
[0,862,1551,2264,2788,3277,4758]
[0,1574,2237,2788,3288,4758]
[0,60,1004,1617,2237,2788,3288,4691,4758]
[0,1551,2264,2788,3277,4691,4758]
[0,60,1004,2788,4758]
[0,1551,2788,4758]
[0,822,2088,2788,4686,4758]
[0,862,1551,2264,2788,3277,4691,4758]
[0,506,1004,1617,2237,2788,3288,4758]
[0,506,862,1551,2264,2788,3277,4691,4758]
[0,1574,2788,4691,4758]
[0,60,1551,2264,2788,4758]
[0,1004,2788,4758]
[0,60,862,1551,2264,2788,3277,4294,4758]
[0,1004,2237,2788,4691,4758]
[0,60,506,862,1551,2264,2788,3277,4691,4758]
[0,2725,4758]
[0,1574,2788,3288,4691,4758]
[0,862,2264,2788,4691,4758]
[0,60,1004,2237,2788,4758]
[0,1551,2264,2788,4758]
[0,60,1004,2237,2788,3288,4691,4758]
[0,60,1574,2237,2788,4686,4758]
[0,506,1004,2237,2788,4758]
[0,506,1004,1617,2237,2788,3288,4691,4758]
[0,1004,1617,2237,2788,3288,4691,4758]
[0,1551,2264,2788,3277,4294,4758]
[0,60,862,2264,2788,3277,4294,4758]
[0,862,1551,2264,2788,3277,4294,4758]
