[0,264,744,1413,1693,2283,2554]
[0,264,1693,1841,2283,2554]
[0,1800,2283,2554]
[0,264,472,744,1413,1693,2283,2554]
[0,264,1246,2283,2554]
[0,2283,2554]
[0,1696,1841,2554]
[0,264,1413,1693,2283,2554]
[0,744,2283,2554]
[0,1246,1800,2554]
[0,1246,1841,2554]
[0,1246,1841,2283,2554]
[0,744,1413,1841,2283,2554]
[0,264,744,1413,2283,2554]
[0,1246,2554]
[0,264,1246,1696,1841,2283,2554]
[0,264,1696,1841,2283,2554]
[0,1413,2554]
[0,744,2554]
[0,1696,1841,2283,2554]
[0,264,1413,2283,2554]
[0,744,1841,2283,2554]
[0,264,1246,1461,1800,2283,2554]
[0,744,1413,1841,2554]
[0,264,1246,1841,2283,2554]
[0,744,1413,2554]
[0,264,744,1413,1841,2283,2554]
[0,1841,2283,2554]
[0,1800,2554]
[0,744,1246,1841,2283,2554]
[0,607,1800,2554]
[0,1246,1800,2283,2554]
[0,744,1413,2283,2554]
[0,1246,2283,2554]
[0,744,1413,1693,2283,2554]
[0,264,472,744,1413,2283,2554]
[0,264,1841,2283,2554]
[0,744,1413,1693,2554]
[0,264,1246,1800,2283,2554]
[0,744,1246,1841,2554]
[0,264,1413,1693,1841,2283,2554]
[0,1413,2283,2554]
[0,264,1841,2554]
[0,1413,1693,2283,2554]
[0,264,744,1246,1696,1841,2283,2554]
[0,1413,1693,2554]
[0,1693,1841,2554]
[0,264,744,1841,2283,2554]
[0,264,2283,2554]
[0,264,1246,1461,2283,2554]
[0,264,744,1413,1693,1841,2283,2554]
[0,1693,1841,2283,2554]
[0,1841,2554]
[0,264,472,744,1413,1693,1841,2283,2554]
[0,744,1841,2554]
[0,264,744,1246,1841,2283,2554]
