[0,804,1250,1765,2349,3329,4083,4285]
[0,2183,4285]
[0,1250,1765,2320,3730,4285]
[0,192,804,1250,1765,2320,2731,3038,3370,4138,4285]
[0,804,1250,1765,2731,3370,4285]
[0,1250,3370,4285]
[0,192,1250,1765,2731,3038,3370,4138,4285]
[0,192,1250,1765,2320,3329,4285]
[0,1250,2320,3730,4285]
[0,1250,1765,2731,3035,3329,3730,4285]
[0,1112,1765,2618,2985,3730,4285]
[0,835,3329,4285]
[0,804,1250,2731,3370,4285]
[0,1250,1765,3329,4285]
[0,1250,2320,3329,4285]
[0,2349,3329,4285]
[0,1250,4285]
[0,192,1250,2731,4138,4285]
[0,835,3223,4285]
[0,192,835,3223,4285]
[0,1250,2731,3730,4285]
[0,1112,2618,3730,4285]
[0,192,1250,1765,2731,3038,3370,4285]
[0,1112,1765,2618,3329,4285]
[0,860,4285]
[0,720,2349,3329,4285]
[0,1250,1765,2731,3038,3370,4285]
[0,804,1250,2731,3035,3730,4285]
[0,1250,1765,2320,3329,4285]
[0,804,1250,1765,2320,2731,3038,3370,4285]
[0,804,1250,1765,2320,3730,4285]
[0,1112,1765,2618,2985,3329,4285]
[0,192,804,1250,1765,2320,2731,3035,3329,3730,4179,4285]
[0,192,804,1250,1765,2320,2731,3038,3370,4285]
[0,1112,3730,4285]
[0,192,1250,2731,3370,4138,4285]
[0,804,1250,1765,2731,3035,3730,4285]
[0,804,1250,1765,2320,2731,3730,4285]
[0,3329,4285]
[0,804,1250,1765,2320,3329,4083,4285]
[0,2618,4285]
[0,192,1250,1765,2320,2731,3035,3329,3730,4179,4285]
[0,1250,1765,2320,2731,3730,4285]
[0,192,804,1250,1765,2320,2731,3035,3329,3730,4285]
[0,2183,3370,4285]
[0,835,3223,4083,4285]
[0,192,1250,1765,2731,3035,3329,3730,4179,4285]
[0,720,2349,3329,4207,4285]
[0,804,4285]
[0,804,1250,1765,2320,2731,3035,3329,3730,4285]
[0,192,1250,3329,4285]
[0,1250,2320,3370,4285]
[0,804,1250,1765,2320,2731,3035,3730,4285]
[0,1112,3329,4285]
[0,192,1250,1765,2320,2731,3038,3370,4138,4285]
[0,1112,2618,4285]
[0,804,1250,3730,4285]
[0,804,1250,1765,2731,3035,3329,3730,4285]
[0,804,1250,2731,3038,3370,4285]
[0,1250,2731,3370,4285]
[0,1250,2349,3329,4285]
[0,1112,4285]
[0,1250,1765,2731,3730,4285]
[0,57,720,2349,3329,4285]
[0,1250,1765,2320,2731,3035,3329,3730,4285]
[0,720,1543,2349,3412,4285]
[0,720,1543,3412,4285]
[0,1543,4285]
[0,192,1250,1765,2731,3035,3329,3730,4285]
[0,1250,1765,2349,3329,4285]
[0,192,1250,1765,2349,3329,4083,4285]
[0,192,1250,2731,3035,3730,4285]
[0,1112,2618,2985,3329,4285]
[0,3370,4285]
[0,1543,2349,3412,4285]
[0,804,1250,2320,3730,4285]
[0,720,3329,4285]
[0,192,835,3329,4285]
[0,192,1250,1765,3329,4285]
[0,1112,1765,2618,3730,4285]
[0,1250,2731,3035,3730,4285]
[0,1250,1765,2320,2731,3038,3370,4285]
[0,192,1250,3370,4285]
[0,192,1250,2731,3370,4285]
[0,1250,2320,4285]
[0,804,3370,4285]
[0,2731,4285]
[0,804,1250,3370,4285]
[0,804,1250,1765,2320,3038,3370,4285]
[0,1250,1765,2731,3370,4285]
[0,192,1250,2731,3035,3329,3730,4285]
[0,192,1250,1765,2320,2731,3035,3329,3730,4285]
[0,1250,1765,2320,2731,3035,3730,4285]
[0,804,1250,1765,2349,3329,4285]
[0,192,1250,2731,3038,3370,4285]
[0,192,1250,3730,4285]
[0,1250,2731,4285]
[0,1112,2618,3329,4285]
[0,192,804,1250,1765,2349,3329,4083,4285]
[0,804,1250,2731,3035,3329,3730,4285]
[0,192,1250,2731,3730,4285]
[0,860,3223,4285]
[0,192,1250,1765,2320,3329,4083,4285]
[0,835,2349,3329,4285]
[0,804,1250,1765,2320,3329,4285]
[0,804,1250,2320,3370,4285]
[0,1543,3412,4285]
[0,192,804,1250,1765,2320,3329,4083,4285]
[0,192,1250,2731,4285]
[0,835,4285]
[0,192,835,2349,3329,4083,4285]
[0,835,2349,3329,4083,4285]
[0,57,1112,1765,2618,2985,3329,3730,4285]
[0,1112,1765,2618,4285]
[0,192,1250,1765,2320,2731,3038,3370,4285]
[0,1112,1765,3329,4285]
[0,804,1250,1765,2731,3730,4285]
[0,1250,1765,2320,3370,4285]
[0,1250,3329,4285]
[0,804,1250,2731,3730,4285]
[0,57,720,2349,3329,4207,4285]
[0,1250,1765,2320,3038,3370,4285]
[0,3223,4285]
[0,1250,3730,4285]
[0,2349,4285]
[0,192,835,2349,3329,4285]
[0,804,1250,1765,2731,3038,3370,4285]
[0,804,1250,1765,3329,4285]
[0,1112,1765,2618,2985,3329,3730,4285]
[0,192,1250,1765,2349,3329,4285]
[0,1250,1765,2320,3329,4083,4285]
[0,1250,1765,2731,3035,3730,4285]
[0,1112,2985,3329,4285]
[0,192,835,3223,4083,4285]
[0,804,1250,3329,4285]
[0,1250,1765,2349,3329,4083,4285]
[0,1250,2731,3038,3370,4285]
[0,1250,2349,4285]
[0,804,1250,1765,2320,3370,4285]
[0,1250,2731,3035,3329,3730,4285]
[0,804,2183,3370,4285]
[0,192,1250,2731,3038,3370,4138,4285]
