[0,230,448,707,834,1055,1264]
[0,507,834,1264]
[0,448,834,1055,1264]
[0,128,448,834,1264]
[0,507,696,834,1264]
[0,128,448,707,834,1055,1264]
[0,448,707,834,1055,1180,1264]
[0,448,707,834,1264]
[0,128,448,707,834,1264]
[0,230,545,1264]
[0,1071,1180,1264]
[0,507,696,834,1071,1264]
[0,230,507,834,1264]
[0,230,545,707,1264]
[0,230,507,696,834,1071,1180,1264]
[0,448,834,1264]
[0,230,448,773,1055,1264]
[0,507,696,834,1071,1180,1264]
[0,507,834,1071,1264]
[0,448,773,1055,1180,1264]
[0,545,1264]
[0,273,696,1264]
[0,448,1264]
[0,230,448,707,1264]
[0,230,448,1180,1264]
[0,507,1264]
[0,551,1264]
[0,696,1264]
[0,230,448,707,834,1055,1180,1264]
[0,230,448,834,1264]
[0,230,545,1071,1180,1264]
[0,230,545,1071,1264]
[0,230,448,1055,1180,1264]
[0,448,707,1264]
[0,448,1180,1264]
[0,230,448,707,834,1264]
[0,507,834,1071,1180,1264]
[0,1180,1264]
[0,273,1264]
[0,545,1071,1264]
[0,448,707,834,1071,1264]
[0,545,1071,1180,1264]
[0,448,707,773,1055,1180,1264]
[0,230,448,834,1071,1264]
[0,448,1071,1180,1264]
[0,448,1055,1180,1264]
[0,507,1071,1264]
[0,230,448,1264]
[0,230,507,834,1071,1264]
[0,448,707,834,1055,1264]
[0,128,448,834,1055,1264]
[0,230,448,834,1055,1264]
[0,230,448,707,773,1055,1180,1264]
[0,448,834,1055,1180,1264]
[0,230,545,707,1116,1264]
[0,128,448,707,834,1055,1180,1264]
[0,448,834,1071,1180,1264]
[0,448,1071,1264]
[0,1071,1264]
[0,230,448,1055,1264]
[0,230,448,773,1055,1180,1264]
[0,230,448,707,834,1071,1180,1264]
[0,448,773,1055,1264]
[0,230,448,773,1264]
[0,230,448,707,834,1071,1264]
[0,448,1055,1264]
[0,230,448,707,1180,1264]
[0,448,834,1071,1264]
[0,230,507,696,834,1264]
[0,507,1071,1180,1264]
[0,448,707,834,1071,1180,1264]
[0,230,507,696,834,1071,1264]
[0,448,773,1264]
