[0,485,825,1157,1465]
[0,485,1465]
[0,630,1157,1465]
[0,136,260,485,630,825,909,1157,1465]
[0,136,260,630,815,1208,1465]
[0,136,260,485,630,825,1157,1465]
[0,50,136,260,485,630,825,1157,1465]
[0,260,657,1465]
[0,260,630,1047,1208,1465]
[0,677,1210,1465]
[0,50,136,260,630,1157,1465]
[0,389,1089,1465]
[0,136,260,630,1208,1465]
[0,260,630,815,1047,1208,1465]
[0,136,968,1210,1465]
[0,657,1208,1465]
[0,136,409,677,1210,1465]
[0,1208,1465]
[0,657,1157,1465]
[0,50,136,260,630,815,1047,1208,1389,1465]
[0,485,825,1465]
[0,1157,1465]
[0,389,1465]
[0,136,260,630,1047,1208,1465]
[0,136,260,630,815,1047,1208,1465]
[0,50,136,260,630,825,1047,1208,1389,1465]
[0,485,630,1157,1465]
[0,260,485,630,825,1157,1465]
[0,136,677,1210,1465]
[0,409,677,1210,1465]
[0,136,630,1157,1465]
[0,260,1208,1465]
[0,136,485,630,825,1157,1465]
[0,657,1465]
[0,136,260,485,630,1157,1465]
[0,260,630,825,1157,1465]
[0,50,136,260,485,630,825,1047,1157,1465]
[0,485,630,825,1157,1465]
[0,409,657,1208,1465]
[0,136,409,657,1208,1465]
[0,50,136,260,630,815,1047,1208,1465]
[0,630,1465]
[0,50,136,260,630,1208,1465]
[0,136,409,657,1157,1465]
[0,136,260,630,825,1047,1208,1389,1465]
[0,136,1210,1465]
[0,136,657,1157,1465]
[0,50,136,260,630,1047,1208,1465]
[0,136,1157,1465]
[0,136,260,630,825,1047,1208,1465]
[0,260,657,1208,1465]
[0,136,485,630,1157,1465]
[0,50,136,260,485,630,825,909,1157,1465]
[0,260,1465]
[0,136,260,485,630,825,1047,1157,1465]
[0,409,657,1157,1465]
[0,260,630,825,1047,1208,1465]
[0,136,485,630,825,1047,1157,1465]
[0,260,630,1465]
[0,409,1465]
[0,825,1465]
[0,825,1157,1465]
[0,50,136,260,630,815,1208,1465]
[0,968,1210,1465]
[0,136,260,630,815,1047,1208,1389,1465]
[0,260,485,630,1157,1465]
[0,260,630,1208,1465]
[0,1089,1465]
[0,1210,1465]
[0,260,630,1157,1465]
[0,136,260,630,1157,1465]
[0,136,657,1208,1465]
[0,409,677,1465]
[0,136,1208,1465]
[0,260,630,825,1208,1465]
[0,260,630,815,1208,1465]
[0,677,1465]
[0,50,136,260,485,630,1157,1465]
[0,260,485,630,825,909,1157,1465]
[0,50,136,260,630,825,1047,1208,1465]
