[0,575,836,1117,1599,2019]
[0,201,836,2019]
[0,201,836,1117,1336,1434,1599,2019]
[0,1117,2019]
[0,575,1117,1599,2019]
[0,201,836,1437,2019]
[0,201,1117,1434,1599,2019]
[0,201,836,1117,1599,2019]
[0,836,1117,1599,2019]
[0,201,836,1117,1336,1599,2019]
[0,836,1434,1599,2019]
[0,201,1117,1336,1434,1599,2019]
[0,836,1117,1336,1599,2019]
[0,575,1117,1336,1599,2019]
[0,201,575,836,1117,1336,1599,2019]
[0,575,1117,2019]
[0,202,1117,1437,2019]
[0,836,1336,2019]
[0,1117,1599,2019]
[0,202,1117,2019]
[0,201,1117,1599,2019]
[0,201,836,1437,1599,2019]
[0,201,836,1117,1437,1881,2019]
[0,575,2019]
[0,201,836,1881,2019]
[0,201,836,1117,1336,1437,1599,2019]
[0,1117,1336,1437,1599,2019]
[0,201,836,1117,2019]
[0,836,1437,2019]
[0,202,1117,1599,2019]
[0,575,1117,1336,2019]
[0,201,836,1117,1437,1599,2019]
[0,1117,1437,1599,2019]
[0,201,836,1434,1599,2019]
[0,1117,1336,1434,1599,2019]
[0,201,836,1117,1336,2019]
[0,1117,1434,1599,2019]
[0,201,836,1117,1336,1840,2019]
[0,201,836,1599,2019]
[0,836,1117,1336,2019]
[0,201,836,1117,1437,2019]
[0,201,836,1117,1881,2019]
[0,836,1117,1437,2019]
[0,374,2019]
[0,1117,1336,2019]
[0,836,1599,2019]
[0,202,2019]
[0,836,2019]
[0,836,1117,2019]
[0,201,836,1117,1434,1599,2019]
[0,201,1117,1437,1599,2019]
[0,1117,1437,2019]
[0,201,1117,1336,2019]
[0,575,836,1117,1336,1599,2019]
[0,836,1437,1599,2019]
[0,201,1117,1336,1437,1599,2019]
