[0,390,861,1268,1478,1796,1875]
[0,207,390,861,1875]
[0,390,905,1268,1796,1875]
[0,390,905,1268,1478,1796,1875]
[0,295,390,861,1268,1478,1875]
[0,207,390,861,1268,1478,1875]
[0,390,905,1478,1875]
[0,390,861,1268,1875]
[0,390,905,1268,1478,1875]
[0,390,861,1796,1875]
[0,861,1268,1875]
[0,1478,1875]
[0,390,861,1268,1478,1875]
[0,390,1875]
[0,390,905,1875]
[0,207,390,861,1268,1478,1796,1875]
[0,905,1478,1875]
[0,390,905,1268,1875]
[0,295,390,905,1268,1478,1875]
[0,861,1875]
[0,905,1875]
[0,295,390,905,1268,1478,1796,1875]
[0,390,861,1875]
[0,207,390,861,1268,1796,1875]
[0,390,1796,1875]
[0,390,905,1796,1875]
[0,207,390,861,1268,1875]
[0,390,861,1478,1875]
[0,295,390,861,1268,1478,1796,1875]
[0,861,1478,1875]
[0,390,861,1268,1796,1875]
[0,1796,1875]
