[0,482,1290,2529,2956]
[0,482,2529,2956]
[0,482,1290,1637,2368,2640,2956]
[0,482,1290,1637,2529,2956]
[0,482,1290,1637,1994,2368,2956]
[0,409,1290,2368,2956]
[0,482,1290,1637,2368,2956]
[0,482,1290,2368,2956]
[0,737,1290,1994,2368,2956]
[0,737,1290,1637,1994,2368,2640,2956]
[0,737,1290,1637,1994,2368,2956]
[0,482,2368,2956]
[0,255,482,1290,2368,2640,2956]
[0,1330,2956]
[0,482,1290,1994,2368,2956]
[0,482,1290,1637,1994,2368,2640,2956]
[0,409,1290,2368,2640,2956]
[0,482,1290,1637,1850,2368,2640,2956]
[0,1290,2368,2640,2956]
[0,482,737,1290,1637,1994,2368,2640,2956]
[0,1290,2529,2956]
[0,1290,2956]
[0,482,2956]
[0,737,1290,2368,2640,2956]
[0,255,482,1290,1637,1850,2368,2640,2956]
[0,255,482,737,1290,1637,1994,2368,2640,2956]
[0,1290,2368,2956]
[0,2529,2956]
[0,482,1290,2368,2640,2956]
[0,255,482,1290,1637,2368,2640,2956]
[0,2368,2956]
[0,482,1290,1994,2368,2640,2956]
[0,482,1330,2956]
[0,737,1290,1994,2368,2640,2956]
[0,737,1290,2368,2956]
[0,255,482,1290,1637,1994,2368,2640,2956]
[0,482,1330,2529,2956]
[0,482,1290,2956]
