[0,164,543,914,1078,1146,1197]
[0,164,543,600,914,1197]
[0,164,399,767,914,1197]
[0,399,914,1078,1146,1197]
[0,164,543,767,914,1078,1146,1197]
[0,543,914,1197]
[0,164,323,543,785,914,1078,1146,1197]
[0,164,543,767,914,1078,1197]
[0,543,611,914,1197]
[0,164,543,600,914,1078,1197]
[0,399,600,785,914,1197]
[0,323,1078,1197]
[0,543,767,914,1078,1197]
[0,164,399,600,914,1197]
[0,1078,1197]
[0,164,543,600,785,914,1197]
[0,399,785,914,1078,1197]
[0,543,1197]
[0,323,543,914,1078,1197]
[0,164,323,543,785,914,1197]
[0,543,611,767,914,1197]
[0,164,399,543,600,785,914,1078,1197]
[0,164,323,543,914,1197]
[0,399,1078,1197]
[0,399,600,914,1197]
[0,399,914,1078,1197]
[0,543,914,1146,1197]
[0,543,611,767,914,1078,1197]
[0,611,1197]
[0,164,399,914,1197]
[0,164,543,914,1146,1197]
[0,399,767,914,1078,1146,1197]
[0,323,914,1078,1197]
[0,543,611,1078,1197]
[0,399,914,1146,1197]
[0,164,399,785,914,1078,1197]
[0,399,600,785,914,1078,1197]
[0,164,543,785,914,1197]
[0,399,767,914,1146,1197]
[0,399,785,914,1197]
[0,164,399,767,914,1078,1197]
[0,543,611,1197]
[0,543,611,1146,1197]
[0,164,543,600,785,914,1146,1197]
[0,164,399,767,914,1078,1146,1197]
[0,164,543,785,914,1078,1146,1197]
[0,323,914,1197]
[0,399,914,1197]
[0,543,767,914,1197]
[0,914,1146,1197]
[0,164,399,785,914,1078,1146,1197]
[0,164,399,785,914,1197]
[0,399,767,914,1197]
[0,543,600,914,1078,1197]
[0,543,600,914,1146,1197]
[0,164,543,767,914,1197]
[0,164,399,600,785,914,1078,1197]
[0,323,1197]
[0,1146,1197]
[0,164,543,600,914,1146,1197]
[0,543,611,914,1078,1197]
[0,164,399,600,785,914,1197]
[0,164,543,611,767,914,1078,1197]
[0,164,543,914,1197]
[0,164,543,785,914,1078,1197]
[0,543,914,1078,1197]
[0,399,785,914,1078,1146,1197]
[0,164,323,543,785,914,1078,1197]
[0,543,611,914,1146,1197]
[0,323,543,914,1197]
[0,543,600,914,1197]
[0,543,611,767,914,1146,1197]
[0,164,543,611,767,914,1146,1197]
[0,543,1146,1197]
[0,164,543,611,767,914,1197]
[0,399,1197]
[0,399,767,914,1078,1197]
[0,543,1078,1197]
[0,164,399,543,600,785,914,1078,1146,1197]
[0,164,543,600,785,914,1078,1146,1197]
[0,164,543,611,767,914,1078,1146,1197]
[0,914,1197]
[0,164,543,600,785,914,1078,1197]
[0,164,543,914,1078,1197]
