[0,1139,2012,2759]
[0,520,1139,1566,2010,2366,2759]
[0,255,520,1139,1566,2010,2366,2759]
[0,520,1139,2010,2366,2498,2759]
[0,1083,2012,2759]
[0,520,1142,2071,2759]
[0,1139,2012,2366,2759]
[0,1083,2759]
[0,255,520,1139,2010,2366,2498,2759]
[0,546,1142,2012,2759]
[0,1139,2759]
[0,255,520,933,1139,1566,2010,2366,2498,2759]
[0,1142,2759]
[0,255,520,933,1139,1566,2010,2071,2366,2498,2759]
[0,255,520,933,1139,1566,2010,2366,2759]
[0,520,1139,2010,2759]
[0,255,520,1139,2010,2366,2759]
[0,1142,2012,2759]
[0,255,520,1139,1566,2010,2071,2366,2498,2759]
[0,1139,2010,2759]
[0,520,1139,2010,2366,2759]
[0,520,1139,2012,2759]
[0,520,1139,2012,2366,2759]
[0,1142,2071,2759]
[0,520,1142,2012,2366,2759]
[0,520,1139,1566,2010,2759]
[0,255,520,1139,1566,2010,2366,2498,2759]
[0,546,1142,2012,2366,2759]
[0,520,1142,2012,2759]
[0,1142,2012,2366,2759]
[0,1139,2010,2366,2759]
