[0,551,979,1046]
[0,116,476,686,1046]
[0,122,476,686,800,1046]
[0,116,200,476,686,1046]
[0,116,200,476,686,800,1046]
[0,200,686,1046]
[0,476,788,1046]
[0,200,476,979,1046]
[0,122,551,1046]
[0,122,476,686,800,979,1046]
[0,200,476,686,1046]
[0,979,1046]
[0,200,1046]
[0,551,1046]
[0,122,551,979,1046]
[0,200,476,686,979,1046]
[0,476,979,1046]
[0,116,200,1046]
[0,476,686,800,979,1046]
[0,116,476,686,800,1046]
[0,122,476,686,1046]
[0,116,200,686,1046]
[0,476,686,1046]
[0,476,1046]
[0,200,476,686,800,1046]
[0,686,1046]
[0,200,476,1046]
[0,116,200,476,686,800,979,1046]
[0,200,476,686,800,979,1046]
[0,476,686,800,1046]
