[0,58,2836,3802,4758]
[0,1390,1812,2409,2836,4535,4758]
[0,2363,2836,4563,4758]
[0,2409,2836,4758]
[0,1390,1812,2836,4535,4758]
[0,58,4535,4758]
[0,2756,3995,4758]
[0,1073,2836,4758]
[0,1390,2409,2836,4758]
[0,1812,2836,4535,4758]
[0,1275,2836,4086,4758]
[0,58,2836,4563,4758]
[0,2310,2932,4758]
[0,1073,2836,3802,4758]
[0,2363,2932,4086,4758]
[0,58,2310,2932,4535,4758]
[0,1812,2836,4758]
[0,58,2932,4535,4758]
[0,2836,4086,4758]
[0,1275,2836,4758]
[0,2836,3802,4758]
[0,58,1812,2932,4535,4758]
[0,2836,4535,4758]
[0,1390,1812,2409,2836,4758]
[0,4086,4758]
[0,58,4563,4758]
[0,4535,4758]
[0,199,2363,2932,4086,4758]
[0,2836,4758]
[0,58,1812,2409,2836,4535,4758]
[0,3201,4758]
[0,1812,2409,2836,4535,4758]
[0,1390,1812,2836,4758]
[0,2363,2836,4758]
[0,1390,2836,4758]
[0,58,4758]
[0,1812,2932,4535,4758]
[0,199,4758]
[0,58,2363,2836,4758]
[0,58,2409,2836,4535,4758]
[0,4563,4758]
[0,2310,2932,4535,4758]
[0,2836,4563,4758]
[0,58,1073,2836,4758]
[0,2756,4758]
[0,2932,4086,4758]
[0,2932,4535,4758]
[0,199,2836,4086,4758]
[0,1812,2932,4758]
[0,199,4086,4758]
[0,2932,4758]
[0,1812,2409,2836,4758]
[0,3995,4758]
[0,199,1275,2836,4086,4758]
[0,58,1390,1812,2409,2836,4535,4758]
[0,2409,2836,4535,4758]
[0,58,2363,2836,4563,4758]
[0,199,2932,4086,4758]
[0,58,2836,4535,4758]
[0,58,2836,4758]
[0,58,1073,2836,3802,4758]
