[0,428,1504,1950,2053]
[0,54,428,1522,1733,1950,2003,2053]
[0,428,1504,1559,2003,2053]
[0,428,1522,1733,2053]
[0,54,428,1504,1559,2003,2053]
[0,54,428,1477,1522,1733,2003,2053]
[0,54,428,1504,1559,1950,2053]
[0,54,428,1504,1559,1733,2000,2053]
[0,428,1504,1733,2053]
[0,428,1522,2053]
[0,428,1504,1559,1950,2053]
[0,54,428,1522,1733,2003,2053]
[0,54,428,1504,1559,1733,2003,2053]
[0,428,1504,1559,2053]
[0,428,1504,1559,1733,2053]
[0,1504,2053]
[0,428,1504,2053]
[0,1559,2053]
[0,54,428,1522,1733,2053]
[0,54,428,1504,1559,1733,2053]
[0,428,1522,1733,2003,2053]
[0,54,428,1522,2053]
[0,54,428,1504,1559,2000,2053]
[0,428,1522,1733,1950,2053]
[0,1522,2053]
[0,54,428,1477,1522,1733,1950,2003,2053]
[0,54,428,1522,1733,1950,2053]
[0,428,1522,2003,2053]
[0,54,428,1504,1559,2053]
[0,428,1504,1559,2000,2053]
[0,54,428,1504,1559,1950,2003,2053]
