[0,944,1541,2239,2812]
[0,301,2812]
[0,1541,2239,2812]
[0,2090,2812]
[0,223,518,2029,2657,2812]
[0,454,2239,2812]
[0,86,223,454,2090,2657,2812]
[0,223,454,2239,2812]
[0,454,1541,2239,2812]
[0,223,518,2029,2812]
[0,86,223,454,944,1299,2090,2657,2812]
[0,223,454,944,1299,2090,2657,2812]
[0,223,518,2090,2657,2812]
[0,223,454,944,1541,2239,2657,2812]
[0,518,2221,2812]
[0,944,2239,2657,2812]
[0,944,2239,2812]
[0,86,223,454,2090,2812]
[0,301,1007,2239,2812]
[0,1007,2812]
[0,1007,2239,2812]
[0,223,518,2221,2657,2812]
[0,454,944,1541,2239,2812]
[0,223,454,1541,2239,2812]
[0,223,454,1299,2090,2657,2812]
[0,518,2029,2657,2812]
[0,1299,2090,2812]
[0,301,2239,2812]
[0,944,1541,2239,2657,2812]
[0,454,944,1299,2090,2812]
[0,2239,2812]
[0,223,518,2090,2812]
[0,518,2090,2657,2812]
[0,944,1541,2812]
[0,518,2029,2812]
[0,1299,2812]
[0,1541,2812]
[0,518,2221,2657,2812]
[0,223,454,1541,2239,2657,2812]
[0,223,454,1299,2090,2812]
[0,223,454,944,1541,2239,2812]
[0,301,2239,2657,2812]
[0,2221,2812]
[0,454,1299,2090,2812]
[0,518,2090,2812]
[0,86,223,454,1299,2090,2657,2812]
[0,2029,2812]
[0,944,2812]
[0,454,2090,2812]
[0,223,454,2090,2657,2812]
[0,223,454,2090,2812]
[0,223,454,2239,2657,2812]
[0,223,454,944,1299,2090,2812]
[0,223,518,2221,2812]
