[0,535,4285]
[0,535,1397,2214,4131,4285]
[0,908,1397,2116,2955,4285]
[0,652,1397,2155,4285]
[0,652,1397,2155,2955,4285]
[0,969,2091,3366,4285]
[0,1397,2116,3366,4131,4285]
[0,535,2214,4285]
[0,1397,2955,4285]
[0,377,908,1397,2116,2955,3366,3571,4131,4285]
[0,1397,3199,4285]
[0,377,908,1397,2116,2955,3366,4285]
[0,1397,2155,2955,4285]
[0,652,1397,4131,4285]
[0,442,969,2214,2955,4131,4285]
[0,908,2116,2955,4285]
[0,969,2214,2955,4285]
[0,535,1397,2214,3199,4131,4285]
[0,969,2116,4131,4285]
[0,442,969,2091,3366,4131,4285]
[0,442,969,2116,2955,3366,3571,4131,4285]
[0,908,4285]
[0,969,1620,2214,2955,4285]
[0,535,1397,4285]
[0,442,969,1610,2116,2955,3366,3571,4285]
[0,1397,2116,4285]
[0,1397,2214,3199,4285]
[0,442,969,2116,3366,3571,4131,4285]
[0,652,2155,4285]
[0,1397,2155,4285]
[0,908,2116,4044,4285]
[0,442,969,2091,2967,4131,4285]
[0,908,2116,3366,4285]
[0,442,969,2116,4285]
[0,2116,4285]
[0,969,2091,2967,4285]
[0,969,2116,4285]
[0,969,1610,2116,3366,4285]
[0,2155,2955,4285]
[0,377,908,1397,2116,2955,4131,4285]
[0,442,969,2091,3366,4285]
[0,377,908,1397,2116,2296,2955,3366,4285]
[0,442,969,2116,3366,4131,4285]
[0,908,2116,4285]
[0,442,969,2091,2955,3366,3571,4285]
[0,442,969,1620,2214,2955,4285]
[0,1397,2116,4131,4285]
[0,652,1397,2155,4131,4285]
[0,377,908,1397,2116,3366,3571,4285]
[0,652,1397,2155,2955,4131,4285]
[0,652,1397,4285]
[0,969,2116,3366,4285]
[0,442,969,2116,4131,4285]
[0,377,1397,2116,3366,3571,4285]
[0,442,969,2091,4285]
[0,377,1397,2116,3366,3571,4131,4285]
[0,2091,4285]
[0,969,2091,4285]
[0,652,2155,2955,4285]
[0,2214,3199,4285]
[0,969,4131,4285]
[0,969,2214,4285]
[0,442,969,1610,2116,2955,3366,4285]
[0,377,1397,2116,3366,4285]
[0,377,908,1397,2116,2955,3366,3571,4285]
[0,442,969,2091,4131,4285]
[0,535,1397,4131,4285]
[0,535,1397,2214,4285]
[0,442,969,2091,2967,4285]
[0,377,1397,4131,4285]
[0,377,1397,4285]
[0,377,908,1397,2116,2955,4285]
[0,377,908,1397,2116,2296,2955,3366,4131,4285]
[0,377,908,1397,2116,2296,2955,4131,4285]
[0,377,908,1397,2116,3366,4285]
[0,442,969,2116,3366,3571,4285]
[0,2214,4285]
[0,908,2116,3026,4044,4285]
[0,908,1397,2116,2955,3366,4285]
[0,1397,2116,2955,4285]
[0,908,1397,2116,3366,4285]
[0,1397,4285]
[0,442,969,2116,3366,4285]
[0,535,1397,2214,3199,4285]
[0,1397,3366,4285]
[0,442,969,1610,2116,3366,4285]
[0,442,969,2116,2955,3366,4285]
[0,377,908,1397,2116,3366,3571,4131,4285]
[0,442,969,2091,3366,3571,4131,4285]
[0,2116,3026,4285]
[0,1397,2116,3366,4285]
[0,535,2214,3199,4285]
[0,377,1397,2116,4131,4285]
[0,377,1397,2116,4285]
[0,377,908,1397,2116,2296,2955,3366,3571,4131,4285]
[0,377,908,1397,2116,2296,2955,3366,3571,4285]
[0,442,969,2091,2955,3366,4285]
[0,377,1397,2116,3366,4131,4285]
[0,969,2091,4131,4285]
[0,377,1397,2116,2955,4285]
[0,969,2214,2955,4131,4285]
[0,442,969,2091,3366,3571,4285]
[0,442,969,2116,2955,3366,3571,4285]
[0,1397,2214,4285]
[0,442,969,2214,2955,4285]
[0,969,4285]
[0,652,4285]
[0,1397,4131,4285]
[0,442,969,2091,2955,3366,3571,4131,4285]
[0,442,969,1620,2214,2955,4131,4285]
[0,377,908,1397,2116,2296,2955,4285]
[0,442,969,1610,2116,2955,3366,3571,4131,4285]
[0,969,2214,4131,4285]
[0,377,1397,2116,2955,4131,4285]
[0,2155,4285]
[0,2116,3366,4285]
[0,908,2116,3026,4285]
