[0,1073,1562]
[0,376,1073,1321,1562]
[0,376,523,650,750,1073,1321,1562]
[0,98,1073,1254,1321,1562]
[0,98,376,1073,1321,1562]
[0,98,650,1254,1562]
[0,376,1073,1562]
[0,386,1562]
[0,98,376,650,750,1073,1321,1562]
[0,98,523,650,1073,1254,1321,1562]
[0,523,650,1562]
[0,793,1073,1562]
[0,98,148,523,650,750,1073,1254,1321,1562]
[0,376,523,650,1321,1562]
[0,98,376,523,650,1073,1321,1562]
[0,98,650,750,1073,1321,1562]
[0,523,1073,1321,1562]
[0,98,376,523,650,750,1321,1562]
[0,461,1321,1562]
[0,98,461,1073,1254,1321,1562]
[0,376,523,650,750,1321,1562]
[0,750,1073,1562]
[0,376,750,1073,1562]
[0,523,650,793,1321,1562]
[0,98,523,650,1073,1321,1562]
[0,98,650,1562]
[0,98,376,523,650,750,1073,1254,1321,1562]
[0,376,650,750,1073,1321,1562]
[0,98,650,750,1073,1254,1321,1562]
[0,98,1073,1321,1562]
[0,523,1254,1562]
[0,523,650,1073,1321,1562]
[0,376,523,650,793,1073,1254,1321,1562]
[0,376,523,1073,1321,1562]
[0,461,1562]
[0,98,461,1073,1321,1562]
[0,1254,1321,1562]
[0,523,1073,1562]
[0,98,650,750,1321,1562]
[0,46,650,793,1073,1254,1321,1562]
[0,1073,1254,1321,1562]
[0,98,376,523,650,793,1073,1321,1562]
[0,523,650,1321,1562]
[0,650,1562]
[0,376,650,1321,1562]
[0,650,1321,1562]
[0,376,650,1562]
[0,98,376,1321,1562]
[0,98,376,523,650,1073,1254,1321,1562]
[0,376,793,1073,1562]
[0,98,376,650,750,1321,1562]
[0,46,650,1073,1254,1321,1562]
[0,98,523,650,1073,1562]
[0,376,650,750,1321,1562]
[0,98,650,1321,1562]
[0,134,650,1562]
[0,46,1073,1321,1562]
[0,98,376,650,793,1073,1321,1562]
[0,98,461,1254,1562]
[0,376,1562]
[0,1254,1562]
[0,46,523,650,793,1073,1254,1321,1562]
[0,650,750,1073,1321,1562]
[0,650,1073,1254,1321,1562]
[0,46,1073,1254,1321,1562]
[0,98,1321,1562]
[0,98,376,650,793,1073,1254,1321,1562]
[0,461,1254,1562]
[0,376,750,1073,1321,1562]
[0,523,1562]
[0,98,376,523,650,793,1321,1562]
[0,98,523,650,750,1073,1321,1562]
[0,461,1073,1562]
[0,98,376,523,650,750,1073,1321,1562]
[0,98,376,523,1073,1254,1321,1562]
[0,98,148,650,750,1073,1254,1321,1562]
[0,650,793,1073,1321,1562]
[0,98,148,376,523,650,750,1073,1254,1321,1562]
[0,98,650,793,1073,1321,1562]
[0,523,650,750,1321,1562]
[0,376,1321,1562]
[0,650,750,1321,1562]
[0,98,650,1073,1562]
[0,98,523,650,750,1073,1254,1321,1562]
[0,134,650,1254,1562]
[0,98,523,650,1254,1562]
[0,523,650,793,1073,1254,1321,1562]
[0,793,1073,1254,1321,1562]
[0,461,1073,1321,1562]
[0,98,1073,1562]
[0,650,793,1073,1254,1321,1562]
[0,98,376,523,650,793,1073,1254,1321,1562]
[0,523,650,1254,1562]
[0,650,793,1321,1562]
[0,98,376,650,750,1073,1254,1321,1562]
[0,46,1321,1562]
[0,750,1073,1321,1562]
[0,98,650,1073,1254,1321,1562]
[0,98,376,650,1321,1562]
[0,98,523,1254,1562]
[0,98,650,793,1073,1254,1321,1562]
[0,650,1073,1321,1562]
[0,1073,1321,1562]
[0,376,523,650,793,1321,1562]
[0,386,1254,1562]
[0,376,523,650,1073,1321,1562]
[0,376,523,650,793,1073,1321,1562]
[0,793,1073,1321,1562]
[0,98,376,523,650,1321,1562]
[0,376,650,793,1321,1562]
[0,523,650,793,1073,1321,1562]
[0,98,461,1321,1562]
[0,98,1254,1562]
[0,98,650,793,1321,1562]
[0,98,650,750,1254,1321,1562]
[0,98,650,1073,1321,1562]
[0,1321,1562]
[0,650,1254,1562]
[0,46,376,523,650,793,1073,1254,1321,1562]
[0,98,376,1073,1254,1321,1562]
[0,523,650,750,1073,1321,1562]
[0,376,793,1073,1321,1562]
[0,98,376,523,1073,1321,1562]
[0,98,523,650,1321,1562]
[0,376,650,793,1073,1321,1562]
[0,523,650,1073,1562]
[0,650,1073,1562]
[0,98,461,1073,1562]
