[0,165,1581,1651]
[0,165,251,1096,1175,1296,1581,1651]
[0,251,1181,1359,1451,1651]
[0,165,251,1101,1181,1301,1651]
[0,165,251,1296,1581,1651]
[0,165,251,1296,1651]
[0,213,1296,1581,1651]
[0,165,1096,1175,1651]
[0,213,1101,1175,1301,1581,1651]
[0,166,1175,1581,1651]
[0,166,1296,1581,1651]
[0,251,1360,1651]
[0,165,1175,1296,1651]
[0,165,251,1096,1175,1296,1651]
[0,165,712,1175,1296,1581,1651]
[0,165,1096,1175,1296,1651]
[0,165,1296,1581,1651]
[0,1360,1651]
[0,166,1175,1651]
[0,165,251,1101,1181,1360,1581,1651]
[0,1175,1651]
[0,1296,1581,1651]
[0,213,1301,1651]
[0,165,1175,1651]
[0,1296,1651]
[0,165,251,1181,1301,1651]
[0,165,251,1101,1181,1359,1651]
[0,165,251,1359,1651]
[0,165,712,1175,1296,1651]
[0,251,1175,1296,1651]
[0,165,251,1175,1359,1651]
[0,213,1175,1301,1581,1651]
[0,165,251,1301,1581,1651]
[0,1289,1651]
[0,165,1096,1175,1296,1581,1651]
[0,251,1181,1301,1651]
[0,251,1175,1359,1651]
[0,165,1175,1581,1651]
[0,165,251,1360,1581,1651]
[0,165,251,1175,1359,1451,1651]
[0,251,1359,1651]
[0,165,251,1096,1175,1359,1451,1581,1651]
[0,165,251,1181,1360,1581,1651]
[0,251,1181,1360,1651]
[0,251,1301,1581,1651]
[0,213,1301,1581,1651]
[0,165,251,1359,1581,1651]
[0,165,251,1181,1359,1451,1651]
[0,165,251,1181,1359,1651]
[0,213,1175,1301,1651]
[0,1175,1581,1651]
[0,165,251,1360,1651]
[0,251,1360,1581,1651]
[0,165,712,1296,1581,1651]
[0,1301,1651]
[0,251,1359,1581,1651]
[0,165,1651]
[0,251,1181,1359,1651]
[0,165,251,1101,1181,1360,1651]
[0,165,251,1175,1296,1651]
[0,165,251,1101,1181,1301,1581,1651]
[0,251,1301,1651]
[0,165,251,1101,1181,1359,1451,1581,1651]
[0,712,1296,1651]
[0,165,712,1296,1651]
[0,165,251,1101,1181,1359,1581,1651]
[0,166,1296,1651]
[0,165,251,1101,1181,1359,1451,1651]
[0,251,1296,1581,1651]
[0,251,1296,1651]
[0,165,251,1175,1359,1581,1651]
[0,165,251,1096,1175,1359,1651]
[0,213,1296,1651]
[0,165,1296,1651]
[0,165,251,1096,1175,1359,1581,1651]
[0,166,1289,1651]
[0,712,1651]
[0,165,1175,1296,1581,1651]
[0,165,251,1181,1301,1581,1651]
[0,165,251,1181,1360,1651]
[0,251,1175,1359,1451,1651]
[0,165,251,1181,1359,1581,1651]
[0,165,251,1096,1175,1359,1451,1651]
[0,213,1101,1175,1301,1651]
[0,165,251,1301,1651]
[0,1359,1651]
[0,165,251,1175,1296,1581,1651]
