[0,593,760,969]
[0,532,969]
[0,98,760,969]
[0,98,466,760,969]
[0,286,593,969]
[0,98,286,649,760,969]
[0,49,286,649,760,852,969]
[0,49,286,466,524,760,922,969]
[0,466,969]
[0,286,466,649,969]
[0,49,286,466,649,760,852,969]
[0,286,649,760,969]
[0,98,286,466,593,760,852,969]
[0,98,969]
[0,135,466,593,760,969]
[0,286,524,760,969]
[0,135,649,969]
[0,98,333,741,969]
[0,49,286,466,593,760,852,969]
[0,49,286,760,852,969]
[0,135,286,760,969]
[0,286,593,760,969]
[0,49,466,532,760,969]
[0,49,969]
[0,49,286,649,760,922,969]
[0,333,741,969]
[0,49,466,532,969]
[0,49,160,286,466,593,760,852,922,969]
[0,98,286,760,852,969]
[0,286,593,760,852,969]
[0,49,286,466,532,593,760,852,922,969]
[0,135,466,593,969]
[0,286,649,969]
[0,466,760,852,969]
[0,49,98,286,466,532,760,852,969]
[0,524,969]
[0,286,532,969]
[0,160,760,969]
[0,49,286,760,922,969]
[0,49,286,593,760,852,969]
[0,147,593,969]
[0,98,741,969]
[0,135,593,969]
[0,147,466,593,760,852,969]
[0,49,286,466,649,760,969]
[0,98,466,593,760,969]
[0,98,286,593,760,969]
[0,286,969]
[0,49,286,466,593,760,852,922,969]
[0,98,466,532,760,969]
[0,98,286,649,969]
[0,98,286,466,649,760,969]
[0,135,286,466,593,969]
[0,147,969]
[0,98,286,466,649,760,852,969]
[0,98,286,649,852,969]
[0,741,969]
[0,49,98,286,466,532,593,760,852,922,969]
[0,466,593,760,969]
[0,286,466,532,593,760,852,969]
[0,49,466,524,969]
[0,286,466,532,969]
[0,286,524,969]
[0,135,286,466,524,593,760,852,969]
[0,286,649,852,969]
[0,49,135,286,466,524,649,760,969]
[0,160,466,593,760,969]
[0,160,466,593,760,852,969]
[0,160,286,466,593,760,969]
[0,286,466,532,760,852,969]
[0,466,593,969]
[0,147,286,466,593,760,969]
[0,98,286,466,649,760,922,969]
[0,98,286,760,969]
[0,286,649,760,852,969]
[0,286,532,760,969]
[0,276,698,969]
[0,760,969]
[0,98,286,466,593,969]
[0,98,286,649,760,922,969]
[0,135,286,466,524,760,969]
[0,98,286,466,532,760,852,969]
[0,135,466,760,969]
[0,286,466,649,760,969]
[0,147,286,593,760,969]
[0,49,135,286,466,524,649,760,922,969]
[0,98,466,760,852,969]
[0,98,466,593,969]
[0,98,593,969]
[0,49,286,466,524,760,969]
[0,135,760,969]
[0,49,147,286,466,593,760,852,969]
[0,286,466,524,969]
[0,466,532,760,852,969]
[0,49,286,649,969]
[0,98,466,532,760,852,969]
[0,49,160,286,466,593,760,852,969]
[0,286,466,532,760,969]
[0,135,524,969]
[0,466,532,969]
[0,160,466,593,969]
[0,135,466,593,760,852,969]
[0,286,760,969]
[0,147,593,760,969]
[0,160,969]
[0,160,286,466,593,969]
[0,98,286,466,649,852,969]
[0,135,286,466,593,760,969]
[0,135,286,593,969]
[0,466,532,760,969]
[0,49,466,969]
[0,98,466,532,969]
[0,98,286,593,969]
[0,333,969]
[0,49,98,286,466,532,649,760,852,969]
[0,286,466,593,969]
[0,49,135,286,466,524,760,922,969]
[0,49,135,286,466,524,760,969]
[0,286,466,649,760,852,969]
[0,98,466,593,760,852,969]
[0,135,969]
[0,160,286,466,593,760,852,969]
[0,147,466,593,969]
[0,98,286,649,760,852,969]
[0,466,524,760,969]
[0,135,286,466,649,969]
[0,135,286,649,969]
[0,147,286,466,593,760,852,969]
[0,135,466,524,760,969]
[0,98,286,760,922,969]
[0,135,286,524,760,969]
[0,49,135,286,466,649,760,922,969]
[0,49,286,466,649,969]
[0,49,286,466,532,760,852,969]
[0,286,466,524,760,969]
[0,147,286,593,969]
[0,135,286,593,760,969]
[0,49,135,286,466,649,760,969]
[0,286,760,852,969]
[0,286,466,649,852,969]
[0,98,286,466,532,649,760,852,969]
[0,135,466,524,969]
[0,49,286,466,532,593,760,852,969]
[0,49,98,286,466,649,760,852,969]
[0,49,466,524,760,969]
[0,49,466,532,760,852,969]
[0,49,147,466,593,760,852,969]
[0,135,286,466,593,760,852,969]
[0,98,286,466,532,593,760,852,969]
[0,286,532,760,852,969]
[0,98,286,466,649,969]
[0,160,466,760,969]
[0,98,286,532,760,852,969]
[0,286,466,593,760,969]
[0,49,98,286,466,532,593,760,852,969]
[0,593,969]
[0,49,286,466,649,760,922,969]
[0,276,969]
[0,49,286,649,760,969]
[0,160,593,969]
[0,286,466,593,760,852,969]
[0,466,760,969]
[0,49,532,969]
[0,135,286,466,524,649,760,969]
[0,98,286,466,593,760,969]
[0,98,286,532,760,969]
[0,466,524,969]
[0,49,286,760,969]
[0,49,135,286,466,524,593,760,852,969]
[0,98,760,852,969]
[0,49,135,286,466,593,760,852,969]
[0,135,286,466,649,760,969]
[0,147,466,593,760,969]
[0,98,532,969]
[0,49,760,969]
[0,649,969]
