[0,317,974,2791,4064,4758]
[0,54,317,974,1656,2791,4064,4758]
[0,54,317,974,2791,4064,4758]
[0,317,558,974,1656,2791,4064,4758]
[0,327,974,2791,4064,4758]
[0,54,317,974,2791,4758]
[0,54,317,558,974,2791,4064,4758]
[0,327,974,4758]
[0,394,2850,4758]
[0,974,1846,2791,4758]
[0,317,974,1846,2845,4064,4758]
[0,327,559,974,1656,2791,4064,4758]
[0,974,2791,4758]
[0,317,974,4758]
[0,974,2791,4064,4758]
[0,327,974,2791,4758]
[0,974,2850,4758]
[0,54,317,974,1846,2791,4064,4758]
[0,327,559,974,1846,2791,4064,4758]
[0,2845,4758]
[0,54,327,559,974,1846,2791,4064,4758]
[0,327,974,1846,2791,4064,4758]
[0,974,4758]
[0,54,327,974,2791,4064,4758]
[0,317,974,2791,4758]
[0,54,974,4758]
[0,974,1846,2845,4064,4758]
[0,317,974,2850,4758]
[0,54,974,1846,2791,4064,4758]
[0,54,327,974,2791,4758]
[0,54,317,558,974,1846,2791,4064,4758]
[0,317,974,1846,2791,4064,4758]
[0,317,2791,4758]
[0,54,327,559,974,1656,2791,4064,4758]
[0,54,327,559,974,2791,4064,4758]
[0,974,1846,2845,4758]
[0,54,974,2791,4758]
[0,327,974,1656,2791,4064,4758]
[0,317,974,2845,4064,4758]
[0,974,1846,2791,4064,4758]
[0,327,559,974,2791,4064,4758]
[0,317,974,1656,2791,4064,4758]
[0,974,2845,4758]
[0,54,974,2791,4064,4758]
[0,974,1656,2791,4064,4758]
[0,2791,4758]
[0,974,2845,4064,4758]
[0,2850,4758]
[0,54,317,558,974,1656,2791,4064,4758]
[0,317,974,2845,4758]
[0,317,558,974,1846,2791,4064,4758]
[0,317,558,974,2791,4064,4758]
[0,317,4758]
