[0,90,380,954,1343]
[0,90,380,844,954,1195,1343]
[0,219,954,1343]
[0,90,380,954,1195,1343]
[0,120,380,954,1343]
[0,380,1343]
[0,120,380,954,1002,1130,1343]
[0,90,312,380,844,954,1195,1276,1343]
[0,219,1343]
[0,90,312,380,844,954,1195,1343]
[0,380,954,1195,1343]
[0,380,954,1130,1343]
[0,90,312,380,954,1195,1276,1343]
[0,120,380,954,1130,1343]
[0,380,940,1343]
[0,90,380,954,1276,1343]
[0,90,380,940,1343]
[0,90,380,954,1002,1195,1276,1343]
[0,90,380,954,1195,1276,1343]
[0,940,1343]
[0,954,1343]
[0,90,312,380,844,954,1002,1195,1276,1343]
[0,380,954,1343]
[0,90,312,380,954,1195,1343]
[0,90,312,380,954,1343]
[0,90,312,380,954,1002,1195,1276,1343]
[0,90,312,380,954,1276,1343]
[0,380,844,954,1195,1343]
