[0,72,296,825,1221,1380,1632]
[0,702,1380,1632]
[0,1269,1632]
[0,296,702,1221,1380,1632]
[0,72,330,825,1269,1632]
[0,296,598,883,1221,1380,1632]
[0,296,614,1632]
[0,72,604,1380,1632]
[0,614,1380,1632]
[0,296,702,1632]
[0,72,296,598,883,1221,1380,1571,1632]
[0,598,883,1632]
[0,604,1380,1632]
[0,72,330,614,1221,1380,1571,1632]
[0,296,825,1380,1632]
[0,296,825,1221,1380,1632]
[0,825,1380,1632]
[0,72,296,598,825,883,1221,1380,1632]
[0,296,614,1221,1380,1632]
[0,598,1380,1632]
[0,1221,1380,1632]
[0,296,702,883,1221,1380,1632]
[0,72,296,604,825,883,1221,1380,1632]
[0,296,598,1632]
[0,1380,1632]
[0,296,825,1221,1632]
[0,296,702,1380,1632]
[0,72,296,598,1221,1380,1632]
[0,825,1221,1632]
[0,72,296,825,1221,1632]
[0,330,825,1221,1380,1632]
[0,72,330,614,1380,1632]
[0,72,825,1269,1632]
[0,614,1632]
[0,702,1632]
[0,72,296,435,702,883,1221,1380,1632]
[0,825,1632]
[0,72,296,598,1380,1632]
[0,296,604,1632]
[0,72,296,614,825,883,1221,1380,1632]
[0,72,296,598,883,1221,1380,1632]
[0,72,330,614,1221,1380,1632]
[0,72,296,702,1221,1380,1632]
[0,296,604,1221,1380,1632]
[0,330,825,1380,1632]
[0,598,1632]
[0,72,702,1380,1632]
[0,72,296,614,1221,1380,1571,1632]
[0,72,296,702,825,883,1221,1380,1632]
[0,296,604,883,1380,1632]
[0,72,1221,1380,1632]
[0,702,883,1380,1632]
[0,296,614,883,1221,1380,1632]
[0,72,1221,1632]
[0,296,435,702,883,1221,1380,1632]
[0,330,614,1221,1380,1632]
[0,72,296,614,883,1221,1380,1571,1632]
[0,614,883,1632]
[0,72,296,614,1221,1380,1632]
[0,72,296,614,1380,1632]
[0,72,296,435,702,825,883,1221,1380,1632]
[0,604,1632]
[0,604,883,1632]
[0,72,296,604,1380,1632]
[0,604,1221,1380,1632]
[0,72,296,598,1221,1380,1571,1632]
[0,330,614,1632]
[0,702,883,1221,1380,1632]
[0,330,825,1632]
[0,296,825,1632]
[0,72,296,598,825,883,1221,1380,1571,1632]
[0,72,825,1221,1632]
[0,330,825,1269,1632]
[0,72,296,614,825,883,1221,1380,1571,1632]
[0,296,702,883,1380,1632]
[0,296,614,883,1380,1632]
[0,825,1221,1380,1632]
[0,72,1269,1632]
[0,72,296,702,1380,1632]
[0,296,598,1221,1380,1632]
[0,72,296,702,883,1221,1380,1632]
[0,296,614,883,1632]
[0,296,604,883,1632]
[0,72,296,614,883,1221,1380,1632]
[0,72,296,604,883,1221,1380,1632]
[0,296,604,883,1221,1380,1632]
[0,614,1221,1380,1632]
[0,72,296,604,1221,1380,1632]
[0,72,598,1380,1632]
[0,1221,1632]
[0,296,614,1380,1632]
[0,296,598,883,1632]
[0,296,604,1380,1632]
[0,72,330,825,1221,1380,1632]
[0,825,1269,1632]
[0,330,614,1380,1632]
[0,72,1380,1632]
[0,296,598,883,1380,1632]
[0,72,614,1380,1632]
[0,598,1221,1380,1632]
[0,72,1632]
[0,72,825,1221,1380,1632]
[0,296,598,1380,1632]
[0,702,1221,1380,1632]
