9.174212376531391822e-02
3.350570040957834977e-02
2.429567733465979110e-02
1.735809535073815427e-02
1.329071400546581565e-02
1.314635885936341758e-02
1.085919107043748118e-02
1.016972225688248486e-02
9.246706884792024739e-03
8.373074626423854944e-03
8.333176947395293591e-03
8.076086351501126498e-03
7.744139634816269574e-03
7.233915273584309337e-03
7.223725246571972326e-03
6.979275983115981914e-03
6.927799887871362479e-03
6.710595621919733349e-03
6.420785189032419960e-03
6.251501224216351668e-03
6.188932426365321808e-03
6.050030002401336586e-03
5.906607046760764881e-03
5.814406254173213988e-03
5.672551539155983383e-03
5.615078976912762400e-03
5.461091616295809040e-03
5.367469348432738104e-03
5.202460948245548819e-03
5.160143848629413985e-03
5.031779877909252352e-03
4.941824819436162197e-03
4.928890853001118531e-03
4.877055046162070626e-03
4.766225952768728298e-03
4.630648284572030232e-03
4.608802729655554244e-03
4.588467680194880174e-03
4.492360581486277461e-03
4.440539522413074029e-03
4.355693295435151061e-03
4.323877563453522831e-03
4.188173790699850109e-03
4.151485038934144868e-03
4.047092611746523627e-03
4.012129328466304198e-03
4.001847646074974986e-03
3.946839226711544232e-03
3.897601627947184805e-03
3.833074538590633146e-03
3.761085721491340579e-03
3.730176492780630949e-03
3.685030231516203073e-03
3.647341075450025692e-03
3.625262523125551747e-03
3.588260425444341449e-03
3.528215729483192079e-03
3.467186639279749936e-03
3.420558556651035788e-03
3.408789992042850821e-03
3.351975847063976346e-03
3.322546286599990708e-03
3.306231406634623296e-03
3.264186498263440574e-03
3.230023361914840813e-03
3.225899206134943704e-03
3.174306188301037526e-03
3.132368924661156628e-03
3.118248870138820485e-03
3.085272119243684386e-03
3.065972694878532027e-03
3.049842210848000609e-03
3.009160143195449728e-03
2.973885183210417654e-03
2.955709610564814360e-03
2.923116682956660318e-03
2.892100049119985302e-03
2.863907158842089393e-03
2.835543249106862139e-03
2.785766598092850703e-03
2.782701309252564367e-03
2.759784423946018417e-03
2.752240881549869976e-03
2.722838101899919920e-03
2.685203392479092351e-03
2.662885980721423594e-03
2.622541607261322325e-03
2.607496223856180066e-03
2.592641742547267727e-03
2.581537037776895395e-03
2.532971333286098119e-03
2.525018818307875421e-03
2.500882944675868625e-03
2.482073908360656663e-03
2.475530704190843749e-03
2.438837521625683308e-03
2.415729511568194196e-03
2.404892373527199676e-03
2.383285276211794066e-03
2.348326015640840592e-03
