[0,118,512,908,1603,1810]
[0,118,484,632,876,1271,1603,1810]
[0,1356,1810]
[0,118,484,632,876,1184,1603,1704,1810]
[0,118,484,632,876,1184,1315,1603,1810]
[0,1477,1810]
[0,484,632,876,1810]
[0,467,632,908,1184,1477,1810]
[0,118,484,632,908,1184,1810]
[0,484,632,876,1184,1315,1603,1810]
[0,118,484,632,876,1810]
[0,118,632,1603,1704,1810]
[0,118,632,908,1810]
[0,118,512,1603,1810]
[0,118,484,632,908,1184,1315,1477,1714,1810]
[0,1184,1810]
[0,484,632,876,1603,1810]
[0,118,632,1603,1810]
[0,632,876,1184,1810]
[0,118,484,632,876,1271,1315,1603,1810]
[0,484,632,908,1184,1315,1810]
[0,118,484,632,1603,1704,1810]
[0,467,1315,1810]
[0,632,876,1184,1603,1810]
[0,118,484,632,876,1184,1315,1477,1704,1810]
[0,484,632,876,1184,1315,1810]
[0,118,484,632,876,1184,1810]
[0,908,1184,1810]
[0,118,467,632,908,1603,1810]
[0,118,467,632,908,1184,1315,1477,1810]
[0,118,467,632,908,1184,1315,1810]
[0,876,1271,1810]
[0,118,484,632,876,1184,1315,1477,1810]
[0,118,632,908,1356,1810]
[0,467,632,908,1184,1315,1810]
[0,118,484,632,876,1184,1315,1477,1603,1704,1810]
[0,118,484,632,1810]
[0,512,1810]
[0,118,632,876,1810]
[0,118,632,908,1184,1810]
[0,467,632,908,1810]
[0,484,632,876,1184,1810]
[0,118,484,632,876,1184,1315,1603,1704,1810]
[0,632,876,1271,1810]
[0,118,484,632,908,1184,1315,1477,1810]
[0,484,632,908,1184,1315,1477,1810]
[0,908,1184,1477,1810]
[0,118,484,632,908,1184,1315,1810]
[0,632,908,1356,1810]
[0,484,632,1603,1810]
[0,118,1810]
[0,118,484,632,876,1184,1315,1810]
[0,512,908,1810]
[0,484,632,908,1184,1477,1810]
[0,632,908,1810]
[0,632,908,1184,1810]
[0,118,484,632,908,1184,1315,1477,1603,1714,1810]
[0,484,632,908,1184,1315,1477,1661,1810]
[0,118,467,632,1810]
[0,876,1184,1810]
[0,1603,1810]
[0,632,908,1184,1477,1810]
[0,512,1603,1810]
[0,118,632,1810]
[0,467,632,908,1356,1810]
[0,632,1603,1810]
[0,467,1810]
[0,484,1603,1810]
[0,118,484,632,876,1603,1810]
[0,908,1603,1810]
[0,484,632,908,1184,1315,1477,1603,1810]
[0,118,484,632,876,1603,1704,1810]
[0,118,1603,1704,1810]
[0,632,1810]
[0,632,876,1271,1603,1810]
[0,118,632,876,1184,1810]
[0,908,1356,1810]
[0,876,1810]
[0,632,908,1184,1477,1661,1810]
[0,512,908,1603,1810]
[0,118,484,632,908,1184,1315,1477,1661,1810]
[0,467,632,908,1184,1810]
[0,876,1184,1477,1810]
[0,484,632,1810]
[0,484,1810]
[0,632,876,1810]
[0,908,1477,1810]
[0,484,632,876,1184,1315,1477,1810]
[0,484,632,908,1184,1477,1661,1810]
[0,876,1603,1810]
[0,484,632,908,1184,1810]
[0,908,1810]
[0,484,632,876,1184,1603,1810]
[0,484,632,908,1810]
[0,632,908,1603,1810]
[0,118,467,632,908,1356,1810]
[0,632,876,1184,1477,1810]
[0,118,467,632,908,1184,1810]
[0,118,467,632,908,1810]
[0,484,632,876,1271,1603,1810]
[0,118,484,632,908,1184,1315,1477,1603,1810]
[0,118,1603,1810]
[0,467,632,1810]
[0,1271,1810]
[0,1315,1810]
[0,467,632,908,1603,1810]
[0,484,632,876,1184,1477,1810]
[0,467,632,908,1184,1315,1477,1810]
[0,632,876,1603,1810]
[0,118,1356,1810]
[0,118,484,632,1603,1810]
[0,118,632,876,1603,1810]
[0,118,484,632,876,1184,1704,1810]
