[0,767,2331,2956]
[0,1988,2331,2956]
[0,138,669,1988,2331,2733,2956]
[0,2475,2956]
[0,547,1825,1988,2331,2475,2733,2956]
[0,767,2956]
[0,547,2956]
[0,547,1988,2475,2956]
[0,547,2475,2956]
[0,138,547,1825,1988,2331,2475,2733,2956]
[0,138,767,1988,2331,2733,2956]
[0,547,1825,1988,2475,2733,2956]
[0,1988,2956]
[0,2351,2956]
[0,547,1988,2331,2475,2733,2956]
[0,669,2351,2956]
[0,669,2331,2956]
[0,138,669,1988,2351,2956]
[0,2331,2956]
[0,767,1988,2331,2956]
[0,547,1988,2956]
[0,138,547,1825,1988,2212,2331,2475,2733,2956]
[0,138,767,1988,2212,2331,2733,2956]
[0,669,2956]
[0,547,1988,2475,2733,2956]
[0,138,669,1988,2331,2956]
[0,138,547,1988,2212,2331,2475,2733,2956]
[0,138,669,1988,2212,2331,2733,2956]
[0,1988,2351,2956]
[0,669,1988,2351,2956]
[0,669,1988,2331,2956]
[0,669,1988,2331,2733,2956]
[0,138,767,1988,2331,2956]
[0,138,547,1988,2331,2475,2733,2956]
[0,767,1988,2331,2733,2956]
