[0,1708,2590,2956]
[0,216,993,1706,2405,2956]
[0,1023,1340,1706,2391,2956]
[0,1706,2353,2956]
[0,1706,2375,2956]
[0,1023,1706,2391,2956]
[0,1023,1706,2956]
[0,237,1431,2590,2956]
[0,2391,2956]
[0,237,2590,2956]
[0,216,862,1706,2353,2956]
[0,216,1023,1340,1706,2375,2590,2956]
[0,216,1706,2391,2956]
[0,1706,2590,2956]
[0,1023,1706,2353,2956]
[0,2351,2956]
[0,1431,2956]
[0,1023,1340,1706,2353,2956]
[0,1706,2405,2956]
[0,1706,2956]
[0,2353,2956]
[0,993,2956]
[0,216,1023,1340,1706,2391,2956]
[0,216,1023,1706,2391,2956]
[0,216,2956]
[0,862,1706,2956]
[0,1023,1340,1706,2375,2956]
[0,216,993,1274,1706,2405,2956]
[0,1431,2590,2956]
[0,993,1706,2956]
[0,1023,1706,2375,2956]
[0,2375,2956]
[0,216,1706,2375,2956]
[0,216,1706,2353,2956]
[0,216,1706,2956]
[0,1708,2956]
[0,216,1023,1706,2353,2956]
[0,216,1708,2590,2956]
[0,216,1023,1340,1706,2353,2956]
[0,216,1023,1340,1706,2375,2956]
[0,862,1706,2353,2956]
[0,216,1023,1706,2375,2956]
[0,993,1274,1706,2405,2956]
[0,216,2590,2956]
[0,2590,2956]
[0,1706,2391,2956]
[0,2405,2956]
[0,1023,2956]
[0,216,1706,2405,2956]
[0,862,2956]
[0,216,1706,2590,2956]
[0,993,1706,2405,2956]
