[0,155,329,1465]
[0,224,341,1465]
[0,155,260,329,607,696,869,1465]
[0,331,1465]
[0,155,329,607,1465]
[0,155,329,607,696,1465]
[0,377,1465]
[0,155,260,329,607,696,1465]
[0,224,372,1465]
[0,341,654,1465]
[0,260,329,1465]
[0,224,372,654,1465]
[0,155,260,329,607,1465]
[0,224,331,1465]
[0,294,1465]
[0,155,329,607,696,869,1465]
[0,294,681,1465]
[0,377,1210,1465]
[0,224,341,654,1465]
[0,329,607,869,1465]
[0,329,607,696,1465]
[0,224,341,614,696,1465]
[0,260,329,607,696,1465]
[0,224,341,614,1465]
[0,224,331,614,1465]
[0,681,1465]
[0,372,1465]
[0,329,1465]
[0,155,329,607,869,1465]
[0,260,329,607,1465]
[0,341,1465]
[0,372,654,1465]
[0,341,614,1465]
[0,331,614,1465]
[0,224,331,614,696,1465]
[0,329,607,1465]
