[0,476,575,922]
[0,473,582,715,803,922]
[0,575,922]
[0,473,582,922]
[0,473,575,803,922]
[0,473,575,715,922]
[0,476,575,860,922]
[0,76,473,548,715,803,922]
[0,473,575,860,922]
[0,473,548,715,803,853,922]
[0,548,803,922]
[0,476,575,715,860,922]
[0,473,548,803,922]
[0,473,575,922]
[0,548,922]
[0,476,575,715,803,860,922]
[0,473,548,922]
[0,575,715,922]
[0,487,803,922]
[0,473,582,715,803,853,922]
[0,473,575,715,803,860,922]
[0,473,575,715,803,922]
[0,476,582,715,922]
[0,76,548,715,803,922]
[0,803,922]
[0,473,922]
[0,473,803,922]
[0,473,548,715,803,922]
[0,473,582,803,922]
[0,582,715,922]
[0,476,582,715,803,860,922]
[0,582,803,922]
[0,473,575,715,860,922]
[0,476,582,860,922]
[0,76,473,548,715,803,853,922]
[0,476,582,922]
[0,548,715,803,922]
[0,476,575,715,922]
[0,715,803,922]
[0,487,922]
[0,476,582,715,860,922]
[0,582,922]
