[0,460,1543,2020]
[0,460,1248,1496,1760,2020]
[0,470,1496,1830,2020]
[0,460,605,1248,1520,1712,1830,2020]
[0,470,1472,2020]
[0,460,1520,1830,2020]
[0,470,1290,1496,1712,1830,2020]
[0,470,1496,2020]
[0,460,1248,1496,1830,2020]
[0,470,1496,1712,1830,2020]
[0,1496,2020]
[0,470,605,1290,1496,1830,2020]
[0,470,1290,1496,1830,2020]
[0,460,605,1248,1496,1830,2020]
[0,1543,2020]
[0,460,605,1248,1520,1830,2020]
[0,470,605,1290,1496,2020]
[0,460,1472,2020]
[0,460,605,1248,1496,1712,1830,2020]
[0,460,1248,1520,1830,2020]
[0,460,1496,2020]
[0,1520,2020]
[0,460,605,1248,1496,1760,2020]
[0,460,1520,2020]
[0,460,1248,1496,2020]
[0,460,1496,1760,2020]
[0,470,605,1290,1496,1712,1830,2020]
[0,470,1290,1496,2020]
[0,460,605,1248,1496,2020]
[0,460,1248,1520,2020]
[0,1472,2020]
[0,460,1496,1830,2020]
