[0,494,1498,1566,1819,1872,1982,2053]
[0,494,1566,2053]
[0,411,1566,1739,1819,1982,2053]
[0,1566,2053]
[0,494,1498,1566,1739,1819,1869,1982,2053]
[0,1566,1869,2053]
[0,1566,1819,1982,2053]
[0,494,2053]
[0,1566,1739,2053]
[0,411,1566,2053]
[0,1498,1566,1819,1869,2053]
[0,494,1498,1566,1819,1869,1982,2053]
[0,1498,1566,1869,2053]
[0,411,1566,1739,1819,2053]
[0,1498,1566,2053]
[0,411,1498,1566,1819,1982,2053]
[0,494,1566,1819,1982,2053]
[0,494,1498,1566,1739,1819,1982,2053]
[0,494,1566,1872,2053]
[0,494,1566,1819,2053]
[0,494,1566,1982,2053]
[0,494,1498,1566,1872,2053]
[0,494,1566,1739,1819,1982,2053]
[0,411,1498,1566,1982,2053]
[0,494,1498,1566,1819,1982,2053]
[0,1566,1739,1819,1982,2053]
[0,411,1566,1982,2053]
[0,494,1498,1566,1982,2053]
[0,411,1566,1819,2053]
[0,494,1498,1566,1819,1872,2053]
[0,1566,1872,2053]
[0,411,1566,1819,1982,2053]
[0,494,1566,1869,2053]
[0,494,1566,1739,2053]
[0,1498,1566,1819,1872,2053]
[0,1566,1739,1819,2053]
[0,494,1498,1566,1819,1869,2053]
[0,1566,1982,2053]
[0,494,1498,1566,2053]
[0,494,1566,1739,1819,2053]
[0,494,1498,1566,1869,2053]
[0,1551,2053]
[0,1566,1819,2053]
[0,411,1566,1739,2053]
[0,411,1498,1566,1739,1819,1982,2053]
[0,1498,1566,1982,2053]
[0,1498,1566,1872,2053]
