[0,178,264,786,948,1138,1278,1651]
[0,264,786,948,1138,1278,1651]
[0,178,264,786,948,1278,1557,1651]
[0,264,1278,1439,1516,1651]
[0,264,786,948,1278,1651]
[0,264,786,948,1278,1557,1651]
[0,264,786,1278,1439,1651]
[0,178,264,786,948,1278,1341,1557,1651]
[0,264,786,1278,1516,1651]
[0,178,264,1278,1651]
[0,178,264,786,948,1138,1278,1341,1516,1651]
[0,178,264,786,948,1278,1651]
[0,178,264,786,948,1138,1278,1516,1651]
[0,264,1278,1557,1651]
[0,264,786,1279,1651]
[0,1279,1651]
[0,786,1651]
[0,264,786,1278,1439,1557,1651]
[0,264,786,948,1278,1439,1557,1651]
[0,264,1278,1651]
[0,786,1278,1651]
[0,264,786,948,1138,1278,1516,1651]
[0,178,264,786,948,1278,1439,1557,1651]
[0,264,786,948,1138,1278,1439,1651]
[0,178,264,1138,1279,1651]
[0,178,264,786,948,1138,1279,1651]
[0,178,264,786,948,1138,1278,1439,1516,1651]
[0,264,786,948,1138,1279,1651]
[0,178,264,786,948,1138,1278,1557,1651]
[0,264,786,948,1279,1651]
[0,264,786,1278,1651]
[0,1278,1651]
[0,264,1278,1439,1557,1651]
[0,178,264,786,1278,1651]
[0,178,264,786,948,1278,1516,1651]
[0,264,786,948,1278,1439,1516,1651]
[0,178,264,786,948,1279,1651]
[0,264,786,1278,1439,1516,1651]
[0,264,786,948,1278,1516,1651]
[0,264,786,948,1138,1278,1557,1651]
[0,178,264,786,948,1138,1278,1341,1557,1651]
[0,178,264,786,948,1138,1278,1439,1557,1651]
[0,264,786,948,1278,1439,1651]
[0,264,1138,1279,1651]
[0,178,264,786,948,1278,1341,1516,1651]
[0,178,264,1279,1651]
[0,264,1278,1516,1651]
[0,178,264,786,948,1278,1439,1516,1651]
[0,264,1278,1439,1651]
[0,264,786,948,1138,1278,1439,1557,1651]
[0,264,1279,1651]
[0,786,1279,1651]
