[0,856,2752,3919,4758]
[0,856,4758]
[0,234,1391,2752,4758]
[0,843,2897,3919,4758]
[0,234,856,3919,4758]
[0,234,2897,4758]
[0,234,843,2541,2897,3919,4758]
[0,1391,2752,3919,4758]
[0,3919,4758]
[0,1391,2752,4758]
[0,234,856,2897,3919,4758]
[0,856,2897,3919,4758]
[0,843,1855,2897,4758]
[0,234,856,1653,2752,3919,4758]
[0,2541,2897,3919,4758]
[0,2752,3919,4758]
[0,856,3919,4758]
[0,1653,2752,4758]
[0,234,3898,4758]
[0,856,2473,2897,3919,4758]
[0,234,843,2897,4758]
[0,2473,2897,3919,4758]
[0,234,856,2473,2897,3919,4758]
[0,1653,2752,3919,4758]
[0,234,856,2897,4758]
[0,234,843,4758]
[0,2897,3919,4758]
[0,234,843,2897,3919,4758]
[0,843,1855,2897,3919,4758]
[0,234,1391,2752,3919,4758]
[0,856,1653,2752,3919,4758]
[0,1855,2897,3919,4758]
[0,234,1391,4758]
[0,234,856,4758]
[0,2752,4758]
[0,2897,4758]
[0,843,2541,2897,3919,4758]
[0,856,2752,4758]
[0,234,4758]
[0,856,2897,4758]
[0,843,2897,4758]
[0,234,2897,3919,4758]
[0,3898,4758]
[0,234,843,1855,2897,3919,4758]
[0,1855,2897,4758]
[0,1653,4758]
[0,1391,4758]
[0,843,4758]
[0,234,856,2752,3919,4758]
