[0,561,769,1187,1419]
[0,561,1187,1419]
[0,561,830,1187,1419]
[0,769,874,1187,1419]
[0,88,561,830,874,1187,1254,1419]
[0,1187,1419]
[0,824,1419]
[0,88,561,769,874,1187,1419]
[0,830,1419]
[0,88,561,824,874,1187,1254,1419]
[0,88,561,1187,1254,1419]
[0,88,1187,1419]
[0,88,561,769,874,1187,1254,1419]
[0,561,830,1419]
[0,88,830,874,1187,1419]
[0,874,1419]
[0,88,561,1187,1419]
[0,88,561,769,1187,1254,1419]
[0,88,561,824,874,1187,1419]
[0,1067,1419]
[0,88,561,830,874,1187,1419]
[0,88,561,830,1187,1419]
[0,88,824,874,1187,1419]
[0,88,561,769,1187,1419]
[0,561,1419]
[0,88,561,824,1187,1254,1419]
[0,561,824,1187,1419]
[0,874,1187,1419]
[0,88,561,830,1187,1254,1419]
[0,88,1067,1419]
[0,561,769,874,1187,1419]
[0,561,824,1419]
[0,88,561,824,1187,1419]
[0,88,874,1187,1419]
