[0,81,478,548,648,714,820,922]
[0,478,922]
[0,81,252,423,478,548,648,714,820,922]
[0,252,423,648,820,922]
[0,81,252,478,648,714,820,922]
[0,111,252,423,478,548,648,714,820,922]
[0,81,478,820,922]
[0,111,252,423,648,714,820,922]
[0,81,478,548,648,922]
[0,81,922]
[0,111,423,664,922]
[0,81,478,648,820,922]
[0,111,478,548,648,714,820,922]
[0,81,478,648,714,922]
[0,252,648,922]
[0,423,648,820,922]
[0,478,820,922]
[0,111,423,648,714,922]
[0,820,922]
[0,423,648,922]
[0,111,423,648,922]
[0,111,478,922]
[0,478,648,820,922]
[0,81,252,478,548,648,820,922]
[0,252,922]
[0,478,714,922]
[0,111,478,664,922]
[0,81,423,820,922]
[0,111,922]
[0,111,252,478,548,648,714,820,922]
[0,81,252,478,648,820,922]
[0,252,423,820,922]
[0,111,478,548,648,922]
[0,81,423,648,714,922]
[0,81,252,423,648,714,820,922]
[0,81,252,478,548,648,714,820,922]
[0,111,478,648,922]
[0,423,922]
[0,111,478,714,922]
[0,111,252,478,548,648,922]
[0,81,478,922]
[0,81,252,478,548,648,922]
[0,252,423,648,922]
[0,81,252,478,648,922]
[0,111,423,478,548,648,714,820,922]
[0,423,664,922]
[0,81,423,648,714,820,922]
[0,252,478,648,820,922]
[0,81,478,648,922]
[0,111,648,922]
[0,111,423,648,820,922]
[0,252,478,648,922]
[0,111,252,423,648,922]
[0,664,922]
[0,423,820,922]
[0,111,423,648,714,820,922]
[0,478,664,922]
[0,111,252,423,648,820,922]
[0,81,820,922]
[0,81,478,648,714,820,922]
[0,81,252,423,478,648,714,820,922]
[0,111,252,478,648,820,922]
[0,111,478,548,648,820,922]
[0,111,252,478,648,922]
[0,81,252,423,648,820,922]
[0,111,478,648,820,922]
[0,648,922]
[0,714,922]
[0,252,423,922]
[0,81,252,423,820,922]
[0,111,478,648,714,922]
[0,81,423,648,820,922]
[0,81,478,548,648,820,922]
[0,478,648,922]
[0,81,252,423,648,922]
[0,111,252,478,548,648,820,922]
[0,81,423,648,922]
[0,111,478,648,714,820,922]
