[0,600,1046]
[0,622,1046]
[0,69,166,297,372,495,788,1046]
[0,46,156,297,372,495,788,1046]
[0,107,622,1046]
[0,69,166,297,474,1046]
[0,166,297,372,495,788,1046]
[0,495,788,1046]
[0,46,223,297,495,788,1046]
[0,156,297,372,1046]
[0,156,297,495,788,1046]
[0,156,495,788,1046]
[0,46,156,297,495,1046]
[0,166,1046]
[0,166,474,788,1046]
[0,474,1046]
[0,46,223,297,495,1046]
[0,69,166,297,495,788,1046]
[0,46,495,1046]
[0,223,297,1046]
[0,156,297,1046]
[0,156,482,1046]
[0,223,1046]
[0,166,474,1046]
[0,275,622,1046]
[0,166,297,495,788,1046]
[0,156,297,495,1046]
[0,46,156,297,1046]
[0,166,297,474,1046]
[0,46,156,297,495,788,1046]
[0,223,297,372,495,788,1046]
[0,107,297,482,1046]
[0,46,297,495,1046]
[0,600,788,1046]
[0,46,156,297,600,1046]
[0,156,600,788,1046]
[0,156,495,1046]
[0,297,372,495,788,1046]
[0,156,297,600,788,1046]
[0,223,297,495,1046]
[0,141,1046]
[0,482,1046]
[0,107,482,1046]
[0,156,223,297,372,495,788,1046]
[0,156,297,600,1046]
[0,166,495,788,1046]
[0,223,297,495,788,1046]
[0,69,166,297,474,788,1046]
[0,156,600,1046]
[0,372,1046]
[0,495,1046]
[0,107,275,622,1046]
[0,166,297,495,1046]
[0,156,223,297,495,788,1046]
[0,46,1046]
[0,46,156,223,297,495,788,1046]
[0,166,495,1046]
[0,46,156,223,297,372,495,788,1046]
[0,46,156,297,600,788,1046]
[0,46,223,297,372,495,788,1046]
[0,297,482,1046]
[0,297,372,1046]
[0,156,297,372,495,788,1046]
[0,156,1046]
[0,166,297,474,788,1046]
[0,474,788,1046]
[0,297,495,788,1046]
[0,107,1046]
[0,297,495,1046]
