[0,54,248,343,424,1001,1052,1435,1562]
[0,248,343,424,570,670,934,1001,1398,1562]
[0,248,570,670,934,1398,1562]
[0,343,424,615,1435,1562]
[0,248,670,934,1398,1562]
[0,248,343,424,934,1001,1435,1562]
[0,54,343,424,615,1398,1562]
[0,54,343,424,1435,1562]
[0,54,343,424,1001,1052,1435,1562]
[0,343,424,615,998,1398,1562]
[0,424,934,1562]
[0,248,424,615,1562]
[0,54,248,343,424,1435,1562]
[0,54,248,343,424,615,934,1001,1052,1435,1562]
[0,248,343,1398,1562]
[0,670,934,1398,1562]
[0,1052,1562]
[0,248,424,1562]
[0,248,343,424,934,1398,1562]
[0,1001,1562]
[0,248,424,615,1001,1562]
[0,54,248,343,424,1001,1562]
[0,424,615,1435,1562]
[0,248,424,1052,1435,1562]
[0,424,615,1001,1435,1562]
[0,54,248,343,424,934,1001,1052,1562]
[0,54,424,1435,1562]
[0,424,615,1001,1562]
[0,343,424,934,1398,1562]
[0,424,1052,1435,1562]
[0,54,248,343,424,670,934,1001,1398,1562]
[0,248,343,424,1562]
[0,54,424,1052,1435,1562]
[0,248,343,424,570,670,934,1398,1562]
[0,248,424,615,1001,1435,1562]
[0,248,424,934,1435,1562]
[0,54,248,343,424,1052,1398,1562]
[0,343,424,1001,1562]
[0,343,424,1052,1398,1562]
[0,424,998,1562]
[0,248,343,424,615,1398,1562]
[0,248,424,934,1562]
[0,248,343,670,1398,1562]
[0,343,424,1562]
[0,248,343,424,1435,1562]
[0,424,934,1435,1562]
[0,54,248,343,424,615,661,934,1001,1052,1435,1562]
[0,54,248,343,424,934,1001,1052,1398,1562]
[0,670,934,1562]
[0,424,1398,1562]
[0,248,424,1398,1562]
[0,54,248,343,424,570,670,934,1001,1052,1398,1562]
[0,248,343,570,670,934,1398,1562]
[0,670,1398,1562]
[0,248,343,424,670,934,1398,1562]
[0,424,1435,1562]
[0,424,615,998,1398,1562]
[0,248,343,424,934,1001,1562]
[0,54,343,424,1052,1398,1562]
[0,54,248,343,424,615,1001,1052,1435,1562]
[0,343,1398,1562]
[0,343,424,1435,1562]
[0,424,1001,1562]
[0,670,1562]
[0,248,343,424,934,1001,1398,1562]
[0,248,424,615,998,1398,1562]
[0,343,424,934,1435,1562]
[0,343,424,934,1001,1398,1562]
[0,248,343,424,615,1001,1435,1562]
[0,355,1562]
[0,343,424,934,1001,1562]
[0,54,343,424,615,1435,1562]
[0,54,343,1001,1398,1562]
[0,54,248,343,424,1398,1562]
[0,343,424,615,1001,1435,1562]
[0,343,424,998,1052,1398,1562]
[0,54,1398,1562]
[0,54,248,343,424,1052,1435,1562]
[0,54,248,343,424,670,934,1001,1052,1398,1562]
[0,54,248,343,424,615,661,1001,1052,1435,1562]
[0,248,343,424,1052,1398,1562]
[0,54,424,1398,1562]
[0,248,424,615,1435,1562]
[0,54,343,424,1562]
[0,343,424,1052,1435,1562]
[0,54,248,343,424,934,1001,1398,1562]
[0,248,670,934,1562]
[0,248,343,424,1001,1562]
[0,54,343,424,615,1001,1435,1562]
[0,54,343,424,615,998,1052,1398,1562]
[0,54,248,343,424,934,1001,1562]
[0,54,248,343,424,615,1001,1435,1562]
[0,248,343,670,934,1398,1562]
[0,54,248,343,424,998,1052,1398,1562]
[0,424,1562]
[0,248,670,1398,1562]
[0,54,248,343,424,615,934,1001,1435,1562]
[0,248,424,1435,1562]
[0,424,1052,1562]
[0,343,424,615,1398,1562]
[0,54,343,424,1052,1435,1562]
[0,248,343,424,934,1435,1562]
[0,248,343,424,998,1052,1398,1562]
[0,343,1001,1398,1562]
[0,998,1562]
[0,54,424,1562]
[0,248,1398,1562]
[0,54,343,424,1398,1562]
[0,54,343,1398,1562]
[0,248,424,615,998,1562]
[0,248,343,424,615,998,1052,1398,1562]
[0,934,1562]
[0,343,424,615,998,1052,1398,1562]
[0,248,424,934,1398,1562]
[0,248,424,1001,1562]
[0,248,343,424,1398,1562]
[0,54,343,424,615,1001,1052,1435,1562]
[0,54,424,1001,1052,1435,1562]
[0,1398,1562]
[0,248,343,424,615,998,1398,1562]
[0,54,248,343,424,615,1435,1562]
[0,343,1001,1562]
[0,248,424,615,1398,1562]
[0,424,615,1562]
[0,54,248,343,424,615,998,1052,1398,1562]
[0,54,343,424,998,1052,1398,1562]
[0,424,615,998,1562]
[0,424,934,1398,1562]
[0,343,424,934,1001,1435,1562]
[0,248,343,424,615,934,1001,1435,1562]
[0,248,424,1052,1398,1562]
[0,424,615,1398,1562]
[0,54,248,343,424,570,670,934,1001,1398,1562]
[0,248,343,424,1052,1435,1562]
[0,1001,1398,1562]
[0,248,343,424,670,934,1001,1398,1562]
[0,54,248,343,424,1562]
[0,248,343,424,615,1435,1562]
[0,343,1562]
[0,424,1052,1398,1562]
[0,248,1562]
[0,54,248,343,424,934,1001,1435,1562]
[0,248,670,1562]
[0,54,248,343,424,934,1001,1052,1435,1562]
[0,248,424,1052,1562]
[0,54,424,615,1435,1562]
[0,343,424,1398,1562]
