[0,263,1319,1810]
[0,443,1810]
[0,187,325,443,1199,1259,1319,1702,1810]
[0,401,1810]
[0,325,443,1810]
[0,187,325,401,1702,1810]
[0,187,443,1319,1810]
[0,1259,1810]
[0,325,401,1810]
[0,187,325,401,1319,1810]
[0,187,325,1319,1702,1810]
[0,187,325,786,1319,1810]
[0,187,325,401,1199,1259,1319,1702,1810]
[0,786,1810]
[0,187,1319,1810]
[0,187,325,443,1259,1319,1702,1810]
[0,187,325,786,1319,1702,1810]
[0,187,1810]
[0,187,325,401,1259,1319,1810]
[0,1259,1319,1702,1810]
[0,187,1319,1702,1810]
[0,187,786,1319,1810]
[0,187,325,443,1319,1702,1810]
[0,325,401,1319,1810]
[0,187,401,1319,1702,1810]
[0,187,1702,1810]
[0,443,1319,1810]
[0,187,786,1199,1259,1319,1702,1810]
[0,187,786,1259,1319,1702,1810]
[0,187,786,1319,1702,1810]
[0,187,401,1810]
[0,325,401,1259,1319,1810]
[0,187,325,786,1259,1319,1702,1810]
[0,1259,1319,1810]
[0,187,1199,1259,1319,1702,1810]
[0,187,325,401,1319,1702,1810]
[0,187,325,1702,1810]
[0,187,401,1702,1810]
[0,187,325,786,1199,1259,1319,1702,1810]
[0,786,1319,1810]
[0,187,325,401,1259,1319,1702,1810]
[0,187,325,1319,1810]
[0,187,325,443,1319,1810]
[0,263,1810]
[0,187,325,443,1810]
[0,187,1259,1319,1702,1810]
[0,187,401,1319,1810]
[0,1319,1702,1810]
[0,401,1259,1319,1810]
[0,401,1319,1810]
[0,1702,1810]
[0,187,325,1810]
[0,401,1702,1810]
[0,187,325,401,1810]
[0,187,325,443,1702,1810]
[0,187,325,1259,1319,1702,1810]
[0,263,1702,1810]
[0,401,1319,1702,1810]
[0,1319,1810]
