[0,1314,4285]
[0,777,1776,2110,2925,3472,4285]
[0,777,1805,2110,2517,2906,3472,4285]
[0,777,1284,1776,2110,2517,2906,3472,4285]
[0,777,1805,2751,3472,4285]
[0,1532,2517,4285]
[0,777,1314,1805,2108,2751,3472,4285]
[0,777,1776,2906,4285]
[0,777,1314,2901,3472,4285]
[0,777,1532,2108,2517,2751,4285]
[0,1776,3472,4285]
[0,777,1805,2110,4285]
[0,1532,2517,3472,4285]
[0,777,1776,2110,2906,4285]
[0,777,1805,4285]
[0,777,1532,4285]
[0,777,1805,2517,2906,4285]
[0,777,1532,2108,2517,2751,3472,4285]
[0,777,1805,2517,4285]
[0,1776,2906,4285]
[0,777,1314,4285]
[0,1314,2517,3056,4285]
[0,777,1805,2110,2906,4285]
[0,777,1532,2108,4285]
[0,1532,2108,2901,3472,4285]
[0,777,1314,3472,4285]
[0,1805,2110,4285]
[0,777,1314,2108,2751,3472,4285]
[0,1532,2751,4285]
[0,1532,2108,2901,4285]
[0,1314,2108,4285]
[0,777,1532,2517,3472,4285]
[0,777,1314,2517,3056,3990,4285]
[0,777,1776,2110,2517,2906,3472,4285]
[0,777,1532,3472,4285]
[0,777,1776,2517,4285]
[0,777,1776,2110,2906,3472,4285]
[0,1314,2517,2901,4285]
[0,777,1776,2110,2925,4285]
[0,1532,2517,2901,4285]
[0,777,1314,2108,2751,4285]
[0,777,1532,2751,3472,4285]
[0,1314,2517,4285]
[0,1532,2108,4285]
[0,777,1284,1776,2517,2906,3472,4285]
[0,1314,3472,4285]
[0,777,1314,2925,3472,4285]
[0,1776,2110,4285]
[0,777,1284,1776,2517,3472,4285]
[0,777,1805,2110,2906,3472,4285]
[0,777,1776,2517,2925,3472,4285]
[0,777,1284,1776,2517,4285]
[0,256,777,1532,2108,2751,3472,4285]
[0,777,1532,2108,2901,4285]
[0,777,1314,1805,2110,2517,2906,3472,4285]
[0,777,4285]
[0,1805,2906,4285]
[0,777,1284,1776,2517,2925,3472,4285]
[0,1314,2108,2751,3472,4285]
[0,777,1776,2517,2906,4285]
[0,256,777,1532,2108,2517,2751,3472,4285]
[0,777,1805,2751,4285]
[0,1314,2108,2751,4285]
[0,1314,2517,2925,3472,4285]
[0,1532,2517,2901,3472,4285]
[0,777,1532,2517,2901,3472,4285]
[0,777,1314,1805,2517,3472,4285]
[0,1776,4285]
[0,256,777,1532,2108,2517,2901,3472,4285]
[0,777,1314,2108,4285]
[0,777,1776,2925,3472,4285]
[0,777,1532,2108,2751,4285]
[0,777,1532,2901,4285]
[0,1532,3472,4285]
[0,777,1805,2108,4285]
[0,1314,2108,3472,4285]
[0,777,1314,2517,3056,4285]
[0,777,1284,1776,2110,2517,2925,3472,4285]
[0,1278,4285]
[0,777,1314,1805,2108,2517,2751,3472,4285]
[0,1805,2751,4285]
[0,777,1805,2517,3472,4285]
[0,777,1532,2517,2751,4285]
[0,1314,2925,3472,4285]
[0,777,1805,2108,2751,3472,4285]
[0,1314,2901,3472,4285]
[0,777,1532,2108,2517,2901,3472,4285]
[0,777,1314,2517,4285]
[0,777,1805,3472,4285]
[0,777,1314,1805,2517,4285]
[0,777,1532,2751,4285]
[0,777,1776,2925,4285]
[0,777,1776,2517,2925,4285]
[0,1532,2901,4285]
[0,1805,2108,4285]
[0,777,1805,2906,3472,4285]
[0,777,1776,4285]
[0,777,1532,2108,2901,3472,4285]
[0,777,1776,2517,2906,3472,4285]
[0,777,1805,2906,4285]
[0,777,1805,2108,2517,2751,4285]
[0,777,1776,2906,3472,4285]
[0,1532,2517,2751,4285]
[0,777,1776,2110,4285]
[0,777,1805,2108,2751,4285]
[0,1805,3472,4285]
[0,777,1532,2517,4285]
[0,1776,2925,4285]
[0,1314,2517,2925,4285]
[0,777,1314,2517,2925,3472,4285]
[0,777,1314,2517,2901,3472,4285]
[0,777,1532,2108,2751,3472,4285]
[0,777,1314,1805,2517,2906,3472,4285]
[0,1314,2517,2901,3472,4285]
[0,777,1776,3472,4285]
[0,1805,4285]
[0,777,1805,2108,2517,2751,3472,4285]
[0,777,1805,2517,2906,3472,4285]
[0,777,1776,2517,3472,4285]
[0,777,1776,2110,2517,2925,3472,4285]
[0,1237,4285]
[0,1532,4285]
