[0,341,1286,1437,2086]
[0,341,601,992,1437,2086]
[0,341,601,992,1437,1637,2086]
[0,341,601,992,1278,1437,2035,2086]
[0,601,995,1437,2086]
[0,341,1278,1437,2035,2086]
[0,341,601,1278,1437,2086]
[0,341,2035,2086]
[0,341,992,1437,2086]
[0,341,601,995,1437,2086]
[0,341,601,992,1437,2035,2086]
[0,48,341,601,992,1286,1437,1637,2035,2086]
[0,341,601,992,1286,1437,1637,2086]
[0,353,2035,2086]
[0,2035,2086]
[0,1286,1437,2086]
[0,353,2086]
[0,353,1286,2035,2086]
[0,992,1437,2086]
[0,341,601,992,1286,1437,1648,2086]
[0,341,601,992,1278,1437,1648,2035,2086]
[0,1286,1437,2035,2086]
[0,341,1278,1437,2086]
[0,341,601,992,1286,1437,2035,2086]
[0,341,1286,1437,2035,2086]
[0,1437,2035,2086]
[0,341,601,1437,2086]
[0,341,601,995,1437,2035,2086]
[0,601,992,1437,2035,2086]
[0,341,601,992,1286,1437,2086]
[0,1286,2086]
[0,353,1286,2086]
[0,341,601,1278,1437,2035,2086]
[0,48,341,601,992,1286,1437,1648,2035,2086]
[0,1278,1437,2035,2086]
[0,995,1437,2086]
[0,341,992,1437,2035,2086]
[0,341,601,992,1286,1437,1637,2035,2086]
[0,48,341,601,992,1278,1437,1648,2035,2086]
[0,341,601,992,1286,1437,1648,2035,2086]
[0,341,601,1286,1437,2086]
[0,992,1437,2035,2086]
[0,1278,1437,2086]
[0,341,601,992,1278,1437,2086]
[0,601,995,1437,2035,2086]
[0,341,1437,2035,2086]
[0,341,2086]
[0,341,601,1286,1437,2035,2086]
[0,341,601,992,1278,1437,1648,2086]
[0,341,1437,2086]
[0,341,601,992,1437,1648,2086]
[0,995,1437,2035,2086]
[0,1437,2086]
[0,601,992,1437,2086]
