[0,164,222,535,680,970,1046]
[0,164,535,620,970,1046]
[0,535,970,1046]
[0,66,164,551,680,970,1046]
[0,184,563,1046]
[0,66,164,222,535,680,970,1046]
[0,184,563,926,1046]
[0,164,222,551,680,970,1046]
[0,164,222,535,680,875,926,970,1046]
[0,66,535,875,1046]
[0,66,164,535,680,875,970,1046]
[0,66,164,551,680,981,1046]
[0,535,875,1046]
[0,551,680,970,1046]
[0,551,1046]
[0,66,184,551,680,970,1046]
[0,164,535,620,875,1046]
[0,164,551,1046]
[0,66,164,222,535,680,875,926,970,1046]
[0,164,222,551,680,981,1046]
[0,164,222,535,680,875,970,1046]
[0,164,535,970,1046]
[0,164,535,680,926,970,1046]
[0,66,551,680,1046]
[0,164,222,535,680,926,970,1046]
[0,164,535,620,1046]
[0,66,164,222,551,680,970,1046]
[0,66,164,222,551,680,981,1046]
[0,164,535,680,970,1046]
[0,551,680,1046]
[0,164,222,551,680,875,926,981,1046]
[0,164,535,1046]
[0,66,164,535,620,970,1046]
[0,184,551,1046]
[0,164,535,875,1046]
[0,164,551,680,970,1046]
[0,66,164,222,535,680,875,970,1046]
[0,66,563,926,1046]
[0,164,551,680,981,1046]
[0,164,535,680,875,1046]
[0,535,1046]
[0,66,164,551,680,1046]
[0,164,535,680,875,970,1046]
[0,66,164,222,551,680,926,981,1046]
[0,66,1046]
[0,66,164,535,620,875,1046]
[0,184,551,680,970,1046]
[0,66,551,680,970,1046]
[0,184,551,680,1046]
[0,66,164,535,875,1046]
[0,535,680,1046]
[0,66,535,1046]
[0,563,926,1046]
[0,164,222,551,680,926,981,1046]
[0,66,184,563,926,1046]
[0,563,1046]
[0,66,164,222,551,680,875,926,981,1046]
[0,66,164,535,680,970,1046]
[0,66,563,1046]
[0,164,551,680,1046]
[0,164,535,680,1046]
