[0,176,349,413,1589,1757,1911]
[0,176,413,1589,1757,1911]
[0,413,1538,1757,1911]
[0,349,413,1515,1757,1911]
[0,349,1538,1911]
[0,1596,1911]
[0,413,1589,1911]
[0,349,413,1589,1911]
[0,1589,1911]
[0,413,1538,1911]
[0,176,413,1515,1757,1911]
[0,1538,1757,1911]
[0,1515,1911]
[0,176,413,1538,1757,1911]
[0,349,413,1538,1911]
[0,349,413,1538,1757,1911]
[0,349,1538,1757,1911]
[0,349,413,1589,1757,1911]
[0,176,349,413,1538,1757,1911]
[0,176,413,1589,1911]
[0,413,1515,1757,1911]
[0,413,1515,1911]
[0,413,1757,1911]
[0,1757,1911]
[0,413,1589,1757,1911]
[0,1538,1911]
[0,176,413,1538,1911]
[0,413,1911]
[0,176,349,413,1515,1757,1911]
[0,176,413,1515,1911]
