[0,174,322,740,1370,1632]
[0,477,740,1632]
[0,54,1632]
[0,120,740,1269,1632]
[0,740,1146,1632]
[0,1370,1632]
[0,53,1370,1632]
[0,740,1278,1632]
[0,172,364,740,1334,1632]
[0,740,1269,1632]
[0,477,740,1334,1632]
[0,740,1632]
[0,54,740,1206,1632]
[0,54,740,1632]
[0,1334,1632]
[0,172,1632]
[0,53,1632]
[0,174,740,1370,1632]
[0,54,172,1632]
[0,174,1632]
[0,174,1370,1632]
[0,53,740,1146,1632]
[0,53,740,1632]
[0,740,1370,1632]
[0,53,174,322,740,1370,1632]
[0,172,1334,1632]
[0,121,1632]
[0,54,172,364,740,1334,1632]
[0,54,172,740,1334,1632]
[0,54,740,1278,1632]
[0,53,740,1370,1632]
[0,740,1334,1632]
[0,53,174,477,740,1370,1632]
[0,172,740,1334,1632]
[0,53,174,740,1370,1632]
[0,364,740,1334,1632]
[0,54,740,1269,1632]
[0,740,1206,1632]
[0,54,172,477,740,1334,1632]
[0,172,477,740,1334,1632]
[0,477,740,1370,1632]
[0,120,740,1632]
[0,120,1632]
[0,364,740,1632]
[0,174,477,740,1370,1632]
[0,54,172,1334,1632]
