[0,181,1043,1242,1300,1650,2211]
[0,346,1242,1300,2211]
[0,181,641,757,1043,1300,1650,2211]
[0,641,1243,1650,2211]
[0,1650,2211]
[0,346,641,1043,1293,1650,2211]
[0,1043,1300,1650,2211]
[0,1043,1650,2211]
[0,1043,1300,2211]
[0,346,641,1243,1650,2211]
[0,346,641,1300,1650,2211]
[0,181,1043,1300,1650,2211]
[0,1242,1300,2211]
[0,1300,2211]
[0,1293,2211]
[0,346,1043,1650,2211]
[0,181,641,1043,1242,1300,1650,2211]
[0,1043,1293,2211]
[0,346,641,1043,1293,1650,1994,2211]
[0,346,1043,1300,2211]
[0,641,2211]
[0,346,1043,1300,1650,2211]
[0,346,1043,1293,2211]
[0,346,1043,1293,1650,2211]
[0,346,1043,1242,1300,1650,2211]
[0,346,1650,2211]
[0,641,1300,1650,2211]
[0,181,641,757,1043,1242,1300,1650,2211]
[0,641,1043,1300,1650,2211]
[0,346,2211]
[0,181,641,1043,1300,1650,2211]
[0,346,1300,2211]
[0,641,1650,2211]
[0,641,1300,2211]
[0,181,1043,1242,1300,2211]
[0,346,1293,2211]
[0,181,1043,1300,2211]
[0,1043,2211]
[0,346,641,1243,1650,1994,2211]
[0,346,641,1650,2211]
[0,641,1043,1300,2211]
[0,1043,1242,1300,2211]
[0,346,641,1293,1650,2211]
[0,641,1293,1650,2211]
[0,346,1043,1242,1300,2211]
