[0,303,562,999,1343]
[0,253,450,1343]
[0,386,610,999,1343]
[0,253,386,1343]
[0,253,450,610,929,1138,1343]
[0,379,1343]
[0,253,386,610,999,1138,1343]
[0,929,1343]
[0,253,450,929,1138,1343]
[0,253,450,610,1026,1138,1240,1343]
[0,253,379,1240,1343]
[0,386,999,1138,1343]
[0,253,450,610,1026,1343]
[0,450,1026,1343]
[0,253,379,1343]
[0,253,450,1138,1240,1343]
[0,379,610,1026,1138,1343]
[0,562,1138,1343]
[0,253,379,610,999,1343]
[0,253,379,450,610,1026,1138,1240,1343]
[0,450,929,1343]
[0,379,999,1343]
[0,562,999,1343]
[0,253,379,999,1138,1240,1343]
[0,253,386,999,1138,1240,1343]
[0,253,450,1026,1138,1343]
[0,253,386,999,1343]
[0,386,610,999,1138,1343]
[0,450,1138,1343]
[0,253,379,450,610,929,1138,1240,1343]
[0,253,450,610,929,1343]
[0,379,1026,1138,1343]
[0,253,379,450,1026,1138,1240,1343]
[0,253,379,1138,1343]
[0,999,1343]
[0,253,450,610,1026,1138,1343]
[0,253,379,1138,1240,1343]
[0,253,386,999,1138,1343]
[0,253,450,1026,1138,1240,1343]
[0,253,450,610,929,1138,1240,1343]
[0,253,379,999,1138,1222,1343]
[0,379,999,1138,1343]
[0,929,1138,1343]
[0,253,450,610,1343]
[0,253,450,1026,1343]
[0,999,1138,1343]
[0,253,450,929,1343]
[0,253,379,1026,1138,1343]
[0,253,386,610,999,1138,1240,1343]
[0,253,379,1026,1138,1240,1343]
[0,253,379,999,1343]
[0,450,1343]
[0,562,1343]
[0,379,610,1026,1343]
[0,386,1343]
[0,386,999,1343]
[0,253,379,999,1138,1343]
[0,379,610,1343]
[0,379,1026,1343]
[0,379,1138,1343]
[0,253,450,1138,1343]
[0,450,929,1138,1343]
[0,379,610,999,1343]
