[0,1480,1691,1810]
[0,1362,1691,1810]
[0,119,375,683,932,1480,1691,1810]
[0,192,1810]
[0,119,375,932,1480,1691,1810]
[0,375,683,932,1362,1691,1810]
[0,119,397,1374,1682,1810]
[0,932,1362,1810]
[0,119,1810]
[0,397,1480,1691,1810]
[0,119,1480,1691,1810]
[0,397,983,1480,1810]
[0,119,397,932,1585,1810]
[0,1374,1682,1810]
[0,375,1362,1691,1810]
[0,375,932,1480,1691,1810]
[0,397,932,1480,1691,1810]
[0,375,683,932,1362,1810]
[0,375,932,1362,1810]
[0,119,397,1480,1691,1810]
[0,375,683,932,1480,1691,1810]
[0,119,375,932,1691,1810]
[0,375,1362,1810]
[0,119,397,983,1480,1691,1810]
[0,1362,1810]
[0,119,375,683,932,1362,1691,1810]
[0,119,375,1362,1691,1810]
[0,119,375,932,1362,1691,1810]
[0,983,1810]
[0,119,375,1691,1810]
[0,119,397,932,1480,1691,1810]
[0,397,932,1480,1810]
[0,375,932,1480,1810]
[0,375,932,1362,1691,1810]
[0,397,983,1810]
[0,1480,1810]
[0,375,1480,1691,1810]
[0,932,1810]
[0,119,1374,1682,1810]
[0,119,1362,1691,1810]
[0,375,932,1810]
[0,397,932,1585,1810]
[0,119,1691,1810]
[0,375,1810]
[0,375,683,932,1810]
[0,397,1810]
[0,119,397,932,1810]
[0,119,1682,1810]
[0,119,397,1810]
[0,397,983,1480,1691,1810]
[0,375,683,932,1480,1810]
[0,119,375,1480,1691,1810]
[0,375,932,1691,1810]
[0,397,1480,1810]
[0,397,932,1810]
[0,397,1374,1682,1810]
[0,375,1480,1810]
[0,1691,1810]
[0,397,1691,1810]
[0,1374,1810]
[0,375,1691,1810]
[0,1682,1810]
[0,397,1682,1810]
[0,397,1374,1810]
