[0,48,256,736,915,1180]
[0,48,256,682,857,1180]
[0,1038,1180]
[0,256,682,915,1180]
[0,48,256,736,818,1038,1180]
[0,48,256,736,1180]
[0,48,256,682,915,1038,1100,1180]
[0,908,1180]
[0,256,736,915,1038,1090,1180]
[0,256,676,1180]
[0,256,676,736,915,1041,1180]
[0,194,256,682,736,915,1038,1100,1180]
[0,256,676,736,915,1038,1090,1180]
[0,48,256,736,818,1180]
[0,48,256,736,915,1041,1180]
[0,256,736,818,1038,1180]
[0,256,682,736,915,1038,1100,1180]
[0,48,256,676,915,1180]
[0,194,256,676,736,915,1038,1180]
[0,48,256,676,737,915,1041,1180]
[0,48,256,676,1180]
[0,194,736,1180]
[0,256,736,915,1041,1180]
[0,256,682,857,1180]
[0,48,194,256,676,736,915,1038,1090,1180]
[0,256,682,1180]
[0,194,256,676,736,915,1038,1090,1180]
[0,736,1180]
[0,48,256,736,915,1038,1180]
[0,48,256,736,915,1038,1090,1180]
[0,256,682,915,1038,1100,1180]
[0,48,256,676,736,915,1041,1180]
[0,48,256,676,736,915,1038,1090,1180]
[0,676,1180]
[0,256,676,737,915,1041,1180]
[0,48,256,676,915,1041,1180]
[0,256,676,736,915,1038,1180]
[0,256,736,915,1180]
[0,48,256,682,915,1180]
[0,48,194,256,682,736,915,1038,1100,1180]
[0,256,676,915,1041,1180]
[0,256,682,915,1038,1180]
[0,256,736,915,1038,1180]
[0,48,256,682,1180]
[0,48,256,682,915,1038,1180]
[0,256,682,736,915,1038,1180]
[0,256,736,1038,1180]
[0,256,736,818,1180]
[0,48,256,682,736,915,1038,1180]
[0,256,676,915,1180]
[0,256,736,1180]
[0,194,256,682,915,1038,1100,1180]
[0,682,1180]
[0,194,256,736,915,1038,1180]
[0,48,256,682,736,915,1038,1100,1180]
