[0,113,466,623,922]
[0,113,922]
[0,224,466,530,922]
[0,224,466,623,693,922]
[0,94,224,466,623,922]
[0,94,224,466,548,922]
[0,466,623,922]
[0,466,623,693,922]
[0,94,224,466,623,693,922]
[0,548,922]
[0,66,922]
[0,94,466,922]
[0,66,177,224,466,530,623,693,922]
[0,94,224,466,530,922]
[0,94,177,224,466,530,623,693,922]
[0,94,922]
[0,66,466,623,693,922]
[0,94,177,224,466,623,693,922]
[0,94,224,466,530,623,693,922]
[0,66,466,922]
[0,466,922]
[0,224,466,623,922]
[0,66,224,466,623,693,922]
[0,224,466,548,922]
[0,224,466,922]
[0,177,548,922]
[0,94,224,466,530,623,922]
[0,66,224,466,530,623,693,922]
[0,94,224,466,922]
[0,66,466,623,922]
[0,177,922]
[0,66,177,224,466,623,693,922]
[0,94,466,623,922]
[0,113,466,922]
[0,94,224,466,535,623,693,922]
