[0,116,257,1004,1268,1457,1562]
[0,116,919,1562]
[0,257,1004,1562]
[0,257,570,939,1371,1562]
[0,257,1371,1562]
[0,116,257,939,1562]
[0,257,512,1004,1268,1562]
[0,116,257,570,939,1371,1562]
[0,116,257,512,584,1004,1268,1371,1562]
[0,1268,1562]
[0,116,257,512,584,919,1004,1268,1457,1562]
[0,116,257,512,919,1004,1268,1457,1562]
[0,257,939,1371,1562]
[0,257,939,1562]
[0,116,257,512,584,774,939,1268,1371,1562]
[0,116,257,512,774,939,1371,1562]
[0,116,257,919,1004,1562]
[0,116,257,570,939,1562]
[0,1457,1562]
[0,116,257,512,584,919,1004,1268,1371,1562]
[0,257,512,939,1562]
[0,116,257,512,939,1268,1371,1562]
[0,116,257,512,1004,1268,1457,1562]
[0,116,257,512,1004,1268,1562]
[0,116,257,512,1457,1562]
[0,116,257,512,1004,1268,1371,1562]
[0,116,257,512,919,1004,1268,1562]
[0,242,919,1366,1562]
[0,116,257,1004,1562]
[0,116,257,1562]
[0,116,257,570,939,1268,1371,1562]
[0,116,257,919,1004,1268,1371,1562]
[0,116,257,1268,1457,1562]
[0,116,257,512,1371,1562]
[0,116,257,1457,1562]
[0,512,1562]
[0,116,1562]
[0,939,1562]
[0,116,257,512,584,919,1004,1268,1562]
[0,116,257,512,584,919,1004,1562]
[0,257,512,1004,1562]
[0,116,257,512,584,1457,1562]
[0,257,1004,1268,1562]
[0,116,257,1268,1371,1562]
[0,919,1366,1562]
[0,257,1268,1562]
[0,116,257,512,939,1562]
[0,116,257,512,584,1268,1371,1562]
[0,116,257,1371,1562]
[0,116,512,1562]
[0,919,1562]
[0,512,919,1562]
[0,116,257,512,1562]
[0,570,939,1562]
[0,257,512,1371,1562]
[0,257,570,939,1562]
[0,257,512,774,939,1371,1562]
[0,116,257,512,584,1562]
[0,1004,1562]
[0,116,257,1004,1268,1371,1562]
[0,116,257,939,1371,1562]
[0,116,257,512,939,1371,1562]
[0,116,257,512,1268,1371,1562]
[0,116,512,1457,1562]
[0,116,257,512,584,939,1268,1371,1562]
[0,116,257,1004,1268,1562]
[0,116,1004,1562]
[0,116,512,919,1457,1562]
[0,116,257,512,774,939,1268,1371,1562]
[0,632,1562]
[0,257,512,1562]
[0,116,257,919,1004,1268,1457,1562]
[0,116,257,512,1004,1562]
[0,116,1457,1562]
[0,242,919,1562]
[0,257,1562]
[0,116,257,512,919,1004,1268,1371,1562]
[0,116,257,512,584,1004,1562]
[0,257,512,939,1371,1562]
[0,116,257,939,1268,1371,1562]
[0,116,257,1268,1562]
[0,116,257,512,919,1004,1562]
[0,1004,1268,1562]
[0,116,512,919,1562]
[0,116,257,512,584,1371,1562]
