[0,652,1002,1094,1247,1327]
[0,230,652,1094,1327]
[0,230,311,445,652,735,1094,1247,1327]
[0,237,652,1002,1094,1327]
[0,230,652,735,1094,1247,1327]
[0,180,230,652,1094,1327]
[0,652,1094,1327]
[0,114,311,445,652,1002,1094,1327]
[0,237,311,652,1002,1094,1327]
[0,445,652,1002,1094,1327]
[0,76,237,311,445,652,1002,1094,1247,1327]
[0,311,652,1094,1247,1327]
[0,311,1327]
[0,76,230,652,1094,1247,1327]
[0,311,445,652,1002,1094,1247,1327]
[0,76,237,445,652,1002,1094,1327]
[0,76,230,311,445,652,1002,1094,1327]
[0,76,230,311,445,652,735,1002,1094,1247,1327]
[0,114,445,652,735,1094,1247,1327]
[0,311,652,735,1094,1247,1327]
[0,76,237,445,652,735,1002,1094,1247,1327]
[0,180,1094,1327]
[0,652,1002,1094,1327]
[0,230,311,445,652,735,1002,1094,1247,1327]
[0,76,237,445,652,1002,1094,1247,1327]
[0,180,237,311,445,652,1002,1094,1327]
[0,652,1327]
[0,76,230,311,445,652,735,1094,1247,1327]
[0,76,230,311,445,652,1094,1327]
[0,230,311,652,735,1094,1247,1327]
[0,114,445,652,735,1094,1327]
[0,114,311,445,652,1094,1327]
[0,445,652,735,1094,1247,1327]
[0,237,445,652,1094,1327]
[0,445,652,735,1002,1094,1247,1327]
[0,114,652,1094,1247,1327]
[0,652,1094,1247,1327]
[0,76,237,652,1002,1094,1247,1327]
[0,114,1094,1327]
[0,1094,1327]
[0,76,237,652,1002,1094,1327]
[0,180,237,311,445,652,1002,1094,1247,1327]
[0,180,652,1094,1247,1327]
[0,652,1203,1327]
[0,311,1143,1327]
[0,237,311,445,652,1002,1094,1327]
[0,180,230,311,445,652,1002,1094,1327]
[0,180,230,311,652,1002,1094,1327]
[0,180,237,311,652,1002,1094,1327]
[0,180,230,652,1002,1094,1327]
[0,114,652,1094,1327]
[0,76,180,237,311,445,652,735,1002,1094,1247,1327]
[0,180,230,311,445,652,735,1002,1094,1247,1327]
[0,76,230,311,652,1002,1094,1327]
[0,114,445,652,1002,1094,1247,1327]
[0,76,237,311,652,1002,1094,1327]
[0,114,445,652,1094,1327]
[0,230,311,652,1094,1327]
[0,114,652,735,1094,1327]
[0,114,652,735,1094,1247,1327]
[0,652,735,1094,1327]
[0,114,445,652,1002,1094,1327]
[0,237,445,652,735,1002,1094,1247,1327]
[0,76,230,311,652,1094,1247,1327]
[0,76,180,237,311,445,652,1002,1094,1247,1327]
[0,311,652,1094,1327]
[0,180,652,1094,1327]
[0,76,237,311,445,652,1002,1094,1327]
[0,237,445,652,1002,1094,1247,1327]
[0,76,652,1002,1094,1327]
[0,1094,1247,1327]
[0,114,311,445,652,735,1094,1327]
[0,180,237,652,1002,1094,1327]
[0,76,652,1094,1327]
[0,230,652,1002,1094,1327]
[0,76,230,311,652,1094,1327]
[0,237,445,652,1002,1094,1327]
[0,230,311,445,652,1002,1094,1327]
[0,114,652,1203,1327]
[0,76,652,735,1094,1247,1327]
[0,652,735,1002,1094,1327]
[0,1143,1327]
[0,114,445,652,735,1002,1094,1327]
[0,180,237,652,1094,1327]
[0,230,652,1094,1247,1327]
[0,445,652,1094,1327]
[0,230,311,652,1094,1247,1327]
[0,652,735,1094,1247,1327]
[0,114,652,1002,1094,1247,1327]
[0,311,652,1002,1094,1327]
[0,180,230,1094,1327]
[0,76,1094,1247,1327]
[0,76,230,311,445,652,1002,1094,1247,1327]
[0,230,311,652,1002,1094,1327]
[0,445,652,735,1002,1094,1327]
[0,311,445,652,735,1094,1327]
[0,76,237,311,445,652,735,1002,1094,1247,1327]
[0,237,311,445,652,1002,1094,1247,1327]
[0,114,652,1002,1094,1327]
[0,76,652,735,1094,1327]
[0,114,1094,1247,1327]
[0,114,445,652,735,1002,1094,1247,1327]
[0,114,311,445,652,735,1002,1094,1247,1327]
[0,76,230,652,735,1094,1247,1327]
[0,76,230,311,652,735,1094,1247,1327]
[0,230,652,735,1094,1327]
[0,230,311,445,652,735,1094,1327]
[0,237,652,1094,1327]
[0,652,735,1002,1094,1247,1327]
[0,76,230,311,445,652,735,1094,1327]
[0,230,311,445,652,1094,1327]
[0,76,652,1002,1094,1247,1327]
[0,76,230,652,1094,1327]
[0,311,445,652,1002,1094,1327]
[0,180,652,1002,1094,1327]
[0,311,445,652,735,1002,1094,1327]
[0,230,311,445,652,1002,1094,1247,1327]
[0,237,652,1327]
[0,76,1094,1327]
[0,237,652,1002,1094,1247,1327]
[0,311,652,1327]
[0,445,652,735,1094,1327]
[0,311,652,735,1094,1327]
[0,114,311,445,652,735,1002,1094,1327]
[0,237,652,735,1002,1094,1247,1327]
[0,180,237,1094,1327]
[0,230,311,445,652,735,1002,1094,1327]
[0,180,230,311,445,652,1002,1094,1247,1327]
[0,311,445,652,735,1094,1247,1327]
[0,230,311,652,735,1094,1327]
[0,76,237,652,735,1002,1094,1247,1327]
[0,237,652,735,1002,1094,1327]
[0,311,445,652,1094,1327]
[0,237,445,652,735,1002,1094,1327]
[0,445,652,1002,1094,1247,1327]
[0,311,1094,1327]
[0,76,652,1094,1247,1327]
[0,76,230,652,1002,1094,1327]
[0,114,311,445,652,735,1094,1247,1327]
