[0,304,1255,2020]
[0,304,605,1009,1593,1843,2020]
[0,304,1618,2020]
[0,304,933,1593,2020]
[0,620,1227,1618,2020]
[0,304,620,1227,1618,2020]
[0,1009,1618,2020]
[0,1550,2020]
[0,1255,2020]
[0,304,605,1009,1255,2020]
[0,1618,2020]
[0,304,2020]
[0,304,605,726,1009,1593,1843,2020]
[0,304,605,2020]
[0,304,1593,2020]
[0,1009,2020]
[0,933,2020]
[0,304,605,933,1593,2020]
[0,304,933,1593,1843,2020]
[0,1227,1618,2020]
[0,354,2020]
[0,1593,2020]
[0,304,1009,1618,2020]
[0,354,1227,1618,2020]
[0,1009,1593,2020]
[0,304,1009,1593,1843,2020]
[0,304,605,1009,1593,2020]
[0,304,605,726,933,1593,1843,2020]
[0,304,605,933,1593,1843,2020]
[0,620,2020]
[0,354,1550,2020]
[0,933,1593,2020]
[0,304,355,605,726,933,1593,1843,2020]
[0,304,605,1255,2020]
[0,304,1227,1618,2020]
[0,1227,2020]
[0,620,1618,2020]
[0,304,1009,1593,2020]
[0,354,1618,2020]
