[0,290,1042,1400,2189]
[0,290,1400,2189]
[0,1589,2189]
[0,1547,2189]
[0,1400,1547,1957,2189]
[0,1589,1937,2189]
[0,290,1400,1937,2189]
[0,1400,1589,1785,1937,2146,2189]
[0,290,1042,1400,1937,2189]
[0,1400,1547,2189]
[0,290,1042,1400,1589,1785,1937,2189]
[0,270,1400,1957,2189]
[0,1400,1589,1785,1937,2189]
[0,1102,2189]
[0,1400,1547,1968,2189]
[0,1547,1957,2189]
[0,1042,1400,2189]
[0,1042,1589,2189]
[0,1042,1547,1957,2189]
[0,290,1400,1589,1785,1937,2146,2189]
[0,1042,1547,2189]
[0,459,1589,2189]
[0,459,1589,1937,2189]
[0,1042,2189]
[0,1400,1589,1937,2189]
[0,650,2189]
[0,1400,1785,1937,2146,2189]
[0,270,1400,2189]
[0,290,1042,1400,1589,1785,1937,2146,2189]
[0,290,1400,1589,1785,1937,2189]
[0,1102,1654,2189]
[0,290,1042,1400,1589,1937,2189]
[0,1400,1968,2189]
[0,1400,1547,1689,1957,2146,2189]
[0,270,1400,1547,1689,1957,2189]
[0,270,1400,1547,1957,2189]
[0,650,1589,2189]
[0,1400,1957,2189]
[0,1400,1547,1689,1957,2189]
[0,1400,1547,1689,1968,2189]
[0,270,1400,1547,1689,1957,2146,2189]
[0,290,1400,1589,1937,2189]
[0,1400,1937,2189]
[0,1400,2189]
[0,1400,1785,1937,2189]
