[0,143,704,960,1109,1188,1279,1359,1465]
[0,525,704,960,1109,1239,1465]
[0,191,704,960,1188,1359,1465]
[0,704,960,1109,1188,1279,1359,1465]
[0,87,435,704,960,1188,1465]
[0,960,1465]
[0,87,191,704,1188,1359,1465]
[0,525,704,960,1188,1465]
[0,704,960,1109,1188,1359,1465]
[0,704,960,1188,1359,1465]
[0,143,704,1188,1359,1465]
[0,87,143,1109,1188,1465]
[0,435,704,1109,1188,1465]
[0,87,525,704,960,1109,1239,1359,1465]
[0,143,704,960,1109,1188,1465]
[0,525,704,1188,1359,1465]
[0,525,704,960,1188,1279,1359,1465]
[0,87,435,704,1188,1279,1359,1465]
[0,143,704,1188,1465]
[0,87,143,435,704,960,1109,1188,1279,1359,1465]
[0,1239,1359,1465]
[0,1279,1465]
[0,143,704,1109,1188,1465]
[0,1109,1188,1465]
[0,191,704,960,1188,1465]
[0,87,143,704,960,1109,1188,1279,1359,1465]
[0,87,191,704,960,1188,1279,1359,1465]
[0,704,960,1188,1279,1359,1465]
[0,1239,1465]
[0,525,704,960,1239,1359,1465]
[0,704,960,1109,1188,1465]
[0,87,191,525,704,1188,1359,1465]
[0,1188,1465]
[0,435,704,960,1188,1359,1465]
[0,87,191,525,704,1188,1279,1359,1465]
[0,525,704,1239,1465]
[0,87,704,960,1188,1465]
[0,87,191,704,960,1109,1188,1279,1359,1465]
[0,87,525,704,960,1188,1279,1359,1465]
[0,435,704,960,1188,1465]
[0,704,1109,1188,1465]
[0,143,704,960,1188,1279,1359,1465]
[0,87,191,704,960,1109,1188,1465]
[0,704,1188,1359,1465]
[0,525,704,1188,1465]
[0,87,191,525,704,960,1188,1279,1359,1465]
[0,690,1465]
[0,435,704,960,1188,1279,1359,1465]
[0,87,1109,1188,1465]
[0,191,525,704,960,1188,1465]
[0,87,1188,1465]
[0,87,704,1188,1279,1465]
[0,87,435,704,960,1109,1188,1359,1465]
[0,525,704,960,1239,1465]
[0,87,191,704,960,1109,1188,1359,1465]
[0,87,704,960,1188,1279,1465]
[0,87,525,704,960,1188,1359,1465]
[0,191,525,704,960,1188,1359,1465]
[0,87,191,525,704,1188,1465]
[0,525,704,960,1188,1359,1465]
[0,690,1188,1465]
[0,87,143,704,960,1109,1188,1359,1465]
[0,435,704,1188,1359,1465]
[0,87,435,704,1109,1188,1359,1465]
[0,191,704,1188,1465]
[0,704,1188,1465]
[0,704,1188,1279,1465]
[0,191,704,960,1109,1188,1465]
[0,87,435,704,1109,1188,1465]
[0,143,704,960,1188,1465]
[0,435,704,960,1109,1188,1279,1359,1465]
[0,191,704,1188,1359,1465]
[0,87,435,704,960,1109,1188,1279,1359,1465]
[0,87,435,704,960,1188,1359,1465]
[0,143,704,960,1188,1359,1465]
[0,87,191,704,960,1188,1465]
[0,704,1465]
[0,435,704,1188,1465]
[0,87,435,704,1188,1359,1465]
[0,704,960,1239,1465]
[0,87,191,525,704,960,1109,1188,1279,1359,1465]
[0,87,191,704,1188,1279,1359,1465]
[0,87,191,704,960,1188,1359,1465]
[0,704,1239,1359,1465]
[0,87,435,704,1188,1465]
[0,704,960,1188,1465]
[0,87,191,704,1188,1465]
[0,525,704,960,1109,1239,1359,1465]
[0,87,435,704,960,1109,1188,1465]
[0,87,143,704,1109,1188,1465]
[0,435,704,1188,1279,1359,1465]
[0,191,525,704,1188,1465]
[0,87,525,704,1188,1359,1465]
[0,87,143,704,960,1109,1188,1465]
[0,87,191,525,704,960,1188,1359,1465]
[0,525,704,960,1109,1188,1279,1359,1465]
[0,704,960,1465]
[0,87,525,704,960,1109,1188,1279,1359,1465]
[0,143,704,1188,1279,1359,1465]
[0,87,704,1188,1465]
[0,704,960,1188,1279,1465]
[0,435,704,960,1109,1188,1465]
[0,525,704,1239,1359,1465]
[0,704,1188,1279,1359,1465]
[0,87,525,704,1188,1279,1359,1465]
[0,143,704,960,1109,1188,1359,1465]
[0,191,525,704,1188,1359,1465]
[0,87,435,704,960,1188,1279,1359,1465]
[0,525,704,1188,1279,1359,1465]
[0,704,1239,1465]
