[0,440,657,1471,1687,2597,2956]
[0,442,1471,1873,2583,2956]
[0,59,440,657,847,2597,2956]
[0,442,1873,2956]
[0,59,442,657,1471,1873,2583,2956]
[0,59,440,657,847,1471,2597,2956]
[0,440,657,847,1079,1471,1687,2597,2956]
[0,59,440,657,847,1079,1471,1687,2597,2956]
[0,440,1079,1471,2956]
[0,442,1873,2583,2956]
[0,442,2597,2956]
[0,440,657,1079,1471,1687,2597,2956]
[0,440,1471,2597,2956]
[0,440,2597,2956]
[0,440,657,847,1471,2597,2956]
[0,1471,2956]
[0,59,442,1038,1471,1687,2597,2956]
[0,442,1471,1873,2956]
[0,59,440,657,847,1079,1471,2597,2956]
[0,442,1471,2597,2956]
[0,59,442,1038,1471,2597,2956]
[0,442,1038,1471,2597,2956]
[0,59,442,2597,2956]
[0,440,1038,1471,2597,2956]
[0,442,1038,1471,1687,2597,2956]
[0,440,657,1471,2597,2956]
[0,803,2618,2956]
[0,442,2583,2956]
[0,440,1038,1471,2956]
[0,59,442,1471,2597,2956]
[0,440,657,847,2597,2956]
[0,440,1038,1471,1687,2597,2956]
[0,1873,2956]
[0,614,2956]
[0,442,1038,1471,2956]
[0,440,657,847,1079,1471,2597,2956]
[0,442,1471,2956]
[0,614,2618,2956]
[0,442,657,1471,1873,2583,2956]
[0,442,2956]
[0,440,657,2597,2956]
[0,442,657,803,1471,1873,2583,2956]
[0,59,442,657,803,1471,1873,2583,2956]
[0,440,2956]
[0,442,1471,2618,2956]
[0,803,2956]
[0,440,657,1079,1471,2597,2956]
[0,440,1079,1471,2597,2956]
[0,440,1038,1471,2618,2956]
[0,440,1471,2956]
