[0,567,939,1163,1602,2019]
[0,567,2019]
[0,939,2019]
[0,90,567,1351,1812,2019]
[0,567,939,1163,1602,1812,2019]
[0,461,2019]
[0,567,939,1163,2019]
[0,567,1163,1608,1812,2019]
[0,567,1351,1812,2019]
[0,90,567,939,1163,1351,1602,1812,2019]
[0,567,1163,1602,1812,2019]
[0,567,1608,1812,2019]
[0,1163,2019]
[0,567,939,1163,1351,1608,1812,2019]
[0,567,1602,2019]
[0,567,939,1163,1351,1602,1812,2019]
[0,567,1351,2019]
[0,567,1163,1351,1608,1812,2019]
[0,567,1602,1812,2019]
[0,567,939,1163,1608,1812,2019]
[0,567,1163,1812,2019]
[0,461,1812,2019]
[0,567,1163,1351,1602,1812,2019]
[0,90,567,1812,2019]
[0,918,2019]
[0,385,567,939,1163,1351,1602,1812,2019]
[0,567,939,1163,1812,2019]
[0,385,567,939,1163,1351,1608,1812,2019]
[0,1351,2019]
[0,939,1812,2019]
[0,567,1163,2019]
[0,567,1163,1602,2019]
[0,567,1812,2019]
