[0,317,775,1642]
[0,108,317,451,600,775,1131,1642]
[0,760,1642]
[0,317,451,600,775,1131,1642]
[0,108,317,453,697,760,1131,1546,1642]
[0,317,453,760,1642]
[0,108,317,453,574,1642]
[0,108,317,697,760,1642]
[0,108,317,451,600,760,1642]
[0,108,317,453,760,1131,1546,1642]
[0,108,1642]
[0,108,317,451,600,760,1131,1642]
[0,317,574,760,1642]
[0,317,600,775,1642]
[0,317,760,1131,1642]
[0,108,317,451,600,775,1642]
[0,108,317,453,574,760,1599,1642]
[0,108,317,760,1642]
[0,317,760,1342,1642]
[0,317,1642]
[0,317,453,1642]
[0,108,697,760,1642]
[0,108,317,453,697,760,1642]
[0,108,317,451,600,760,1599,1642]
[0,108,317,697,760,1131,1642]
[0,108,317,760,1342,1642]
[0,108,760,1642]
[0,317,600,1642]
[0,600,775,1131,1642]
[0,1342,1642]
[0,317,453,574,760,1131,1642]
[0,108,775,1642]
[0,108,697,760,1131,1642]
[0,108,317,453,1642]
[0,600,1642]
[0,317,451,600,760,1642]
[0,108,317,451,1642]
[0,317,451,600,775,1642]
[0,108,317,453,760,1642]
[0,317,574,760,1131,1642]
[0,317,760,1642]
[0,108,317,453,574,760,1131,1642]
[0,333,1642]
[0,317,453,574,760,1642]
[0,317,600,760,1131,1642]
[0,317,600,760,1642]
[0,600,775,1642]
[0,108,317,453,574,760,1131,1599,1642]
[0,775,1642]
[0,108,317,760,1131,1642]
[0,317,451,600,760,1131,1642]
[0,108,1342,1642]
[0,317,453,760,1131,1642]
[0,317,600,775,1131,1642]
[0,775,1131,1642]
[0,600,1131,1642]
[0,317,451,1642]
[0,108,317,453,697,760,1131,1642]
[0,1131,1642]
[0,108,600,775,1131,1642]
[0,760,1131,1642]
[0,317,775,1131,1642]
[0,317,453,574,1642]
[0,108,317,453,574,760,1642]
[0,108,600,775,1642]
[0,317,451,600,1642]
[0,108,317,451,600,760,1131,1599,1642]
[0,108,317,760,1131,1546,1642]
[0,760,1342,1642]
[0,108,760,1131,1642]
[0,108,317,453,760,1131,1642]
[0,108,317,451,600,1642]
[0,108,317,760,1546,1642]
[0,108,317,1642]
[0,108,317,697,760,1131,1546,1642]
[0,108,760,1342,1642]
