[0,120,791,1014,1249]
[0,510,791,1014,1249]
[0,120,752,1249]
[0,158,235,510,614,741,1180,1249]
[0,158,235,510,1249]
[0,120,235,510,889,1249]
[0,120,752,1180,1249]
[0,191,515,889,1180,1249]
[0,191,510,1180,1249]
[0,191,741,1249]
[0,120,614,889,1249]
[0,191,510,889,1180,1249]
[0,120,219,889,1249]
[0,120,235,510,889,1180,1249]
[0,191,510,966,1249]
[0,120,191,510,889,1249]
[0,158,235,966,1180,1249]
[0,752,1249]
[0,54,120,235,510,614,889,966,1014,1180,1249]
[0,235,741,1015,1249]
[0,120,1249]
[0,120,510,889,1249]
[0,120,510,614,889,1249]
[0,235,510,966,1249]
[0,515,966,1249]
[0,791,1249]
[0,120,219,510,889,1249]
[0,54,120,235,510,1180,1249]
[0,191,510,614,741,1249]
[0,120,235,510,889,1014,1249]
[0,614,889,1249]
[0,510,614,741,1180,1249]
[0,120,510,1249]
[0,1180,1249]
[0,510,614,889,1249]
[0,158,235,966,1249]
[0,510,1180,1249]
[0,158,966,1249]
[0,158,235,510,1180,1249]
[0,120,235,510,1180,1249]
[0,191,515,1249]
[0,791,1014,1249]
[0,54,120,191,510,614,889,1180,1249]
[0,158,235,510,966,1249]
[0,510,1014,1249]
[0,120,191,510,614,889,1180,1249]
[0,120,235,510,614,889,1014,1180,1249]
[0,889,1180,1249]
[0,510,1249]
[0,1014,1249]
[0,54,120,191,510,1180,1249]
[0,54,120,235,510,889,1180,1249]
[0,120,510,791,1014,1249]
[0,120,1180,1249]
[0,158,235,510,614,741,1015,1180,1249]
[0,191,515,1180,1249]
[0,191,510,741,1249]
[0,235,741,1249]
[0,120,219,510,614,889,1249]
[0,741,1180,1249]
[0,158,235,966,1015,1180,1249]
[0,191,515,966,1249]
[0,158,235,510,741,1180,1249]
[0,158,235,510,614,966,1180,1249]
[0,235,510,614,741,1015,1249]
[0,235,510,741,1249]
[0,510,966,1180,1249]
[0,191,510,614,741,889,1180,1249]
[0,120,219,510,889,1180,1249]
[0,120,191,1249]
[0,120,1014,1249]
[0,158,235,510,614,741,1015,1249]
[0,510,889,1014,1249]
[0,120,191,1180,1249]
[0,614,741,1180,1249]
[0,510,614,966,1249]
[0,614,741,1249]
[0,889,1249]
[0,120,510,889,1014,1249]
[0,191,510,741,889,1249]
[0,510,889,1249]
[0,158,235,741,1249]
[0,120,219,1249]
[0,158,741,1249]
[0,235,510,614,966,1249]
[0,120,791,1249]
[0,741,1249]
[0,120,235,1180,1249]
[0,158,235,510,741,1249]
[0,158,235,1180,1249]
[0,235,510,1249]
[0,510,889,1180,1249]
[0,191,510,614,889,1180,1249]
[0,191,510,614,741,1180,1249]
[0,741,1015,1249]
[0,120,889,1249]
[0,191,515,889,1249]
[0,54,120,235,510,614,889,1014,1180,1249]
[0,510,889,966,1249]
[0,191,510,614,741,889,1249]
[0,158,235,510,614,966,1249]
[0,510,614,889,1180,1249]
[0,191,510,966,1180,1249]
[0,120,191,510,614,889,1249]
[0,120,219,1180,1249]
[0,54,120,191,510,889,1180,1249]
[0,515,889,1180,1249]
[0,158,235,510,614,741,1249]
[0,120,235,510,1249]
[0,120,191,510,1180,1249]
[0,158,235,1249]
[0,515,1249]
[0,191,510,889,1249]
[0,120,219,510,614,889,1180,1249]
[0,510,966,1249]
[0,120,191,889,1249]
[0,120,235,510,614,889,1180,1249]
[0,966,1249]
[0,235,510,741,1015,1249]
[0,510,741,1249]
[0,191,510,1249]
[0,510,614,741,1249]
[0,191,515,966,1180,1249]
[0,158,1249]
[0,120,219,510,1180,1249]
[0,120,219,510,1249]
[0,54,510,889,966,1249]
[0,158,235,510,614,966,1015,1180,1249]
[0,158,235,510,966,1180,1249]
[0,158,235,510,966,1015,1180,1249]
[0,120,191,510,1249]
[0,235,510,614,741,1249]
[0,120,191,510,889,1180,1249]
[0,515,1180,1249]
[0,191,510,614,889,1249]
[0,515,889,1249]
[0,158,1180,1249]
[0,120,235,510,614,889,1014,1249]
[0,120,235,1249]
[0,158,235,510,614,741,966,1015,1180,1249]
[0,120,235,889,1249]
[0,54,120,235,510,614,889,1180,1249]
[0,120,235,510,614,889,1249]
