[0,554,705,1103,1237,1327]
[0,353,624,1103,1237,1327]
[0,1058,1237,1327]
[0,705,908,1103,1327]
[0,291,354,705,1327]
[0,354,705,1103,1149,1327]
[0,354,705,1327]
[0,354,554,624,705,908,1103,1237,1327]
[0,354,705,1103,1237,1327]
[0,354,554,624,705,1103,1237,1327]
[0,353,624,1327]
[0,354,705,1149,1327]
[0,354,554,705,908,1327]
[0,705,1327]
[0,291,354,705,1103,1149,1327]
[0,353,624,1058,1327]
[0,291,354,705,1103,1237,1327]
[0,354,624,1103,1237,1327]
[0,705,908,1327]
[0,353,705,1327]
[0,354,554,705,1103,1237,1327]
[0,353,705,1103,1237,1327]
[0,1103,1327]
[0,554,705,908,1103,1327]
[0,1103,1237,1327]
[0,554,705,908,1327]
[0,291,354,554,624,705,1103,1237,1327]
[0,354,554,705,908,1103,1327]
[0,354,624,1103,1327]
[0,624,1058,1237,1327]
[0,354,554,705,908,1103,1237,1327]
[0,353,624,1058,1237,1327]
[0,1149,1327]
[0,624,1103,1327]
[0,1103,1149,1327]
[0,1237,1327]
[0,624,1103,1237,1327]
[0,354,554,705,1103,1327]
[0,354,705,908,1103,1327]
[0,624,1149,1327]
[0,291,354,554,624,705,908,1103,1237,1327]
[0,354,705,908,1327]
[0,291,354,554,705,1103,1237,1327]
[0,353,705,1103,1327]
[0,354,624,1327]
[0,705,1103,1327]
[0,353,624,1103,1327]
[0,554,705,908,1103,1237,1327]
[0,554,624,705,1103,1237,1327]
[0,705,1149,1327]
[0,705,1237,1327]
[0,353,624,1149,1327]
[0,1058,1327]
[0,624,1058,1327]
[0,554,705,1103,1327]
[0,705,1103,1149,1327]
[0,554,624,705,908,1103,1237,1327]
[0,705,1103,1237,1327]
[0,354,705,1103,1327]
[0,624,1327]
[0,291,354,705,1149,1327]
[0,554,705,1327]
