[0,165,472,620,712,815,922]
[0,478,620,815,922]
[0,478,922]
[0,165,478,922]
[0,134,290,472,620,922]
[0,290,815,922]
[0,134,290,472,533,620,817,922]
[0,478,620,712,815,922]
[0,165,472,620,712,817,922]
[0,165,472,620,815,922]
[0,87,478,620,922]
[0,165,290,472,533,620,712,815,922]
[0,134,472,620,922]
[0,41,472,620,922]
[0,41,165,290,472,533,620,712,815,922]
[0,165,290,478,620,712,815,922]
[0,165,290,472,620,817,922]
[0,134,472,533,620,817,922]
[0,165,290,478,620,815,922]
[0,472,620,817,922]
[0,87,290,478,620,817,922]
[0,41,134,290,472,533,620,817,922]
[0,134,290,472,620,817,922]
[0,478,533,620,815,922]
[0,165,472,620,922]
[0,165,290,472,620,712,817,922]
[0,165,290,478,533,620,815,922]
[0,41,165,290,431,478,533,620,712,815,922]
[0,41,165,290,478,533,620,712,815,871,922]
[0,41,165,290,472,620,712,815,922]
[0,165,290,478,533,620,712,815,871,922]
[0,87,290,472,620,922]
[0,165,290,478,620,712,815,871,922]
[0,472,620,922]
[0,290,620,922]
[0,165,478,620,815,922]
[0,472,620,712,815,922]
[0,41,478,620,922]
[0,41,472,620,817,922]
[0,472,922]
[0,290,472,620,922]
[0,134,472,620,817,922]
[0,165,472,922]
[0,41,815,922]
[0,87,290,922]
[0,41,472,533,620,817,922]
[0,815,922]
[0,87,290,472,620,817,922]
[0,41,290,478,533,620,815,922]
[0,165,290,478,533,620,712,815,922]
[0,478,620,817,922]
[0,165,290,472,533,620,712,817,922]
[0,290,472,533,620,817,922]
[0,87,290,478,620,922]
[0,290,472,620,817,922]
[0,290,478,620,817,922]
[0,165,478,620,712,815,922]
[0,290,478,620,815,922]
[0,41,290,815,922]
[0,165,472,620,817,922]
[0,165,290,478,620,922]
[0,41,165,290,478,620,712,815,871,922]
[0,41,290,472,533,620,817,922]
[0,87,472,620,922]
[0,165,290,472,620,815,922]
[0,41,165,290,478,533,620,712,815,922]
[0,165,478,620,922]
[0,290,478,620,922]
[0,472,620,815,922]
[0,41,165,290,478,533,620,815,922]
[0,41,165,290,472,533,620,712,817,922]
[0,508,922]
[0,508,815,922]
[0,290,922]
[0,165,290,472,620,712,815,922]
[0,472,533,620,817,922]
[0,620,922]
[0,472,620,712,817,922]
[0,87,290,815,922]
[0,41,922]
[0,478,620,922]
[0,41,478,533,620,815,922]
[0,41,165,290,472,620,712,817,922]
[0,41,165,290,478,620,815,922]
[0,87,290,472,533,620,817,922]
[0,41,165,290,431,478,533,620,712,815,871,922]
[0,165,290,472,620,922]
[0,41,478,620,815,922]
[0,165,290,431,478,533,620,712,815,922]
[0,165,290,431,478,533,620,712,815,871,922]
[0,41,290,478,620,815,922]
[0,290,478,533,620,815,922]
[0,41,165,290,478,620,712,815,922]
