[0,590,1114,1632]
[0,273,590,944,1394,1632]
[0,590,924,1217,1394,1580,1632]
[0,273,590,1114,1217,1394,1632]
[0,273,344,590,1114,1217,1394,1632]
[0,590,944,1217,1394,1580,1632]
[0,273,590,924,1114,1217,1394,1632]
[0,273,344,590,924,1114,1217,1394,1516,1632]
[0,590,944,1394,1632]
[0,273,590,1114,1217,1394,1516,1580,1632]
[0,349,1114,1496,1632]
[0,1114,1632]
[0,273,590,1114,1394,1516,1632]
[0,590,944,1217,1394,1632]
[0,590,1114,1217,1394,1632]
[0,273,590,924,1632]
[0,273,590,924,1394,1632]
[0,273,344,590,944,1114,1217,1394,1516,1632]
[0,590,924,1217,1394,1632]
[0,273,590,1114,1394,1632]
[0,273,344,590,1114,1217,1394,1580,1632]
[0,273,590,1114,1217,1394,1516,1632]
[0,590,1114,1217,1394,1516,1632]
[0,273,344,590,1114,1217,1394,1516,1632]
[0,273,344,590,944,1114,1217,1394,1516,1580,1632]
[0,590,1394,1632]
[0,590,1071,1350,1632]
[0,590,924,1114,1217,1394,1516,1632]
[0,590,1114,1394,1516,1632]
[0,590,924,1394,1632]
[0,273,590,924,1217,1394,1632]
[0,273,344,590,924,1114,1217,1394,1580,1632]
[0,273,590,944,1114,1217,1394,1632]
[0,590,944,1394,1580,1632]
[0,590,1071,1350,1580,1632]
[0,273,344,590,944,1114,1217,1394,1632]
[0,590,944,1632]
[0,1394,1632]
[0,590,924,1114,1217,1394,1632]
[0,273,590,1114,1632]
[0,590,924,1217,1394,1516,1632]
[0,590,1114,1217,1394,1516,1580,1632]
[0,590,924,1394,1580,1632]
[0,590,1114,1394,1632]
[0,590,944,1217,1394,1516,1632]
[0,590,924,1632]
[0,1350,1632]
[0,349,1394,1632]
[0,273,590,944,1217,1394,1632]
[0,273,590,944,1632]
[0,590,944,1114,1217,1394,1580,1632]
[0,273,344,590,944,1114,1217,1394,1580,1632]
[0,273,344,590,924,1114,1217,1394,1632]
[0,590,1632]
[0,590,944,1114,1217,1394,1516,1632]
[0,273,344,590,924,1114,1217,1394,1516,1580,1632]
[0,349,1114,1632]
[0,944,1632]
[0,590,1350,1632]
[0,590,1350,1580,1632]
[0,273,590,924,1217,1394,1516,1632]
[0,590,1114,1217,1394,1580,1632]
[0,273,344,590,1114,1217,1394,1516,1580,1632]
[0,924,1632]
[0,273,590,944,1114,1217,1394,1516,1632]
[0,273,590,924,1114,1217,1394,1516,1632]
[0,273,590,944,1217,1394,1516,1632]
[0,590,944,1114,1217,1394,1632]
[0,590,924,1114,1217,1394,1580,1632]
[0,590,1114,1394,1580,1632]
[0,590,1114,1496,1632]
[0,349,1632]
