[0,507,558,969]
[0,186,320,386,510,558,801,864,969]
[0,320,386,558,801,969]
[0,320,386,510,558,708,969]
[0,320,386,510,558,801,864,969]
[0,320,386,510,558,969]
[0,320,558,708,801,969]
[0,320,386,558,708,969]
[0,558,969]
[0,320,386,969]
[0,320,558,801,969]
[0,558,801,969]
[0,186,320,386,510,558,708,969]
[0,320,507,969]
[0,320,386,558,969]
[0,122,320,558,801,969]
[0,510,558,969]
[0,320,507,558,708,969]
[0,320,386,507,558,708,969]
[0,558,801,864,969]
[0,320,386,507,558,801,864,969]
[0,186,320,386,558,801,864,969]
[0,186,320,558,708,969]
[0,507,969]
[0,320,510,558,969]
[0,320,969]
[0,320,558,708,969]
[0,558,708,969]
[0,320,507,558,969]
[0,320,801,969]
[0,186,320,558,801,864,969]
[0,320,510,558,708,969]
[0,507,801,969]
[0,320,558,801,864,969]
[0,320,386,558,801,864,969]
[0,186,320,510,558,708,969]
[0,186,320,386,558,801,969]
[0,320,510,969]
[0,320,386,507,558,801,969]
[0,186,320,386,507,558,801,864,969]
[0,320,386,510,558,801,969]
[0,186,320,386,558,708,969]
[0,320,558,969]
[0,186,320,386,507,558,708,969]
[0,320,386,507,558,969]
[0,186,320,558,801,969]
