[0,307,861,1281,1625,2202,2554]
[0,1214,2202,2554]
[0,861,980,1214,1281,1625,2008,2202,2554]
[0,1625,2554]
[0,1211,2554]
[0,307,1625,2202,2554]
[0,1625,2008,2229,2554]
[0,288,1625,2008,2229,2554]
[0,307,1211,1281,1625,2008,2202,2554]
[0,1211,1281,1625,2202,2554]
[0,295,2202,2554]
[0,861,980,1281,1625,2008,2202,2554]
[0,307,861,978,1211,1281,1625,2008,2202,2554]
[0,1211,2202,2554]
[0,980,1281,1625,2202,2554]
[0,978,1211,1281,1625,2008,2202,2554]
[0,1211,1281,2202,2554]
[0,307,1281,1625,2008,2202,2554]
[0,307,1214,1281,1625,2008,2202,2554]
[0,288,1625,2008,2202,2554]
[0,978,1281,1625,2008,2202,2554]
[0,1281,1625,2202,2554]
[0,861,978,1211,1281,1625,2008,2202,2554]
[0,307,1281,1625,2202,2554]
[0,1625,2229,2554]
[0,288,1625,2229,2554]
[0,295,1625,2202,2554]
[0,307,861,1281,1625,2008,2202,2554]
[0,307,861,980,1214,1281,1625,2008,2202,2554]
[0,2229,2554]
[0,1214,1281,1625,2008,2202,2554]
[0,1281,1625,2008,2202,2554]
[0,1625,2008,2202,2554]
[0,861,1625,2554]
[0,307,2202,2554]
[0,2064,2554]
[0,307,861,980,1281,1625,2008,2202,2554]
[0,980,1214,1281,1625,2008,2202,2554]
[0,307,1625,2008,2202,2554]
[0,1214,2554]
[0,1214,1281,2202,2554]
[0,861,978,1281,1625,2008,2202,2554]
[0,1625,2202,2554]
[0,861,1281,1625,2008,2202,2554]
[0,307,861,978,1281,1625,2008,2202,2554]
[0,2202,2554]
[0,1211,1281,1625,2008,2202,2554]
[0,861,1281,1625,2202,2554]
[0,1214,1281,1625,2202,2554]
[0,288,1625,2202,2554]
[0,978,1281,1625,2202,2554]
[0,1211,2064,2554]
[0,861,1625,2202,2554]
[0,980,1281,1625,2008,2202,2554]
