[0,384,564,758,879,1058,1176,1419]
[0,118,212,384,564,758,879,985,1058,1176,1419]
[0,384,564,758,1176,1419]
[0,118,384,564,758,985,1058,1176,1419]
[0,384,758,985,1419]
[0,212,1053,1419]
[0,758,1225,1419]
[0,384,1225,1419]
[0,384,564,1176,1419]
[0,119,384,758,1053,1190,1419]
[0,758,1053,1225,1419]
[0,118,384,758,985,1058,1176,1225,1419]
[0,384,758,985,1225,1419]
[0,758,1419]
[0,384,758,1176,1419]
[0,501,1053,1190,1419]
[0,118,212,384,564,758,985,1058,1176,1225,1419]
[0,119,501,1175,1419]
[0,118,384,758,1058,1190,1419]
[0,118,384,758,1058,1176,1225,1419]
[0,118,212,384,564,758,879,985,1058,1176,1225,1419]
[0,384,758,1419]
[0,119,758,1053,1190,1419]
[0,109,384,564,758,985,1053,1175,1225,1419]
[0,384,564,1175,1419]
[0,118,384,564,758,1058,1176,1419]
[0,758,1176,1419]
[0,384,564,758,1058,1176,1419]
[0,384,758,1058,1176,1419]
[0,1175,1419]
[0,501,758,1053,1190,1419]
[0,119,384,758,1058,1190,1419]
[0,1190,1419]
[0,118,384,564,758,985,1058,1176,1225,1419]
[0,118,384,758,985,1058,1176,1419]
[0,1225,1419]
[0,384,1175,1419]
[0,758,1053,1175,1419]
[0,384,758,1225,1419]
[0,384,758,1190,1419]
[0,384,1419]
[0,212,1419]
[0,109,384,564,758,985,1053,1175,1419]
[0,109,384,758,1053,1175,1419]
[0,384,758,1058,1190,1419]
[0,758,1190,1419]
[0,109,384,758,985,1053,1175,1419]
[0,109,384,758,1053,1175,1225,1419]
[0,384,564,758,879,1176,1419]
[0,384,758,879,1176,1419]
[0,501,1175,1419]
[0,564,1419]
[0,109,564,758,1053,1225,1419]
[0,109,384,758,985,1053,1175,1225,1419]
[0,109,384,564,758,1053,1175,1419]
[0,118,212,384,564,758,1058,1176,1419]
[0,109,384,758,1053,1225,1419]
[0,758,1053,1190,1419]
[0,109,758,1225,1419]
[0,118,384,564,758,879,1058,1176,1419]
[0,564,758,1053,1225,1419]
[0,384,1176,1419]
[0,124,758,1175,1419]
[0,109,758,1419]
[0,501,1190,1419]
[0,384,758,1053,1175,1419]
[0,564,1225,1419]
[0,384,564,758,1053,1175,1419]
[0,384,564,758,1175,1419]
[0,118,212,384,564,758,985,1058,1176,1419]
[0,758,1058,1190,1419]
[0,118,384,758,1058,1176,1419]
[0,384,758,1053,1190,1419]
[0,501,758,1419]
[0,564,758,1225,1419]
[0,384,758,1175,1419]
[0,118,212,384,564,758,879,1058,1176,1419]
[0,501,758,1190,1419]
[0,501,1419]
[0,564,758,1419]
[0,1176,1419]
[0,384,758,1053,1225,1419]
[0,109,758,1053,1225,1419]
[0,109,384,758,985,1225,1419]
[0,758,1175,1419]
[0,109,564,758,1419]
[0,564,1053,1225,1419]
[0,119,501,758,1053,1190,1419]
[0,384,1190,1419]
[0,1053,1419]
[0,758,1058,1176,1419]
