[0,640,2211]
[0,305,640,1299,1694,2211]
[0,640,1299,1694,2211]
[0,305,640,746,1184,1299,1694,2145,2211]
[0,640,843,2211]
[0,305,640,1694,2211]
[0,640,843,1694,2211]
[0,305,640,732,2211]
[0,305,2211]
[0,305,640,843,1184,1299,1694,2211]
[0,305,640,732,1299,1694,2211]
[0,305,640,843,1299,1694,2211]
[0,105,640,843,1694,2211]
[0,640,1184,1694,2211]
[0,305,640,746,1299,1694,2211]
[0,595,2211]
[0,305,640,746,1184,1299,1694,1939,2145,2211]
[0,305,640,1299,2211]
[0,1299,2211]
[0,305,640,732,1184,1299,1694,2145,2211]
[0,640,1694,2211]
[0,105,640,843,2211]
[0,305,640,732,1184,1299,1694,2211]
[0,305,640,843,1694,2211]
[0,305,640,1299,1694,1939,2211]
[0,105,640,2211]
[0,305,640,2211]
[0,305,640,1184,1299,1694,1939,2211]
[0,305,640,732,1694,2211]
[0,305,640,1184,1694,2211]
[0,305,640,746,1184,1299,1694,1939,2211]
[0,305,640,843,2211]
[0,305,640,1184,1299,1694,2211]
[0,305,640,746,1184,1299,1694,2211]
[0,640,1299,2211]
