[0,179,1350,2019]
[0,1126,2019]
[0,179,490,870,1109,1350,2019]
[0,490,870,1350,2019]
[0,490,1350,2019]
[0,492,870,1109,1380,2019]
[0,179,516,1361,2019]
[0,516,1126,2019]
[0,490,1054,1109,1350,2019]
[0,492,1361,2019]
[0,490,2019]
[0,179,516,870,1126,1361,2019]
[0,492,870,1126,1361,2019]
[0,179,516,1049,1126,1361,2019]
[0,492,2019]
[0,179,492,870,1049,1126,1361,2019]
[0,492,1049,1126,1361,2019]
[0,179,492,870,1109,1380,2019]
[0,179,490,1054,1109,1350,2019]
[0,516,2019]
[0,388,1126,2019]
[0,1361,2019]
[0,516,870,1126,2019]
[0,490,1054,1350,2019]
[0,516,1361,2019]
[0,179,2019]
[0,492,1054,1380,2019]
[0,179,492,1380,2019]
[0,179,492,870,1126,1361,2019]
[0,490,1109,2019]
[0,1054,1109,2019]
[0,1350,2019]
[0,492,870,1380,2019]
[0,870,1126,2019]
[0,492,1380,2019]
[0,179,516,1049,1361,2019]
[0,870,2019]
[0,388,2019]
[0,516,1049,1126,1361,2019]
[0,492,1049,1126,2019]
[0,1380,2019]
[0,492,870,1109,1361,2019]
[0,388,1054,1380,2019]
[0,179,492,1054,1380,2019]
[0,490,1054,1109,2019]
[0,516,1049,1126,2019]
[0,490,870,1109,1350,2019]
[0,179,492,870,1109,1361,2019]
[0,1049,1126,2019]
[0,1109,2019]
[0,179,490,1054,1350,2019]
[0,388,1380,2019]
[0,179,492,1049,1126,1361,2019]
[0,516,1049,1361,2019]
[0,492,870,1126,2019]
[0,179,492,1049,1361,2019]
[0,179,516,870,1049,1126,1361,2019]
[0,492,870,1361,2019]
[0,492,1126,2019]
[0,516,870,1126,1361,2019]
[0,492,1049,1361,2019]
