[0,936,1983,2554]
[0,143,936,1086,1475,1693,1978,2126,2446,2554]
[0,143,1086,1611,1983,2554]
[0,524,1221,1974,2554]
[0,1086,1978,2554]
[0,695,1086,1693,1978,2126,2554]
[0,143,1086,1611,1983,2122,2554]
[0,984,1983,2554]
[0,936,1086,1475,1693,1978,2554]
[0,524,1086,1475,1693,1978,2554]
[0,1221,1974,2554]
[0,1221,1974,2446,2554]
[0,1086,1978,2126,2554]
[0,1086,1611,1983,2122,2554]
[0,984,1978,2122,2554]
[0,524,936,1086,1475,1693,1978,2126,2554]
[0,524,1086,1978,2554]
[0,1086,1485,1611,1983,2446,2554]
[0,936,1086,1978,2126,2554]
[0,1086,1983,2446,2554]
[0,143,984,1983,2554]
[0,695,1086,1475,1693,1978,2126,2554]
[0,143,695,1086,1978,2126,2554]
[0,1086,1485,1611,1983,2122,2554]
[0,1086,1604,1983,2446,2554]
[0,143,936,1086,1485,1611,1983,2122,2446,2554]
[0,143,524,1086,1983,2554]
[0,1086,1693,1978,2126,2554]
[0,695,1086,1611,1983,2554]
[0,143,1086,1604,1983,2554]
[0,143,1086,1485,1611,1983,2554]
[0,1221,2554]
[0,143,695,1086,1475,1693,1978,2126,2554]
[0,695,1086,1693,1978,2554]
[0,143,936,1086,1693,1978,2126,2446,2554]
[0,143,1086,1485,1611,1983,2446,2554]
[0,143,524,1086,1604,1983,2446,2554]
[0,143,695,1086,1485,1611,1983,2122,2446,2554]
[0,143,1086,2554]
[0,695,1086,1475,1693,1978,2554]
[0,143,695,1086,1693,1978,2126,2554]
[0,143,1086,1983,2446,2554]
[0,143,524,1086,1485,1611,1983,2554]
[0,143,984,1983,2446,2554]
[0,143,524,1086,1485,1611,1983,2122,2446,2554]
[0,695,1086,1983,2554]
[0,143,695,1086,1978,2126,2446,2554]
[0,143,984,1978,2554]
[0,695,1549,2554]
[0,143,984,1978,2122,2554]
[0,143,524,936,1086,1475,1693,1978,2126,2554]
[0,143,1086,1485,1611,1983,2122,2446,2554]
[0,143,695,1086,1611,1983,2122,2554]
[0,1086,2554]
[0,695,1086,1978,2126,2554]
[0,524,936,1086,1475,1693,1978,2554]
[0,143,695,1086,1475,1693,1978,2126,2446,2554]
[0,1086,1693,1978,2554]
[0,695,1086,1978,2554]
[0,143,695,1086,1611,1983,2554]
[0,143,695,1086,1485,1611,1983,2122,2554]
[0,936,2554]
[0,143,936,1086,1611,1983,2554]
[0,936,1086,1693,1978,2126,2554]
[0,524,1221,1974,2446,2554]
[0,143,1086,1978,2126,2554]
[0,524,1086,1604,1983,2554]
[0,984,2554]
[0,1086,1604,1983,2554]
[0,936,1086,1978,2554]
[0,143,524,1086,1485,1611,1983,2446,2554]
[0,143,524,1086,1611,1983,2122,2554]
[0,143,1086,1604,1983,2446,2554]
[0,936,1086,1475,1693,1978,2126,2554]
[0,143,524,1086,1604,1983,2554]
[0,143,524,1086,1485,1611,1983,2122,2554]
[0,936,1086,1693,1978,2554]
[0,1086,1485,1611,1983,2554]
[0,524,1086,1693,1978,2554]
[0,984,1978,2554]
[0,695,2554]
[0,143,936,1086,1693,1978,2126,2554]
[0,143,695,1086,1693,1978,2126,2446,2554]
[0,1086,1983,2122,2554]
[0,143,936,1086,1978,2126,2554]
[0,143,524,1086,1611,1983,2554]
[0,1086,1475,1693,1978,2554]
[0,1549,2554]
[0,143,1086,1983,2554]
[0,143,936,1086,1485,1611,1983,2122,2554]
[0,143,524,936,1086,1475,1693,1978,2126,2446,2554]
[0,143,936,1086,1475,1693,1978,2126,2554]
[0,1086,1611,1983,2554]
[0,143,1086,1485,1611,1983,2122,2554]
[0,1086,1983,2554]
[0,143,936,1086,1611,1983,2122,2554]
[0,143,1086,1983,2122,2554]
[0,143,984,2554]
[0,936,1086,1611,1983,2554]
[0,143,936,1086,1978,2126,2446,2554]
[0,524,1086,1611,1983,2554]
[0,143,524,1086,1983,2446,2554]
[0,524,1086,1983,2554]
