[0,336,796,1197]
[0,333,965,1197]
[0,336,517,796,1137,1197]
[0,517,796,1197]
[0,336,965,1197]
[0,336,517,796,975,1045,1197]
[0,162,336,380,517,796,975,1045,1197]
[0,517,796,975,1045,1197]
[0,517,1197]
[0,517,796,975,1197]
[0,162,336,517,796,975,1197]
[0,336,380,517,796,1197]
[0,336,517,579,796,975,1045,1197]
[0,336,517,796,1197]
[0,336,517,796,975,1137,1197]
[0,796,1197]
[0,336,1197]
[0,174,336,517,796,975,1197]
[0,333,517,796,1197]
[0,162,336,517,796,975,1045,1197]
[0,336,380,517,1197]
[0,333,517,965,1197]
[0,336,380,517,796,975,1045,1197]
[0,174,336,517,579,796,975,1045,1197]
[0,336,380,517,796,975,1197]
[0,162,336,517,579,796,975,1045,1197]
[0,333,1197]
[0,174,336,517,796,1197]
[0,336,517,796,975,1197]
[0,336,517,1197]
[0,336,380,1197]
[0,174,336,517,796,975,1045,1197]
[0,162,336,517,796,1197]
