[0,319,579,1170,2554]
[0,319,579,1170,1850,2018,2554]
[0,579,1170,1885,2554]
[0,136,555,1170,1885,2554]
[0,898,1170,1850,2554]
[0,579,898,1170,1885,2554]
[0,249,579,1170,1885,2004,2354,2554]
[0,555,1170,2554]
[0,660,2018,2554]
[0,579,898,1170,1885,2354,2554]
[0,1170,1885,2004,2554]
[0,249,1170,1885,2354,2554]
[0,898,1170,1850,2018,2554]
[0,115,898,1170,1850,2018,2554]
[0,579,1170,1885,2354,2554]
[0,579,1170,1885,2004,2554]
[0,579,1170,2554]
[0,660,2554]
[0,898,1170,2554]
[0,555,1170,1885,2554]
[0,1170,1885,2554]
[0,2018,2554]
[0,115,249,579,1170,1885,2004,2354,2554]
[0,1170,1850,2554]
[0,579,1170,1885,2004,2354,2554]
[0,319,579,1170,1850,2554]
[0,115,579,1170,1885,2004,2354,2554]
[0,1170,2554]
[0,249,579,1170,1885,2354,2554]
[0,249,579,1170,1885,2554]
[0,249,1170,1885,2554]
[0,579,1170,1850,2554]
