[0,565,1180]
[0,829,1180]
[0,1025,1180]
[0,391,829,1180]
[0,184,391,1025,1180]
[0,184,391,565,1180]
[0,391,1180]
[0,184,335,391,565,1025,1180]
[0,184,391,920,1025,1180]
[0,184,391,565,920,1025,1180]
[0,184,1180]
[0,391,565,894,1180]
[0,335,391,565,1025,1180]
[0,184,335,391,565,640,920,1025,1180]
[0,184,335,391,967,1180]
[0,184,335,403,967,1180]
[0,184,391,1180]
[0,184,565,1180]
[0,391,967,1180]
[0,403,967,1180]
[0,184,403,829,1180]
[0,967,1180]
[0,335,391,967,1180]
[0,391,894,1180]
[0,335,403,967,1180]
[0,391,565,920,1180]
[0,184,335,391,565,640,920,1180]
[0,184,391,565,920,1180]
[0,391,565,640,920,1180]
[0,335,391,565,640,920,1180]
[0,184,391,967,1180]
[0,391,565,640,920,1025,1180]
[0,184,335,391,920,1180]
[0,184,335,391,920,1025,1180]
[0,894,1180]
[0,391,920,1180]
[0,403,1180]
[0,184,403,967,1180]
[0,335,391,920,1180]
[0,391,565,829,1180]
[0,391,565,1025,1180]
[0,391,565,640,1025,1180]
[0,184,391,565,1025,1180]
[0,391,920,1025,1180]
[0,184,391,565,640,920,1180]
[0,184,335,391,1025,1180]
[0,920,1180]
[0,184,391,920,1180]
[0,335,391,565,920,1180]
[0,184,391,565,640,1025,1180]
[0,184,335,391,565,640,1025,1180]
[0,184,335,391,565,920,1180]
[0,184,391,565,640,920,1025,1180]
[0,335,391,1025,1180]
[0,335,403,829,1180]
[0,184,335,403,829,1180]
[0,187,894,1180]
[0,391,565,1180]
[0,391,565,920,1025,1180]
[0,403,829,1180]
[0,391,1025,1180]
