[0,232,1111,1343,1568,2006,2229,2554]
[0,1196,1343,1568,2006,2229,2554]
[0,1111,1568,2008,2554]
[0,2008,2554]
[0,1196,1343,1568,2006,2087,2229,2554]
[0,1196,1343,1568,2006,2554]
[0,1111,1568,2006,2554]
[0,232,1079,1343,1568,2006,2554]
[0,232,1196,1343,1568,2229,2554]
[0,232,1568,2229,2554]
[0,232,1079,1568,2006,2554]
[0,1088,1568,2008,2554]
[0,232,1196,1343,1568,2006,2229,2554]
[0,232,1278,1568,2008,2554]
[0,1111,2006,2554]
[0,1079,1343,1568,2006,2554]
[0,232,1111,1343,1568,2006,2554]
[0,1343,1568,2229,2554]
[0,232,1196,1343,1568,2006,2554]
[0,1088,2008,2554]
[0,1343,1568,2006,2554]
[0,435,2229,2554]
[0,232,2187,2554]
[0,2154,2554]
[0,2187,2554]
[0,232,1079,1343,1568,2006,2229,2554]
[0,1196,2229,2554]
[0,1196,1343,2229,2554]
[0,435,2154,2554]
[0,1568,2006,2554]
[0,435,1568,2187,2554]
[0,232,1111,1343,1568,2006,2117,2229,2554]
[0,1111,1343,2187,2554]
[0,435,1568,2554]
[0,1196,1343,1568,2229,2554]
[0,232,1088,1278,1568,2008,2554]
[0,1111,1343,1568,2008,2554]
[0,1568,2006,2229,2554]
[0,1568,2554]
[0,1196,2554]
[0,1079,2554]
[0,232,1111,2187,2554]
[0,2006,2554]
[0,232,1111,1343,2187,2554]
[0,1088,1278,1568,2008,2554]
[0,232,1111,1343,1568,2187,2554]
[0,232,1111,1568,2008,2554]
[0,232,1111,1568,2006,2554]
[0,1079,2006,2554]
[0,232,1088,1278,1568,2008,2229,2554]
[0,232,1568,2187,2554]
[0,1111,2187,2554]
[0,1568,2229,2554]
[0,232,1111,1343,1568,2008,2229,2554]
[0,232,1343,1568,2006,2229,2554]
[0,232,1111,1343,1568,2008,2554]
[0,1343,1568,2187,2554]
[0,1568,2187,2554]
[0,232,1343,1568,2229,2554]
[0,232,1278,1568,2008,2229,2554]
[0,232,2229,2554]
[0,232,1568,2008,2554]
[0,1111,2008,2554]
[0,1343,1568,2008,2554]
[0,2229,2554]
[0,1111,2554]
[0,232,1343,1568,2006,2554]
[0,1111,1343,1568,2187,2554]
[0,232,1568,2006,2554]
[0,435,2554]
[0,435,1568,2229,2554]
[0,435,1343,1568,2229,2554]
[0,232,1196,1343,1568,2006,2087,2229,2554]
[0,1568,2008,2554]
[0,232,1568,2008,2229,2554]
[0,1111,1343,1568,2006,2554]
[0,1079,1568,2006,2554]
[0,1343,1568,2006,2229,2554]
[0,1088,2554]
[0,1278,1568,2008,2554]
