[0,851,1067,1343]
[0,97,457,627,1263,1343]
[0,97,397,867,1064,1343]
[0,97,397,1263,1343]
[0,97,397,627,867,1064,1343]
[0,97,157,397,627,1263,1343]
[0,97,851,1067,1343]
[0,97,1064,1343]
[0,97,1343]
[0,385,1129,1343]
[0,867,1064,1343]
[0,385,1343]
[0,97,397,627,867,1064,1263,1343]
[0,1067,1343]
[0,97,867,1064,1343]
[0,97,1064,1263,1343]
[0,97,867,1064,1263,1343]
[0,97,397,627,1263,1343]
[0,97,397,627,867,1343]
[0,627,1343]
[0,397,627,1343]
[0,97,397,627,1067,1343]
[0,97,457,627,1064,1343]
[0,457,1064,1343]
[0,457,1343]
[0,397,1067,1343]
[0,97,1259,1343]
[0,397,627,867,1343]
[0,97,397,867,1064,1263,1343]
[0,397,627,1067,1343]
[0,97,457,627,867,1064,1263,1343]
[0,1064,1343]
[0,97,457,627,1064,1263,1343]
[0,397,1343]
[0,97,867,1343]
[0,97,397,1259,1343]
[0,97,1067,1343]
[0,97,397,627,1064,1343]
[0,97,397,582,1263,1343]
[0,582,1343]
[0,457,867,1343]
[0,97,457,627,867,1343]
[0,397,627,867,1064,1343]
[0,457,627,1343]
[0,97,457,627,1067,1343]
[0,97,851,1343]
[0,457,867,1064,1343]
[0,97,457,627,1343]
[0,97,397,627,1067,1263,1343]
[0,397,627,1064,1343]
[0,97,582,1343]
[0,457,1067,1343]
[0,97,397,1343]
[0,97,157,397,867,1064,1263,1343]
[0,97,627,1263,1343]
[0,867,1343]
[0,397,867,1343]
[0,457,627,867,1343]
[0,97,457,627,867,1064,1343]
[0,97,157,457,627,1263,1343]
[0,457,627,1067,1343]
[0,97,397,582,1343]
[0,97,397,627,1064,1263,1343]
[0,97,851,1067,1263,1343]
[0,851,1343]
[0,97,1067,1263,1343]
[0,97,157,397,627,867,1064,1263,1343]
[0,457,627,867,1064,1343]
[0,97,397,582,1259,1343]
[0,97,457,627,1067,1263,1343]
[0,97,157,457,627,1064,1263,1343]
[0,97,627,1343]
[0,457,627,1064,1343]
[0,397,1064,1343]
[0,97,157,397,627,1064,1263,1343]
[0,97,157,457,627,867,1064,1263,1343]
[0,397,867,1064,1343]
[0,97,1263,1343]
[0,97,397,867,1343]
[0,397,582,1343]
[0,97,397,627,1343]
