[0,222,338,784,2086]
[0,224,338,784,2036,2086]
[0,222,338,784,1352,1444,2086]
[0,222,338,710,784,2086]
[0,42,222,338,710,784,2036,2086]
[0,227,338,784,2035,2086]
[0,222,338,710,784,1444,2086]
[0,227,338,2035,2086]
[0,222,338,710,1444,2086]
[0,222,338,784,2036,2086]
[0,224,338,784,1382,2086]
[0,710,2035,2086]
[0,227,338,710,784,1361,2086]
[0,227,338,710,2086]
[0,784,1278,2086]
[0,710,2086]
[0,42,2035,2086]
[0,338,784,1352,2086]
[0,227,338,710,784,1382,1444,2035,2086]
[0,222,338,1352,1444,2086]
[0,338,2035,2086]
[0,42,710,2035,2086]
[0,224,338,784,1278,1444,2086]
[0,227,338,784,1361,2086]
[0,224,338,2086]
[0,224,338,710,784,1444,2036,2086]
[0,224,338,2036,2086]
[0,222,338,710,784,1352,1444,2036,2086]
[0,227,338,784,2086]
[0,784,1361,2086]
[0,224,338,710,784,1444,2086]
[0,42,338,2035,2086]
[0,42,224,338,710,784,2036,2086]
[0,222,338,710,784,1352,1444,2086]
[0,227,338,710,784,2086]
[0,337,2086]
[0,227,338,784,1361,1444,2086]
[0,227,338,710,784,1382,1444,2086]
[0,338,1352,2086]
[0,42,224,338,710,784,1278,1444,2036,2086]
[0,338,1361,2086]
[0,338,784,1382,2086]
[0,224,338,710,784,1278,1444,2086]
[0,224,338,1278,2086]
[0,710,1444,2086]
[0,224,338,710,2086]
[0,338,784,2086]
[0,222,338,710,784,1352,2086]
[0,42,227,338,710,784,1444,2035,2086]
[0,222,338,784,1352,2086]
[0,224,338,710,1444,2086]
[0,338,784,1278,2086]
[0,42,227,338,2035,2086]
[0,227,338,710,784,2035,2086]
[0,224,338,1278,1444,2086]
[0,227,338,710,784,1361,1444,2035,2086]
[0,1278,2086]
[0,222,338,710,784,1444,2036,2086]
[0,224,338,784,2086]
[0,42,227,338,710,784,1361,1444,2035,2086]
[0,42,222,338,710,784,1444,2036,2086]
[0,222,338,710,784,2036,2086]
[0,227,338,2086]
[0,227,338,710,784,1444,2035,2086]
[0,224,338,710,784,1278,1444,2036,2086]
[0,338,1278,2086]
[0,2035,2086]
[0,338,784,1361,2086]
[0,338,710,2086]
[0,42,337,2036,2086]
[0,338,2086]
[0,1361,2086]
[0,222,338,2036,2086]
[0,224,338,710,784,1382,1444,2036,2086]
[0,227,338,1361,2086]
[0,227,338,710,784,1361,1444,2086]
[0,227,338,710,784,1444,2086]
[0,224,338,710,784,2036,2086]
[0,224,338,784,1278,2086]
[0,1352,2086]
[0,224,338,710,784,1382,1444,2086]
[0,42,224,338,2036,2086]
[0,784,2086]
[0,2036,2086]
[0,227,338,710,1444,2086]
[0,784,1352,2086]
[0,338,710,1444,2086]
[0,227,338,710,784,1382,2086]
[0,42,222,338,710,784,1352,1444,2036,2086]
[0,227,338,784,1382,2086]
[0,42,224,338,710,784,1382,1444,2036,2086]
[0,224,338,710,784,1382,2086]
[0,222,338,2086]
[0,222,338,710,2086]
[0,338,1278,1444,2086]
[0,42,224,338,710,784,1444,2036,2086]
[0,337,2036,2086]
[0,784,2036,2086]
[0,42,227,338,710,784,2035,2086]
[0,42,227,338,710,784,1382,1444,2035,2086]
[0,227,338,1361,1444,2086]
[0,338,784,1278,1444,2086]
[0,224,338,710,784,1278,2086]
[0,222,338,1352,2086]
[0,224,338,710,784,2086]
[0,784,1382,2086]
