[0,959,1180]
[0,237,1180]
[0,62,192,848,900,950,1061,1139,1180]
[0,219,654,950,1061,1180]
[0,87,237,848,900,950,1061,1139,1180]
[0,219,1180]
[0,237,848,900,950,1139,1180]
[0,192,654,848,950,1061,1180]
[0,87,237,654,848,900,950,1061,1180]
[0,237,848,950,1061,1180]
[0,62,219,848,950,1180]
[0,87,237,654,848,950,1180]
[0,219,848,950,1180]
[0,62,192,848,950,1180]
[0,62,219,848,950,1061,1180]
[0,237,852,950,1139,1180]
[0,237,852,900,950,1180]
[0,62,192,654,848,900,950,1061,1180]
[0,62,192,848,900,950,1180]
[0,219,654,848,950,1180]
[0,219,848,950,1139,1180]
[0,237,950,1180]
[0,890,1180]
[0,62,192,237,654,848,900,950,1180]
[0,219,1061,1180]
[0,87,237,654,848,900,950,1061,1139,1180]
[0,237,1139,1180]
[0,219,900,1180]
[0,237,852,1061,1180]
[0,192,1180]
[0,654,1180]
[0,62,192,237,654,848,900,950,1061,1180]
[0,237,848,1061,1180]
[0,852,1180]
[0,87,237,848,950,1139,1180]
[0,237,848,900,950,1180]
[0,237,848,950,1139,1180]
[0,237,852,900,950,1139,1180]
[0,219,848,1061,1180]
[0,900,1180]
[0,87,237,654,848,950,1061,1180]
[0,87,237,848,900,950,1139,1180]
[0,87,237,654,848,900,950,1180]
[0,237,852,1180]
[0,237,625,1180]
[0,848,950,1180]
[0,192,848,1061,1180]
[0,219,654,950,1180]
[0,87,237,848,950,1061,1180]
[0,950,1180]
[0,87,237,848,950,1180]
[0,62,219,848,950,1061,1139,1180]
[0,237,852,900,950,1061,1139,1180]
[0,62,192,237,654,848,900,950,1061,1139,1180]
[0,62,219,654,848,950,1061,1139,1180]
[0,219,825,959,1180]
[0,237,848,950,1180]
[0,237,654,848,950,1180]
[0,62,192,654,848,900,950,1180]
[0,237,654,950,1180]
[0,87,237,848,900,950,1061,1180]
[0,237,852,900,950,1061,1180]
[0,219,654,890,1139,1180]
[0,62,219,654,848,950,1180]
[0,192,848,950,1180]
[0,192,848,950,1139,1180]
[0,192,848,1180]
[0,219,848,1180]
[0,237,625,950,1180]
[0,62,192,848,900,950,1061,1180]
[0,219,654,1180]
[0,192,654,950,1180]
[0,219,654,890,1180]
[0,237,654,848,950,1061,1180]
[0,848,1180]
[0,62,192,654,848,950,1180]
[0,62,192,848,950,1139,1180]
[0,87,237,848,900,950,1180]
[0,62,192,654,848,900,950,1061,1139,1180]
[0,192,1061,1180]
[0,87,237,654,848,950,1061,1139,1180]
[0,192,654,848,950,1180]
[0,192,848,950,1061,1180]
[0,237,848,1180]
[0,825,959,1180]
[0,237,654,950,1061,1180]
[0,219,959,1180]
[0,654,950,1180]
[0,62,219,848,950,1139,1180]
[0,852,950,1180]
[0,625,1180]
[0,62,219,654,848,950,1061,1180]
[0,62,192,654,848,950,1061,1180]
[0,87,237,848,950,1061,1139,1180]
[0,62,192,848,950,1061,1180]
[0,237,625,950,1139,1180]
[0,219,654,848,950,1061,1180]
[0,219,848,950,1061,1180]
[0,192,950,1180]
[0,219,950,1180]
[0,192,654,950,1061,1180]
[0,62,192,848,900,950,1139,1180]
[0,237,654,1180]
[0,237,852,950,1061,1180]
[0,237,1061,1180]
[0,237,852,950,1180]
[0,654,890,1180]
