[0,1348,1562]
[0,496,1562]
[0,433,1028,1562]
[0,433,757,1562]
[0,433,779,1562]
[0,433,1087,1562]
[0,433,757,1213,1562]
[0,53,467,757,1087,1395,1562]
[0,467,757,1562]
[0,433,757,1087,1395,1507,1562]
[0,467,1087,1562]
[0,467,1395,1562]
[0,433,779,1087,1395,1562]
[0,433,1395,1562]
[0,467,1562]
[0,433,757,1028,1395,1562]
[0,1213,1562]
[0,53,433,757,1395,1562]
[0,433,779,1028,1562]
[0,433,757,1028,1562]
[0,53,433,757,1087,1395,1507,1562]
[0,433,779,1087,1562]
[0,496,1348,1562]
[0,433,757,1087,1562]
[0,433,757,1028,1395,1507,1562]
[0,433,757,1213,1395,1562]
[0,1028,1562]
[0,467,757,1087,1562]
[0,53,433,1395,1562]
[0,467,757,1395,1562]
[0,467,1348,1562]
[0,53,433,757,1028,1395,1507,1562]
[0,467,757,1087,1395,1562]
[0,433,779,1395,1562]
[0,53,496,1348,1562]
[0,433,757,1395,1562]
[0,53,433,779,1028,1395,1562]
[0,53,433,757,1213,1395,1562]
[0,53,433,757,1087,1395,1562]
[0,433,757,853,1028,1395,1562]
[0,1087,1562]
[0,1395,1562]
[0,433,1562]
[0,433,779,1028,1395,1562]
[0,53,433,779,1087,1395,1562]
[0,433,757,1087,1395,1562]
[0,53,433,757,1028,1395,1562]
[0,53,433,757,853,1028,1395,1507,1562]
[0,433,757,853,1028,1395,1507,1562]
[0,433,1213,1562]
