[0,257,484,1283,1651]
[0,68,267,486,1283,1651]
[0,68,267,438,486,1338,1651]
[0,68,267,486,1338,1651]
[0,257,1283,1651]
[0,438,486,1338,1651]
[0,438,486,1283,1651]
[0,486,836,1338,1651]
[0,267,836,910,1338,1651]
[0,68,267,438,486,836,1338,1651]
[0,267,1277,1651]
[0,438,1277,1651]
[0,1277,1651]
[0,68,267,438,486,836,910,1338,1651]
[0,267,438,486,1283,1651]
[0,267,438,486,1338,1651]
[0,910,1338,1651]
[0,68,267,483,1283,1651]
[0,267,1338,1651]
[0,68,267,1277,1651]
[0,267,486,1277,1651]
[0,267,1283,1651]
[0,438,1651]
[0,1283,1651]
[0,1338,1651]
[0,68,267,486,836,1338,1651]
[0,257,483,1283,1651]
[0,486,1651]
[0,68,267,1283,1651]
[0,267,486,836,910,1338,1651]
[0,486,1277,1651]
[0,68,267,1338,1651]
[0,486,1338,1651]
[0,68,267,438,486,1277,1651]
[0,267,486,1338,1651]
[0,68,267,486,1277,1651]
[0,438,486,1277,1651]
[0,267,486,1283,1651]
[0,267,910,1338,1651]
[0,486,836,910,1338,1651]
[0,68,267,486,836,910,1338,1651]
[0,267,486,836,1338,1651]
[0,486,1283,1651]
[0,486,836,1651]
[0,910,1651]
[0,267,483,1283,1651]
[0,68,267,438,486,1283,1651]
[0,68,267,836,910,1338,1651]
[0,68,267,910,1338,1651]
[0,267,438,486,1277,1651]
[0,282,1277,1651]
