[0,299,1314,1515,1643,1833,2183,2420,2554]
[0,2314,2554]
[0,1643,2183,2554]
[0,1314,1643,2183,2554]
[0,299,1314,1643,2183,2554]
[0,299,763,1515,2183,2554]
[0,299,1025,1314,1515,2240,2554]
[0,299,1515,2240,2554]
[0,299,2257,2554]
[0,299,1025,1908,2240,2554]
[0,1515,2240,2554]
[0,1491,2240,2554]
[0,299,1515,2554]
[0,299,2554]
[0,1314,1515,2554]
[0,1025,2240,2554]
[0,299,1025,1314,1908,2240,2554]
[0,299,1025,1314,1515,1643,2240,2482,2554]
[0,299,763,903,1314,1515,1833,2183,2554]
[0,763,2554]
[0,763,1515,2183,2554]
[0,299,1314,1643,1833,2183,2420,2554]
[0,299,1515,2314,2554]
[0,299,1025,1314,1515,1643,2240,2554]
[0,763,1515,1833,2183,2554]
[0,299,1314,1515,2314,2554]
[0,763,1515,2554]
[0,299,2240,2554]
[0,299,1643,2183,2554]
[0,763,1515,2240,2554]
[0,1491,2554]
[0,299,1515,1833,2183,2554]
[0,299,763,1314,1515,2240,2554]
[0,299,1025,2240,2554]
[0,299,763,1515,1833,2183,2554]
[0,1515,1833,2183,2554]
[0,299,1025,1515,2240,2554]
[0,903,2554]
[0,299,1025,1314,1515,1908,2240,2554]
[0,299,763,903,1314,1515,1833,2183,2420,2554]
[0,299,763,1314,1515,1833,2183,2420,2554]
[0,299,1515,2183,2554]
[0,299,763,1515,2240,2554]
[0,1515,2183,2554]
[0,1025,1908,2554]
[0,299,1025,1314,2240,2554]
[0,299,2314,2554]
[0,299,1314,1515,2183,2554]
[0,299,763,1314,1515,1833,2183,2554]
[0,763,2183,2554]
[0,763,2240,2554]
[0,2183,2554]
[0,299,1314,1643,1833,2183,2554]
[0,1932,2554]
[0,299,1025,1314,1515,2240,2482,2554]
[0,299,1314,1515,2240,2554]
[0,299,1025,1314,1515,1643,1908,2240,2554]
[0,2240,2554]
[0,299,1491,2240,2554]
[0,299,1314,1515,1833,2183,2420,2554]
[0,1025,2554]
[0,1025,1515,2240,2554]
[0,903,1932,2554]
[0,1643,2554]
[0,299,1314,1515,1833,2183,2554]
[0,1025,1515,2554]
[0,299,2183,2554]
[0,1025,1908,2240,2554]
[0,2257,2554]
[0,299,1025,1314,1515,1643,1908,2240,2482,2554]
[0,299,763,1314,1515,2183,2554]
[0,299,1643,1833,2183,2554]
[0,1515,2554]
[0,299,1314,1515,1643,1833,2183,2554]
