[0,696,1245,1557,2824]
[0,1245,2184,2824]
[0,1417,2824]
[0,148,344,696,1245,1417,2184,2519,2824]
[0,344,696,1245,2184,2519,2824]
[0,696,1245,2824]
[0,696,1245,2184,2519,2824]
[0,148,344,696,1245,1417,2147,2524,2824]
[0,344,696,1245,2147,2524,2824]
[0,696,1245,2147,2524,2824]
[0,1245,2824]
[0,344,696,1245,1417,2147,2524,2824]
[0,1245,2147,2824]
[0,696,1245,2184,2824]
[0,696,1245,1417,2184,2824]
[0,344,696,1245,2147,2824]
[0,696,1245,1417,2824]
[0,148,696,1245,1417,2184,2519,2824]
[0,697,1391,2824]
[0,696,1245,1417,2147,2824]
[0,696,1245,1417,2147,2524,2824]
[0,148,696,1245,1417,2147,2524,2824]
[0,1391,2824]
[0,1245,1557,2824]
[0,696,1417,2824]
[0,696,1245,1557,2184,2519,2824]
[0,696,1245,1417,2184,2519,2824]
[0,344,696,1245,2184,2824]
[0,696,1245,1557,2184,2824]
[0,696,1245,2147,2824]
[0,696,1245,1496,2147,2524,2824]
[0,344,696,1245,1417,2184,2519,2824]
