[0,180,440,1054,1264]
[0,180,445,562,833,938,1074,1264]
[0,99,445,562,833,934,1074,1166,1264]
[0,445,562,1074,1264]
[0,87,180,420,562,1074,1264]
[0,367,1054,1264]
[0,440,1054,1264]
[0,180,420,562,1074,1264]
[0,87,180,445,562,833,938,1054,1166,1264]
[0,180,420,1074,1264]
[0,445,562,1054,1264]
[0,180,367,445,1054,1264]
[0,1074,1264]
[0,87,180,420,1074,1264]
[0,87,445,562,1054,1166,1264]
[0,87,445,1054,1166,1264]
[0,180,367,445,1074,1264]
[0,180,367,445,562,833,938,1074,1264]
[0,180,445,1074,1264]
[0,99,180,367,445,562,833,934,1074,1166,1264]
[0,445,833,1264]
[0,87,420,1074,1264]
[0,180,1264]
[0,99,367,445,562,833,934,1074,1166,1264]
[0,445,833,934,1074,1264]
[0,180,367,445,562,938,1074,1264]
[0,367,1264]
[0,99,367,445,562,833,934,1074,1264]
[0,87,180,367,445,562,1074,1264]
[0,87,445,1054,1264]
[0,87,445,562,833,938,1074,1264]
[0,445,562,833,934,1074,1264]
[0,420,1074,1264]
[0,445,1054,1166,1264]
[0,180,445,562,1054,1166,1264]
[0,87,180,445,562,1074,1264]
[0,99,445,562,833,934,1074,1264]
[0,180,367,445,1054,1166,1264]
[0,180,445,562,938,1074,1264]
[0,445,562,938,1074,1264]
[0,180,445,562,1074,1264]
[0,445,1074,1264]
[0,87,445,562,938,1054,1166,1264]
[0,180,445,1054,1166,1264]
[0,99,445,833,1074,1264]
[0,180,440,1074,1264]
[0,445,562,833,938,1074,1264]
[0,99,367,445,833,934,1074,1264]
[0,180,445,562,833,938,1054,1264]
[0,99,445,1074,1264]
[0,445,562,934,1074,1264]
[0,99,445,562,1074,1264]
[0,87,445,562,1074,1264]
[0,180,1074,1264]
[0,99,180,367,445,562,1074,1264]
[0,99,180,445,562,833,934,1074,1166,1264]
[0,445,562,833,938,1054,1264]
[0,87,180,445,562,833,938,1074,1264]
[0,87,180,367,445,562,833,938,1074,1264]
[0,1054,1264]
[0,87,180,367,445,562,833,938,1054,1166,1264]
[0,99,445,833,934,1074,1166,1264]
[0,420,1264]
[0,180,445,562,833,938,1054,1166,1264]
[0,99,180,445,562,1074,1264]
[0,440,1264]
[0,180,367,445,562,938,1054,1166,1264]
[0,445,833,1074,1264]
[0,99,367,445,833,934,1074,1166,1264]
[0,99,180,367,445,562,833,934,1074,1264]
[0,180,367,445,562,1054,1166,1264]
[0,445,562,833,938,1054,1166,1264]
[0,87,445,1074,1264]
[0,180,445,938,1074,1264]
[0,99,180,445,562,833,934,1074,1264]
[0,180,367,445,562,1074,1264]
[0,180,445,1054,1264]
[0,99,445,833,934,1074,1264]
[0,180,445,562,938,1054,1166,1264]
[0,445,562,938,1054,1166,1264]
[0,99,180,1074,1264]
[0,445,938,1074,1264]
[0,87,445,562,833,938,1054,1166,1264]
[0,87,445,562,938,1074,1264]
[0,87,1264]
[0,445,562,1054,1166,1264]
[0,87,1074,1264]
[0,99,367,445,1074,1264]
[0,180,367,445,562,833,938,1054,1166,1264]
[0,99,367,445,562,1074,1264]
[0,445,934,1074,1264]
[0,180,445,562,938,1054,1264]
[0,367,1074,1264]
[0,440,1074,1264]
[0,445,562,938,1054,1264]
[0,99,367,445,833,1074,1264]
[0,180,445,562,1054,1264]
[0,445,1054,1264]
[0,445,1264]
