[0,330,530,785,978,1178,1326,1419]
[0,330,530,978,1178,1419]
[0,330,978,1326,1419]
[0,330,463,589,834,978,1157,1419]
[0,330,589,812,978,1419]
[0,330,589,834,978,1351,1419]
[0,978,1419]
[0,330,792,1419]
[0,330,589,978,1351,1419]
[0,883,1419]
[0,330,499,589,978,1157,1270,1351,1419]
[0,330,834,978,1157,1270,1419]
[0,330,530,978,1178,1326,1419]
[0,330,589,978,1157,1419]
[0,530,1269,1419]
[0,834,1419]
[0,330,834,978,1270,1419]
[0,330,589,834,1419]
[0,330,834,978,1419]
[0,437,834,1419]
[0,330,589,834,978,1326,1419]
[0,330,978,1419]
[0,330,589,978,1326,1419]
[0,330,499,589,812,978,1351,1419]
[0,330,530,978,1326,1419]
[0,330,758,978,1285,1326,1419]
[0,330,883,1326,1419]
[0,330,792,1326,1419]
[0,330,883,1419]
[0,330,530,785,978,1178,1419]
[0,330,463,589,834,978,1157,1270,1351,1419]
[0,330,589,834,978,1270,1419]
[0,330,528,792,1019,1419]
[0,330,499,589,978,1270,1419]
[0,330,834,1270,1419]
[0,330,499,589,978,1419]
[0,330,589,978,1270,1419]
[0,330,499,589,812,978,1419]
[0,330,758,978,1419]
[0,330,834,978,1326,1419]
[0,330,589,978,1157,1270,1419]
[0,330,834,1351,1419]
[0,330,589,834,978,1419]
[0,330,834,1419]
[0,330,499,589,978,1157,1351,1419]
[0,330,792,1019,1419]
[0,330,589,834,978,1157,1270,1419]
[0,330,589,834,978,1157,1419]
[0,330,499,589,812,978,1157,1270,1351,1419]
[0,330,499,589,978,1351,1419]
[0,330,499,589,978,1157,1419]
[0,330,589,812,978,1157,1270,1419]
[0,330,499,589,812,978,1157,1270,1419]
[0,330,978,1178,1419]
[0,437,834,1326,1419]
[0,330,528,792,1019,1326,1419]
[0,330,589,812,978,1270,1419]
[0,330,834,1326,1419]
[0,330,1419]
[0,330,463,589,834,978,1270,1419]
[0,330,589,834,1270,1419]
[0,792,1419]
[0,330,463,589,834,978,1157,1270,1419]
[0,330,1326,1419]
[0,589,978,1270,1419]
[0,330,463,589,834,978,1157,1351,1419]
[0,834,1351,1419]
[0,330,758,1419]
[0,330,758,978,1326,1419]
[0,330,463,589,834,978,1419]
[0,589,978,1351,1419]
[0,330,834,978,1351,1419]
[0,589,978,1419]
[0,530,1419]
[0,330,589,834,978,1285,1326,1419]
[0,330,758,1326,1419]
[0,330,530,978,1419]
[0,330,792,1019,1326,1419]
[0,330,463,589,834,978,1351,1419]
[0,330,499,589,978,1157,1270,1419]
[0,330,589,978,1419]
[0,758,1419]
