[0,436,661,964,1197]
[0,148,200,436,553,661,964,1146,1197]
[0,200,964,1197]
[0,964,1197]
[0,148,553,661,1197]
[0,449,964,1197]
[0,148,200,553,661,964,1152,1197]
[0,148,200,553,661,964,1197]
[0,449,845,1197]
[0,148,661,1197]
[0,148,553,1138,1197]
[0,148,553,1105,1197]
[0,148,200,964,1197]
[0,148,200,553,661,1105,1152,1197]
[0,148,553,661,1152,1197]
[0,845,1197]
[0,148,200,449,845,964,1152,1197]
[0,148,449,1152,1197]
[0,148,200,436,553,661,964,1197]
[0,436,964,1197]
[0,148,1112,1197]
[0,148,449,661,1197]
[0,148,553,845,1152,1197]
[0,148,200,449,845,964,1197]
[0,148,436,553,661,964,1197]
[0,148,200,553,661,1146,1197]
[0,148,200,449,845,1197]
[0,148,200,436,553,661,1138,1197]
[0,148,436,845,1138,1197]
[0,148,200,436,553,661,1197]
[0,148,436,964,1197]
[0,148,449,661,964,1197]
[0,148,436,553,661,1138,1197]
[0,148,449,964,1197]
[0,148,436,845,1197]
[0,148,553,661,1138,1197]
[0,148,1197]
[0,553,1197]
[0,148,845,1197]
[0,148,553,661,1105,1197]
[0,148,553,661,964,1197]
[0,148,449,845,1197]
[0,148,200,553,661,1152,1197]
[0,148,200,553,661,1197]
[0,148,449,553,661,964,1197]
[0,661,1197]
[0,148,436,661,964,1197]
[0,553,964,1197]
[0,148,449,553,661,1197]
[0,148,553,1152,1197]
[0,449,1197]
[0,148,200,449,553,661,964,1152,1197]
[0,148,1146,1197]
[0,148,200,449,553,661,1105,1152,1197]
[0,148,449,845,1152,1197]
[0,148,200,449,553,661,964,1105,1152,1197]
[0,200,1105,1197]
[0,148,200,449,845,1152,1197]
[0,148,436,553,661,1197]
[0,148,200,436,845,1138,1197]
[0,148,553,661,1146,1197]
[0,436,661,1197]
[0,200,1197]
[0,148,1152,1197]
[0,148,200,553,964,1197]
[0,148,200,553,661,1138,1197]
[0,148,200,553,661,1105,1197]
[0,148,200,449,553,661,1105,1197]
[0,148,200,449,553,661,964,1197]
[0,148,436,661,1197]
[0,148,553,964,1197]
[0,148,553,1197]
[0,148,436,1197]
[0,148,964,1197]
[0,148,200,449,964,1197]
[0,148,449,845,964,1197]
[0,148,553,845,1197]
[0,148,200,449,553,661,964,1105,1197]
[0,148,449,553,661,964,1105,1197]
[0,148,449,661,1105,1197]
[0,436,845,1197]
[0,148,436,1138,1197]
[0,148,1138,1197]
[0,148,1105,1197]
[0,148,449,1197]
[0,148,449,1105,1197]
[0,449,661,964,1197]
[0,449,661,1197]
[0,148,553,1146,1197]
[0,148,449,553,661,1105,1197]
[0,148,436,661,1138,1197]
[0,148,200,436,553,661,1146,1197]
[0,553,845,1197]
[0,436,1197]
