[0,542,627,778,938,997]
[0,305,542,627,778,997]
[0,305,420,542,997]
[0,420,627,938,997]
[0,542,627,679,997]
[0,542,627,778,997]
[0,366,542,997]
[0,366,542,627,938,997]
[0,305,542,997]
[0,366,542,627,778,938,997]
[0,305,542,627,938,997]
[0,305,542,627,997]
[0,305,420,542,627,997]
[0,305,542,627,679,778,938,997]
[0,305,420,542,627,778,938,997]
[0,366,997]
[0,366,420,542,627,679,778,885,938,997]
[0,420,627,997]
[0,366,542,627,679,778,938,997]
[0,366,420,542,627,938,997]
[0,305,420,542,627,679,778,938,997]
[0,542,627,997]
[0,938,997]
[0,542,997]
[0,366,542,627,997]
[0,546,997]
[0,366,420,542,627,679,778,938,997]
[0,305,420,542,778,997]
[0,366,420,542,627,997]
[0,542,627,938,997]
[0,542,627,679,778,997]
[0,305,420,542,627,778,997]
[0,305,542,778,997]
[0,366,420,542,627,778,938,997]
[0,43,305,420,542,627,679,778,938,997]
[0,305,542,627,778,938,997]
[0,366,542,627,778,997]
[0,420,997]
[0,366,420,542,627,778,885,938,997]
[0,542,778,997]
[0,542,627,679,778,938,997]
[0,305,420,542,627,938,997]
[0,366,420,542,627,885,938,997]
[0,366,542,778,997]
