[0,165,1640,1911]
[0,165,320,521,643,853,1168,1398,1620,1722,1911]
[0,165,320,521,643,853,1168,1722,1911]
[0,165,521,853,1398,1640,1911]
[0,521,853,1398,1640,1911]
[0,165,320,521,853,1168,1398,1620,1722,1911]
[0,521,853,1911]
[0,521,1722,1911]
[0,165,521,853,1168,1398,1620,1722,1911]
[0,1620,1911]
[0,165,521,853,1640,1911]
[0,165,521,643,853,1168,1722,1911]
[0,853,1225,1623,1911]
[0,165,521,643,853,1168,1398,1722,1911]
[0,521,853,1168,1911]
[0,165,521,643,853,1398,1620,1722,1911]
[0,165,521,853,1168,1398,1722,1911]
[0,853,1398,1911]
[0,853,1640,1911]
[0,521,853,1168,1398,1722,1911]
[0,521,853,1225,1911]
[0,853,1398,1640,1911]
[0,521,853,1722,1911]
[0,165,320,521,643,853,1168,1398,1722,1911]
[0,165,320,521,853,1168,1722,1911]
[0,165,521,643,853,1398,1722,1911]
[0,521,1640,1911]
[0,1398,1640,1911]
[0,1168,1911]
[0,165,521,853,1398,1620,1722,1911]
[0,521,1911]
[0,165,521,853,1168,1722,1911]
[0,521,853,1168,1722,1911]
[0,1225,1911]
[0,165,521,643,853,1168,1398,1620,1722,1911]
[0,853,1911]
[0,1623,1911]
[0,165,1225,1623,1911]
[0,521,853,1168,1398,1911]
[0,853,1168,1722,1911]
[0,853,1168,1911]
[0,521,853,1398,1911]
[0,165,1722,1911]
[0,521,853,1398,1722,1911]
[0,165,521,1722,1911]
[0,521,853,1640,1911]
[0,1168,1722,1911]
[0,853,1225,1911]
[0,165,521,853,1398,1722,1911]
[0,1722,1911]
[0,1570,1911]
[0,1225,1623,1911]
[0,165,521,853,1722,1911]
[0,165,521,1640,1911]
[0,521,853,1225,1623,1911]
[0,1640,1911]
[0,165,320,521,853,1168,1398,1722,1911]
[0,165,521,853,1225,1623,1911]
