[0,192,614,715,936,1060,1180]
[0,125,193,256,614,715,825,1180]
[0,193,715,825,1060,1180]
[0,125,193,614,825,1180]
[0,715,936,1180]
[0,191,685,1060,1180]
[0,125,193,614,1180]
[0,125,193,715,1060,1180]
[0,125,193,256,715,825,1060,1180]
[0,46,125,192,256,715,1060,1180]
[0,125,193,256,715,1060,1180]
[0,46,125,193,256,614,715,825,882,1060,1180]
[0,125,193,715,1180]
[0,614,825,1060,1180]
[0,193,614,1180]
[0,125,192,614,715,936,1060,1180]
[0,125,193,614,715,825,1060,1180]
[0,191,784,1180]
[0,46,125,193,256,614,715,825,882,1180]
[0,125,193,256,614,715,825,882,1060,1180]
[0,125,192,256,614,715,936,1060,1180]
[0,191,685,825,1060,1180]
[0,193,614,715,825,1180]
[0,125,193,256,614,715,825,882,1180]
[0,191,685,1180]
[0,193,715,1180]
[0,125,193,715,825,882,1180]
[0,125,193,715,825,1060,1180]
[0,125,192,256,715,1180]
[0,46,125,193,715,825,882,1180]
[0,125,192,715,1180]
[0,784,1180]
[0,191,685,825,1180]
[0,125,193,614,715,825,1180]
[0,685,1180]
[0,192,715,936,1060,1180]
[0,125,193,256,614,715,825,1060,1180]
[0,125,193,256,614,715,1180]
[0,614,825,1180]
[0,193,614,715,825,1060,1180]
[0,192,715,1060,1180]
[0,46,125,193,256,715,825,882,1180]
[0,46,125,192,256,715,936,1060,1180]
[0,46,125,192,256,715,1180]
[0,192,715,1180]
[0,125,192,715,936,1060,1180]
[0,125,192,256,715,936,1060,1180]
[0,191,715,1180]
[0,125,193,614,825,882,1180]
[0,193,715,825,1180]
[0,614,1180]
[0,125,193,685,1180]
[0,125,193,614,825,1060,1180]
[0,46,125,192,256,614,715,936,1060,1180]
[0,125,192,715,1060,1180]
[0,825,1180]
[0,193,715,1060,1180]
[0,193,614,825,1180]
[0,125,193,715,825,1180]
[0,125,193,614,715,1180]
[0,125,193,256,715,1180]
[0,125,193,256,715,825,882,1180]
[0,193,614,825,1060,1180]
[0,193,614,715,1180]
[0,125,192,256,715,1060,1180]
[0,125,193,256,715,825,1180]
[0,715,1180]
[0,192,715,936,1180]
[0,193,685,1180]
