[0,53,187,320,507,655,789,885,1042,1651]
[0,70,368,775,1567,1651]
[0,47,320,507,655,1042,1225,1593,1651]
[0,47,187,320,507,655,775,882,1042,1225,1593,1651]
[0,53,187,320,655,789,885,1042,1651]
[0,187,320,507,655,882,1042,1225,1651]
[0,53,187,320,507,655,817,1035,1651]
[0,320,655,1225,1651]
[0,47,187,320,655,775,882,1042,1593,1651]
[0,47,320,507,1651]
[0,47,187,320,655,1651]
[0,655,1225,1651]
[0,53,320,507,655,817,1035,1651]
[0,655,1042,1651]
[0,187,320,655,885,1042,1651]
[0,775,1651]
[0,320,655,775,882,1042,1225,1593,1651]
[0,320,507,1042,1651]
[0,53,320,507,655,1651]
[0,47,320,655,882,1042,1651]
[0,47,187,320,655,1593,1651]
[0,70,368,775,1651]
[0,320,655,1042,1651]
[0,320,507,1042,1225,1593,1651]
[0,320,655,1651]
[0,368,803,1567,1651]
[0,320,655,1225,1593,1651]
[0,187,775,1567,1651]
[0,53,320,507,655,1035,1651]
[0,187,320,655,1225,1651]
[0,53,187,320,655,885,1042,1651]
[0,187,1651]
[0,320,655,1042,1225,1651]
[0,53,187,320,507,655,1035,1651]
[0,187,320,655,775,882,1042,1593,1651]
[0,187,320,655,775,882,1042,1651]
[0,320,1029,1651]
[0,320,775,1593,1651]
[0,320,655,882,1225,1651]
[0,53,320,655,1651]
[0,47,320,507,1042,1593,1651]
[0,47,320,655,1593,1651]
[0,320,655,882,1042,1651]
[0,187,320,507,655,789,885,1042,1651]
[0,70,368,803,1651]
[0,187,320,507,655,1042,1225,1651]
[0,47,320,1651]
[0,320,655,885,1651]
[0,320,507,655,1042,1225,1651]
[0,320,655,789,885,1042,1651]
[0,655,1651]
[0,53,320,613,1651]
[0,47,320,775,1593,1651]
[0,320,507,1651]
[0,320,655,882,1042,1225,1651]
[0,320,507,1593,1651]
[0,187,320,507,655,775,882,1042,1225,1593,1651]
[0,320,507,655,882,1042,1651]
[0,187,320,655,882,1042,1225,1651]
[0,53,187,320,655,1651]
[0,53,320,655,885,1651]
[0,47,320,655,1651]
[0,320,507,655,1035,1651]
[0,187,320,655,1042,1225,1651]
[0,187,320,655,775,882,1042,1225,1651]
[0,320,655,1593,1651]
[0,187,320,655,789,885,1042,1651]
[0,320,507,655,882,1042,1225,1651]
[0,320,507,655,775,882,1042,1225,1651]
[0,187,320,655,882,1042,1651]
[0,187,320,655,1042,1225,1593,1651]
[0,53,187,320,507,655,1651]
[0,53,320,655,885,1042,1651]
[0,320,655,817,1035,1651]
[0,320,507,655,775,882,1042,1225,1593,1651]
[0,368,803,1651]
[0,320,507,655,775,882,1042,1651]
[0,47,1651]
[0,47,320,507,1042,1225,1593,1651]
[0,320,507,1042,1225,1651]
[0,187,320,655,1593,1651]
[0,187,320,507,655,817,1035,1651]
[0,47,320,507,1593,1651]
[0,47,320,655,1225,1593,1651]
[0,187,320,507,655,775,882,1042,1225,1651]
[0,47,187,320,655,775,882,1042,1225,1593,1651]
[0,320,655,775,882,1042,1225,1651]
[0,320,507,655,817,1035,1651]
[0,47,320,775,1651]
[0,655,1035,1651]
[0,187,320,507,655,1651]
[0,47,187,320,655,882,1042,1651]
[0,47,187,320,655,1042,1225,1593,1651]
[0,47,187,320,655,1225,1593,1651]
[0,187,320,507,655,1042,1225,1593,1651]
[0,47,187,320,507,655,1042,1225,1593,1651]
[0,320,507,655,885,1042,1651]
[0,320,655,1035,1651]
[0,320,655,1042,1225,1593,1651]
[0,320,1042,1651]
[0,187,320,655,1651]
[0,47,320,655,1042,1225,1593,1651]
[0,320,613,1651]
[0,320,507,655,1042,1651]
[0,187,775,1651]
[0,47,320,655,882,1651]
[0,803,1651]
[0,368,775,1651]
[0,320,507,655,1042,1225,1593,1651]
[0,187,320,655,775,882,1042,1225,1593,1651]
[0,187,320,507,655,1035,1651]
[0,320,507,1042,1593,1651]
[0,1029,1651]
[0,47,187,320,655,775,882,1042,1651]
[0,368,775,1567,1651]
[0,320,655,885,1042,1651]
[0,320,775,1651]
[0,320,507,655,1651]
[0,320,507,655,789,885,1042,1651]
[0,187,320,655,1225,1593,1651]
[0,320,655,775,882,1042,1651]
[0,1042,1651]
[0,320,1651]
[0,320,655,882,1651]
[0,70,368,803,1567,1651]
[0,187,320,507,655,885,1042,1651]
[0,320,655,775,882,1042,1593,1651]
