[0,601,779,1149,1427]
[0,157,601,678,779,1003,1149,1220,1347,1427]
[0,323,1427]
[0,157,678,1003,1149,1427]
[0,678,1149,1427]
[0,157,601,678,779,1003,1149,1220,1427]
[0,157,601,678,1003,1149,1427]
[0,601,678,1003,1149,1427]
[0,323,678,1149,1427]
[0,678,1003,1149,1427]
[0,190,370,601,678,779,1003,1149,1427]
[0,779,1149,1427]
[0,190,779,1149,1427]
[0,601,678,779,1003,1149,1427]
[0,157,1149,1427]
[0,190,779,1003,1149,1220,1427]
[0,190,370,601,1149,1427]
[0,157,601,678,779,1003,1149,1347,1427]
[0,157,601,779,1149,1427]
[0,157,779,1003,1149,1220,1427]
[0,190,779,1003,1149,1427]
[0,190,601,779,1003,1149,1427]
[0,157,601,779,1003,1149,1347,1427]
[0,157,779,1149,1427]
[0,601,1149,1427]
[0,190,370,1149,1427]
[0,190,601,678,779,1003,1149,1427]
[0,190,370,601,678,779,1003,1149,1220,1427]
[0,601,678,779,1003,1149,1220,1427]
[0,323,678,1003,1149,1427]
[0,190,601,1149,1427]
[0,323,678,1427]
[0,601,779,1003,1149,1427]
[0,157,601,779,1003,1149,1427]
[0,323,1149,1427]
[0,190,370,601,779,1149,1427]
[0,779,1003,1149,1220,1427]
[0,1003,1149,1427]
[0,1149,1427]
[0,601,1427]
[0,190,1149,1427]
[0,678,1427]
[0,779,1427]
[0,190,601,678,779,1003,1149,1220,1427]
[0,779,1003,1149,1427]
[0,157,678,1149,1427]
[0,157,601,678,779,1003,1149,1427]
[0,157,779,1003,1149,1427]
[0,190,370,601,779,1003,1149,1427]
[0,190,601,779,1149,1427]
