[0,145,239,435,549,640,764,997]
[0,52,222,549,640,997]
[0,239,377,435,549,644,764,997]
[0,435,997]
[0,239,435,549,640,764,997]
[0,52,145,239,377,435,549,644,764,997]
[0,182,432,764,997]
[0,222,764,997]
[0,52,222,549,640,764,997]
[0,432,764,997]
[0,50,239,549,640,997]
[0,52,145,222,377,435,549,640,764,997]
[0,145,239,377,435,549,644,764,997]
[0,239,997]
[0,222,377,435,549,764,997]
[0,222,549,764,997]
[0,640,997]
[0,52,222,377,435,549,640,764,997]
[0,239,549,764,997]
[0,222,640,997]
[0,52,239,435,549,644,764,997]
[0,432,997]
[0,222,377,435,549,640,764,997]
[0,239,377,435,549,640,764,997]
[0,222,549,640,764,997]
[0,145,239,435,549,764,997]
[0,435,764,997]
[0,222,435,997]
[0,222,435,549,764,997]
[0,729,997]
[0,222,432,549,764,997]
[0,50,239,549,640,764,997]
[0,222,549,640,997]
[0,359,997]
[0,239,764,997]
[0,222,435,764,997]
[0,222,435,729,997]
[0,239,549,644,764,997]
[0,764,997]
[0,239,549,640,997]
[0,50,239,435,549,640,764,997]
[0,222,435,549,640,764,997]
[0,145,239,377,435,549,640,764,997]
[0,239,549,640,764,997]
[0,52,239,549,764,997]
[0,52,239,377,435,549,644,764,997]
[0,50,239,377,435,549,640,764,997]
[0,222,432,764,997]
[0,239,435,549,764,997]
[0,239,435,549,644,764,997]
[0,52,222,435,549,640,764,997]
[0,145,222,435,549,640,764,997]
[0,145,239,435,549,644,764,997]
[0,239,640,997]
[0,50,145,239,377,435,549,640,764,997]
[0,52,239,549,644,764,997]
[0,222,729,997]
[0,145,222,377,435,549,640,764,997]
[0,222,997]
