[0,242,490,1538,2020]
[0,242,490,1060,1538,2020]
[0,980,2020]
[0,242,489,980,1112,1538,2020]
[0,718,2020]
[0,489,2020]
[0,248,990,2020]
[0,490,1538,2020]
[0,489,1538,2020]
[0,242,980,1538,2020]
[0,990,1561,2020]
[0,242,718,980,1112,1538,2020]
[0,490,1060,1538,2020]
[0,242,2020]
[0,242,490,2020]
[0,103,242,489,980,1112,1538,2020]
[0,242,490,1561,2020]
[0,242,718,980,1538,2020]
[0,242,718,980,1112,1215,1538,2020]
[0,990,2020]
[0,489,980,1538,2020]
[0,248,2020]
[0,490,1561,2020]
[0,242,490,980,1538,2020]
[0,490,980,2020]
[0,489,980,2020]
[0,718,980,1538,2020]
[0,980,1538,2020]
[0,242,489,980,1538,2020]
[0,490,2020]
[0,490,980,1538,2020]
[0,248,990,1561,2020]
[0,718,1538,2020]
[0,102,242,718,980,1538,2020]
[0,242,980,2020]
