[0,53,604,1390,1632]
[0,158,604,1632]
[0,53,604,1394,1632]
[0,53,158,345,604,1394,1632]
[0,345,604,877,1394,1632]
[0,158,604,1394,1632]
[0,604,1632]
[0,78,1632]
[0,53,158,604,1390,1632]
[0,78,604,1390,1632]
[0,53,604,1632]
[0,53,158,604,1394,1632]
[0,158,345,604,1390,1632]
[0,604,877,1390,1632]
[0,158,345,604,1394,1632]
[0,53,158,345,604,877,1390,1632]
[0,53,1632]
[0,78,604,1632]
[0,604,877,1394,1632]
[0,53,158,345,604,877,1394,1632]
[0,1382,1632]
[0,158,345,604,877,1390,1632]
[0,345,604,1632]
[0,345,604,1390,1632]
[0,178,1632]
[0,53,604,877,1394,1632]
[0,345,604,877,1632]
[0,345,604,1394,1632]
[0,178,1382,1632]
[0,604,1390,1632]
[0,53,158,345,604,1390,1632]
[0,345,604,877,1390,1632]
[0,158,604,1390,1632]
[0,158,1632]
[0,604,877,1632]
[0,158,345,604,877,1394,1632]
[0,604,1394,1632]
