[0,54,652,780,1045,1562]
[0,607,780,984,1562]
[0,366,780,1045,1562]
[0,511,780,998,1562]
[0,998,1562]
[0,54,1562]
[0,54,780,1045,1562]
[0,511,780,1562]
[0,780,1562]
[0,268,1072,1562]
[0,780,1045,1562]
[0,780,1223,1562]
[0,54,511,780,998,1223,1354,1562]
[0,54,607,780,984,1562]
[0,54,511,780,984,1223,1562]
[0,511,780,984,1223,1354,1562]
[0,607,780,1045,1562]
[0,511,780,998,1223,1354,1562]
[0,1081,1562]
[0,984,1562]
[0,54,780,998,1562]
[0,54,607,780,1045,1562]
[0,1072,1562]
[0,511,780,984,1562]
[0,54,750,1045,1562]
[0,344,750,1045,1562]
[0,780,998,1562]
[0,511,1562]
[0,750,1045,1562]
[0,652,780,1045,1562]
[0,366,1045,1562]
[0,344,1045,1562]
[0,54,511,780,998,1562]
[0,511,780,998,1223,1562]
[0,551,780,984,1562]
[0,54,551,780,984,1562]
[0,54,652,780,998,1562]
[0,54,344,750,1045,1562]
[0,54,780,984,1562]
[0,511,780,984,1223,1562]
[0,1045,1562]
[0,54,511,780,998,1223,1562]
[0,54,1045,1562]
[0,54,366,780,1045,1562]
[0,652,780,998,1562]
[0,511,780,1223,1562]
[0,54,511,780,984,1562]
[0,780,984,1562]
[0,551,780,1562]
[0,268,1081,1562]
[0,54,511,780,984,1223,1354,1562]
