[0,511,595,1110,1525,1911]
[0,511,764,903,1670,1911]
[0,511,764,1911]
[0,511,595,1670,1847,1911]
[0,243,511,764,1110,1670,1847,1911]
[0,385,1911]
[0,243,511,764,903,1110,1525,1911]
[0,823,1911]
[0,243,511,764,903,1110,1670,1911]
[0,243,511,764,903,1110,1525,1670,1847,1911]
[0,243,511,764,903,1110,1525,1670,1911]
[0,511,595,764,903,1670,1859,1911]
[0,385,534,764,1110,1525,1670,1911]
[0,385,534,823,1110,1670,1911]
[0,243,534,823,1110,1670,1859,1911]
[0,534,823,1110,1670,1859,1911]
[0,1670,1911]
[0,511,1670,1911]
[0,534,764,1110,1525,1911]
[0,323,534,1670,1911]
[0,385,534,764,1110,1525,1911]
[0,243,534,823,1110,1525,1670,1911]
[0,534,1911]
[0,511,595,1670,1911]
[0,287,385,511,764,903,1110,1525,1670,1911]
[0,287,511,595,764,903,1110,1525,1670,1859,1911]
[0,534,1670,1859,1911]
[0,287,385,511,595,764,903,1110,1525,1670,1859,1911]
[0,534,764,903,1110,1670,1911]
[0,534,764,1670,1859,1911]
[0,511,903,1911]
[0,511,764,1670,1847,1911]
[0,511,1670,1847,1911]
[0,287,385,534,823,1110,1670,1859,1911]
[0,511,1911]
[0,287,385,534,764,903,1110,1525,1911]
[0,243,534,823,1110,1670,1911]
[0,534,764,1110,1525,1670,1911]
[0,385,823,1911]
[0,511,595,764,903,1670,1911]
[0,243,511,595,764,903,1110,1670,1847,1911]
[0,1670,1847,1911]
[0,511,595,764,1110,1525,1911]
[0,385,1670,1911]
[0,287,511,595,764,903,1110,1525,1670,1911]
[0,287,511,764,1110,1525,1911]
[0,243,511,764,903,1670,1847,1911]
[0,243,511,764,1110,1525,1911]
[0,243,511,764,1110,1670,1911]
[0,243,511,595,764,903,1110,1670,1911]
[0,243,511,595,764,903,1670,1911]
[0,511,595,1911]
[0,287,385,534,764,903,1110,1525,1670,1859,1911]
[0,534,764,903,1670,1859,1911]
[0,243,511,764,903,1670,1911]
[0,534,764,1110,1670,1911]
[0,511,764,903,1110,1525,1911]
[0,511,764,1110,1525,1670,1911]
[0,534,1110,1911]
[0,243,511,595,764,903,1110,1525,1670,1911]
[0,511,764,903,1110,1525,1670,1911]
[0,385,764,1911]
[0,243,534,823,1110,1525,1911]
[0,243,511,764,1110,1525,1670,1847,1911]
[0,511,1525,1911]
[0,511,764,1110,1911]
[0,511,595,764,903,1110,1525,1911]
[0,243,511,764,903,1110,1670,1847,1911]
[0,534,823,1110,1911]
[0,287,385,534,823,1110,1670,1911]
[0,385,534,823,1110,1670,1859,1911]
[0,534,764,903,1110,1525,1670,1859,1911]
[0,385,534,764,903,1110,1525,1670,1911]
[0,511,595,1525,1911]
[0,385,764,1670,1911]
[0,534,764,903,1670,1911]
[0,534,764,903,1110,1670,1859,1911]
[0,534,823,1911]
[0,243,511,595,764,903,1110,1525,1911]
[0,385,534,764,903,1110,1525,1670,1859,1911]
[0,534,764,903,1110,1525,1911]
[0,243,511,764,1911]
[0,534,764,1525,1911]
[0,534,1110,1525,1911]
[0,534,1670,1911]
[0,534,1110,1670,1911]
[0,534,823,1110,1525,1911]
[0,511,595,764,903,1110,1525,1670,1911]
[0,511,595,1670,1859,1911]
[0,243,534,823,1110,1911]
[0,511,1110,1525,1911]
[0,534,823,1525,1911]
[0,385,823,1670,1911]
[0,287,385,534,764,903,1110,1525,1670,1911]
[0,511,595,764,903,1670,1847,1911]
[0,323,534,823,1110,1670,1911]
[0,511,1110,1911]
[0,511,764,1110,1670,1847,1911]
[0,243,511,595,764,1110,1525,1911]
[0,511,595,903,1670,1859,1911]
[0,511,595,764,903,1110,1670,1859,1911]
[0,511,764,903,1670,1847,1911]
[0,243,511,595,764,903,1110,1525,1670,1847,1911]
[0,243,511,764,1110,1525,1670,1911]
[0,534,764,1911]
[0,511,764,903,1110,1670,1911]
[0,243,511,764,1110,1911]
[0,511,595,903,1670,1847,1911]
[0,511,595,764,903,1110,1670,1911]
[0,534,764,903,1110,1525,1670,1911]
[0,243,534,823,1110,1525,1670,1859,1911]
[0,287,511,764,903,1110,1525,1670,1911]
[0,385,534,764,903,1110,1525,1911]
[0,511,595,764,903,1110,1525,1670,1859,1911]
[0,534,1525,1911]
[0,534,823,1670,1859,1911]
[0,511,1670,1859,1911]
[0,1859,1911]
[0,534,764,1670,1911]
[0,511,903,1670,1911]
[0,511,764,1110,1525,1911]
[0,511,764,1110,1670,1911]
[0,243,511,595,764,903,1670,1847,1911]
[0,511,764,1525,1911]
[0,511,764,1670,1911]
[0,1110,1911]
[0,534,823,1670,1911]
[0,287,385,511,595,764,903,1110,1525,1670,1911]
[0,1670,1859,1911]
[0,243,511,764,1670,1911]
[0,511,595,903,1670,1911]
[0,287,511,764,1110,1525,1670,1911]
[0,534,823,1110,1670,1911]
[0,323,534,823,1110,1670,1859,1911]
