[0,45,193,377,895,997,1223,1400,1450,1562]
[0,400,895,1562]
[0,193,424,997,1223,1400,1562]
[0,193,424,895,1400,1562]
[0,424,1223,1562]
[0,424,895,1562]
[0,193,424,895,1223,1400,1562]
[0,193,997,1223,1562]
[0,193,352,1562]
[0,377,895,997,1562]
[0,193,424,1562]
[0,377,1562]
[0,45,193,377,895,997,1223,1562]
[0,193,424,895,997,1259,1562]
[0,400,895,997,1562]
[0,193,400,895,1562]
[0,424,895,1223,1562]
[0,193,352,895,997,1562]
[0,377,1223,1562]
[0,193,400,997,1259,1562]
[0,997,1562]
[0,193,400,895,997,1562]
[0,400,1259,1562]
[0,193,895,1400,1562]
[0,193,352,895,997,1259,1400,1450,1562]
[0,193,997,1259,1562]
[0,45,193,352,895,997,1259,1562]
[0,377,1273,1562]
[0,997,1223,1562]
[0,193,352,997,1259,1400,1562]
[0,424,1562]
[0,193,377,895,997,1562]
[0,400,1562]
[0,424,997,1223,1562]
[0,424,1259,1562]
[0,352,895,997,1562]
[0,400,997,1259,1562]
[0,193,1400,1562]
[0,424,895,997,1562]
[0,352,1259,1562]
[0,193,377,895,1450,1562]
[0,193,352,997,1259,1562]
[0,193,400,895,997,1259,1562]
[0,193,400,1259,1562]
[0,193,424,1259,1562]
[0,193,424,895,997,1562]
[0,193,352,895,1562]
[0,193,400,1562]
[0,193,424,997,1259,1562]
[0,45,193,424,895,997,1223,1400,1562]
[0,895,997,1562]
[0,45,193,424,895,997,1223,1562]
[0,45,193,377,895,997,1223,1400,1562]
[0,352,895,1562]
[0,193,424,997,1223,1562]
[0,193,895,1562]
[0,997,1259,1562]
[0,193,377,895,997,1223,1400,1450,1562]
[0,45,193,352,895,997,1259,1400,1450,1562]
[0,193,377,895,997,1223,1400,1562]
[0,193,424,1223,1562]
[0,193,424,895,1223,1562]
[0,193,424,895,1562]
[0,424,997,1259,1562]
[0,352,1562]
[0,193,377,997,1223,1562]
[0,193,424,895,997,1223,1562]
[0,377,895,1562]
[0,193,352,895,997,1259,1400,1562]
[0,352,895,1400,1562]
[0,193,352,1259,1562]
[0,193,377,895,997,1450,1562]
[0,193,377,997,1223,1400,1562]
[0,193,352,895,997,1259,1562]
[0,193,377,1562]
[0,193,1562]
[0,193,377,1223,1562]
[0,193,377,895,1562]
[0,193,377,895,997,1223,1562]
[0,45,193,424,895,997,1259,1562]
[0,193,377,895,997,1400,1450,1562]
[0,193,424,895,997,1223,1400,1562]
[0,895,1562]
