[0,515,761,981,1110,1465]
[0,515,761,1465]
[0,515,981,1465]
[0,515,981,1235,1465]
[0,1235,1465]
[0,981,1235,1465]
[0,515,739,1345,1465]
[0,166,515,763,981,1102,1465]
[0,225,615,1040,1465]
[0,515,739,1235,1465]
[0,615,1040,1465]
[0,166,515,739,981,1102,1465]
[0,166,515,761,1110,1465]
[0,739,1102,1465]
[0,166,265,515,761,981,1110,1370,1465]
[0,1345,1465]
[0,761,1102,1465]
[0,981,1345,1465]
[0,58,166,265,515,761,981,1102,1465]
[0,166,515,981,1465]
[0,515,739,981,1235,1465]
[0,166,265,515,761,981,1102,1465]
[0,515,761,1110,1465]
[0,515,1465]
[0,58,515,739,981,1102,1370,1465]
[0,515,763,981,1102,1465]
[0,225,981,1345,1465]
[0,58,515,739,981,1102,1465]
[0,166,515,739,1235,1465]
[0,166,265,515,763,981,1102,1465]
[0,166,515,739,981,1102,1370,1465]
[0,166,515,761,981,1110,1465]
[0,763,1102,1465]
[0,166,515,615,763,981,1102,1465]
[0,739,1465]
[0,761,1465]
[0,981,1465]
[0,515,761,981,1102,1465]
[0,515,739,1102,1465]
[0,763,1465]
[0,166,265,515,761,981,1110,1465]
[0,166,265,515,615,763,981,1102,1465]
[0,761,1110,1465]
[0,515,763,1102,1465]
[0,166,515,739,981,1235,1465]
[0,166,515,761,1102,1465]
[0,166,515,739,1102,1465]
[0,166,515,981,1235,1465]
[0,515,739,981,1102,1370,1465]
[0,515,739,981,1102,1465]
[0,1040,1465]
[0,225,981,1465]
[0,515,761,981,1110,1370,1465]
[0,265,1465]
[0,515,761,1102,1465]
[0,166,515,763,1102,1465]
[0,739,1235,1465]
[0,515,739,1465]
[0,58,166,265,515,615,763,981,1102,1465]
[0,515,763,1465]
[0,166,515,761,981,1102,1465]
