[0,54,290,430,845,1152,1495,1911]
[0,54,430,845,1152,1495,1911]
[0,237,290,430,1152,1495,1911]
[0,1152,1495,1911]
[0,290,430,845,1054,1495,1911]
[0,430,1054,1495,1911]
[0,290,430,845,1152,1495,1911]
[0,430,845,1152,1495,1911]
[0,54,430,1152,1495,1911]
[0,237,290,430,845,1054,1495,1911]
[0,430,845,1054,1495,1911]
[0,1054,1911]
[0,1152,1911]
[0,430,1911]
[0,430,1495,1911]
[0,430,1054,1911]
[0,290,430,1152,1495,1911]
[0,430,1152,1495,1911]
[0,1054,1495,1911]
[0,54,237,290,430,845,1152,1495,1911]
[0,54,290,430,1152,1495,1911]
[0,237,290,430,1054,1495,1911]
[0,290,430,1054,1495,1911]
[0,54,237,290,430,845,1054,1495,1911]
[0,54,237,290,430,1152,1495,1911]
[0,54,290,430,845,1054,1495,1911]
