[0,620,1250,1745,2189]
[0,152,253,520,1111,2189]
[0,1119,1446,1851,2189]
[0,152,1119,1250,1446,1851,2189]
[0,152,253,1250,2189]
[0,1250,2189]
[0,152,1250,1737,1967,2189]
[0,152,253,1111,2189]
[0,253,520,1250,2189]
[0,1111,2189]
[0,1494,2189]
[0,1250,1745,2189]
[0,620,1250,1446,1745,2189]
[0,152,1119,1446,2189]
[0,349,1250,2189]
[0,520,1250,2189]
[0,807,1250,1745,2189]
[0,152,1250,1737,2189]
[0,152,1250,2189]
[0,152,620,807,1250,1446,1745,2189]
[0,1250,1444,1737,1967,2189]
[0,152,1111,2189]
[0,1250,1737,1967,2189]
[0,1119,2189]
[0,152,1250,1444,1737,1967,2189]
[0,152,620,1250,1446,1745,2189]
[0,520,1111,2189]
[0,807,1250,1444,1737,2189]
[0,152,520,1250,2189]
[0,1250,1444,1737,2189]
[0,152,1119,1446,1851,2189]
[0,152,520,1111,2189]
[0,620,1250,2189]
[0,807,1250,1446,1745,2189]
[0,152,1250,1446,1745,2189]
[0,1119,1446,2189]
[0,1119,1851,2189]
[0,1250,1446,1745,2189]
[0,152,1250,1745,2189]
[0,152,253,520,1250,2189]
[0,152,1119,2189]
[0,807,1250,1737,2189]
[0,1250,1737,2189]
[0,620,807,1250,1446,1745,2189]
