[0,633,841,1229,1419]
[0,1229,1419]
[0,467,841,979,1229,1419]
[0,467,1032,1419]
[0,462,719,841,1032,1229,1419]
[0,644,841,1032,1419]
[0,114,633,719,841,979,1229,1419]
[0,114,467,841,1229,1419]
[0,841,1241,1419]
[0,114,841,1241,1419]
[0,114,841,1419]
[0,114,644,841,1032,1229,1419]
[0,114,467,519,633,719,841,979,1229,1419]
[0,467,841,1241,1419]
[0,114,467,519,841,979,1229,1419]
[0,114,719,1229,1419]
[0,114,644,719,841,1032,1229,1419]
[0,114,467,841,1419]
[0,644,841,1419]
[0,114,519,1419]
[0,114,467,519,841,1419]
[0,633,841,979,1229,1419]
[0,633,841,1419]
[0,462,644,841,1032,1229,1419]
[0,114,462,644,719,841,1032,1229,1419]
[0,467,841,1229,1419]
[0,114,467,719,841,979,1229,1419]
[0,841,979,1229,1419]
[0,644,841,1032,1229,1419]
[0,467,841,1032,1241,1419]
[0,462,841,1032,1229,1419]
[0,519,1047,1419]
[0,467,841,1419]
[0,467,719,841,979,1229,1419]
[0,114,841,1032,1229,1419]
[0,462,841,1032,1419]
[0,719,1229,1419]
[0,114,467,519,633,841,979,1229,1419]
[0,841,1032,1419]
[0,114,467,719,1229,1419]
[0,114,462,519,841,1032,1229,1419]
[0,467,719,1229,1419]
[0,114,467,633,841,979,1229,1419]
[0,841,1419]
[0,467,1419]
[0,114,841,979,1229,1419]
[0,114,462,519,644,719,841,1032,1229,1419]
[0,114,633,841,979,1229,1419]
[0,467,633,841,1229,1419]
[0,467,633,841,979,1229,1419]
[0,467,719,1419]
[0,114,462,519,644,841,1032,1229,1419]
[0,114,462,719,841,1032,1229,1419]
[0,467,841,1032,1419]
[0,841,1032,1229,1419]
[0,462,841,1419]
[0,114,467,519,841,1229,1419]
[0,114,841,1032,1241,1419]
[0,1032,1419]
[0,114,519,1047,1419]
[0,114,1419]
[0,519,1419]
[0,114,467,841,979,1229,1419]
[0,114,719,1419]
[0,1047,1419]
[0,719,1419]
[0,841,1229,1419]
[0,114,462,841,1032,1229,1419]
[0,114,467,633,719,841,979,1229,1419]
[0,114,841,1229,1419]
[0,114,462,644,841,1032,1229,1419]
[0,114,467,841,1032,1241,1419]
[0,841,1032,1241,1419]
