[0,705,1388,3232,4285]
[0,1203,3026,3739,3990,4285]
[0,705,1356,3066,4285]
[0,3026,4285]
[0,1203,2623,3352,3990,4285]
[0,1388,3232,4285]
[0,1203,3352,4285]
[0,1368,3155,3990,4285]
[0,705,1203,2623,3232,3739,3990,4285]
[0,1203,3026,4285]
[0,1203,2623,3352,4285]
[0,1356,3232,4285]
[0,705,1388,3232,3863,4285]
[0,705,1356,3066,3743,3943,4285]
[0,1203,3232,3990,4285]
[0,2623,4285]
[0,1356,3066,3743,3943,4285]
[0,1203,2623,3739,4285]
[0,705,1368,3155,3990,4285]
[0,705,1356,3232,3863,4285]
[0,1388,4285]
[0,1368,3155,4285]
[0,705,1368,3155,3785,3990,4285]
[0,1368,4285]
[0,1368,3232,4285]
[0,1203,3232,3739,3990,4285]
[0,1203,2623,4285]
[0,1368,2657,4285]
[0,1356,3232,3746,3990,4285]
[0,1203,4285]
[0,1368,3232,3990,4285]
[0,1203,1368,3155,3785,3990,4285]
[0,1203,2623,3232,3990,4285]
[0,1203,2623,3232,3739,3990,4285]
[0,705,1356,3232,3746,3990,4285]
[0,705,1356,3232,3990,4285]
[0,705,1368,3232,3990,4285]
[0,1368,3155,3785,3990,4285]
[0,1356,3232,3863,4285]
[0,1203,3352,3990,4285]
[0,1203,3155,3990,4285]
[0,1203,3155,4285]
[0,705,1203,1368,3232,3739,3990,4285]
[0,1203,3232,4285]
[0,705,1368,3232,4285]
[0,1356,3066,4285]
[0,705,1356,3066,3943,4285]
[0,705,1368,3155,4285]
[0,705,1356,3232,4285]
[0,1203,2623,3232,4285]
[0,1356,3066,3943,4285]
[0,1368,3232,3739,3990,4285]
[0,705,1203,2623,3232,4285]
[0,1203,1368,3232,3739,3990,4285]
[0,1356,4285]
[0,1368,3352,4285]
[0,705,1203,1368,2623,3232,3739,3990,4285]
[0,1203,2623,3352,3739,3990,4285]
[0,1203,2623,3739,3990,4285]
[0,1356,3232,3990,4285]
[0,1203,3026,3990,4285]
[0,705,1368,3232,3739,3990,4285]
[0,705,1203,2623,3232,3990,4285]
[0,705,1203,1368,3155,3785,3990,4285]
[0,1203,3155,3785,3990,4285]
