[0,176,298,360,437,591,1180]
[0,360,548,833,950,1180]
[0,101,176,298,360,437,548,664,833,950,1180]
[0,176,298,360,548,664,1180]
[0,176,360,437,548,664,833,1180]
[0,174,298,360,1180]
[0,719,1180]
[0,174,548,664,1180]
[0,101,176,298,360,437,548,664,1180]
[0,591,1180]
[0,176,360,1180]
[0,174,548,1180]
[0,101,176,298,548,664,1180]
[0,360,1180]
[0,298,719,1180]
[0,176,591,1180]
[0,360,437,1180]
[0,176,548,833,950,1180]
[0,176,360,437,548,1180]
[0,360,591,1180]
[0,176,360,548,664,1180]
[0,176,298,360,591,950,1180]
[0,360,548,664,833,1180]
[0,174,360,1180]
[0,176,298,548,664,1180]
[0,176,360,591,1180]
[0,360,548,950,1180]
[0,174,298,360,548,664,1180]
[0,176,298,591,1180]
[0,360,437,548,664,833,950,1180]
[0,360,619,1180]
[0,174,298,548,1180]
[0,176,298,360,1180]
[0,176,548,1180]
[0,176,298,360,437,548,664,1180]
[0,176,360,437,548,664,1180]
[0,176,298,360,437,548,664,833,950,1180]
[0,360,548,1180]
[0,101,176,360,437,548,664,833,950,1180]
[0,176,437,548,1180]
[0,360,619,950,1180]
[0,174,298,548,664,1180]
[0,248,360,548,950,1180]
[0,360,437,548,664,833,1180]
[0,176,360,619,1180]
[0,248,619,950,1180]
[0,548,950,1180]
[0,548,833,1180]
[0,360,437,548,1180]
[0,176,360,437,548,664,833,950,1180]
[0,176,298,360,591,1180]
[0,176,548,664,833,950,1180]
[0,248,619,1180]
[0,176,437,548,664,833,1180]
[0,176,360,548,1180]
[0,298,360,1180]
[0,360,950,1180]
[0,176,298,548,1180]
[0,176,548,664,833,1180]
[0,176,298,360,437,548,1180]
[0,360,833,1180]
[0,298,360,437,548,1180]
[0,298,1180]
[0,174,298,360,548,1180]
[0,619,1180]
[0,176,437,548,664,1180]
[0,360,437,591,1180]
[0,101,176,298,360,548,664,1180]
[0,176,548,950,1180]
[0,176,298,591,950,1180]
[0,176,548,664,1180]
[0,360,548,664,1180]
[0,101,176,360,437,548,664,1180]
[0,176,360,437,591,1180]
[0,176,298,360,548,1180]
[0,591,950,1180]
[0,176,360,619,950,1180]
[0,548,1180]
[0,360,548,833,1180]
[0,176,548,833,1180]
[0,176,437,548,664,833,950,1180]
[0,176,298,360,437,548,664,833,1180]
[0,360,548,664,833,950,1180]
[0,360,437,548,664,1180]
[0,176,591,950,1180]
