[0,88,213,879,1000,1249]
[0,213,719,1103,1249]
[0,88,213,719,879,1000,1249]
[0,88,213,719,1249]
[0,213,719,908,994,1249]
[0,213,879,994,1249]
[0,88,213,719,871,994,1249]
[0,213,719,871,994,1249]
[0,213,719,871,1249]
[0,88,213,719,1103,1249]
[0,213,1249]
[0,871,1249]
[0,213,879,1000,1249]
[0,88,213,871,994,1249]
[0,719,1249]
[0,719,994,1249]
[0,213,719,879,994,1249]
[0,213,719,994,1249]
[0,88,213,719,908,994,1249]
[0,88,134,213,719,908,994,1249]
[0,213,719,1249]
[0,213,871,1249]
[0,88,213,879,994,1249]
[0,213,719,871,1103,1249]
[0,879,1249]
[0,88,213,719,871,1103,1249]
[0,719,1000,1249]
[0,213,719,879,1000,1249]
[0,213,719,1000,1249]
[0,88,213,719,994,1249]
[0,213,871,994,1249]
[0,88,213,719,879,994,1249]
[0,213,879,1249]
