[0,305,596,2189]
[0,1216,2189]
[0,305,1583,2189]
[0,305,596,1246,2189]
[0,305,579,797,1475,2189]
[0,305,589,1475,2116,2189]
[0,305,579,1475,2116,2189]
[0,305,1475,1583,2189]
[0,1246,1583,2189]
[0,305,579,862,1583,2189]
[0,305,579,1583,2189]
[0,1788,2189]
[0,305,1246,1583,2189]
[0,305,1246,2189]
[0,1583,2189]
[0,579,1583,2189]
[0,305,589,740,1583,2189]
[0,589,1583,2189]
[0,579,862,1583,2189]
[0,589,1475,2189]
[0,305,589,847,1583,2189]
[0,579,1475,2189]
[0,305,589,1583,2189]
[0,305,589,1193,1475,2116,2189]
[0,305,589,1475,2189]
[0,305,589,1246,1583,2189]
[0,305,589,847,1246,1583,2189]
[0,305,589,1193,1475,2189]
[0,1475,2189]
[0,305,579,797,1475,2116,2189]
[0,305,579,1475,2189]
[0,1216,1788,2189]
[0,1246,2189]
[0,305,2189]
