[0,1783,3089,3836,4285]
[0,427,1380,1783,3089,3836,4285]
[0,1337,4285]
[0,427,1783,4285]
[0,427,1380,1783,2860,3089,3836,3955,4285]
[0,427,921,1380,1783,2860,3089,3836,4285]
[0,1018,1783,3089,4285]
[0,427,1783,2860,3089,3836,3955,4285]
[0,427,921,1380,1783,2860,3089,3836,3955,4285]
[0,921,1783,3089,3836,4285]
[0,466,1783,3089,3836,4285]
[0,466,1783,3089,4285]
[0,427,1018,1380,1783,2860,3089,3836,4285]
[0,427,1018,1380,1783,3089,3836,4285]
[0,427,1018,1783,3089,3836,4285]
[0,427,921,1380,1783,3089,3836,4285]
[0,921,1783,3089,4285]
[0,1018,1783,3089,3836,4285]
[0,1783,3089,4285]
[0,1783,3836,4285]
[0,427,1783,2860,3089,3836,4285]
[0,427,1018,1783,2860,3089,3836,4285]
[0,427,1783,3089,3836,4285]
[0,427,921,1783,3089,3836,4285]
[0,466,1783,4285]
[0,1783,4285]
[0,427,1380,1783,2860,3089,3836,4285]
