[0,505,895,1559,1620,1911]
[0,505,937,1083,1559,1620,1911]
[0,505,1559,1614,1911]
[0,505,895,1083,1559,1911]
[0,505,937,1083,1559,1911]
[0,1559,1620,1911]
[0,653,1559,1614,1911]
[0,937,1911]
[0,505,937,1559,1911]
[0,716,1559,1911]
[0,505,1559,1620,1911]
[0,505,1559,1911]
[0,505,895,1083,1559,1614,1911]
[0,653,1911]
[0,653,895,1061,1559,1911]
[0,653,895,1559,1614,1911]
[0,895,1911]
[0,505,895,1083,1559,1620,1911]
[0,505,895,1559,1911]
[0,505,1911]
[0,653,895,1083,1559,1614,1911]
[0,716,1911]
[0,505,895,1559,1614,1911]
[0,653,895,1061,1559,1614,1911]
[0,1559,1911]
[0,1559,1614,1911]
[0,505,895,1061,1559,1614,1911]
[0,505,937,1559,1620,1911]
[0,653,895,1083,1559,1911]
[0,653,895,1559,1911]
[0,505,937,1911]
[0,505,895,1911]
[0,505,895,1061,1559,1911]
[0,716,895,1559,1911]
[0,653,1559,1911]
