[0,725,853,912,1218,1427]
[0,214,725,853,1218,1427]
[0,903,1033,1218,1427]
[0,725,853,1218,1427]
[0,98,214,725,853,912,1029,1218,1427]
[0,214,853,1218,1427]
[0,98,725,853,912,1029,1218,1427]
[0,98,1427]
[0,98,725,853,1218,1427]
[0,98,505,853,1218,1427]
[0,725,1218,1427]
[0,98,214,903,1033,1218,1427]
[0,214,725,1427]
[0,98,700,853,1218,1427]
[0,853,1427]
[0,98,214,700,853,912,1218,1427]
[0,214,1218,1427]
[0,214,725,1218,1427]
[0,725,1427]
[0,505,1427]
[0,1218,1427]
[0,725,853,912,1029,1218,1427]
[0,912,1427]
[0,214,1033,1218,1427]
[0,103,912,1427]
[0,214,725,853,1029,1218,1427]
[0,725,853,1029,1218,1427]
[0,505,853,1218,1427]
[0,214,903,1033,1218,1427]
[0,98,725,853,1029,1218,1427]
[0,214,1427]
[0,98,214,700,853,1218,1427]
[0,505,853,1427]
[0,700,854,1218,1427]
[0,98,853,1218,1427]
[0,854,1427]
[0,853,1218,1427]
[0,98,700,853,912,1218,1427]
[0,700,853,1218,1427]
[0,214,700,853,1218,1427]
[0,1029,1218,1427]
[0,854,1218,1427]
[0,214,725,1029,1218,1427]
[0,98,903,1033,1218,1427]
[0,700,853,912,1218,1427]
[0,98,700,854,1218,1427]
[0,98,214,725,853,1218,1427]
[0,1033,1218,1427]
[0,98,1033,1218,1427]
[0,98,214,725,853,1029,1218,1427]
[0,214,853,1427]
[0,505,1218,1427]
[0,98,1218,1427]
[0,725,1029,1218,1427]
