[0,120,428,475,969]
[0,475,969]
[0,120,428,969]
[0,120,238,428,582,969]
[0,120,238,368,428,475,969]
[0,120,582,969]
[0,120,582,791,969]
[0,238,475,582,791,969]
[0,120,238,428,969]
[0,61,969]
[0,120,238,582,969]
[0,120,238,475,582,969]
[0,120,238,368,428,475,582,969]
[0,120,969]
[0,61,238,475,582,969]
[0,428,475,969]
[0,120,238,969]
[0,120,368,428,475,969]
[0,238,475,582,969]
[0,120,238,368,428,582,969]
[0,238,582,969]
[0,428,969]
[0,61,368,969]
[0,120,428,582,969]
[0,61,238,969]
[0,120,368,428,969]
[0,120,238,475,582,791,969]
[0,428,582,969]
[0,582,969]
[0,238,582,791,969]
[0,61,238,475,582,791,969]
[0,238,969]
[0,368,969]
[0,582,791,969]
[0,61,475,969]
[0,120,238,368,428,969]
[0,120,238,582,791,969]
[0,61,238,582,969]
