[0,1443,2123,2353,2659,2824]
[0,1443,1770,2123,2353,2659,2824]
[0,1132,1472,1773,2123,2353,2659,2824]
[0,2123,2824]
[0,810,1472,1773,2123,2444,2824]
[0,1132,1646,2123,2444,2824]
[0,1646,2123,2659,2824]
[0,1773,2824]
[0,634,1132,1472,1646,2123,2444,2659,2824]
[0,634,1132,1472,1646,2056,2123,2444,2659,2824]
[0,634,1443,2123,2824]
[0,1132,1472,1773,2123,2301,2824]
[0,810,2123,2824]
[0,810,1773,2123,2659,2824]
[0,1472,2123,2353,2659,2824]
[0,1132,1472,1773,2123,2444,2824]
[0,1472,1773,2123,2353,2824]
[0,810,1472,1773,2123,2444,2659,2824]
[0,1443,1770,2123,2824]
[0,1132,1472,1773,2123,2301,2659,2824]
[0,1472,1770,2123,2824]
[0,1132,2824]
[0,810,1572,2824]
[0,1443,1770,2123,2659,2824]
[0,634,1443,1770,2123,2659,2824]
[0,634,1132,1646,2123,2444,2824]
[0,1132,1472,1646,2123,2444,2659,2824]
[0,1132,1472,1773,2123,2353,2824]
[0,1132,1472,1773,2123,2824]
[0,810,1646,2251,2824]
[0,1132,1472,1646,2056,2123,2444,2659,2824]
[0,1132,1472,2123,2444,2824]
[0,634,1132,2123,2824]
[0,810,2824]
[0,1132,1472,2123,2824]
[0,1132,1472,1646,2123,2444,2824]
[0,810,1773,2123,2824]
[0,1472,1773,2123,2824]
[0,810,1472,2123,2824]
[0,1472,2123,2444,2824]
[0,1132,1646,2123,2444,2659,2824]
[0,1646,2824]
[0,810,1472,1773,2123,2824]
[0,1132,1472,1773,2123,2444,2659,2824]
[0,1646,2123,2444,2659,2824]
[0,810,1472,2123,2444,2824]
[0,1472,1773,2123,2444,2824]
[0,1472,1770,2123,2444,2824]
[0,1443,2123,2824]
[0,1472,2123,2659,2824]
[0,1572,2123,2659,2824]
[0,634,1132,1646,2123,2824]
[0,1443,2824]
[0,810,1773,2824]
[0,1132,2123,2824]
[0,1472,2123,2353,2824]
[0,1773,2123,2824]
[0,634,1132,1472,1646,2123,2444,2824]
[0,1443,2123,2659,2824]
[0,1472,1773,2123,2659,2824]
[0,1443,2123,2353,2824]
[0,1472,2123,2301,2659,2824]
[0,1472,1773,2123,2301,2659,2824]
[0,1646,2251,2824]
[0,1132,1472,1646,2123,2824]
[0,1132,1472,1770,2123,2824]
[0,634,1443,1770,2123,2353,2659,2824]
[0,1646,2123,2824]
[0,1572,2824]
[0,810,1472,1773,2123,2659,2824]
[0,1472,2123,2824]
[0,1443,1770,2123,2353,2824]
[0,634,1443,1770,2123,2824]
[0,634,1443,1770,2123,2353,2824]
[0,1646,2123,2444,2824]
[0,1472,2123,2444,2659,2824]
[0,810,1572,2123,2659,2824]
[0,1472,2123,2301,2824]
[0,1472,1773,2123,2444,2659,2824]
[0,1572,2123,2824]
[0,1132,1472,1770,2123,2444,2824]
[0,1472,1770,2123,2444,2659,2824]
[0,1132,1646,2123,2824]
[0,810,1572,2123,2824]
[0,1472,2202,2824]
[0,810,1646,2824]
[0,1472,1773,2123,2353,2659,2824]
[0,1472,1773,2123,2301,2824]
[0,1472,2824]
[0,1132,1472,1770,2123,2444,2659,2824]
