[0,667,770,965,2126,2439,2725,2850,2956]
[0,667,2439,2725,2956]
[0,667,1463,2126,2439,2956]
[0,667,2725,2850,2956]
[0,667,965,2439,2725,2956]
[0,667,962,2439,2956]
[0,667,965,2439,2956]
[0,667,829,2126,2439,2956]
[0,210,667,2439,2725,2956]
[0,667,1136,2126,2439,2956]
[0,965,2956]
[0,667,965,2126,2439,2956]
[0,667,965,2725,2850,2956]
[0,1924,2439,2850,2956]
[0,667,962,2725,2956]
[0,667,965,2439,2850,2956]
[0,210,1924,2439,2850,2956]
[0,667,965,2126,2439,2850,2956]
[0,667,1463,2956]
[0,667,829,2956]
[0,210,2126,2439,2850,2956]
[0,2111,2956]
[0,2111,2725,2956]
[0,2126,2439,2850,2956]
[0,667,962,2126,2439,2850,2956]
[0,2463,2956]
[0,962,2956]
[0,667,962,2439,2850,2956]
[0,667,770,2439,2725,2850,2956]
[0,667,962,2439,2725,2850,2956]
[0,667,962,2126,2439,2956]
[0,667,2439,2956]
[0,962,2439,2956]
[0,667,1136,2956]
[0,1463,2956]
[0,2439,2850,2956]
[0,667,965,2126,2439,2725,2850,2956]
[0,667,1463,2439,2956]
[0,667,2725,2956]
[0,667,829,1463,2126,2439,2956]
[0,667,829,2439,2956]
[0,210,1924,2439,2956]
[0,1463,2439,2956]
[0,667,965,2126,2439,2725,2956]
[0,667,2126,2439,2725,2850,2956]
[0,2439,2725,2850,2956]
[0,667,962,2126,2439,2725,2850,2956]
[0,667,770,2126,2439,2725,2850,2956]
[0,2126,2439,2725,2956]
[0,667,2439,2725,2850,2956]
[0,1924,2439,2956]
[0,667,962,2126,2439,2725,2956]
[0,667,962,2439,2725,2956]
[0,667,770,962,2126,2439,2725,2850,2956]
[0,667,962,2725,2850,2956]
[0,667,2126,2439,2956]
[0,1136,2956]
[0,667,965,2956]
[0,2725,2956]
[0,210,2126,2439,2956]
[0,667,1136,2439,2956]
[0,667,2956]
[0,2439,2956]
[0,667,965,2439,2725,2850,2956]
[0,2439,2725,2956]
[0,965,2439,2956]
[0,2126,2439,2956]
[0,1136,2439,2956]
[0,2725,2850,2956]
[0,667,962,2956]
[0,2126,2439,2725,2850,2956]
[0,667,2126,2439,2725,2956]
[0,667,965,2725,2956]
[0,667,770,2725,2850,2956]
