[0,2215,3353]
[0,857,1217,1540,3163,3353]
[0,861,1293,2215,2606,3353]
[0,857,1217,1540,3046,3353]
[0,857,1217,3046,3353]
[0,861,3046,3353]
[0,857,2959,3353]
[0,3104,3353]
[0,857,3353]
[0,857,1217,2215,2551,2959,3353]
[0,861,1293,2606,3353]
[0,570,1217,2215,3353]
[0,861,3353]
[0,857,1217,1540,3353]
[0,861,1293,3046,3353]
[0,570,3353]
[0,857,2551,2959,3353]
[0,570,1217,3104,3353]
[0,857,2551,3353]
[0,857,3046,3353]
[0,3046,3353]
[0,570,3104,3353]
[0,1217,3353]
[0,1217,2215,3353]
[0,857,1217,1540,2606,2959,3353]
[0,857,1217,3353]
[0,857,1217,1540,2959,3353]
[0,857,1217,2959,3353]
[0,861,1293,2606,3046,3353]
[0,857,2606,3353]
[0,861,2215,3353]
[0,861,1293,3353]
[0,861,1293,2215,2606,3046,3353]
[0,857,1217,1540,2551,2959,3353]
[0,857,1217,2606,2959,3353]
[0,996,3353]
[0,857,1217,3163,3353]
[0,857,1217,1505,2551,2959,3353]
[0,857,1217,1540,2606,3353]
[0,857,1217,2606,3353]
[0,857,1217,2551,2959,3353]
[0,861,1293,2215,3353]
[0,861,2606,3353]
[0,2959,3353]
[0,570,1217,3353]
[0,857,1217,1540,2606,3046,3353]
[0,857,1217,1505,2215,2551,2959,3353]
