[0,638,936,1985,2189]
[0,449,952,1888,2189]
[0,667,936,1985,2189]
[0,1985,2189]
[0,638,936,1072,1985,2189]
[0,638,936,1747,2189]
[0,930,1888,2189]
[0,1888,2189]
[0,1538,2189]
[0,449,1888,2189]
[0,543,2189]
[0,638,936,1072,1538,1985,2189]
[0,543,1959,2189]
[0,930,2189]
[0,638,930,2189]
[0,543,1538,1725,1985,2189]
[0,1538,1725,1985,2189]
[0,638,930,1538,2189]
[0,638,930,1042,1538,1888,1985,2189]
[0,144,406,543,930,1538,1725,1985,2189]
[0,144,638,930,1042,1538,1888,1985,2099,2189]
[0,638,936,2189]
[0,449,952,2189]
[0,638,936,1538,1747,2189]
[0,952,1985,2189]
[0,638,930,1042,1538,1985,2099,2189]
[0,638,930,1042,1538,1985,2189]
[0,144,638,930,1538,1985,2189]
[0,667,952,2189]
[0,543,1538,1985,2189]
[0,144,406,543,930,1042,1538,1725,1985,2189]
[0,144,638,930,1042,1538,1985,2189]
[0,449,2189]
[0,638,930,1042,1985,2189]
[0,543,952,1959,2189]
[0,1959,2189]
[0,638,1538,2189]
[0,543,930,1538,1985,2189]
[0,638,1747,2189]
[0,667,936,2189]
[0,667,952,1985,2189]
[0,638,2189]
[0,638,930,1042,1538,1888,1985,2099,2189]
[0,667,936,1538,2189]
[0,667,936,1072,1985,2189]
[0,144,543,930,1042,1538,1725,1985,2189]
[0,144,638,930,1042,1538,1888,1985,2189]
[0,543,930,1985,2189]
[0,144,406,543,930,1042,1538,1725,1985,2099,2189]
[0,638,936,1538,2189]
[0,543,930,1538,2189]
[0,543,930,1888,2189]
[0,1747,2189]
[0,638,936,1072,1538,1747,1985,2189]
[0,638,930,1985,2189]
[0,952,2189]
[0,638,936,1538,1985,2189]
[0,667,1538,2189]
[0,144,543,930,1538,1888,1985,2189]
[0,543,1985,2189]
[0,543,930,1538,1888,1985,2189]
[0,543,930,1042,1538,1725,1985,2189]
[0,543,1538,2189]
[0,936,1985,2189]
[0,638,936,1538,1747,1985,2189]
[0,667,936,1072,1538,1985,2189]
[0,144,543,930,1538,1725,1985,2189]
[0,936,2189]
[0,667,936,1538,1985,2189]
[0,543,930,1538,1725,1985,2189]
[0,543,930,2189]
[0,543,952,2189]
[0,1538,1985,2189]
[0,638,930,1538,1985,2189]
[0,667,2189]
[0,144,543,930,1538,1985,2189]
[0,638,1985,2189]
