[0,59,299,642,1470,2019,2554]
[0,299,642,1470,2310,2554]
[0,299,2310,2554]
[0,299,642,933,1470,2554]
[0,299,642,933,1470,2310,2466,2554]
[0,59,318,642,932,2019,2282,2554]
[0,2012,2554]
[0,435,642,933,1470,2310,2466,2554]
[0,318,642,932,2019,2554]
[0,59,318,642,2019,2554]
[0,435,642,933,1470,2012,2310,2554]
[0,642,933,1470,2554]
[0,435,1470,2310,2554]
[0,1470,2019,2554]
[0,1593,2019,2282,2554]
[0,299,642,933,1470,2012,2554]
[0,642,1593,2019,2554]
[0,59,299,642,933,1470,2310,2554]
[0,299,1593,2310,2554]
[0,59,318,642,2019,2282,2554]
[0,1593,2310,2554]
[0,642,1470,2012,2554]
[0,59,299,642,933,1470,2012,2310,2466,2554]
[0,299,2554]
[0,59,318,642,932,1593,2019,2282,2554]
[0,435,1470,2012,2310,2554]
[0,642,933,1470,2012,2310,2466,2554]
[0,1470,2012,2554]
[0,299,2012,2554]
[0,299,642,933,1470,2012,2310,2466,2554]
[0,318,2019,2554]
[0,642,2019,2554]
[0,318,642,932,1593,2019,2282,2554]
[0,299,2234,2554]
[0,299,642,2012,2554]
[0,435,642,1470,2310,2554]
[0,435,642,933,1470,2012,2310,2466,2554]
[0,318,642,932,1593,2019,2554]
[0,59,299,642,932,1470,2019,2554]
[0,299,642,932,1470,2019,2282,2554]
[0,642,2012,2554]
[0,299,1470,2554]
[0,318,642,1593,2019,2554]
[0,435,1470,2012,2554]
[0,2019,2282,2554]
[0,59,299,642,2019,2554]
[0,933,1470,2310,2466,2554]
[0,2310,2554]
[0,642,933,1470,2012,2554]
[0,299,1593,2234,2554]
[0,59,299,642,933,1470,2310,2466,2554]
[0,2019,2554]
[0,59,435,642,933,1470,2012,2310,2466,2554]
[0,2019,2310,2554]
[0,1470,2310,2554]
[0,2105,2554]
[0,147,527,918,1593,2019,2282,2554]
[0,918,2019,2554]
[0,299,642,1470,2019,2554]
[0,1593,2234,2554]
[0,147,1593,2019,2282,2554]
[0,918,2554]
[0,642,1470,2019,2554]
[0,933,1470,2012,2554]
[0,318,642,932,1470,2019,2554]
[0,2234,2554]
[0,435,1470,2554]
[0,435,642,933,1470,2310,2554]
[0,299,2019,2554]
[0,527,918,1593,2019,2282,2554]
[0,299,642,1470,2012,2554]
[0,299,642,2019,2554]
[0,1470,2554]
[0,59,318,642,932,1470,2019,2554]
[0,1593,2554]
[0,59,299,642,932,1470,2019,2282,2554]
[0,299,1470,2310,2554]
[0,318,642,932,1470,2019,2282,2554]
[0,642,933,1470,2310,2554]
[0,435,1593,2554]
[0,918,1593,2019,2282,2554]
[0,299,1593,2019,2310,2554]
[0,527,918,1593,2019,2554]
[0,147,2019,2282,2554]
[0,147,918,1593,2019,2282,2554]
[0,299,1593,2019,2554]
[0,147,1593,2310,2554]
[0,318,642,2019,2554]
[0,642,933,1470,2012,2310,2554]
[0,435,642,1470,2012,2310,2554]
[0,147,1593,2019,2310,2554]
[0,299,642,932,1470,2019,2554]
[0,1593,2019,2554]
[0,642,2554]
[0,435,1593,2234,2554]
[0,1593,2019,2310,2554]
[0,918,1593,2019,2554]
[0,318,642,932,2019,2282,2554]
[0,933,1470,2554]
[0,933,1470,2012,2310,2466,2554]
[0,59,318,642,932,1470,2019,2282,2554]
[0,318,642,2019,2282,2554]
[0,318,642,1470,2019,2554]
[0,299,642,933,1470,2310,2554]
[0,299,1593,2554]
[0,299,642,933,1470,2012,2310,2554]
[0,299,642,1470,2554]
[0,933,1470,2012,2310,2554]
[0,933,1470,2310,2554]
[0,642,1470,2554]
