[0,379,1081,1196,1684,1810]
[0,1081,1810]
[0,379,1684,1810]
[0,68,379,815,1082,1684,1810]
[0,379,1810]
[0,683,1196,1810]
[0,229,815,1082,1638,1810]
[0,683,1081,1196,1472,1684,1810]
[0,1196,1684,1810]
[0,229,1810]
[0,76,379,815,1081,1684,1810]
[0,683,1196,1472,1810]
[0,379,1196,1472,1684,1810]
[0,229,815,1082,1684,1810]
[0,379,815,1081,1472,1810]
[0,1684,1810]
[0,68,815,1082,1684,1810]
[0,76,379,1684,1810]
[0,683,1684,1810]
[0,379,1177,1684,1810]
[0,379,1472,1810]
[0,379,1177,1810]
[0,76,683,1081,1177,1684,1810]
[0,229,815,1082,1810]
[0,1472,1810]
[0,1081,1177,1810]
[0,76,379,1081,1684,1810]
[0,1177,1684,1810]
[0,379,815,1081,1810]
[0,815,1684,1810]
[0,379,1081,1196,1472,1684,1810]
[0,815,1810]
[0,379,1196,1684,1810]
[0,1177,1810]
[0,68,683,1081,1196,1684,1810]
[0,1081,1196,1684,1810]
[0,379,1082,1810]
[0,68,379,1081,1196,1472,1684,1810]
[0,1081,1196,1810]
[0,379,815,1081,1684,1810]
[0,683,1081,1196,1684,1810]
[0,683,1196,1684,1810]
[0,683,1196,1472,1684,1810]
[0,68,683,1081,1196,1472,1684,1810]
[0,229,815,1810]
[0,683,1177,1810]
[0,1082,1810]
[0,379,815,1082,1684,1810]
[0,379,1196,1810]
[0,379,1081,1177,1684,1810]
[0,68,379,1081,1196,1684,1810]
[0,379,1196,1472,1810]
[0,379,815,1472,1810]
[0,1081,1177,1684,1810]
[0,1196,1810]
[0,683,1081,1177,1684,1810]
[0,379,815,1082,1810]
[0,379,1082,1684,1810]
[0,379,815,1810]
[0,683,1810]
[0,379,1081,1810]
[0,815,1472,1810]
[0,379,1081,1684,1810]
[0,815,1082,1684,1810]
[0,683,1177,1684,1810]
[0,815,1082,1810]
