[0,203,684,1011,1465]
[0,87,192,486,591,767,1178,1465]
[0,1308,1465]
[0,486,687,1178,1465]
[0,486,684,1011,1415,1465]
[0,1178,1465]
[0,767,1415,1465]
[0,687,1178,1465]
[0,486,684,1231,1465]
[0,733,1465]
[0,684,1011,1465]
[0,192,898,1465]
[0,733,1308,1465]
[0,87,486,684,1178,1465]
[0,203,684,1178,1465]
[0,87,203,486,687,1178,1415,1465]
[0,1347,1465]
[0,87,203,486,684,898,1011,1465]
[0,486,684,1178,1465]
[0,87,203,486,689,1178,1415,1465]
[0,689,1465]
[0,192,689,1178,1465]
[0,203,733,1308,1465]
[0,87,203,486,684,898,1011,1178,1465]
[0,87,486,684,898,1011,1178,1465]
[0,638,1465]
[0,203,486,684,1178,1465]
[0,192,767,1415,1465]
[0,486,767,1178,1465]
[0,684,898,1465]
[0,87,203,486,684,1178,1465]
[0,87,203,486,684,898,1011,1178,1415,1465]
[0,486,684,898,1011,1231,1465]
[0,684,1011,1231,1465]
[0,684,1465]
[0,684,1347,1465]
[0,192,522,689,1178,1415,1465]
[0,87,192,486,767,1178,1465]
[0,486,684,898,1011,1465]
[0,486,591,767,1178,1465]
[0,87,192,486,591,767,1178,1415,1465]
[0,192,898,1415,1465]
[0,522,689,1178,1465]
[0,638,1178,1465]
[0,638,1178,1415,1465]
[0,87,203,486,684,898,1011,1415,1465]
[0,192,684,1178,1465]
[0,87,192,767,1178,1465]
[0,192,522,689,1178,1465]
[0,203,638,1178,1465]
[0,87,486,684,898,1011,1465]
[0,1011,1465]
[0,87,192,486,684,1231,1415,1465]
[0,1231,1465]
[0,486,684,898,1011,1415,1465]
[0,203,1465]
[0,192,1465]
[0,687,1465]
[0,486,684,1011,1465]
[0,87,192,486,684,1231,1465]
[0,192,767,1178,1465]
[0,192,486,591,767,1178,1465]
[0,684,1178,1465]
[0,203,486,684,1011,1465]
[0,203,684,898,1347,1465]
[0,203,684,898,1465]
[0,203,684,1347,1465]
[0,192,767,1178,1415,1465]
[0,87,192,767,1178,1415,1465]
[0,192,1415,1465]
[0,898,1465]
[0,192,486,767,1178,1465]
[0,684,1231,1465]
[0,87,192,486,684,1011,1231,1465]
[0,1415,1465]
[0,192,486,684,1011,1231,1465]
[0,87,192,486,684,898,1011,1231,1415,1465]
[0,87,192,684,1231,1465]
[0,87,192,486,684,898,1011,1231,1465]
[0,203,733,1465]
[0,203,486,684,1011,1178,1465]
[0,87,486,689,1178,1465]
[0,486,684,1011,1178,1465]
[0,87,486,687,1178,1465]
[0,87,486,684,898,1011,1415,1465]
[0,522,689,1178,1415,1465]
[0,192,684,1231,1465]
[0,767,1178,1465]
[0,203,486,684,898,1011,1178,1465]
[0,486,689,1178,1465]
[0,203,638,1178,1415,1465]
[0,192,767,1465]
[0,486,684,1011,1231,1465]
[0,203,684,1465]
[0,486,684,898,1011,1178,1465]
[0,87,192,486,767,1178,1415,1465]
[0,767,1465]
[0,689,1178,1465]
[0,1249,1465]
[0,192,486,684,1231,1465]
[0,203,486,689,1178,1465]
[0,203,486,684,898,1011,1465]
[0,87,203,486,684,1178,1415,1465]
[0,192,486,684,898,1011,1231,1465]
[0,203,486,687,1178,1465]
[0,87,203,486,687,1178,1465]
[0,87,203,486,689,1178,1465]
[0,192,684,1178,1415,1465]
[0,203,687,1178,1465]
