[0,180,721,1180]
[0,288,721,859,1180]
[0,721,1180]
[0,288,721,1180]
[0,581,721,859,1180]
[0,180,846,1180]
[0,180,721,974,1180]
[0,180,859,1180]
[0,288,721,859,1046,1180]
[0,288,581,721,859,1046,1180]
[0,721,974,1180]
[0,846,1180]
[0,859,1046,1180]
[0,859,1180]
[0,105,288,581,721,859,1046,1180]
[0,180,581,721,1180]
[0,105,180,721,859,1046,1180]
[0,288,581,721,859,1180]
[0,180,721,859,1046,1180]
[0,581,721,1180]
[0,721,859,1046,1180]
[0,180,721,859,1180]
[0,721,859,1180]
[0,288,581,721,1180]
[0,180,581,721,859,1180]
[0,581,721,859,1046,1180]
[0,180,581,721,859,1046,1180]
[0,105,180,581,721,859,1046,1180]
[0,180,859,1046,1180]
[0,105,180,859,1046,1180]
[0,105,288,721,859,1046,1180]
