[0,305,534,837,1010,1131,1379,1595,1642]
[0,305,534,837,1010,1217,1375,1443,1595,1642]
[0,534,837,1010,1217,1379,1595,1642]
[0,299,534,838,1642]
[0,534,837,1642]
[0,305,534,837,1010,1131,1379,1642]
[0,305,534,837,1131,1595,1642]
[0,534,837,1010,1642]
[0,299,534,838,1010,1217,1375,1443,1642]
[0,534,837,1131,1642]
[0,534,837,1010,1217,1379,1642]
[0,299,534,838,1131,1375,1595,1642]
[0,534,837,1010,1217,1375,1443,1642]
[0,534,837,1217,1375,1642]
[0,534,837,1131,1379,1642]
[0,534,1131,1375,1642]
[0,534,837,1217,1375,1443,1642]
[0,305,534,837,1131,1379,1642]
[0,534,1217,1642]
[0,299,534,838,1010,1217,1642]
[0,534,838,1010,1217,1642]
[0,305,534,837,1131,1379,1595,1642]
[0,299,534,838,1217,1642]
[0,299,534,838,1010,1131,1375,1642]
[0,585,1642]
[0,534,1131,1642]
[0,534,837,1010,1217,1642]
[0,299,534,838,1010,1131,1642]
[0,534,838,1217,1642]
[0,534,1642]
[0,299,534,838,1131,1642]
[0,534,838,1642]
[0,299,534,838,1010,1642]
[0,305,534,837,1642]
[0,305,534,837,1010,1217,1379,1595,1642]
[0,585,1203,1642]
[0,534,838,1010,1217,1375,1595,1642]
[0,534,838,1131,1642]
[0,299,534,838,1010,1131,1375,1595,1642]
[0,534,838,1010,1642]
[0,305,534,837,1010,1217,1375,1642]
[0,305,534,837,1010,1217,1642]
[0,534,838,1010,1217,1375,1443,1642]
[0,534,838,1217,1375,1642]
[0,534,838,1010,1217,1375,1642]
[0,305,534,837,1010,1642]
[0,305,534,837,1217,1642]
[0,305,534,837,1010,1131,1642]
[0,299,534,838,1010,1217,1375,1642]
[0,305,534,837,1131,1642]
[0,299,534,838,1131,1375,1642]
[0,305,534,837,1010,1217,1375,1443,1642]
[0,534,838,1217,1375,1443,1642]
[0,299,534,838,1010,1217,1375,1595,1642]
[0,299,534,838,1010,1217,1375,1443,1595,1642]
[0,299,534,838,1131,1595,1642]
[0,534,837,1217,1642]
[0,534,838,1131,1375,1642]
[0,534,837,1010,1217,1375,1642]
[0,305,534,837,1010,1217,1379,1642]
