[0,1512,2189]
[0,1439,2189]
[0,1451,1686,2189]
[0,165,1099,1512,1686,2051,2189]
[0,1451,2051,2189]
[0,1512,2051,2189]
[0,1439,2051,2189]
[0,165,1406,1512,1748,2051,2189]
[0,1451,1686,2051,2189]
[0,165,1099,1512,1686,2189]
[0,1099,1686,2189]
[0,165,1512,1686,2056,2189]
[0,1512,1686,2056,2189]
[0,165,1512,1748,2051,2189]
[0,1451,2189]
[0,165,1512,1686,2051,2189]
[0,1512,1686,2051,2189]
[0,165,1512,1748,2189]
[0,1512,1748,2051,2189]
[0,1099,2189]
[0,1693,2189]
[0,1512,2056,2189]
[0,1512,1748,2189]
[0,1439,1693,2051,2189]
[0,165,1512,1686,2189]
[0,1439,1693,2189]
[0,1099,1512,1686,2189]
[0,165,1099,1512,1686,2056,2189]
[0,1686,2189]
[0,1512,1686,2189]
