[0,1486,2381,2956]
[0,1486,1988,2381,2707,2866,2956]
[0,567,1486,1982,2381,2666,2956]
[0,678,2498,2956]
[0,1982,2381,2956]
[0,822,2381,2707,2956]
[0,2373,2707,2956]
[0,822,2956]
[0,1486,1988,2381,2707,2956]
[0,1486,2102,2381,2707,2956]
[0,492,1486,1988,2381,2707,2866,2956]
[0,567,1486,2102,2381,2956]
[0,1486,2381,2666,2956]
[0,1486,2102,2381,2666,2866,2956]
[0,1988,2381,2956]
[0,567,1486,2102,2381,2666,2866,2956]
[0,567,2381,2956]
[0,1486,2956]
[0,472,2373,2707,2956]
[0,492,2381,2707,2956]
[0,567,1486,2102,2381,2666,2956]
[0,2381,2707,2956]
[0,567,2381,2666,2956]
[0,1486,1988,2381,2956]
[0,567,1486,2381,2956]
[0,492,1486,2381,2956]
[0,492,1486,1988,2381,2956]
[0,472,2373,2956]
[0,1486,1982,2381,2956]
[0,1486,1982,2381,2666,2866,2956]
[0,2373,2956]
[0,567,1486,1982,2381,2666,2866,2956]
[0,492,1486,2102,2381,2956]
[0,492,1486,2102,2381,2707,2956]
[0,492,2381,2956]
[0,1486,2102,2381,2707,2866,2956]
[0,1486,2102,2381,2956]
[0,492,1486,1988,2381,2707,2956]
[0,678,2956]
[0,2498,2956]
[0,145,1486,2102,2381,2707,2956]
[0,822,2102,2381,2956]
[0,492,1486,2102,2381,2707,2866,2956]
[0,567,1486,2102,2381,2707,2956]
[0,968,2956]
[0,822,2381,2956]
[0,968,2381,2956]
[0,1486,2102,2381,2666,2956]
[0,567,1486,2381,2666,2956]
[0,1486,1982,2381,2666,2956]
[0,2381,2956]
[0,2102,2381,2956]
[0,2381,2666,2956]
[0,567,1486,1982,2381,2956]
