[0,180,641,891,1380,1576,1837,2211]
[0,180,641,764,1140,1576,2211]
[0,180,553,764,1380,1576,1837,2211]
[0,180,641,1380,1576,2211]
[0,180,641,1140,1576,2211]
[0,553,764,1380,1576,2211]
[0,553,770,1140,2211]
[0,641,1380,1837,2211]
[0,180,553,764,891,1380,1576,1837,2128,2211]
[0,553,1140,1576,2211]
[0,641,1576,2211]
[0,180,641,764,891,1380,1576,1837,2128,2211]
[0,180,641,1140,2211]
[0,641,891,1380,2211]
[0,180,553,764,1380,1576,1837,2128,2211]
[0,180,641,1380,1576,1837,2211]
[0,180,641,1380,1576,1837,2128,2211]
[0,677,2211]
[0,180,553,764,2211]
[0,641,1140,2211]
[0,180,641,764,891,1380,1576,1837,2211]
[0,641,1380,1576,1837,2211]
[0,641,891,1380,1576,1837,2211]
[0,553,764,2211]
[0,180,553,641,764,891,1140,1429,1576,2128,2211]
[0,180,553,770,1140,2128,2211]
[0,641,2211]
[0,180,641,764,1380,1576,2211]
[0,641,1380,2211]
[0,180,553,764,1140,1576,2211]
[0,553,2211]
[0,180,641,2211]
[0,180,641,764,891,1140,1429,1576,2128,2211]
[0,553,764,1140,1576,2211]
[0,180,641,891,1140,1429,1576,2211]
[0,180,641,1140,1429,1576,2211]
[0,180,641,764,891,1380,1576,2211]
[0,180,641,891,1380,1576,2211]
[0,553,1576,2211]
[0,180,641,764,891,1140,1429,1576,2211]
[0,180,553,764,1380,1576,2211]
[0,180,641,764,1140,1576,2128,2211]
[0,180,553,770,1140,2211]
[0,180,553,770,2211]
[0,180,553,764,1140,2211]
[0,553,1140,2211]
[0,553,1380,2211]
[0,180,553,764,891,1380,1576,2211]
[0,553,764,1380,1837,2211]
[0,553,764,1380,2211]
[0,1576,2211]
[0,180,553,641,764,891,1140,1429,1576,2211]
[0,641,1380,1576,2211]
[0,180,641,891,1140,1576,2211]
[0,180,553,764,1140,2128,2211]
[0,553,764,1380,1576,1837,2211]
[0,1380,2211]
[0,180,641,764,1380,1576,1837,2128,2211]
[0,180,641,764,1380,1576,1837,2211]
[0,641,891,1380,1576,2211]
[0,553,770,2211]
[0,180,641,764,891,1140,1576,2128,2211]
[0,553,764,1140,2211]
[0,180,553,764,1140,1576,2128,2211]
[0,180,553,764,891,1380,1576,1837,2211]
[0,1140,2211]
[0,180,641,764,1140,2211]
[0,180,641,764,891,1140,1576,2211]
[0,553,1380,1837,2211]
[0,641,891,1140,1576,2211]
[0,641,891,1576,1837,2211]
[0,641,1140,1576,2211]
[0,641,1576,1837,2211]
