[0,134,236,574,749,1500,1604,2020]
[0,847,1728,2020]
[0,236,2020]
[0,236,699,1500,1935,2020]
[0,236,699,1500,1946,2020]
[0,236,749,1604,2020]
[0,236,699,1500,1695,2020]
[0,236,699,1604,2020]
[0,236,830,1500,1935,2020]
[0,134,236,699,1500,1695,1946,2020]
[0,749,2020]
[0,830,1500,2020]
[0,236,574,749,1500,1695,2020]
[0,236,1500,2020]
[0,236,699,1461,1695,1946,2020]
[0,236,699,1500,1695,1946,2020]
[0,749,1604,2020]
[0,236,699,1461,1695,2020]
[0,236,749,1500,1604,2020]
[0,1728,2020]
[0,236,911,1500,2020]
[0,830,2020]
[0,236,699,1461,1946,2020]
[0,236,1500,1946,2020]
[0,236,749,1500,2020]
[0,574,1695,2020]
[0,911,1500,2020]
[0,134,236,749,1500,1604,2020]
[0,236,699,1500,2020]
[0,749,1500,2020]
[0,236,911,1500,1946,2020]
[0,911,2020]
[0,134,236,574,749,1500,1695,1946,2020]
[0,236,1946,2020]
[0,847,2020]
[0,236,830,1500,2020]
[0,574,2020]
[0,236,847,1728,2020]
[0,236,749,1500,1695,1946,2020]
[0,134,236,699,1500,1695,2020]
[0,134,236,749,1500,1695,1946,2020]
[0,236,574,749,1604,2020]
[0,236,699,1500,1604,2020]
[0,236,699,1500,1604,1946,2020]
[0,236,574,749,1500,1604,2020]
[0,236,749,1500,1604,1946,2020]
[0,236,1728,2020]
[0,1604,2020]
[0,134,236,699,1500,1604,1946,2020]
[0,1461,2020]
[0,134,236,749,1500,1695,2020]
[0,699,1604,2020]
[0,134,236,749,1500,1604,1946,2020]
[0,699,1461,2020]
[0,134,236,574,749,1500,1604,1946,2020]
[0,699,2020]
[0,134,236,574,749,1500,1695,2020]
[0,1500,2020]
[0,236,1604,2020]
[0,699,1500,2020]
[0,236,749,1500,1946,2020]
[0,236,1461,2020]
[0,236,1500,1935,2020]
[0,236,749,1500,1695,2020]
[0,134,236,699,1500,1604,2020]
[0,236,699,1461,2020]
