[0,553,2020]
[0,216,259,553,1157,1760,1951,2020]
[0,216,259,1760,1951,2020]
[0,216,1869,2020]
[0,216,553,1157,1760,1948,2020]
[0,216,1157,1760,1956,2020]
[0,216,1760,1956,2020]
[0,216,2020]
[0,216,553,1760,1948,2020]
[0,216,1157,1760,2020]
[0,216,1948,2020]
[0,216,1760,1951,2020]
[0,216,553,1157,1760,2020]
[0,553,1157,2020]
[0,1157,1760,2020]
[0,216,1157,1760,1951,2020]
[0,216,259,1157,1760,1956,2020]
[0,216,553,1760,1956,2020]
[0,553,1760,2020]
[0,216,553,1157,1760,1956,2020]
[0,216,1760,2020]
[0,216,1956,2020]
[0,1157,2020]
[0,1760,2020]
[0,216,259,553,1157,1760,1956,2020]
[0,216,259,1157,1760,1951,2020]
[0,216,1760,1948,2020]
[0,216,553,1760,1951,2020]
[0,553,1157,1760,2020]
[0,216,259,1760,1956,2020]
[0,216,553,1760,2020]
[0,216,553,1157,1760,1951,2020]
[0,216,1951,2020]
