[0,301,754,2044,2812]
[0,567,1113,1521,2220,2812]
[0,1113,1520,2003,2812]
[0,567,754,1521,2536,2812]
[0,1113,1336,1521,2220,2536,2812]
[0,567,754,1113,1336,1521,2220,2536,2812]
[0,2044,2812]
[0,1521,2536,2812]
[0,567,754,1904,2536,2812]
[0,301,754,1047,1336,2812]
[0,754,2812]
[0,301,754,1047,2812]
[0,301,754,2220,2812]
[0,567,754,1520,2536,2812]
[0,754,1113,1521,1904,2220,2536,2812]
[0,1904,2536,2812]
[0,1113,1520,2085,2536,2812]
[0,538,1392,2812]
[0,567,754,1113,1521,2220,2536,2812]
[0,567,754,1047,2812]
[0,754,1113,1520,2085,2536,2812]
[0,301,754,2812]
[0,184,754,1113,1336,1521,2220,2536,2812]
[0,754,1113,1336,1521,2220,2536,2812]
[0,1521,2220,2812]
[0,754,1113,1336,1521,1904,2220,2536,2812]
[0,301,754,1047,1336,2044,2812]
[0,301,754,1047,2044,2220,2812]
[0,567,754,1047,1336,2044,2812]
[0,567,1113,1521,2536,2812]
[0,538,2812]
[0,567,754,1904,2536,2672,2812]
[0,1113,1521,1904,2220,2536,2812]
[0,1113,1521,2812]
[0,754,1047,2044,2812]
[0,184,1113,1521,2812]
[0,754,2044,2220,2812]
[0,754,1113,1521,1904,2220,2812]
[0,1336,2044,2812]
[0,2044,2220,2812]
[0,567,754,1113,1521,2536,2812]
[0,1113,1521,1904,2220,2812]
[0,754,1336,1521,2536,2812]
[0,567,754,1336,1521,2536,2812]
[0,567,754,1047,1336,2812]
[0,1336,1520,2812]
[0,754,1521,2536,2812]
[0,754,1113,1520,2536,2812]
[0,184,567,754,1113,1336,1521,1904,2220,2536,2812]
[0,567,754,1047,2044,2220,2812]
[0,754,1520,2536,2812]
[0,754,1520,2812]
[0,621,2812]
[0,184,754,1113,1336,1521,2536,2812]
[0,754,1113,1336,1521,2536,2812]
[0,567,754,2812]
[0,2536,2812]
[0,184,754,1113,1520,2812]
[0,1113,1520,2812]
[0,301,754,1047,1336,2044,2220,2812]
[0,567,1521,2220,2812]
[0,184,1113,1520,2085,2536,2812]
[0,1113,1521,2220,2536,2812]
[0,184,621,2812]
[0,538,1336,2044,2812]
[0,567,1113,1521,2812]
[0,1113,1521,2536,2812]
[0,184,1113,1520,2536,2812]
[0,754,1113,1520,2812]
[0,754,1336,1520,2536,2812]
[0,1113,1520,2536,2812]
[0,184,1113,1520,1904,2085,2536,2812]
[0,1520,2536,2812]
[0,1336,1521,2812]
[0,2220,2812]
[0,184,1113,1520,2812]
[0,1113,2812]
[0,567,754,1113,1521,1904,2220,2536,2812]
[0,184,1113,1521,2536,2812]
[0,754,1047,1336,2812]
[0,184,2812]
[0,567,754,1113,1336,1521,1904,2220,2536,2812]
[0,754,1904,2812]
[0,567,1113,1521,2220,2536,2812]
[0,1113,1336,1521,2536,2812]
[0,754,1113,1521,2536,2812]
[0,184,754,1113,1520,2085,2536,2812]
[0,184,754,1113,1520,1904,2085,2536,2812]
[0,567,754,2044,2812]
[0,567,754,2044,2220,2812]
[0,1520,2812]
[0,184,754,1113,1520,2536,2812]
[0,754,1521,2812]
[0,1113,2003,2812]
[0,301,754,1047,2044,2812]
[0,184,754,1113,1336,1521,1904,2220,2536,2812]
[0,754,1047,2220,2812]
[0,754,1113,1520,2085,2812]
[0,754,1113,1521,2812]
[0,567,754,1336,1520,2536,2812]
[0,754,1904,2536,2812]
[0,1113,1336,1521,1904,2220,2536,2812]
[0,754,1047,2812]
[0,1392,2812]
[0,301,754,1047,2220,2812]
[0,184,754,1113,1520,2003,2812]
[0,301,754,2044,2220,2812]
[0,1336,1521,2536,2812]
[0,567,1113,1521,1904,2220,2536,2812]
[0,1113,1521,2220,2812]
[0,754,1113,1520,2003,2812]
[0,754,2044,2812]
[0,567,754,1047,1336,2044,2220,2812]
[0,567,1113,2812]
[0,567,754,1113,1336,1521,2536,2812]
[0,754,1113,1521,2220,2812]
[0,567,1113,1521,1904,2220,2812]
[0,754,2220,2812]
[0,1521,2812]
[0,1336,1520,2536,2812]
[0,1904,2812]
[0,1113,1520,2085,2812]
[0,1336,2812]
[0,754,1047,1336,2044,2812]
[0,567,754,1047,2220,2812]
[0,567,754,1336,1520,2536,2672,2812]
[0,184,1113,1336,1521,2536,2812]
[0,754,1113,1521,2220,2536,2812]
[0,1520,2085,2812]
