[0,107,236,1095,1651]
[0,656,1095,1651]
[0,1286,1651]
[0,107,236,398,656,1095,1651]
[0,1233,1651]
[0,505,656,1095,1651]
[0,236,1095,1651]
[0,107,236,373,656,1088,1414,1510,1651]
[0,236,656,1088,1651]
[0,398,1233,1651]
[0,236,398,656,1095,1510,1651]
[0,107,236,656,1088,1651]
[0,107,236,398,776,1095,1651]
[0,107,236,1286,1651]
[0,107,236,1088,1651]
[0,656,1088,1651]
[0,107,236,1233,1651]
[0,107,236,373,656,1088,1510,1651]
[0,236,373,656,1088,1651]
[0,236,505,656,1095,1651]
[0,236,1286,1651]
[0,236,1088,1651]
[0,776,1095,1651]
[0,107,236,398,656,1095,1414,1510,1651]
[0,236,1233,1651]
[0,236,1088,1349,1651]
[0,236,398,1233,1414,1651]
[0,373,656,1088,1651]
[0,236,471,1088,1651]
[0,107,236,398,656,1095,1510,1651]
[0,107,236,398,1095,1651]
[0,107,236,373,656,1088,1651]
[0,107,236,373,1286,1651]
[0,107,236,656,1095,1651]
[0,398,656,1095,1651]
[0,236,471,1088,1349,1651]
[0,107,1095,1651]
[0,398,1095,1651]
[0,236,398,656,1095,1651]
[0,236,398,1095,1651]
[0,398,1233,1414,1651]
[0,236,505,656,1095,1510,1651]
[0,107,236,398,1233,1651]
[0,236,373,1286,1651]
[0,107,236,505,656,1095,1414,1510,1651]
[0,107,1088,1651]
[0,236,656,1095,1651]
[0,1414,1651]
[0,656,1088,1510,1651]
[0,236,373,656,1088,1510,1651]
[0,107,236,505,656,1095,1510,1651]
[0,1095,1651]
[0,373,656,1088,1510,1651]
[0,107,236,505,656,1095,1651]
[0,398,776,1095,1651]
[0,1088,1651]
[0,236,398,776,1095,1651]
[0,236,398,1233,1651]
[0,1088,1349,1651]
[0,107,1286,1651]
[0,107,1233,1651]
