[0,321,784,2806,3353]
[0,321,784,1052,2806,3353]
[0,321,784,1496,2806,3353]
[0,784,1052,2806,3353]
[0,128,321,784,1052,1496,2806,3353]
[0,784,1052,1496,2806,3167,3353]
[0,142,784,1052,1496,2806,3353]
[0,128,321,784,1052,2806,3353]
[0,784,2645,3167,3353]
[0,1583,3353]
[0,142,2645,3167,3353]
[0,784,1052,2645,3353]
[0,128,784,2806,3167,3353]
[0,784,3353]
[0,784,1496,2806,3353]
[0,784,1052,2645,3167,3353]
[0,784,1052,1496,2806,3353]
[0,142,784,1052,1496,2645,3167,3353]
[0,784,2806,3167,3353]
[0,784,1583,2806,3353]
[0,784,1583,3353]
[0,2645,3167,3353]
[0,784,1052,1583,2806,3353]
[0,128,423,784,1052,1583,2806,3353]
[0,423,784,2806,3353]
[0,784,1496,2645,3353]
[0,142,784,2806,3353]
[0,784,1052,1496,2645,3353]
[0,142,2806,3353]
[0,142,784,1052,2806,3353]
[0,128,321,784,1052,1496,2806,3167,3353]
[0,423,784,1052,1583,2806,3353]
[0,2806,3353]
[0,142,2645,3353]
[0,784,2806,3353]
[0,2645,3353]
[0,128,2806,3353]
[0,423,784,1052,2806,3353]
[0,423,784,1583,2806,3353]
[0,142,784,2645,3167,3353]
[0,142,784,1052,2645,3353]
[0,784,2645,3353]
[0,321,784,1052,1496,2806,3167,3353]
[0,1555,2806,3353]
[0,321,784,1052,1496,2806,3353]
[0,142,784,1052,1496,2806,3167,3353]
[0,784,1496,3353]
[0,128,784,1052,2806,3353]
[0,142,784,1052,2645,3167,3353]
[0,784,1052,1496,2645,3167,3353]
[0,1555,3353]
[0,128,784,2806,3353]
[0,128,423,784,1052,2806,3353]
