[0,151,317,368,517,597,752,828,1004,1046]
[0,90,151,317,368,517,597,752,828,1004,1046]
[0,90,151,317,368,517,597,752,828,1046]
[0,151,317,368,517,597,752,828,1046]
[0,151,1046]
[0,151,317,368,517,752,828,1004,1046]
[0,90,151,317,517,597,752,828,1046]
[0,151,317,368,517,752,1046]
[0,151,517,752,828,1046]
[0,151,317,368,517,752,994,1046]
[0,151,317,517,752,994,1046]
[0,151,317,517,752,1046]
[0,151,517,752,1004,1046]
[0,368,752,1046]
[0,151,368,752,1046]
[0,90,151,517,1046]
[0,90,151,1046]
[0,90,151,517,597,752,828,1046]
[0,368,1046]
[0,90,151,517,752,1046]
[0,151,517,752,1046]
[0,151,517,597,752,1046]
[0,151,317,517,597,752,1046]
[0,517,752,828,1046]
[0,517,752,1046]
[0,90,151,517,752,828,1046]
[0,90,151,317,368,517,752,828,1046]
[0,517,752,1004,1046]
[0,270,752,1046]
[0,90,151,317,517,752,828,1046]
[0,151,317,517,752,828,1046]
[0,517,1046]
[0,151,317,368,517,752,1004,1046]
[0,317,517,752,1046]
[0,151,317,517,752,1004,1046]
[0,151,517,752,994,1046]
[0,151,317,368,517,752,828,1046]
[0,151,317,517,597,752,828,1046]
[0,151,517,1046]
[0,517,597,1046]
[0,151,517,597,1046]
[0,752,1046]
[0,151,517,597,752,828,1046]
[0,270,1046]
