[0,58,266,727,1180]
[0,58,266,727,1029,1180]
[0,192,266,606,682,1029,1180]
[0,66,266,682,1029,1180]
[0,192,266,606,727,1029,1180]
[0,66,192,266,606,682,1029,1180]
[0,66,266,727,1029,1180]
[0,192,727,1180]
[0,266,606,682,1029,1180]
[0,66,266,727,1180]
[0,66,192,266,606,727,1029,1129,1180]
[0,266,727,1180]
[0,66,192,266,682,1029,1180]
[0,192,266,606,727,965,1029,1180]
[0,58,192,266,606,727,965,1029,1180]
[0,266,727,1029,1180]
[0,727,1180]
[0,66,192,266,606,727,1029,1180]
[0,58,192,266,606,727,1029,1180]
[0,66,192,266,606,727,965,1029,1129,1180]
[0,192,682,1180]
[0,66,192,266,606,727,965,1029,1180]
[0,66,266,682,1180]
[0,266,606,727,965,1029,1180]
[0,58,266,606,727,1029,1180]
[0,266,682,1180]
[0,192,266,682,1029,1180]
[0,266,606,727,1029,1180]
[0,66,266,606,727,1029,1180]
[0,682,1180]
[0,266,682,1029,1180]
