[0,217,587,1387,1678,2020]
[0,217,1536,1934,2020]
[0,244,1693,2020]
[0,587,1678,2020]
[0,494,2020]
[0,217,1536,2020]
[0,1693,2020]
[0,575,2020]
[0,1678,2020]
[0,217,494,587,1387,1536,1678,1934,2020]
[0,244,1536,2020]
[0,217,1934,2020]
[0,217,587,1387,1536,1678,1934,2020]
[0,1536,2020]
[0,244,2020]
[0,217,575,1536,2020]
[0,217,587,1387,1536,1934,2020]
[0,244,1934,2020]
[0,217,587,1387,1536,2020]
[0,217,575,1536,1934,2020]
[0,217,1678,2020]
[0,217,587,1536,2020]
[0,587,1536,2020]
[0,575,1536,2020]
[0,587,2020]
[0,494,1536,2020]
[0,217,494,1536,1934,2020]
[0,217,2020]
[0,160,217,494,587,1387,1536,1678,1934,2020]
[0,587,1387,1678,2020]
[0,217,587,1387,1536,1678,2020]
[0,244,1536,1934,2020]
[0,217,494,1536,2020]
[0,217,587,1536,1934,2020]
[0,217,587,1678,2020]
[0,217,494,587,1387,1536,1678,2020]
