[0,842,2694,2812]
[0,842,1761,1962,2100,2812]
[0,292,842,2765,2812]
[0,292,842,1761,1962,2761,2812]
[0,292,842,1799,2812]
[0,292,842,1761,1962,2100,2761,2812]
[0,842,2812]
[0,842,1799,2724,2812]
[0,292,842,1761,1962,2765,2812]
[0,292,842,1799,2724,2812]
[0,292,842,1761,1962,2100,2717,2765,2812]
[0,292,842,1761,2761,2812]
[0,292,842,2100,2812]
[0,292,842,1761,1962,2100,2765,2812]
[0,292,842,1761,2812]
[0,1799,2812]
[0,842,1761,1962,2100,2717,2812]
[0,842,1761,2717,2812]
[0,2761,2812]
[0,842,2724,2812]
[0,292,842,1761,1962,2100,2812]
[0,292,842,1761,1962,2812]
[0,2765,2812]
[0,292,842,1761,2765,2812]
[0,842,2761,2812]
[0,842,1761,1962,2812]
[0,1761,2812]
[0,292,842,2724,2812]
[0,842,1761,1962,2717,2812]
[0,842,1962,2100,2812]
[0,842,2717,2812]
[0,842,1799,2812]
[0,292,842,1761,2100,2812]
[0,842,2765,2812]
[0,842,2100,2812]
[0,292,842,2761,2812]
[0,842,1761,2100,2812]
[0,292,842,1761,1962,2100,2717,2812]
[0,292,842,2812]
[0,842,1761,2812]
