[0,252,531,710,842,975,1046]
[0,124,252,475,574,710,842,1046]
[0,475,710,1046]
[0,252,475,574,710,842,1046]
[0,124,250,475,574,710,842,975,1046]
[0,124,250,475,574,710,842,1046]
[0,250,710,1046]
[0,250,574,710,1046]
[0,250,454,574,710,842,1046]
[0,710,842,1046]
[0,710,1046]
[0,574,710,1046]
[0,124,710,842,1046]
[0,250,475,710,842,1046]
[0,252,1046]
[0,252,531,1046]
[0,252,531,710,842,1046]
[0,250,574,710,842,1046]
[0,574,710,842,975,1046]
[0,170,530,710,842,1046]
[0,531,710,1046]
[0,530,710,842,1046]
[0,124,250,574,710,842,1046]
[0,124,250,454,574,710,842,975,1046]
[0,250,475,574,710,842,975,1046]
[0,250,475,574,710,789,842,975,1046]
[0,124,252,475,710,842,1046]
[0,252,475,710,842,1046]
[0,124,252,475,574,710,789,842,975,1046]
[0,124,710,1046]
[0,531,1046]
[0,252,475,710,1046]
[0,252,475,574,710,789,842,975,1046]
[0,170,1046]
[0,250,475,710,789,842,975,1046]
[0,250,574,710,842,975,1046]
[0,170,530,710,842,975,1046]
[0,250,475,574,710,842,1046]
[0,124,250,475,574,710,789,842,975,1046]
[0,250,475,710,842,975,1046]
[0,250,454,574,710,842,975,1046]
[0,124,252,475,574,710,842,975,1046]
[0,530,710,1046]
[0,252,475,710,789,842,975,1046]
[0,252,475,710,842,975,1046]
[0,664,842,1046]
[0,170,664,842,1046]
[0,124,250,475,710,842,1046]
[0,574,710,842,1046]
[0,252,475,574,710,842,975,1046]
[0,170,664,1046]
[0,124,250,454,574,710,842,1046]
[0,124,574,710,1046]
[0,252,531,710,1046]
[0,170,530,710,1046]
[0,530,710,842,975,1046]
[0,124,574,710,842,1046]
[0,664,1046]
[0,124,574,710,842,975,1046]
[0,250,475,710,1046]
