[0,117,397,773,1166,1642]
[0,935,1642]
[0,1166,1642]
[0,397,773,1642]
[0,119,397,773,1166,1642]
[0,117,1164,1642]
[0,397,773,899,1044,1166,1642]
[0,773,1164,1642]
[0,117,773,1164,1642]
[0,174,1642]
[0,117,1642]
[0,117,397,773,1164,1642]
[0,119,397,773,899,1044,1166,1281,1642]
[0,119,397,773,1044,1166,1642]
[0,117,397,773,899,1044,1166,1642]
[0,174,935,1642]
[0,397,773,1164,1642]
[0,174,773,1166,1642]
[0,119,773,1166,1642]
[0,117,773,1166,1642]
[0,397,773,1044,1166,1642]
[0,119,397,773,899,1044,1166,1642]
[0,773,1166,1642]
[0,1164,1642]
[0,117,397,773,1044,1166,1642]
[0,397,1642]
[0,397,773,1166,1642]
[0,397,773,899,1166,1642]
