[0,569,1043,1353,2120]
[0,569,1043,1353,1496,1846,2120]
[0,569,1053,1258,2120]
[0,569,1053,1353,1496,2120]
[0,1258,2120]
[0,569,1353,2120]
[0,569,2120]
[0,569,1053,1258,1385,1496,2120]
[0,1414,2120]
[0,569,1043,1353,1846,2120]
[0,569,1043,1353,1496,2120]
[0,77,569,1043,1353,1496,2120]
[0,77,569,1353,2120]
[0,569,1043,1258,2120]
[0,108,472,569,1053,1258,1385,1496,2120]
[0,77,569,2120]
[0,108,569,1053,1353,1496,2120]
[0,108,569,1053,1258,1496,2120]
[0,569,1414,2120]
[0,77,569,1043,1258,2120]
[0,569,1043,1258,1496,1846,2120]
[0,569,1258,2120]
[0,569,1258,1496,1846,2120]
[0,108,569,1353,2120]
[0,77,569,1043,1258,1496,2120]
[0,498,2120]
[0,77,569,1258,2120]
[0,77,569,1353,1496,2120]
[0,108,569,1353,1496,2120]
[0,108,569,1258,2120]
[0,569,1258,1846,2120]
[0,569,1258,1496,2120]
[0,108,569,1053,1258,2120]
[0,108,569,2120]
[0,569,1053,1258,1496,2120]
[0,77,569,1043,1258,1496,1846,2120]
[0,108,569,1053,1258,1385,1496,2120]
[0,108,569,1414,2120]
[0,77,569,1043,1258,1353,1496,1846,2120]
[0,569,1043,1258,1496,2120]
[0,569,1353,1496,2120]
[0,569,1043,1258,1353,1496,1846,2120]
[0,569,1053,1353,2120]
[0,77,569,1043,1353,1496,1846,2120]
[0,1353,2120]
