[0,412,494,1197]
[0,175,412,658,797,1197]
[0,412,494,797,1197]
[0,89,175,412,658,797,1197]
[0,89,175,412,1197]
[0,100,175,412,494,797,1197]
[0,99,175,412,492,797,1197]
[0,175,412,494,658,797,1197]
[0,175,412,1197]
[0,100,175,412,1197]
[0,89,175,412,492,1197]
[0,89,175,412,492,797,1197]
[0,412,797,1197]
[0,99,175,412,492,658,797,934,1197]
[0,175,412,492,1197]
[0,412,492,797,1197]
[0,175,412,494,1197]
[0,89,175,412,492,658,797,934,1197]
[0,175,412,492,658,797,934,1197]
[0,175,412,492,797,1197]
[0,175,412,494,797,1197]
[0,412,658,1197]
[0,100,175,412,494,658,797,934,1197]
[0,175,412,492,658,797,1197]
[0,412,658,797,1197]
[0,89,175,412,658,797,934,1197]
[0,89,175,412,797,1197]
[0,89,175,412,658,1197]
[0,99,175,412,492,658,797,1197]
[0,100,175,412,494,658,797,1197]
[0,175,412,797,1197]
[0,175,412,658,797,934,1197]
[0,89,175,412,492,658,797,1197]
[0,100,175,412,494,1197]
[0,175,412,658,1197]
[0,175,412,494,658,797,934,1197]
[0,412,492,1197]
[0,99,175,412,492,1197]
[0,99,175,412,1197]
[0,412,1197]
