[0,324,531,816,997]
[0,97,324,531,816,890,997]
[0,97,324,531,816,997]
[0,531,713,997]
[0,145,198,531,585,816,890,997]
[0,324,531,713,890,997]
[0,145,531,816,997]
[0,145,324,531,816,997]
[0,97,145,531,816,890,997]
[0,145,198,324,478,531,585,816,890,997]
[0,198,324,531,585,816,890,997]
[0,145,531,585,816,890,997]
[0,145,248,324,531,585,816,890,997]
[0,145,531,997]
[0,97,324,531,585,816,890,997]
[0,531,712,890,997]
[0,324,531,712,997]
[0,198,669,997]
[0,198,324,478,531,585,816,890,997]
[0,145,198,531,816,890,997]
[0,531,816,997]
[0,145,248,324,478,531,585,816,890,997]
[0,324,531,890,997]
[0,145,198,324,531,816,890,997]
[0,145,531,712,997]
[0,97,145,198,531,585,816,890,997]
[0,145,248,324,531,816,997]
[0,324,531,816,890,997]
[0,97,145,531,585,816,890,997]
[0,324,478,531,585,816,890,997]
[0,97,145,198,324,531,585,816,890,997]
[0,145,531,890,997]
[0,145,248,324,531,816,890,997]
[0,531,997]
[0,145,531,816,890,997]
[0,248,324,531,585,816,890,997]
[0,531,712,997]
[0,198,324,531,816,890,997]
[0,531,890,997]
[0,145,531,712,890,997]
[0,248,324,531,816,997]
[0,324,531,712,890,997]
[0,324,531,585,816,890,997]
[0,531,816,890,997]
[0,145,531,713,997]
[0,324,531,713,997]
[0,669,997]
[0,248,324,531,816,890,997]
[0,145,198,324,531,585,816,890,997]
[0,97,145,248,324,478,531,585,816,890,997]
[0,531,713,890,997]
[0,97,145,198,324,478,531,585,816,890,997]
[0,198,324,531,816,997]
[0,145,531,713,890,997]
[0,97,145,248,324,531,585,816,890,997]
[0,531,585,816,890,997]
[0,97,145,324,531,585,816,890,997]
[0,324,531,997]
