[0,196,415,1586,1764,1911]
[0,415,1586,1764,1911]
[0,196,415,1066,1586,1764,1911]
[0,415,1066,1586,1911]
[0,53,239,305,415,1066,1586,1764,1911]
[0,239,305,415,1066,1586,1764,1911]
[0,305,415,1066,1586,1764,1911]
[0,239,305,415,1586,1764,1911]
[0,305,1586,1911]
[0,53,305,415,1586,1764,1911]
[0,53,415,1586,1911]
[0,53,305,415,1066,1586,1764,1911]
[0,1586,1911]
[0,53,415,1592,1911]
[0,415,1911]
[0,196,415,1066,1586,1911]
[0,53,196,415,1066,1586,1764,1911]
[0,1066,1586,1911]
[0,53,196,415,1066,1586,1911]
[0,305,415,1586,1911]
[0,415,1586,1911]
[0,53,239,305,415,1586,1764,1911]
[0,53,415,1586,1764,1911]
[0,196,415,1586,1911]
[0,415,1066,1586,1764,1911]
[0,415,1592,1911]
[0,1066,1592,1911]
[0,415,1066,1911]
[0,1592,1911]
[0,1066,1911]
[0,305,415,1586,1764,1911]
[0,53,415,1066,1586,1764,1911]
