[0,299,1824,2554]
[0,299,2297,2554]
[0,271,1824,2554]
[0,271,715,1478,2554]
[0,271,1394,1590,2554]
[0,1528,2554]
[0,1605,2554]
[0,271,1394,1605,2554]
[0,271,2554]
[0,271,1590,1824,2554]
[0,271,996,1824,2554]
[0,1394,1824,2554]
[0,271,1478,2297,2554]
[0,271,1478,2554]
[0,715,1478,2554]
[0,271,1394,2554]
[0,299,1528,2554]
[0,299,2554]
[0,271,1394,1605,1824,2554]
[0,271,1394,1544,1824,2554]
[0,996,1824,2554]
[0,715,1528,2297,2554]
[0,271,1394,1590,1824,2554]
[0,1528,2297,2554]
[0,271,1394,1478,1824,2554]
[0,1824,2554]
[0,715,1605,2554]
[0,715,1478,2297,2554]
[0,271,1478,1590,1824,2554]
[0,715,1528,2554]
[0,1478,2297,2554]
[0,996,2554]
[0,2297,2554]
[0,271,1394,1824,2554]
[0,1478,2554]
[0,1394,2554]
[0,271,1605,1824,2554]
[0,271,715,1478,2297,2554]
[0,299,1528,2297,2554]
