[0,349,453,826,975,1150,1249]
[0,189,349,453,694,826,975,1150,1249]
[0,453,826,975,1249]
[0,42,349,400,694,826,975,1249]
[0,189,349,400,453,826,975,1249]
[0,400,826,1249]
[0,349,416,826,975,1249]
[0,189,349,400,453,694,826,975,1249]
[0,453,826,975,1150,1249]
[0,42,189,349,400,453,826,975,1150,1205,1249]
[0,349,416,694,826,975,1249]
[0,42,400,817,1104,1249]
[0,400,810,1249]
[0,189,453,694,826,975,1249]
[0,189,349,400,453,826,975,1150,1249]
[0,42,366,453,826,975,1249]
[0,400,1249]
[0,42,189,349,400,453,826,975,1249]
[0,189,400,826,975,1249]
[0,42,366,453,694,826,975,1249]
[0,42,189,349,416,694,826,975,1249]
[0,416,826,1249]
[0,42,453,694,826,975,1249]
[0,189,349,400,453,694,826,975,1150,1249]
[0,189,400,826,1249]
[0,189,416,826,975,1249]
[0,189,400,694,826,975,1249]
[0,189,349,400,694,826,975,1249]
[0,189,453,826,975,1249]
[0,349,400,826,975,1249]
[0,42,349,400,453,826,975,1150,1249]
[0,416,826,975,1249]
[0,42,453,826,975,1249]
[0,400,694,826,975,1249]
[0,826,1249]
[0,42,349,400,826,975,1249]
[0,453,694,826,975,1150,1205,1249]
[0,42,349,400,453,826,975,1150,1205,1249]
[0,42,189,349,400,453,694,826,975,1150,1205,1249]
[0,42,400,694,826,975,1249]
[0,42,400,826,975,1249]
[0,400,817,1249]
[0,810,1249]
[0,42,189,349,400,694,826,975,1249]
[0,453,1249]
[0,189,416,694,826,975,1249]
[0,189,349,416,826,975,1249]
[0,42,400,810,975,1249]
[0,189,349,400,453,694,826,975,1150,1205,1249]
[0,400,826,975,1249]
[0,189,349,453,826,975,1150,1249]
[0,189,349,400,453,826,975,1150,1205,1249]
[0,42,453,694,826,975,1150,1205,1249]
[0,189,453,826,1249]
[0,42,349,416,694,826,975,1249]
[0,42,349,400,453,826,975,1249]
[0,416,694,826,975,1249]
[0,349,400,453,826,975,1150,1205,1249]
[0,349,400,453,826,975,1249]
[0,42,453,826,975,1150,1249]
[0,189,416,826,1249]
[0,400,810,975,1249]
[0,42,416,826,975,1249]
[0,400,817,1104,1249]
[0,349,400,694,826,975,1249]
[0,366,453,694,826,975,1249]
[0,189,349,453,826,975,1249]
[0,189,349,400,826,975,1249]
[0,366,453,826,975,1249]
[0,42,349,416,826,975,1249]
[0,453,826,975,1150,1205,1249]
[0,453,826,1249]
[0,189,349,416,694,826,975,1249]
[0,453,694,826,975,1150,1249]
[0,42,453,826,975,1150,1205,1249]
[0,42,189,349,400,453,694,826,975,1249]
[0,453,694,826,975,1249]
[0,349,400,453,826,975,1150,1249]
[0,349,453,826,975,1249]
[0,817,1249]
[0,189,349,453,694,826,975,1249]
[0,416,1249]
