[0,236,2020]
[0,236,465,879,1530,2020]
[0,70,236,836,1530,2020]
[0,917,1289,2020]
[0,236,917,1675,2020]
[0,236,879,1530,2020]
[0,74,236,467,917,1675,2020]
[0,236,917,2020]
[0,74,236,465,836,1530,1683,2020]
[0,74,236,836,1530,2020]
[0,465,2020]
[0,1530,2020]
[0,74,236,467,917,1289,1675,2020]
[0,467,2020]
[0,236,465,879,997,1530,1683,2020]
[0,236,465,1221,1530,2020]
[0,236,1221,1530,2020]
[0,917,1289,1675,2020]
[0,836,1530,2020]
[0,236,467,1675,2020]
[0,236,879,2020]
[0,74,236,467,917,1530,2020]
[0,236,465,2020]
[0,1221,2020]
[0,236,467,917,1530,1683,2020]
[0,236,467,917,1530,2020]
[0,917,1530,2020]
[0,236,467,2020]
[0,236,1530,2020]
[0,236,465,879,1530,1683,2020]
[0,836,2020]
[0,236,467,917,1675,2020]
[0,74,236,465,879,1530,2020]
[0,70,236,465,836,1530,2020]
[0,236,465,1530,2020]
[0,236,465,836,1530,1683,2020]
[0,917,2020]
[0,236,836,1530,2020]
[0,74,236,465,879,1530,1683,2020]
[0,465,1530,2020]
[0,74,236,465,879,997,1530,1683,2020]
[0,236,467,917,1289,1675,2020]
[0,917,1675,2020]
[0,879,1530,2020]
[0,236,465,836,1530,2020]
[0,74,236,465,836,1530,2020]
[0,236,917,1289,1675,2020]
[0,236,917,1530,2020]
[0,236,836,2020]
[0,74,236,467,917,1530,1683,2020]
[0,879,2020]
[0,467,1675,2020]
[0,1221,1530,2020]
