[0,2630,3232,4267,4758]
[0,2086,3550,4758]
[0,61,484,2626,3232,4267,4758]
[0,3550,4758]
[0,61,484,1845,2086,2626,3232,4267,4758]
[0,208,1421,3232,4267,4758]
[0,994,1234,1724,3550,4267,4758]
[0,1421,3232,4267,4758]
[0,1845,2086,2626,3232,4267,4758]
[0,73,3550,4267,4758]
[0,61,3550,4267,4758]
[0,1724,3550,4758]
[0,1786,3179,4267,4758]
[0,1724,3550,4267,4758]
[0,1629,3232,4758]
[0,2086,4758]
[0,4267,4758]
[0,2494,3232,4758]
[0,2630,3232,4758]
[0,61,3232,4758]
[0,61,994,1234,1724,3550,4267,4758]
[0,1629,3232,4267,4758]
[0,3232,4267,4758]
[0,61,4758]
[0,2086,3232,4267,4758]
[0,73,1629,3232,4267,4758]
[0,1629,3550,4267,4758]
[0,61,2086,3232,4267,4758]
[0,61,2626,3232,4267,4758]
[0,208,1421,2494,3232,4267,4758]
[0,1421,2494,3232,4267,4758]
[0,61,484,2086,2626,3232,4267,4758]
[0,3179,4267,4758]
[0,61,1724,3550,4267,4758]
[0,2086,3232,4758]
[0,3232,4758]
[0,3550,4267,4758]
[0,2086,2626,3232,4267,4758]
[0,484,2086,2626,3232,4267,4758]
[0,61,3232,4267,4758]
[0,3179,4758]
[0,1187,3232,4758]
[0,1629,3550,4758]
[0,2626,3232,4758]
[0,1786,3179,4758]
[0,73,3232,4267,4758]
[0,1724,4758]
[0,1234,1724,3550,4267,4758]
[0,2626,3232,4267,4758]
[0,1421,2494,3232,4758]
[0,484,1845,2086,2626,3232,4267,4758]
[0,61,2086,3232,4758]
[0,73,1629,3550,4267,4758]
[0,1421,3232,4758]
[0,484,2626,3232,4267,4758]
[0,2494,3232,4267,4758]
[0,73,2630,3232,4267,4758]
[0,61,1629,3550,4267,4758]
[0,401,1786,3179,4267,4758]
[0,1629,4758]
[0,2086,2626,3232,4758]
[0,61,4267,4758]
[0,61,1234,1724,3550,4267,4758]
