[0,1487,2956]
[0,1988,2353,2956]
[0,555,2401,2956]
[0,523,1487,1988,2353,2619,2956]
[0,1247,2353,2956]
[0,1988,2401,2956]
[0,1459,2353,2956]
[0,1459,2401,2956]
[0,555,1474,1988,2353,2956]
[0,492,2353,2956]
[0,523,1487,2353,2956]
[0,555,1487,2353,2956]
[0,555,1459,1988,2353,2619,2956]
[0,1487,1988,2353,2956]
[0,2353,2956]
[0,555,1459,1988,2353,2956]
[0,555,1459,1988,2401,2956]
[0,555,1474,2353,2956]
[0,1474,1988,2353,2619,2956]
[0,1459,1988,2353,2619,2956]
[0,555,1487,1988,2353,2956]
[0,555,1474,1988,2353,2619,2956]
[0,555,1459,2353,2956]
[0,1474,2353,2956]
[0,1474,1988,2353,2956]
[0,1459,2956]
[0,1487,2353,2956]
[0,523,2353,2956]
[0,1459,1988,2353,2956]
[0,1487,1988,2353,2619,2956]
[0,2401,2956]
[0,523,1487,1988,2353,2719,2956]
[0,492,1487,2353,2956]
[0,492,1487,1988,2353,2619,2956]
[0,555,1459,2401,2956]
[0,492,1487,1988,2353,2956]
[0,523,1487,1988,2353,2956]
[0,1474,2956]
[0,1459,1988,2401,2956]
[0,555,1487,1988,2353,2619,2956]
[0,1247,2956]
[0,555,2353,2956]
