[0,86,330,526,1385,1632]
[0,89,1372,1632]
[0,87,587,1341,1632]
[0,86,587,987,1105,1385,1632]
[0,89,1632]
[0,86,341,587,987,1105,1385,1632]
[0,86,341,526,1341,1562,1632]
[0,526,1341,1632]
[0,526,1385,1632]
[0,89,1385,1632]
[0,86,341,587,987,1105,1341,1385,1632]
[0,86,156,341,526,1341,1562,1632]
[0,86,156,341,587,650,987,1105,1341,1385,1562,1632]
[0,341,587,987,1105,1385,1632]
[0,86,587,1385,1632]
[0,1341,1632]
[0,1385,1632]
[0,87,330,526,1385,1632]
[0,587,1385,1632]
[0,86,587,1105,1385,1632]
[0,330,530,987,1110,1385,1632]
[0,530,1110,1385,1632]
[0,587,1372,1632]
[0,87,330,526,1341,1385,1632]
[0,86,330,526,1341,1385,1632]
[0,97,1632]
[0,86,156,330,526,1385,1632]
[0,86,530,1110,1385,1632]
[0,87,587,1341,1385,1632]
[0,87,1372,1632]
[0,86,330,530,987,1110,1341,1385,1632]
[0,587,1632]
[0,530,1110,1632]
[0,87,1385,1632]
[0,530,1632]
[0,87,1341,1632]
[0,86,526,1341,1385,1632]
[0,341,526,1341,1632]
[0,530,987,1110,1385,1632]
[0,86,341,526,1341,1632]
[0,86,341,526,1385,1632]
[0,86,526,1385,1632]
[0,87,587,1372,1632]
[0,86,526,1341,1632]
[0,86,341,526,1341,1385,1562,1632]
[0,87,1632]
[0,1372,1632]
[0,1110,1632]
[0,89,530,1385,1632]
[0,86,341,587,650,987,1105,1341,1385,1562,1632]
[0,86,156,330,530,987,1110,1385,1632]
[0,587,987,1105,1385,1632]
[0,87,587,1385,1632]
[0,341,587,1105,1385,1632]
[0,587,1105,1385,1632]
[0,86,341,587,987,1105,1341,1385,1562,1632]
[0,330,530,1110,1385,1632]
[0,1105,1632]
[0,86,1632]
[0,86,156,341,587,650,987,1105,1385,1562,1632]
[0,587,1341,1632]
[0,86,341,587,650,987,1105,1385,1562,1632]
[0,86,341,526,1341,1385,1632]
[0,587,1105,1632]
[0,330,526,1385,1632]
[0,526,1632]
[0,86,341,587,987,1105,1385,1562,1632]
[0,86,530,987,1110,1385,1632]
[0,86,330,530,987,1110,1385,1632]
[0,87,526,1341,1385,1632]
[0,86,156,341,587,987,1105,1385,1562,1632]
[0,97,1341,1632]
[0,86,156,341,526,1341,1385,1562,1632]
[0,87,526,1385,1632]
[0,86,156,330,526,1341,1385,1632]
[0,86,156,330,530,987,1110,1341,1385,1632]
[0,86,1341,1632]
[0,86,1385,1632]
[0,341,526,1385,1632]
[0,86,530,1385,1632]
[0,530,1385,1632]
