[0,269,480,756,997,1249]
[0,480,998,1249]
[0,899,998,1249]
[0,91,756,998,1249]
[0,91,213,756,899,998,1249]
[0,91,213,756,998,1249]
[0,269,480,998,1249]
[0,375,756,899,998,1249]
[0,269,480,899,998,1249]
[0,91,205,756,899,998,1249]
[0,91,269,756,998,1249]
[0,480,756,998,1249]
[0,91,480,899,998,1249]
[0,269,375,756,998,1249]
[0,269,756,1249]
[0,269,998,1249]
[0,480,899,998,1249]
[0,91,269,480,756,998,1249]
[0,756,997,1249]
[0,205,375,756,899,998,1249]
[0,480,756,899,998,1249]
[0,213,756,899,998,1249]
[0,480,997,1249]
[0,91,269,375,756,899,998,1249]
[0,269,756,998,1249]
[0,91,269,756,899,998,1249]
[0,91,213,375,756,899,998,1249]
[0,756,899,998,1249]
[0,91,269,756,997,1249]
[0,269,480,756,899,998,1249]
[0,269,480,756,998,1249]
[0,91,205,375,756,899,998,1249]
[0,205,375,756,998,1249]
[0,213,756,998,1249]
[0,756,1249]
[0,205,756,998,1249]
[0,91,756,997,1249]
[0,375,756,1249]
[0,899,1249]
[0,91,899,998,1249]
[0,480,756,997,1249]
[0,91,756,899,998,1249]
[0,269,375,756,899,998,1249]
[0,91,269,480,899,998,1249]
[0,269,756,899,998,1249]
[0,269,1249]
[0,269,756,997,1249]
[0,213,375,756,899,998,1249]
[0,91,269,480,756,997,1249]
[0,756,998,1249]
[0,91,205,756,998,1249]
[0,91,269,480,756,899,998,1249]
[0,213,375,756,998,1249]
[0,205,756,899,998,1249]
[0,480,1249]
[0,375,756,998,1249]
