[0,418,561,726,984,1046]
[0,294,1046]
[0,294,418,585,1046]
[0,131,180,294,418,585,984,1046]
[0,131,180,294,418,585,886,984,1046]
[0,418,561,1046]
[0,131,409,585,772,912,1046]
[0,294,418,585,886,984,1046]
[0,409,585,772,912,1046]
[0,97,180,302,418,561,726,822,912,984,1046]
[0,418,585,1046]
[0,180,302,418,561,912,984,1046]
[0,97,180,302,418,561,726,822,1046]
[0,97,180,302,418,561,726,912,1046]
[0,294,418,585,984,1046]
[0,180,418,561,1046]
[0,180,294,418,585,1046]
[0,302,418,561,726,1046]
[0,131,409,621,1046]
[0,863,1046]
[0,131,409,585,912,1046]
[0,180,294,418,585,882,1046]
[0,294,418,585,882,984,1046]
[0,131,180,294,418,585,882,984,1046]
[0,409,621,1046]
[0,409,585,772,1046]
[0,180,294,418,585,886,1046]
[0,180,294,418,585,886,984,1046]
[0,726,1046]
[0,180,302,418,561,726,822,912,1046]
[0,302,418,561,912,984,1046]
[0,97,180,302,418,561,912,1046]
[0,294,754,1046]
[0,561,1046]
[0,180,418,561,912,1046]
[0,131,409,585,1046]
[0,294,418,585,886,1046]
[0,180,418,561,726,912,1046]
[0,180,302,418,561,912,1046]
[0,409,585,912,1046]
[0,180,294,418,585,882,984,1046]
[0,302,418,561,984,1046]
[0,180,294,418,585,984,1046]
[0,418,726,1046]
[0,418,585,882,1046]
[0,302,418,561,1046]
[0,418,561,984,1046]
[0,418,585,886,1046]
[0,180,302,418,561,1046]
[0,418,561,726,1046]
[0,97,180,302,418,561,726,1046]
[0,621,1046]
[0,984,1046]
[0,180,984,1046]
[0,97,180,302,418,561,726,822,912,1046]
[0,180,302,418,561,726,1046]
[0,180,418,726,1046]
[0,180,561,1046]
[0,180,418,561,726,1046]
[0,469,1046]
[0,180,302,418,561,726,822,1046]
[0,97,180,302,418,561,726,912,984,1046]
[0,180,302,418,561,726,912,1046]
[0,97,180,302,418,561,1046]
[0,97,180,302,418,561,912,984,1046]
[0,302,418,561,726,984,1046]
[0,418,561,726,912,1046]
[0,294,418,585,882,1046]
[0,302,418,561,912,1046]
[0,585,772,1046]
[0,409,585,1046]
[0,469,863,1046]
[0,180,1046]
[0,585,1046]
[0,180,302,418,561,726,984,1046]
[0,418,561,912,1046]
