[0,49,172,378,484,582,969]
[0,172,378,484,582,727,815,969]
[0,49,194,471,582,815,969]
[0,172,484,969]
[0,471,582,815,969]
[0,49,471,969]
[0,49,194,378,484,582,815,969]
[0,49,172,227,378,484,582,646,727,815,969]
[0,172,378,484,582,815,969]
[0,172,582,815,969]
[0,194,582,969]
[0,172,378,969]
[0,194,378,484,582,969]
[0,49,194,378,484,582,784,969]
[0,194,815,969]
[0,194,378,815,969]
[0,172,227,378,484,582,646,727,815,969]
[0,49,969]
[0,194,378,484,582,815,969]
[0,484,582,815,969]
[0,172,484,582,815,969]
[0,194,378,484,784,969]
[0,378,484,969]
[0,484,582,969]
[0,484,815,969]
[0,194,969]
[0,172,969]
[0,194,378,484,582,784,969]
[0,49,172,378,484,582,646,969]
[0,172,378,484,582,646,815,969]
[0,194,471,582,815,969]
[0,172,378,815,969]
[0,49,172,227,378,484,582,646,969]
[0,471,582,969]
[0,484,969]
[0,471,815,969]
[0,378,969]
[0,49,484,582,815,969]
[0,194,582,815,969]
[0,194,378,969]
[0,49,172,378,484,582,815,969]
[0,49,194,378,484,582,646,969]
[0,172,378,484,582,646,969]
[0,49,484,969]
[0,49,378,484,582,969]
[0,49,172,484,582,815,969]
[0,49,484,582,969]
[0,172,378,484,969]
[0,49,172,378,484,582,646,727,815,969]
[0,49,172,227,378,484,582,646,815,969]
[0,49,471,582,969]
[0,172,227,378,484,582,646,815,969]
[0,49,471,582,815,969]
[0,194,378,484,582,646,969]
[0,194,378,784,969]
[0,172,227,378,484,582,646,969]
[0,484,758,969]
[0,194,378,484,815,969]
[0,49,194,378,484,582,969]
[0,582,969]
[0,172,484,582,969]
[0,172,484,758,969]
[0,172,582,969]
[0,378,484,582,969]
[0,194,784,969]
[0,172,378,484,582,969]
[0,172,815,969]
[0,172,378,484,582,646,727,815,969]
[0,49,172,378,484,582,646,815,969]
[0,172,378,484,815,969]
[0,194,378,484,969]
[0,172,471,582,815,969]
[0,471,969]
