[0,408,605,1327]
[0,70,137,408,499,829,1327]
[0,208,408,499,829,1327]
[0,70,208,408,605,1327]
[0,408,605,829,1327]
[0,408,1327]
[0,80,408,1327]
[0,70,208,408,499,1327]
[0,208,408,605,955,1327]
[0,70,408,605,1327]
[0,70,122,408,605,768,829,1327]
[0,70,408,499,768,829,1327]
[0,70,408,713,829,1327]
[0,408,605,768,955,1327]
[0,80,1327]
[0,408,829,1327]
[0,80,408,829,1327]
[0,408,809,1327]
[0,408,499,1327]
[0,70,208,408,499,829,1327]
[0,208,408,955,1327]
[0,208,408,605,1327]
[0,70,137,408,499,1327]
[0,70,408,499,829,1327]
[0,208,408,499,1327]
[0,208,408,829,1327]
[0,70,208,408,605,955,1327]
[0,70,408,605,955,1327]
[0,80,408,809,1327]
[0,70,408,499,1327]
[0,208,408,605,829,1327]
[0,408,713,829,1327]
[0,713,1327]
[0,70,408,829,1327]
[0,408,499,829,1327]
[0,70,408,605,768,955,1327]
[0,70,122,208,408,605,768,829,1327]
[0,70,208,408,605,768,829,1327]
[0,70,408,768,829,1327]
[0,70,137,408,499,768,829,1327]
[0,70,1327]
[0,713,829,1327]
[0,70,208,408,605,829,1327]
[0,208,408,1327]
[0,70,137,208,408,499,1327]
[0,70,137,208,408,499,829,1327]
[0,70,408,1327]
[0,829,1327]
[0,408,605,955,1327]
[0,70,408,605,768,829,1327]
[0,809,1327]
[0,80,408,713,829,1327]
[0,70,137,208,408,499,768,829,1327]
[0,70,408,605,829,1327]
[0,408,955,1327]
