[0,109,822,1176,1343]
[0,380,766,931,1005,1343]
[0,368,1343]
[0,766,1058,1343]
[0,931,1176,1343]
[0,380,588,766,931,1058,1343]
[0,232,588,766,1005,1176,1343]
[0,232,588,766,1343]
[0,109,368,588,822,931,1051,1343]
[0,766,1343]
[0,380,588,766,1005,1343]
[0,368,822,1343]
[0,822,981,1176,1343]
[0,766,1005,1343]
[0,766,981,1343]
[0,109,822,931,981,1176,1343]
[0,380,588,766,931,1005,1343]
[0,368,588,822,1343]
[0,931,1343]
[0,232,766,1005,1343]
[0,109,380,588,766,931,1005,1176,1343]
[0,380,822,1343]
[0,766,981,1176,1343]
[0,380,766,1005,1343]
[0,380,931,1005,1343]
[0,232,766,931,1005,1343]
[0,822,931,1343]
[0,109,380,588,822,1003,1176,1343]
[0,232,1005,1343]
[0,822,1003,1343]
[0,368,822,1176,1343]
[0,766,1176,1343]
[0,232,588,766,981,1343]
[0,109,380,588,766,1005,1176,1343]
[0,380,1343]
[0,380,588,822,1003,1176,1343]
[0,232,931,1005,1343]
[0,380,766,1343]
[0,588,822,1343]
[0,232,588,766,931,1005,1176,1343]
[0,109,1343]
[0,232,588,766,931,1005,1343]
[0,368,588,822,1051,1343]
[0,109,212,588,822,931,981,1176,1343]
[0,109,588,822,981,1176,1343]
[0,1176,1343]
[0,109,931,1343]
[0,232,588,766,1176,1343]
[0,380,588,822,1343]
[0,212,1343]
[0,368,588,822,931,1051,1343]
[0,154,766,1176,1343]
[0,154,931,1176,1343]
[0,822,1176,1343]
[0,720,981,1343]
[0,380,1003,1343]
[0,109,368,588,822,931,981,1176,1343]
[0,232,766,1343]
[0,380,588,822,931,1003,1343]
[0,368,588,822,981,1176,1343]
[0,720,1343]
[0,368,822,981,1176,1343]
[0,380,588,766,1058,1343]
[0,232,588,766,981,1176,1343]
[0,368,822,981,1343]
[0,109,380,588,766,931,1058,1343]
[0,588,822,1176,1343]
[0,380,1005,1343]
[0,368,1051,1343]
[0,109,380,588,766,931,1005,1343]
[0,368,822,1051,1343]
[0,109,931,1176,1343]
[0,232,766,981,1343]
[0,109,822,1343]
[0,380,766,1058,1343]
[0,380,588,822,931,1003,1176,1343]
[0,154,720,981,1343]
[0,109,1176,1343]
[0,109,822,931,1343]
[0,212,931,1343]
[0,380,588,822,1003,1343]
[0,587,766,981,1343]
[0,232,766,1176,1343]
[0,109,368,588,822,981,1176,1343]
[0,232,588,766,1005,1343]
[0,1005,1343]
[0,822,981,1343]
[0,109,380,588,766,1005,1343]
[0,154,587,766,981,1176,1343]
[0,587,766,981,1176,1343]
[0,109,212,588,822,981,1176,1343]
[0,109,822,981,1343]
[0,154,766,981,1176,1343]
[0,109,380,588,822,931,1003,1176,1343]
[0,822,1051,1343]
[0,380,822,1003,1343]
[0,931,1005,1343]
[0,822,1343]
[0,232,1343]
[0,368,588,822,1176,1343]
[0,380,588,766,1005,1176,1343]
[0,109,588,822,931,981,1176,1343]
[0,109,822,981,1176,1343]
[0,588,822,981,1176,1343]
[0,109,368,588,822,1051,1343]
