[0,196,504,875,1562]
[0,137,516,1395,1562]
[0,196,535,1562]
[0,137,508,875,1395,1562]
[0,516,1562]
[0,196,504,1024,1395,1562]
[0,513,1024,1562]
[0,196,342,504,640,1024,1223,1395,1562]
[0,513,1024,1223,1395,1562]
[0,342,1562]
[0,508,875,1395,1562]
[0,513,1024,1395,1562]
[0,342,513,1024,1395,1562]
[0,504,1024,1562]
[0,196,513,1024,1395,1562]
[0,196,504,1024,1223,1562]
[0,342,1378,1562]
[0,196,342,504,1024,1562]
[0,137,513,1024,1223,1395,1562]
[0,196,504,1562]
[0,110,196,513,1024,1395,1562]
[0,342,513,1024,1223,1562]
[0,196,342,513,1024,1223,1395,1562]
[0,1024,1562]
[0,508,875,1562]
[0,196,513,1024,1223,1562]
[0,137,342,513,1024,1395,1562]
[0,513,1024,1223,1562]
[0,513,1562]
[0,196,504,875,1395,1562]
[0,342,516,875,1562]
[0,196,342,504,1024,1395,1562]
[0,342,513,1024,1562]
[0,196,504,1024,1562]
[0,516,875,1395,1562]
[0,1378,1562]
[0,535,1562]
[0,137,516,875,1395,1562]
[0,196,513,1024,1223,1395,1562]
[0,504,1562]
[0,137,513,1024,1395,1562]
[0,196,535,1395,1562]
[0,110,196,342,513,1024,1223,1395,1486,1562]
[0,508,1562]
[0,516,1395,1562]
[0,504,1024,1223,1562]
[0,137,508,875,1562]
[0,342,513,1024,1223,1395,1562]
[0,196,513,1024,1562]
[0,137,342,516,875,1395,1562]
[0,535,1395,1562]
[0,196,342,504,875,1395,1562]
[0,110,196,513,1024,1223,1395,1562]
[0,196,504,1395,1562]
[0,196,342,504,1024,1223,1395,1562]
[0,1395,1562]
[0,137,513,1024,1223,1395,1486,1562]
[0,137,513,1024,1562]
[0,137,342,513,1024,1223,1395,1562]
[0,342,516,875,1395,1562]
[0,196,342,504,640,1024,1223,1395,1463,1562]
[0,110,196,342,513,1024,1223,1395,1562]
[0,110,196,513,1024,1562]
[0,504,875,1562]
[0,516,875,1562]
[0,137,342,513,1024,1223,1395,1486,1562]
[0,196,504,1024,1223,1395,1562]
[0,196,342,504,1024,1223,1395,1463,1562]
