[0,287,579,1342,1815,2120]
[0,287,579,970,1153,2120]
[0,307,2120]
[0,287,1025,2120]
[0,287,579,1342,1815,1992,2120]
[0,287,1166,2120]
[0,287,1342,1815,1992,2120]
[0,287,579,970,1153,1815,1992,2120]
[0,287,2120]
[0,287,572,1166,2120]
[0,287,1342,2120]
[0,879,2120]
[0,307,1162,2120]
[0,287,572,1025,2120]
[0,287,572,1025,1166,1277,1992,2120]
[0,287,572,879,1166,2120]
[0,287,572,1025,1277,2120]
[0,579,879,1166,2120]
[0,287,572,1025,1166,1992,2120]
[0,879,1166,2120]
[0,848,2120]
[0,287,1342,1992,2120]
[0,287,579,879,1166,2120]
[0,579,1153,2120]
[0,1277,2120]
[0,579,1342,2120]
[0,579,1166,2120]
[0,579,2120]
[0,287,1025,1166,1992,2120]
[0,287,579,1118,1342,2120]
[0,328,2120]
[0,287,579,970,1153,1992,2120]
[0,1342,1815,2120]
[0,287,572,1166,1992,2120]
[0,287,1166,1277,1992,2120]
[0,287,572,879,1166,1992,2120]
[0,579,1153,1815,2120]
[0,287,572,1277,1992,2120]
[0,1162,2120]
[0,287,579,1153,1815,2120]
[0,287,879,1166,2120]
[0,287,1277,2120]
[0,287,1166,1277,2120]
[0,287,579,1153,2120]
[0,287,572,1277,2120]
[0,287,572,1025,1277,1992,2120]
[0,287,579,1342,2120]
[0,287,579,1166,2120]
[0,287,1025,1166,2120]
[0,287,970,1153,2120]
[0,1153,2120]
[0,287,572,1025,1166,2120]
[0,287,1025,1166,1277,1992,2120]
[0,287,1992,2120]
[0,287,1342,1815,2120]
[0,1166,2120]
[0,287,572,1992,2120]
[0,287,1153,2120]
[0,1342,2120]
[0,1025,2120]
[0,287,1166,1992,2120]
[0,287,579,970,1153,1815,2120]
[0,287,572,2120]
[0,579,1342,1815,2120]
