[0,1488,2835,3210,3680,4758]
[0,3680,4758]
[0,44,1474,2665,3680,4758]
[0,1290,2618,2835,4758]
[0,1489,2665,4758]
[0,1290,2618,3680,4758]
[0,1488,1845,2618,2835,3210,3680,4758]
[0,44,1489,2618,2835,3210,3680,4758]
[0,2665,4758]
[0,44,1290,2835,4758]
[0,44,1420,2618,3680,4758]
[0,1488,1845,2618,2835,4758]
[0,1420,2618,2835,4758]
[0,1474,2665,4758]
[0,44,1474,2665,4758]
[0,44,1488,2835,4758]
[0,1290,2618,3680,4652,4758]
[0,1488,1845,2618,2835,3210,4758]
[0,44,1488,1845,2835,4758]
[0,1489,2835,3680,4758]
[0,44,1489,2835,4758]
[0,1290,2618,2835,3210,3680,4758]
[0,44,1290,2618,2835,3210,4758]
[0,1420,2618,3680,4758]
[0,1290,2835,3680,4758]
[0,1290,2618,2835,3210,4758]
[0,44,1420,2835,4758]
[0,1420,2835,4758]
[0,1474,2665,3680,4758]
[0,44,1489,2665,4758]
[0,1488,2835,3210,4758]
[0,1290,2618,4758]
[0,2618,4758]
[0,1489,2618,2835,3210,3680,4758]
[0,44,1489,2835,3210,4758]
[0,44,1290,2618,3680,4652,4758]
[0,2618,3680,4758]
[0,1489,2835,3210,3680,4758]
[0,3626,4758]
[0,1064,2665,4758]
[0,1489,2862,4758]
[0,44,1420,2618,2835,4758]
[0,44,1488,1845,2618,2835,4758]
[0,44,2618,3680,4758]
[0,2862,4758]
[0,44,1488,1845,2618,2835,3210,3680,4758]
[0,1489,2665,3680,4758]
[0,44,1290,2618,2835,4758]
[0,1290,2835,4758]
[0,44,1290,2618,3680,4758]
[0,1488,2835,4758]
[0,44,1489,2835,3210,3680,4758]
[0,1489,2835,3210,4758]
[0,44,3680,4758]
[0,44,1488,1845,2618,2835,3210,4758]
[0,44,1290,2618,4758]
[0,1064,3626,4758]
[0,1489,2835,4758]
[0,44,1420,2618,4758]
[0,1488,2835,3680,4758]
[0,44,1290,2618,2835,3210,3680,4758]
[0,1290,2835,3210,4758]
[0,1488,1845,2835,4758]
[0,2835,4758]
[0,1420,2618,4758]
[0,1488,1845,2835,3210,3680,4758]
[0,44,1489,2665,3680,4758]
[0,1488,1845,2835,3210,4758]
[0,1290,2835,3210,3680,4758]
[0,44,1489,2862,4758]
