[0,287,517,979,1421,1663,2232,2554]
[0,1426,1663,2232,2554]
[0,650,1405,2219,2554]
[0,650,908,1421,1663,2232,2554]
[0,517,979,1426,1663,2232,2554]
[0,287,517,979,1426,1663,2232,2554]
[0,500,1405,1663,2219,2554]
[0,517,1421,2232,2554]
[0,286,650,979,1405,1663,2060,2554]
[0,1405,1663,2219,2554]
[0,650,2060,2554]
[0,286,650,908,1421,1663,2232,2554]
[0,2219,2554]
[0,1421,1663,2060,2554]
[0,286,650,1647,2060,2554]
[0,286,517,1421,1663,2232,2554]
[0,286,1647,2060,2554]
[0,286,500,979,1405,1663,2219,2554]
[0,500,1405,2219,2554]
[0,517,979,1663,2232,2554]
[0,500,979,1663,2219,2554]
[0,650,979,1421,1663,2060,2554]
[0,650,979,1405,1663,2219,2554]
[0,650,1421,2554]
[0,2060,2554]
[0,650,1663,2554]
[0,650,979,1663,2219,2554]
[0,650,1421,1663,2060,2554]
[0,650,1647,2060,2554]
[0,650,979,1405,1663,2060,2554]
[0,650,908,1663,2232,2554]
[0,287,517,1426,1663,2232,2554]
[0,1421,2554]
[0,650,979,1663,2060,2554]
[0,908,1663,2554]
[0,1663,2219,2554]
[0,650,1405,1663,2060,2554]
[0,1421,1663,2232,2554]
[0,286,650,979,1663,2060,2554]
[0,650,2554]
[0,1663,2232,2554]
[0,286,500,1405,1663,2219,2554]
[0,517,1426,2554]
[0,650,1421,2232,2554]
[0,1426,1663,2554]
[0,650,1421,2060,2554]
[0,979,1663,2554]
[0,2232,2554]
[0,500,1405,2554]
[0,908,1663,2232,2554]
[0,1421,1663,2554]
[0,517,979,2554]
[0,979,1663,2219,2554]
[0,1405,2060,2554]
[0,650,1405,2060,2554]
[0,517,1421,2554]
[0,517,1426,1663,2232,2554]
[0,286,908,1663,2232,2554]
[0,286,650,1405,2554]
[0,1426,2554]
[0,979,1663,2232,2554]
[0,517,979,1663,2554]
[0,1405,1663,2060,2554]
[0,979,2554]
[0,500,979,1405,1663,2219,2554]
[0,650,1421,1663,2232,2554]
[0,500,979,1663,2554]
[0,517,1426,2232,2554]
[0,650,1405,1663,2219,2554]
[0,517,979,1421,1663,2232,2554]
[0,500,979,2554]
[0,979,1663,2060,2554]
[0,1405,1663,2554]
[0,908,2554]
[0,1421,2060,2554]
[0,1647,2060,2554]
[0,1663,2554]
[0,650,1405,2554]
[0,287,517,1421,1663,2232,2554]
[0,286,517,979,1421,1663,2232,2554]
[0,517,1421,1663,2232,2554]
[0,286,650,979,1663,2219,2554]
[0,1405,2554]
[0,286,650,979,1421,1663,2060,2554]
[0,286,650,979,1405,1663,2219,2554]
[0,286,650,908,1663,2232,2554]
