[0,736,1617,1900,2120]
[0,1454,2120]
[0,736,1788,2120]
[0,651,1326,2120]
[0,347,602,1233,1326,2120]
[0,651,1900,2120]
[0,602,2120]
[0,407,736,1788,2120]
[0,175,651,2120]
[0,602,822,1326,1788,2120]
[0,175,602,1233,1326,2120]
[0,175,602,1326,2120]
[0,175,602,1788,2120]
[0,1788,2120]
[0,602,1326,1900,2120]
[0,602,1233,1326,2120]
[0,736,2120]
[0,175,602,1454,1900,2120]
[0,347,408,2120]
[0,175,602,1326,1788,2120]
[0,175,602,2120]
[0,347,408,651,1226,1326,2120]
[0,175,602,1900,2120]
[0,347,602,1326,1900,2120]
[0,175,651,1326,1900,2120]
[0,602,1454,2120]
[0,651,1326,1900,2120]
[0,602,1326,2120]
[0,408,1788,2120]
[0,347,408,651,2120]
[0,736,1617,2120]
[0,347,651,1326,2120]
[0,347,651,1226,1326,2120]
[0,408,602,1326,1900,2120]
[0,602,1326,1788,2120]
[0,347,651,2120]
[0,602,1900,2120]
[0,651,1226,1326,2120]
[0,347,408,602,1233,1326,2120]
[0,407,736,2120]
[0,736,1900,2120]
[0,347,408,602,2120]
[0,1326,2120]
[0,175,736,1617,1900,2120]
[0,347,408,651,1326,2120]
[0,408,2120]
[0,347,602,2120]
[0,347,651,1900,2120]
[0,347,408,651,1226,1326,1900,2120]
[0,407,736,1900,2120]
[0,347,408,602,1326,2120]
[0,1900,2120]
[0,175,602,1233,1326,1788,2120]
[0,175,602,1233,1326,1900,2120]
[0,175,651,1226,1326,1900,2120]
[0,602,1454,1900,2120]
[0,175,602,1326,1900,2120]
[0,175,736,2120]
[0,347,602,1326,2120]
[0,347,602,1900,2120]
[0,408,1900,2120]
[0,175,736,1900,2120]
[0,175,651,1900,2120]
[0,602,1233,1326,1788,2120]
[0,347,408,602,1233,1326,1900,2120]
[0,651,1226,1326,1900,2120]
[0,175,602,822,1326,1788,2120]
[0,408,602,1326,1788,2120]
[0,651,2120]
[0,347,602,1233,1326,1900,2120]
[0,347,651,1226,1326,1900,2120]
[0,602,1788,2120]
[0,347,651,1326,1900,2120]
