[0,398,1105,1575,2015,2351,2759]
[0,1233,2759]
[0,1105,2759]
[0,1105,1575,2015,2329,2759]
[0,774,1233,2015,2759]
[0,1575,2015,2759]
[0,774,2759]
[0,1233,2015,2759]
[0,1575,2759]
[0,1105,1575,2015,2311,2759]
[0,1105,2015,2759]
[0,1034,2061,2759]
[0,398,1105,1575,2015,2329,2759]
[0,2015,2759]
[0,774,1105,1575,2015,2351,2759]
[0,774,1575,2015,2351,2759]
[0,1105,2022,2759]
[0,1034,1519,2061,2759]
[0,1233,2015,2329,2759]
[0,1034,2759]
[0,1105,2015,2329,2759]
[0,1105,2015,2351,2759]
[0,774,1575,2015,2759]
[0,1105,1575,2015,2351,2759]
[0,774,2015,2759]
[0,398,1105,1575,2015,2311,2759]
[0,1105,2015,2311,2759]
[0,774,1233,2015,2329,2759]
[0,774,2015,2351,2759]
[0,1105,1575,2015,2759]
[0,398,1105,1575,2015,2759]
