[0,98,1046]
[0,98,270,361,489,707,805,980,1046]
[0,98,489,1046]
[0,98,371,547,707,805,980,1046]
[0,98,361,707,805,1046]
[0,361,489,707,805,1046]
[0,98,381,1046]
[0,98,361,980,1046]
[0,489,707,1046]
[0,98,361,707,1046]
[0,98,361,489,707,805,1046]
[0,98,361,1046]
[0,547,1046]
[0,361,489,707,1046]
[0,98,371,547,707,805,1046]
[0,371,547,707,1046]
[0,361,726,1046]
[0,98,489,980,1046]
[0,381,707,805,1046]
[0,371,1046]
[0,98,381,707,805,1046]
[0,361,547,707,1046]
[0,371,707,805,1046]
[0,547,707,805,1046]
[0,489,726,1046]
[0,489,707,805,1046]
[0,489,1046]
[0,98,361,726,1046]
[0,98,371,707,1046]
[0,371,547,707,805,1046]
[0,361,1046]
[0,361,489,726,1046]
[0,98,361,547,707,805,980,1046]
[0,361,547,707,805,1046]
[0,98,381,707,805,980,1046]
[0,98,489,726,1046]
[0,98,361,489,726,1046]
[0,381,489,707,1046]
[0,371,707,1046]
[0,361,707,1046]
[0,381,1046]
[0,547,707,1046]
[0,98,361,726,959,1046]
[0,98,361,489,707,805,980,1046]
[0,98,361,547,707,805,1046]
[0,98,371,707,805,1046]
[0,98,371,1046]
[0,98,381,707,1046]
[0,98,381,489,707,805,980,1046]
[0,98,381,489,707,805,1046]
[0,98,270,361,547,707,805,980,1046]
[0,98,489,726,959,1046]
[0,98,361,489,726,959,1046]
[0,361,707,805,1046]
[0,381,707,1046]
[0,98,270,361,547,707,805,1046]
[0,98,270,361,489,707,805,1046]
[0,381,489,707,805,1046]
