[0,542,997]
[0,336,997]
[0,336,489,613,997]
[0,489,997]
[0,336,489,613,702,809,997]
[0,489,613,702,809,997]
[0,284,542,613,997]
[0,284,613,997]
[0,284,489,613,809,997]
[0,284,542,613,702,997]
[0,613,997]
[0,284,489,613,702,809,997]
[0,489,613,997]
[0,489,809,997]
[0,284,997]
[0,284,613,809,997]
[0,284,489,613,997]
[0,284,613,702,997]
[0,489,613,809,997]
[0,284,542,613,702,809,997]
[0,336,613,997]
[0,336,489,613,809,997]
[0,489,613,702,997]
[0,336,613,809,997]
[0,284,613,702,809,997]
[0,284,489,613,702,997]
[0,542,613,997]
