[0,529,616,1241,1389,1810]
[0,529,1241,1389,1810]
[0,529,1241,1389,1696,1810]
[0,525,616,1389,1810]
[0,565,1810]
[0,529,616,1810]
[0,525,1254,1389,1696,1810]
[0,529,772,1389,1810]
[0,525,1810]
[0,525,616,1254,1389,1696,1810]
[0,525,1383,1810]
[0,525,1389,1810]
[0,529,907,1389,1810]
[0,529,1389,1696,1810]
[0,529,772,1241,1389,1696,1810]
[0,525,907,1241,1389,1810]
[0,525,907,1241,1389,1696,1810]
[0,529,772,1241,1389,1810]
[0,525,1241,1389,1810]
[0,529,907,1241,1389,1810]
[0,529,907,1241,1389,1696,1810]
[0,525,907,1389,1810]
[0,525,616,1810]
[0,529,616,1389,1810]
[0,529,1810]
[0,525,772,1254,1389,1810]
[0,529,1389,1810]
[0,525,772,1389,1810]
[0,525,1389,1696,1810]
[0,525,1383,1696,1810]
[0,525,772,1254,1389,1696,1810]
[0,565,1389,1810]
[0,525,616,1254,1389,1810]
[0,525,1254,1389,1810]
