[0,374,664,821,917,1264]
[0,374,469,554,664,821,917,1264]
[0,374,469,554,664,1264]
[0,289,374,469,554,664,1264]
[0,374,469,664,821,1098,1264]
[0,374,469,664,1098,1264]
[0,374,469,664,917,1033,1264]
[0,374,1264]
[0,289,374,469,554,664,821,1098,1264]
[0,374,469,664,821,917,1098,1264]
[0,374,821,917,1264]
[0,374,664,821,917,1098,1264]
[0,374,469,554,664,821,917,1033,1264]
[0,374,664,1098,1264]
[0,374,469,664,821,917,1264]
[0,374,469,664,917,1264]
[0,374,469,1264]
[0,289,374,469,554,664,821,917,1033,1264]
[0,289,374,469,664,1098,1264]
[0,289,374,469,554,664,821,917,1264]
[0,289,374,469,664,1264]
[0,374,469,554,664,1098,1264]
[0,374,469,664,1264]
[0,374,469,664,1104,1264]
[0,374,664,917,1264]
[0,374,664,1104,1264]
[0,374,469,664,821,917,1033,1264]
[0,289,374,469,554,664,1098,1264]
[0,374,1098,1264]
[0,374,917,1033,1264]
[0,374,664,821,1098,1264]
[0,374,664,917,1033,1264]
[0,374,469,554,664,821,917,1098,1264]
[0,289,374,469,664,917,1033,1264]
[0,289,374,469,554,664,917,1033,1264]
[0,374,469,554,664,917,1264]
[0,289,374,469,664,917,1264]
[0,289,374,469,664,1104,1264]
[0,374,469,554,664,917,1033,1264]
[0,289,374,469,554,664,917,1264]
[0,374,664,1264]
[0,374,917,1264]
[0,374,1104,1264]
[0,289,374,469,554,664,821,917,1098,1264]
[0,374,664,821,917,1033,1264]
[0,374,469,554,664,821,1098,1264]
