[0,409,1095,1172,1264]
[0,69,397,585,707,1025,1264]
[0,179,338,411,1025,1264]
[0,338,411,1025,1169,1264]
[0,409,707,1264]
[0,179,397,1025,1264]
[0,69,338,409,585,707,1264]
[0,69,707,847,1264]
[0,69,338,411,1025,1169,1264]
[0,179,397,585,1025,1264]
[0,179,411,585,891,1025,1169,1264]
[0,69,409,847,1169,1264]
[0,69,397,585,1172,1264]
[0,69,179,338,411,891,1025,1169,1264]
[0,411,1264]
[0,409,847,1169,1264]
[0,707,847,1264]
[0,179,338,411,585,891,1025,1169,1264]
[0,69,338,409,1264]
[0,69,585,707,847,1172,1264]
[0,69,338,397,585,707,847,1172,1264]
[0,409,585,1264]
[0,69,397,585,707,1130,1264]
[0,397,847,1264]
[0,69,338,397,585,707,1130,1172,1264]
[0,69,411,1264]
[0,179,397,585,707,1025,1264]
[0,397,585,1264]
[0,69,338,411,1025,1264]
[0,69,338,397,585,707,847,1264]
[0,796,1264]
[0,397,585,1130,1264]
[0,69,338,411,1264]
[0,69,338,397,585,707,847,1130,1172,1264]
[0,409,847,1264]
[0,409,1025,1264]
[0,69,338,409,585,707,1025,1169,1264]
[0,69,338,397,585,1130,1172,1264]
[0,69,397,585,707,1025,1172,1264]
[0,69,179,338,411,585,891,1025,1169,1264]
[0,179,411,585,891,1025,1264]
[0,179,411,1025,1169,1264]
[0,397,1264]
[0,69,1172,1264]
[0,69,1264]
[0,338,409,585,707,1025,1169,1264]
[0,409,585,707,1264]
[0,411,1025,1264]
[0,179,411,1025,1264]
[0,375,1264]
[0,69,338,397,585,707,1130,1264]
[0,338,1172,1264]
[0,179,338,411,1264]
[0,69,397,1264]
[0,69,338,397,1130,1264]
[0,397,585,707,1025,1172,1264]
[0,338,397,1264]
[0,69,338,397,1130,1172,1264]
[0,69,707,1264]
[0,69,397,585,707,847,1264]
[0,338,585,1172,1264]
[0,69,338,397,585,707,1025,1172,1264]
[0,585,707,847,1264]
[0,338,409,1095,1264]
[0,338,409,585,707,1025,1264]
[0,397,585,707,1130,1264]
[0,69,397,1130,1264]
[0,397,585,707,847,1172,1264]
[0,411,1025,1169,1264]
[0,179,411,585,1025,1264]
[0,179,411,891,1025,1264]
[0,397,707,847,1264]
[0,69,338,397,585,1172,1264]
[0,409,1264]
[0,397,585,1025,1264]
[0,847,1264]
[0,409,707,1025,1264]
[0,179,411,1264]
[0,179,338,411,1025,1169,1264]
[0,338,409,585,707,1264]
[0,69,409,1264]
[0,69,338,409,585,707,1025,1264]
[0,69,179,338,411,1025,1169,1264]
[0,375,796,1169,1264]
[0,338,409,1264]
[0,69,338,397,585,1264]
[0,397,585,1172,1264]
[0,179,338,411,891,1025,1169,1264]
[0,69,338,397,585,707,1264]
[0,707,847,1172,1264]
[0,69,179,338,397,585,707,1025,1172,1264]
[0,69,397,585,1264]
[0,338,411,1025,1264]
[0,179,411,891,1025,1169,1264]
[0,375,796,1264]
[0,338,585,1264]
[0,69,397,585,707,1264]
[0,69,338,397,585,707,1025,1264]
[0,69,338,409,585,1264]
[0,397,1025,1264]
[0,585,707,847,1172,1264]
[0,338,411,1264]
[0,397,585,707,1264]
[0,69,409,847,1264]
[0,409,1095,1264]
[0,409,585,707,1025,1264]
[0,397,585,707,847,1264]
[0,397,1130,1264]
[0,409,585,707,1025,1169,1264]
[0,1172,1264]
[0,397,585,707,1025,1264]
[0,338,409,1095,1172,1264]
[0,338,1264]
[0,69,338,409,1095,1172,1264]
[0,338,409,585,1264]
[0,69,707,847,1172,1264]
[0,69,338,397,1264]
[0,69,397,585,707,847,1172,1264]
[0,179,397,585,707,1025,1172,1264]
[0,69,179,397,585,707,1025,1172,1264]
[0,707,1264]
[0,69,338,409,1095,1264]
