[0,860,2019]
[0,596,939,1163,1454,1608,1888,2019]
[0,334,2019]
[0,596,927,1163,2019]
[0,596,927,1163,1415,1576,1812,2019]
[0,596,1888,2019]
[0,939,2019]
[0,596,927,1163,1812,2019]
[0,218,1812,2019]
[0,596,939,1163,1454,1608,1812,1888,2019]
[0,596,939,1163,2019]
[0,596,1163,1454,1608,2019]
[0,596,963,2019]
[0,596,927,1163,1576,2019]
[0,596,1163,1454,1608,1888,2019]
[0,596,939,1163,1454,2019]
[0,596,1163,1608,2019]
[0,596,1163,1454,2019]
[0,334,1812,2019]
[0,1163,2019]
[0,596,1608,2019]
[0,596,1608,1812,2019]
[0,596,1163,2019]
[0,596,963,1812,2019]
[0,1812,2019]
[0,596,939,1163,1812,2019]
[0,596,1163,1812,2019]
[0,596,939,1163,1454,1608,1812,2019]
[0,596,1163,1608,1888,2019]
[0,596,927,1163,1415,1576,1812,1904,2019]
[0,596,1812,2019]
[0,596,939,1163,1608,1812,2019]
[0,939,1163,2019]
[0,596,939,1163,1454,1608,2019]
[0,218,2019]
[0,596,1163,1576,2019]
[0,218,1163,1812,2019]
[0,596,1608,1888,2019]
[0,1608,1812,2019]
[0,596,2019]
[0,596,1163,1608,1812,2019]
[0,218,1608,1812,2019]
[0,596,1163,1454,1608,1812,2019]
[0,218,1163,2019]
[0,596,927,1163,1576,1812,2019]
