[0,1627,2812]
[0,2184,2812]
[0,2569,2812]
[0,347,1669,2386,2812]
[0,1900,2812]
[0,347,752,1669,2386,2812]
[0,1669,2386,2812]
[0,752,2812]
[0,752,2386,2812]
[0,1390,2714,2812]
[0,2714,2812]
[0,2386,2812]
[0,1390,2812]
[0,347,1415,2116,2812]
[0,752,1669,2386,2812]
[0,347,2386,2812]
[0,352,1390,2714,2812]
[0,1627,2386,2812]
[0,1415,2812]
[0,2116,2812]
[0,352,2714,2812]
[0,1415,2116,2812]
[0,1669,2812]
[0,352,2812]
[0,347,1415,2116,2569,2812]
[0,752,1669,2812]
[0,1415,2569,2812]
[0,352,1390,2812]
[0,347,1415,2812]
[0,428,1900,2184,2812]
[0,2761,2812]
[0,347,1415,2569,2812]
[0,428,2184,2812]
