[0,55,862,1205,1642]
[0,97,836,1205,1642]
[0,55,97,547,862,1205,1642]
[0,55,97,547,862,1203,1642]
[0,69,862,1203,1642]
[0,55,97,836,1205,1642]
[0,97,1203,1642]
[0,69,862,1205,1642]
[0,55,836,1205,1642]
[0,55,97,862,1203,1642]
[0,97,1642]
[0,69,836,1203,1642]
[0,55,97,547,836,1205,1642]
[0,55,1642]
[0,55,547,862,1203,1642]
[0,97,1205,1642]
[0,55,547,862,1205,1642]
[0,836,1203,1642]
[0,55,97,862,1205,1642]
[0,97,547,862,1203,1642]
[0,836,1205,1642]
[0,69,547,836,1203,1642]
[0,55,1205,1642]
[0,55,1203,1642]
[0,55,547,836,1205,1642]
[0,547,836,1203,1642]
[0,547,836,1642]
[0,69,1203,1642]
[0,547,862,1642]
[0,862,1205,1642]
[0,69,547,862,1203,1642]
[0,1203,1642]
[0,862,1203,1642]
[0,547,1642]
[0,1205,1642]
[0,55,862,1203,1642]
[0,97,862,1203,1642]
[0,547,1203,1642]
[0,547,836,1205,1642]
[0,69,547,862,1205,1642]
[0,547,1205,1642]
[0,97,862,1205,1642]
[0,69,1642]
[0,69,1205,1642]
[0,547,862,1203,1642]
[0,547,862,1205,1642]
