[0,554,1788,2068,2364,2759]
[0,554,1700,2068,2340,2578,2759]
[0,633,1788,2759]
[0,625,2759]
[0,633,1788,2068,2249,2364,2759]
[0,625,1794,2068,2364,2578,2759]
[0,1794,2364,2759]
[0,554,1788,2249,2364,2494,2578,2759]
[0,633,1794,2364,2759]
[0,554,1788,2068,2249,2364,2494,2578,2759]
[0,633,1794,2249,2364,2494,2578,2759]
[0,2068,2759]
[0,625,1700,2068,2340,2759]
[0,554,2578,2759]
[0,625,1794,2249,2364,2759]
[0,625,1700,2759]
[0,625,1700,2494,2759]
[0,625,1794,2068,2249,2364,2578,2759]
[0,633,1788,2364,2578,2759]
[0,554,774,1700,2068,2340,2578,2759]
[0,633,1788,2068,2364,2759]
[0,625,1794,2068,2249,2364,2494,2578,2759]
[0,625,1788,2759]
[0,625,1794,2068,2364,2759]
[0,1788,2249,2364,2759]
[0,1700,2759]
[0,1788,2364,2759]
[0,554,1700,2364,2578,2759]
[0,625,1794,2364,2759]
[0,625,1794,2340,2759]
[0,1700,2494,2759]
[0,1794,2759]
[0,1700,2364,2759]
[0,633,1794,2068,2364,2578,2759]
[0,625,1794,2759]
[0,554,1788,2068,2364,2578,2759]
[0,633,1788,2249,2364,2759]
[0,554,774,1700,2068,2340,2759]
[0,633,1794,2068,2249,2364,2578,2759]
[0,633,1794,2759]
[0,625,2249,2759]
[0,554,1700,2068,2759]
[0,625,1794,2249,2364,2494,2578,2759]
[0,633,1788,2249,2364,2578,2759]
[0,625,1794,2249,2364,2578,2759]
[0,554,1788,2068,2249,2364,2578,2759]
[0,633,1794,2364,2578,2759]
[0,554,2068,2759]
[0,554,2759]
[0,554,1700,2759]
[0,554,1788,2759]
[0,633,1788,2068,2249,2364,2494,2578,2759]
[0,1794,2249,2364,2759]
[0,633,1794,2068,2364,2759]
[0,554,1788,2068,2249,2364,2759]
[0,554,1788,2249,2364,2578,2759]
[0,633,1788,2364,2759]
[0,554,1788,2249,2364,2759]
[0,554,1700,2340,2759]
[0,625,1794,2364,2578,2759]
[0,554,1700,2068,2340,2759]
[0,633,1788,2068,2364,2578,2759]
[0,625,1700,2340,2759]
[0,554,1788,2364,2759]
[0,1788,2759]
[0,633,1788,2249,2364,2494,2578,2759]
[0,625,1794,2068,2249,2364,2759]
[0,554,1700,2364,2759]
[0,633,1794,2249,2364,2578,2759]
[0,633,1794,2068,2249,2364,2494,2578,2759]
[0,633,1794,2068,2249,2364,2759]
[0,633,1794,2249,2364,2759]
[0,633,1788,2068,2249,2364,2578,2759]
[0,625,1788,2364,2759]
[0,554,1788,2364,2578,2759]
