[0,186,278,431,478,657,944,1322,1651]
[0,478,657,1322,1651]
[0,186,278,478,657,944,1041,1278,1651]
[0,186,278,478,657,944,1041,1322,1651]
[0,186,278,431,478,657,1322,1651]
[0,278,657,1272,1651]
[0,186,278,431,478,1278,1651]
[0,478,952,1300,1651]
[0,278,657,1300,1651]
[0,186,278,657,944,1322,1651]
[0,952,1300,1651]
[0,186,278,657,1300,1651]
[0,186,278,657,944,1041,1322,1651]
[0,186,278,657,1322,1651]
[0,186,278,431,1322,1651]
[0,186,278,1278,1651]
[0,657,1272,1651]
[0,186,278,1300,1651]
[0,186,278,478,657,1278,1651]
[0,186,278,478,657,1322,1651]
[0,278,478,657,1278,1651]
[0,278,657,1278,1651]
[0,1272,1651]
[0,278,657,1322,1651]
[0,944,1651]
[0,278,657,952,1300,1651]
[0,186,278,478,657,944,1278,1651]
[0,186,278,478,657,944,1322,1651]
[0,478,944,1651]
[0,186,278,431,478,657,944,1041,1322,1651]
[0,478,657,952,1300,1651]
[0,657,1278,1651]
[0,657,1322,1651]
[0,278,478,657,944,1041,1278,1651]
[0,278,478,657,944,1041,1322,1651]
[0,1267,1651]
[0,1278,1651]
[0,1322,1651]
[0,278,478,657,944,1322,1651]
[0,478,1267,1651]
[0,478,1300,1651]
[0,478,1322,1651]
[0,478,944,1322,1651]
[0,952,1272,1651]
[0,657,952,1272,1651]
[0,278,431,1322,1651]
[0,657,1651]
[0,478,657,1300,1651]
[0,657,952,1300,1651]
[0,186,278,1272,1651]
[0,186,278,431,478,657,1278,1651]
[0,186,278,431,478,1322,1651]
[0,186,278,431,478,657,944,1278,1651]
[0,186,278,657,944,1278,1651]
[0,186,278,657,1272,1651]
[0,186,278,657,1278,1651]
[0,186,278,657,944,1041,1278,1651]
[0,478,1651]
[0,278,657,952,1272,1651]
[0,478,657,944,1322,1651]
[0,278,657,944,1041,1278,1651]
[0,278,657,944,1041,1322,1651]
[0,186,278,431,478,657,944,1041,1278,1651]
[0,278,1272,1651]
[0,657,944,1278,1651]
[0,944,1322,1651]
[0,657,944,1322,1651]
[0,186,278,657,952,1272,1651]
[0,186,278,431,1278,1651]
[0,186,278,1322,1651]
[0,278,478,657,1322,1651]
[0,944,1278,1651]
[0,278,1267,1651]
[0,278,1278,1651]
[0,278,1322,1651]
[0,278,1300,1651]
[0,186,278,657,952,1300,1651]
[0,278,431,1278,1651]
[0,657,1300,1651]
[0,278,657,944,1322,1651]
[0,1300,1651]
[0,278,478,657,944,1278,1651]
[0,278,657,944,1278,1651]
