[0,114,353,518,736,905,1003,1093,1193,1651]
[0,905,1093,1651]
[0,518,736,1003,1207,1651]
[0,353,518,1651]
[0,518,736,1093,1207,1651]
[0,353,518,736,905,1093,1193,1651]
[0,114,353,518,736,1093,1193,1651]
[0,518,736,1003,1651]
[0,353,518,736,1003,1207,1651]
[0,353,518,736,905,1003,1651]
[0,353,518,736,1093,1207,1651]
[0,518,736,905,1093,1651]
[0,518,905,1093,1651]
[0,353,518,583,905,1003,1093,1207,1651]
[0,518,1093,1651]
[0,1228,1651]
[0,518,736,1651]
[0,518,583,1093,1207,1651]
[0,353,518,583,736,905,1003,1093,1207,1651]
[0,475,1651]
[0,475,1003,1651]
[0,353,518,1093,1207,1651]
[0,353,518,576,736,905,1093,1193,1651]
[0,114,353,518,583,736,905,1003,1093,1207,1651]
[0,422,1228,1651]
[0,114,353,518,736,1093,1207,1651]
[0,422,1651]
[0,114,353,518,736,1093,1651]
[0,353,518,583,905,1093,1207,1651]
[0,353,518,583,1093,1207,1651]
[0,114,353,518,736,905,1003,1093,1207,1651]
[0,353,518,736,1093,1651]
[0,353,518,736,905,1093,1207,1651]
[0,114,353,518,736,1003,1207,1651]
[0,353,518,905,1003,1093,1207,1651]
[0,353,518,1093,1651]
[0,353,518,736,905,1003,1093,1207,1651]
[0,518,1651]
[0,114,353,518,736,905,1093,1193,1651]
[0,353,518,736,905,1003,1193,1651]
[0,114,353,518,736,1003,1193,1651]
[0,518,736,1093,1651]
[0,353,518,736,905,1093,1651]
[0,1003,1193,1651]
[0,114,353,518,736,905,1003,1207,1651]
[0,518,736,1003,1193,1651]
[0,353,518,576,736,1093,1193,1651]
[0,518,583,1093,1651]
[0,518,1093,1207,1651]
[0,518,736,1093,1193,1651]
[0,736,1003,1651]
[0,353,518,736,905,1003,1093,1193,1651]
[0,353,518,736,1003,1193,1651]
[0,353,518,905,1093,1207,1651]
[0,353,518,736,1093,1193,1651]
[0,518,905,1093,1207,1651]
[0,353,518,905,1093,1651]
[0,114,353,518,576,736,905,1003,1093,1193,1651]
[0,905,1093,1207,1651]
[0,736,1093,1651]
[0,1003,1651]
[0,1093,1651]
[0,353,518,736,1003,1651]
[0,518,905,1651]
[0,114,353,518,736,905,1003,1193,1651]
[0,114,353,518,736,905,1093,1207,1651]
[0,1093,1207,1651]
[0,114,353,518,736,905,1093,1651]
[0,353,518,736,905,1003,1207,1651]
[0,518,583,1651]
[0,353,518,576,736,905,1003,1093,1193,1651]
