[0,62,756,896,1303,1464,1632]
[0,896,1303,1423,1632]
[0,1302,1632]
[0,896,1423,1632]
[0,756,1632]
[0,737,896,1303,1423,1632]
[0,169,643,737,896,1303,1423,1632]
[0,62,756,896,1302,1464,1632]
[0,41,643,896,1303,1423,1632]
[0,62,356,1233,1464,1632]
[0,293,756,1303,1632]
[0,169,896,1632]
[0,169,643,896,1632]
[0,1464,1632]
[0,169,643,896,1423,1632]
[0,62,737,896,1302,1464,1632]
[0,62,1632]
[0,896,1632]
[0,312,643,896,1632]
[0,41,737,896,1303,1423,1632]
[0,643,896,1303,1423,1632]
[0,756,896,1423,1632]
[0,896,1464,1632]
[0,41,1303,1632]
[0,1303,1632]
[0,41,169,643,896,1303,1423,1632]
[0,312,945,1632]
[0,356,1233,1632]
[0,41,169,319,756,896,1303,1423,1632]
[0,169,643,896,1303,1423,1632]
[0,643,1303,1632]
[0,643,896,1632]
[0,896,1302,1464,1632]
[0,312,643,737,896,1303,1423,1632]
[0,643,1303,1423,1632]
[0,312,643,896,1303,1423,1632]
[0,1233,1464,1632]
[0,62,1464,1632]
[0,312,896,1632]
[0,169,319,756,896,1303,1423,1632]
[0,169,319,756,896,1423,1632]
[0,41,1632]
[0,62,1303,1632]
[0,62,896,1632]
[0,169,319,896,1423,1632]
[0,169,756,896,1632]
[0,169,756,896,1303,1423,1632]
[0,1303,1423,1632]
[0,756,896,1464,1632]
[0,41,169,756,896,1303,1423,1632]
[0,62,756,896,1632]
[0,737,896,1302,1464,1632]
[0,62,1233,1464,1632]
[0,756,896,1302,1464,1632]
[0,169,756,896,1423,1632]
[0,169,643,1303,1423,1632]
[0,62,356,1303,1632]
[0,62,737,896,1632]
[0,945,1632]
[0,169,643,1632]
[0,169,319,756,896,1632]
[0,293,1303,1632]
[0,1233,1632]
[0,896,1303,1464,1632]
[0,737,896,1423,1632]
[0,756,896,1303,1423,1632]
[0,41,312,643,737,896,1303,1423,1632]
[0,643,1632]
[0,169,1303,1423,1632]
[0,1303,1464,1632]
[0,169,319,1632]
[0,169,1303,1632]
[0,643,896,1423,1632]
[0,169,643,1303,1632]
[0,169,319,643,756,896,1303,1423,1632]
[0,62,756,896,1423,1632]
[0,41,896,1632]
[0,737,896,1632]
[0,41,737,896,1632]
[0,62,756,896,1303,1423,1632]
[0,1302,1464,1632]
[0,756,1303,1632]
[0,756,896,1632]
[0,312,643,896,1423,1632]
[0,41,643,1303,1423,1632]
[0,41,1303,1423,1632]
[0,169,896,1423,1632]
[0,169,1632]
[0,169,319,896,1632]
[0,62,756,896,1464,1632]
[0,62,737,896,1464,1632]
[0,356,1233,1464,1632]
[0,41,312,643,896,1303,1423,1632]
[0,737,896,1464,1632]
[0,756,896,1303,1464,1632]
[0,356,1632]
[0,356,1303,1632]
[0,41,169,319,643,756,896,1303,1423,1632]
[0,41,737,896,1423,1632]
[0,41,169,643,737,896,1303,1423,1632]
