[0,596,1257,1770,2211]
[0,711,1326,2211]
[0,613,1287,2211]
[0,308,630,951,1287,2211]
[0,613,1287,1745,2211]
[0,613,1326,2211]
[0,308,630,951,1326,2211]
[0,308,613,716,951,1326,1627,1974,2211]
[0,596,1287,2211]
[0,596,951,1326,2211]
[0,308,613,713,951,1287,1520,1745,1974,2211]
[0,308,613,951,1326,1627,2211]
[0,308,517,613,716,951,1241,1326,1974,2211]
[0,308,596,951,1257,1992,2211]
[0,308,596,951,1287,2211]
[0,596,1326,2211]
[0,308,613,951,1287,1520,1745,1974,2211]
[0,308,613,951,1326,1974,2211]
[0,630,951,1287,2211]
[0,613,1396,2211]
[0,308,613,716,951,1326,1974,2211]
[0,1396,2211]
[0,308,630,951,1287,1974,2211]
[0,308,613,951,1326,1627,1974,2211]
[0,596,951,1257,2211]
[0,596,1326,1770,2211]
[0,308,613,951,1287,1974,2211]
[0,308,613,951,1287,1745,2211]
[0,308,613,951,1287,1745,1974,2211]
[0,308,596,951,1257,1770,1992,2211]
[0,308,630,951,1326,1967,2211]
[0,1257,2211]
[0,711,1298,2211]
[0,613,951,1287,1745,2211]
[0,308,613,951,1326,2211]
[0,711,2211]
[0,596,1257,2211]
[0,308,596,711,951,1257,1326,1770,1992,2211]
[0,613,951,1326,2211]
[0,308,596,951,1326,1770,1992,2211]
[0,308,596,951,1326,1770,2211]
[0,308,596,711,951,1287,1974,2211]
[0,308,613,951,1287,1520,1745,2211]
[0,308,596,711,951,1326,1396,1770,1992,2211]
[0,1287,2211]
[0,596,951,1287,2211]
[0,308,596,951,1257,1770,2211]
[0,308,711,1326,1992,2211]
[0,308,517,613,716,951,1326,1974,2211]
[0,308,596,951,1257,2211]
[0,308,596,711,951,1257,1992,2211]
[0,308,596,951,1287,1974,2211]
[0,1326,2211]
[0,613,2211]
[0,336,711,1298,2211]
[0,308,596,711,951,1326,1770,1992,2211]
[0,308,613,951,1287,2211]
[0,613,951,1287,2211]
[0,308,711,1326,2211]
[0,308,630,1287,2211]
[0,308,596,711,951,1257,1770,1992,2211]
[0,630,2211]
[0,596,951,1326,1770,2211]
[0,630,1287,2211]
[0,308,613,716,951,1241,1326,1974,2211]
[0,308,613,1287,2211]
[0,308,517,613,716,951,1241,1326,1627,1974,2211]
[0,308,596,951,1326,2211]
[0,308,517,613,716,951,1326,1627,1974,2211]
[0,308,517,613,713,951,1287,1520,1745,1974,2211]
[0,308,596,951,1326,1992,2211]
[0,308,630,1326,2211]
[0,308,2211]
[0,596,951,1257,1770,2211]
[0,630,1326,2211]
[0,308,596,711,951,1326,1992,2211]
[0,630,951,1326,2211]
[0,308,596,711,951,1257,1326,1992,2211]
[0,596,2211]
[0,308,613,1326,2211]
