[0,570,2120]
[0,337,442,661,1270,2120]
[0,368,1270,2120]
[0,337,661,1502,2120]
[0,337,442,661,1502,2120]
[0,368,570,2120]
[0,442,661,1574,2120]
[0,368,810,2120]
[0,1270,2120]
[0,1502,2120]
[0,810,2120]
[0,1098,2120]
[0,337,570,2120]
[0,442,661,862,1574,2120]
[0,442,661,2120]
[0,661,1574,2120]
[0,337,442,570,1270,2120]
[0,368,442,661,1270,2120]
[0,368,661,2120]
[0,337,570,1270,2120]
[0,337,1270,2120]
[0,337,1502,2120]
[0,661,2120]
[0,337,661,1270,2120]
[0,368,442,570,2120]
[0,1463,2120]
[0,368,442,661,2120]
[0,337,442,661,2120]
[0,337,661,2120]
[0,368,570,1270,2120]
[0,368,661,1270,2120]
[0,368,442,570,1270,2120]
