[0,713,904,969]
[0,63,303,419,713,904,969]
[0,63,713,969]
[0,303,419,718,969]
[0,303,419,713,904,969]
[0,303,577,718,969]
[0,63,718,904,969]
[0,63,303,419,577,718,969]
[0,303,713,969]
[0,303,969]
[0,63,969]
[0,577,748,860,969]
[0,303,419,577,718,969]
[0,303,419,713,969]
[0,303,577,713,969]
[0,303,419,577,718,904,969]
[0,577,748,969]
[0,303,718,904,969]
[0,63,577,748,860,969]
[0,63,303,419,718,969]
[0,718,904,969]
[0,63,577,748,969]
[0,63,303,419,718,904,969]
[0,303,713,904,969]
[0,63,303,718,969]
[0,63,577,748,860,914,969]
[0,63,303,419,577,713,904,969]
[0,303,419,577,713,969]
[0,63,303,419,577,718,904,969]
[0,63,303,718,904,969]
[0,303,419,718,904,969]
[0,63,713,904,969]
[0,63,577,969]
[0,718,969]
[0,577,969]
[0,303,419,577,713,904,969]
[0,303,718,969]
[0,63,718,969]
[0,63,303,713,904,969]
[0,713,969]
