[0,41,204,331,495,711,958,1046]
[0,204,331,495,584,711,1046]
[0,41,331,495,711,958,1046]
[0,204,331,495,711,958,1046]
[0,330,711,1046]
[0,331,711,1046]
[0,958,1046]
[0,41,204,331,495,584,711,958,1046]
[0,331,495,711,958,1046]
[0,495,711,1046]
[0,81,958,1046]
[0,41,331,495,584,711,958,1046]
[0,331,1046]
[0,330,495,1046]
[0,331,495,1046]
[0,331,495,711,1046]
[0,331,816,1046]
[0,204,495,1046]
[0,330,495,711,1046]
[0,711,1046]
[0,204,331,495,711,1046]
[0,204,495,711,1046]
[0,495,1046]
[0,204,331,495,584,711,958,1046]
[0,330,1046]
[0,81,1046]
[0,81,845,1046]
[0,204,495,711,958,1046]
[0,41,330,495,711,958,1046]
[0,331,495,584,711,958,1046]
[0,41,331,495,711,1046]
[0,845,1046]
[0,330,495,711,958,1046]
[0,204,1046]
[0,331,495,584,711,1046]
[0,41,330,495,711,1046]
