[0,58,282,482,1282,1651]
[0,1066,1651]
[0,282,491,740,914,1066,1340,1651]
[0,58,282,482,785,1282,1651]
[0,58,282,482,785,1348,1651]
[0,282,482,785,950,1282,1651]
[0,282,1651]
[0,482,1651]
[0,282,914,1282,1651]
[0,282,950,1066,1348,1651]
[0,282,1340,1651]
[0,58,282,482,785,950,1066,1348,1651]
[0,58,282,950,1066,1348,1651]
[0,282,482,1282,1651]
[0,58,282,486,771,914,1066,1340,1651]
[0,58,282,771,914,1066,1340,1651]
[0,282,771,914,1066,1282,1651]
[0,282,771,1340,1651]
[0,58,282,491,740,914,1066,1340,1651]
[0,282,914,1066,1340,1651]
[0,58,282,491,740,1340,1651]
[0,282,486,914,1066,1282,1651]
[0,914,1282,1651]
[0,263,740,1340,1651]
[0,1340,1651]
[0,263,1340,1651]
[0,282,491,740,914,1340,1651]
[0,58,282,771,1340,1651]
[0,785,1282,1651]
[0,785,1348,1651]
[0,1344,1651]
[0,58,282,785,1348,1651]
[0,282,482,785,1282,1651]
[0,58,282,740,914,1066,1340,1651]
[0,282,1282,1651]
[0,282,482,785,1348,1651]
[0,282,1348,1651]
[0,58,282,1348,1651]
[0,58,282,486,771,914,1066,1282,1651]
[0,58,282,1066,1348,1651]
[0,282,785,950,1348,1651]
[0,282,914,1066,1282,1651]
[0,58,282,740,914,1340,1651]
[0,1066,1348,1651]
[0,282,1066,1340,1651]
[0,58,282,1282,1651]
[0,282,785,950,1066,1348,1651]
[0,771,1651]
[0,58,282,785,950,1066,1348,1651]
[0,263,491,1340,1651]
[0,282,771,914,1066,1340,1651]
[0,263,491,740,1340,1651]
[0,282,771,914,1340,1651]
[0,740,1651]
[0,282,486,914,1066,1340,1651]
[0,282,740,1340,1651]
[0,282,486,771,914,1066,1282,1651]
[0,282,482,785,950,1348,1651]
[0,58,282,482,785,950,1282,1651]
[0,282,1066,1348,1651]
[0,58,282,771,914,1340,1651]
[0,58,282,482,785,950,1066,1282,1651]
[0,58,282,1340,1651]
[0,282,785,1282,1651]
[0,771,1340,1651]
[0,282,486,1066,1340,1651]
[0,282,785,1348,1651]
[0,282,771,914,1282,1651]
[0,58,282,771,914,1066,1282,1651]
[0,282,740,914,1340,1651]
[0,482,1066,1651]
[0,785,1651]
[0,282,486,914,1282,1651]
[0,58,282,771,914,1282,1651]
[0,263,1344,1651]
[0,740,1340,1651]
[0,1282,1651]
[0,1348,1651]
[0,282,740,914,1066,1340,1651]
[0,58,282,740,1340,1651]
[0,263,1651]
[0,282,482,785,950,1066,1348,1651]
[0,282,482,785,950,1066,1282,1651]
[0,282,486,771,914,1066,1340,1651]
[0,282,491,740,1340,1651]
