[0,277,1427]
[0,234,1244,1427]
[0,277,598,1088,1244,1427]
[0,598,1427]
[0,50,277,640,973,1143,1427]
[0,50,277,973,1244,1341,1427]
[0,50,277,598,1088,1244,1427]
[0,247,640,1427]
[0,234,973,1427]
[0,234,598,973,1427]
[0,1244,1341,1427]
[0,327,1143,1427]
[0,327,1427]
[0,234,973,1244,1341,1427]
[0,426,1427]
[0,640,973,1244,1427]
[0,247,1244,1341,1427]
[0,1143,1427]
[0,327,541,973,1143,1427]
[0,327,973,1427]
[0,327,541,973,1244,1427]
[0,50,247,1427]
[0,67,234,973,1244,1341,1427]
[0,67,327,541,1427]
[0,67,327,640,1427]
[0,234,640,973,1244,1341,1427]
[0,234,640,1427]
[0,1341,1427]
[0,247,973,1244,1341,1427]
[0,234,1427]
[0,234,640,973,1427]
[0,50,1244,1341,1427]
[0,277,640,973,1427]
[0,50,277,1088,1244,1427]
[0,426,1143,1427]
[0,1244,1427]
[0,277,598,1244,1427]
[0,327,640,973,1244,1427]
[0,67,327,640,973,1244,1427]
[0,234,598,1427]
[0,50,247,973,1244,1341,1427]
[0,50,277,973,1143,1427]
[0,234,973,1244,1427]
[0,277,640,973,1244,1341,1427]
[0,973,1427]
[0,277,598,973,1427]
[0,277,973,1143,1427]
[0,277,973,1244,1427]
[0,67,234,1244,1341,1427]
[0,67,327,640,973,1244,1341,1427]
[0,277,640,1427]
[0,234,640,973,1244,1427]
[0,327,973,1143,1427]
[0,234,1143,1427]
[0,50,277,1143,1427]
[0,277,640,973,1143,1427]
[0,640,973,1244,1341,1427]
[0,277,1088,1244,1427]
[0,640,1427]
[0,247,640,973,1244,1341,1427]
[0,247,973,1244,1427]
[0,67,327,541,973,1427]
[0,50,247,1244,1427]
[0,50,1427]
[0,67,327,1427]
[0,50,277,598,973,1143,1427]
[0,327,640,973,1427]
[0,67,234,640,973,1244,1341,1427]
[0,67,327,640,973,1427]
[0,277,1244,1341,1427]
[0,640,973,1427]
[0,973,1143,1427]
[0,50,277,1244,1427]
[0,277,640,973,1244,1427]
[0,327,640,973,1244,1341,1427]
[0,50,277,1427]
[0,50,247,640,973,1244,1341,1427]
[0,277,973,1244,1341,1427]
[0,277,1143,1427]
[0,67,1427]
[0,973,1244,1427]
[0,541,973,1427]
[0,598,973,1427]
[0,50,247,1244,1341,1427]
[0,234,598,973,1244,1427]
[0,247,640,973,1244,1427]
[0,277,1244,1427]
[0,277,973,1427]
[0,247,1427]
[0,67,327,541,973,1244,1427]
[0,277,598,973,1143,1427]
[0,50,277,640,973,1427]
[0,234,1244,1341,1427]
[0,50,277,640,1427]
[0,50,277,640,973,1244,1341,1427]
[0,247,640,973,1427]
[0,327,541,1427]
[0,50,277,1244,1341,1427]
[0,327,640,1427]
[0,277,598,1427]
[0,247,1244,1427]
[0,247,973,1427]
[0,327,541,973,1427]
[0,973,1244,1341,1427]
