[0,227,434,1042,1676,1810]
[0,115,476,1042,1676,1810]
[0,476,1810]
[0,227,434,1042,1220,1676,1810]
[0,1103,1810]
[0,434,1810]
[0,434,1676,1810]
[0,70,434,1042,1103,1676,1810]
[0,434,1042,1810]
[0,70,227,434,1042,1103,1220,1676,1810]
[0,434,1042,1113,1676,1810]
[0,1042,1676,1810]
[0,115,434,1042,1676,1810]
[0,227,434,1042,1220,1810]
[0,227,1810]
[0,1103,1503,1810]
[0,434,1042,1503,1810]
[0,227,434,1042,1113,1220,1676,1810]
[0,1503,1810]
[0,434,1042,1113,1220,1676,1810]
[0,227,1503,1810]
[0,227,1103,1503,1810]
[0,70,434,1042,1220,1676,1810]
[0,70,434,1042,1676,1810]
[0,476,1042,1676,1810]
[0,476,1103,1503,1810]
[0,115,1503,1810]
[0,70,434,1042,1113,1220,1676,1810]
[0,115,476,1103,1503,1810]
[0,434,1042,1220,1676,1810]
[0,70,227,434,1042,1113,1220,1676,1810]
[0,115,1042,1676,1810]
[0,115,1103,1503,1810]
[0,70,227,434,1042,1676,1810]
[0,476,1042,1810]
[0,1676,1810]
[0,434,1042,1676,1810]
[0,70,227,434,1042,1220,1676,1810]
[0,1042,1810]
[0,227,434,1042,1810]
[0,115,1810]
[0,227,1220,1810]
[0,70,434,1042,1503,1810]
[0,434,1042,1220,1810]
[0,115,1676,1810]
[0,1220,1810]
[0,476,1103,1810]
[0,70,434,1042,1103,1220,1676,1810]
