[0,89,389,571,735,970,1154,1419]
[0,571,1082,1419]
[0,89,319,571,735,970,1082,1419]
[0,571,735,970,1306,1419]
[0,89,735,1419]
[0,577,1419]
[0,89,389,571,735,995,1204,1419]
[0,319,571,970,1204,1419]
[0,89,319,571,735,812,970,1204,1419]
[0,89,389,571,735,970,1204,1419]
[0,389,571,970,1204,1419]
[0,89,389,571,995,1204,1419]
[0,89,319,571,735,1204,1419]
[0,319,571,1204,1419]
[0,319,571,970,1082,1419]
[0,89,571,995,1204,1419]
[0,571,735,970,1419]
[0,319,571,1419]
[0,571,995,1204,1419]
[0,89,389,571,735,819,970,1204,1419]
[0,89,319,571,735,970,1082,1306,1419]
[0,89,319,571,970,1082,1419]
[0,319,571,735,970,1419]
[0,89,571,735,812,970,1204,1419]
[0,571,735,1419]
[0,319,571,735,1082,1419]
[0,571,1186,1419]
[0,319,571,970,1419]
[0,89,571,1419]
[0,319,571,735,970,1204,1419]
[0,319,571,1082,1419]
[0,571,735,1082,1419]
[0,571,970,1186,1419]
[0,571,735,970,1082,1306,1419]
[0,571,970,1082,1419]
[0,89,389,571,970,1154,1419]
[0,571,735,970,1154,1419]
[0,319,571,735,970,1082,1419]
[0,389,571,970,1154,1419]
[0,89,571,735,819,970,1204,1419]
[0,319,571,735,970,1082,1306,1419]
[0,89,571,970,1154,1419]
[0,571,1154,1419]
[0,89,319,571,970,1204,1419]
[0,389,571,995,1204,1419]
[0,319,571,735,1204,1419]
[0,571,970,1154,1419]
[0,89,389,571,970,1204,1419]
[0,571,735,970,1204,1419]
[0,571,735,1204,1419]
[0,735,1419]
[0,89,571,1204,1419]
[0,389,571,735,970,1154,1419]
[0,89,571,735,970,1204,1419]
[0,89,571,970,1204,1419]
[0,319,571,735,1419]
[0,319,571,735,970,1306,1419]
[0,571,1204,1419]
[0,89,571,735,1204,1419]
[0,571,735,995,1204,1419]
[0,89,571,970,1186,1419]
[0,571,970,1204,1419]
[0,530,1419]
[0,89,571,735,995,1204,1419]
[0,571,735,970,1082,1419]
[0,389,571,735,970,1204,1419]
[0,89,571,970,1419]
[0,89,319,571,735,970,1204,1419]
[0,89,571,970,1082,1419]
[0,571,970,1419]
[0,571,1419]
[0,389,571,735,995,1204,1419]
[0,571,735,1306,1419]
[0,89,577,1419]
