[0,650,1935,2020]
[0,594,1188,1935,2020]
[0,594,999,1307,1675,1769,1947,2020]
[0,594,1307,1769,2020]
[0,594,1307,1592,1756,2020]
[0,594,999,1675,1769,2020]
[0,594,899,1271,2020]
[0,225,594,999,1307,1675,1769,1947,2020]
[0,594,1307,1592,1769,2020]
[0,225,594,999,1307,1592,1756,2020]
[0,594,999,1307,1592,1769,2020]
[0,1935,2020]
[0,594,999,1769,1947,2020]
[0,594,999,1307,1947,2020]
[0,594,999,1675,1756,1947,2020]
[0,1756,2020]
[0,225,594,999,1307,1592,1769,2020]
[0,594,899,1935,2020]
[0,1188,2020]
[0,594,999,1307,1592,1756,1947,2020]
[0,1307,2020]
[0,1769,2020]
[0,225,594,999,1307,1675,1756,1947,2020]
[0,594,2020]
[0,594,999,1307,1592,2020]
[0,225,594,999,1307,1675,1756,2020]
[0,594,899,1271,1947,2020]
[0,594,999,1307,1675,1769,2020]
[0,1947,2020]
[0,594,1756,2020]
[0,225,594,999,1307,1592,1769,1947,2020]
[0,594,1188,2020]
[0,594,999,1307,1675,1756,1947,2020]
[0,650,2020]
[0,594,899,1947,2020]
[0,594,999,1675,1756,2020]
[0,594,999,1307,1592,1769,1947,2020]
[0,594,999,1307,1756,2020]
[0,594,999,1675,1769,1947,2020]
[0,594,899,2020]
[0,594,1271,2020]
[0,594,999,1307,1592,1756,2020]
[0,594,999,1307,1769,2020]
[0,594,1935,2020]
[0,594,999,1756,1947,2020]
[0,594,999,1307,1592,1947,2020]
[0,594,899,1307,1935,2020]
[0,594,999,1307,1675,1756,2020]
[0,594,999,1307,2020]
[0,594,999,1756,2020]
[0,594,1307,2020]
[0,225,594,999,1307,1756,2020]
[0,594,999,2020]
[0,225,594,999,1307,1675,1769,2020]
[0,594,899,1307,2020]
[0,225,594,999,1307,1592,1756,1947,2020]
[0,594,999,1769,2020]
[0,594,999,1947,2020]
[0,594,1307,1756,2020]
[0,1271,2020]
[0,225,594,999,1307,1769,2020]
[0,594,1769,2020]
[0,594,1947,2020]
