[0,684,786,969]
[0,151,306,566,718,969]
[0,151,242,969]
[0,151,242,503,566,630,718,786,969]
[0,684,969]
[0,151,242,395,566,718,969]
[0,290,684,969]
[0,151,290,566,684,786,969]
[0,215,969]
[0,151,306,566,630,718,786,969]
[0,151,290,566,969]
[0,151,290,566,718,969]
[0,343,566,684,969]
[0,343,718,786,969]
[0,343,566,969]
[0,151,242,718,786,969]
[0,566,684,786,969]
[0,242,566,969]
[0,151,242,566,969]
[0,290,566,684,786,969]
[0,566,786,969]
[0,151,242,566,630,718,786,969]
[0,151,566,786,969]
[0,151,290,395,566,718,969]
[0,151,242,395,566,630,718,786,969]
[0,242,395,718,969]
[0,290,566,684,969]
[0,343,566,718,969]
[0,718,969]
[0,151,242,566,718,786,969]
[0,151,242,395,503,566,630,718,786,969]
[0,151,290,566,630,718,786,969]
[0,242,566,718,969]
[0,786,969]
[0,290,786,969]
[0,151,306,566,718,786,969]
[0,242,969]
[0,566,684,969]
[0,151,786,969]
[0,290,969]
[0,151,242,395,566,718,786,969]
[0,215,786,969]
[0,306,786,969]
[0,242,718,786,969]
[0,343,969]
[0,151,290,395,566,684,969]
[0,718,786,969]
[0,290,566,718,969]
[0,306,566,969]
[0,242,395,969]
[0,151,290,395,566,718,786,969]
[0,151,290,395,566,684,786,969]
[0,151,290,566,718,786,969]
[0,151,290,969]
[0,290,718,786,969]
[0,290,684,786,969]
[0,343,786,969]
[0,306,566,718,969]
[0,151,343,786,969]
[0,306,566,718,786,969]
[0,242,718,969]
[0,242,786,969]
[0,151,242,786,969]
[0,343,566,718,786,969]
[0,290,566,718,786,969]
[0,566,969]
[0,151,242,566,718,969]
[0,151,290,566,684,969]
[0,242,395,566,718,969]
[0,290,566,969]
[0,306,969]
[0,151,242,343,395,503,566,630,718,786,969]
[0,151,290,395,566,630,718,786,969]
[0,343,566,684,786,969]
[0,306,718,786,969]
