[0,160,372,846,949,1043,1180]
[0,160,1180]
[0,386,949,1180]
[0,160,372,699,949,1180]
[0,699,1180]
[0,111,160,386,846,949,1180]
[0,111,160,520,846,949,999,1180]
[0,111,160,520,846,949,1043,1180]
[0,160,520,949,1048,1180]
[0,160,372,846,949,1180]
[0,160,699,949,1180]
[0,386,1180]
[0,372,699,1180]
[0,520,1180]
[0,111,160,372,846,949,1043,1180]
[0,160,372,949,1180]
[0,160,386,1180]
[0,160,520,949,999,1180]
[0,160,520,949,1043,1180]
[0,949,1180]
[0,111,160,386,949,1180]
[0,111,160,372,846,949,1180]
[0,160,386,846,949,1180]
[0,160,520,1180]
[0,386,699,1180]
[0,160,386,846,949,1048,1180]
[0,160,386,949,1180]
[0,160,520,846,949,1180]
[0,160,520,846,949,1048,1180]
[0,699,949,1180]
[0,386,699,949,1180]
[0,111,160,520,949,1048,1180]
[0,160,386,699,949,1180]
[0,372,1180]
[0,372,949,1180]
[0,160,949,1180]
[0,111,160,386,846,949,1048,1180]
[0,160,520,846,949,1043,1180]
[0,160,520,949,1180]
[0,111,160,520,949,1180]
[0,372,699,949,1180]
[0,160,372,1180]
[0,111,160,520,846,949,1048,1180]
[0,111,160,372,949,1180]
[0,160,520,846,949,999,1180]
[0,520,949,1180]
[0,111,160,520,949,999,1180]
[0,111,160,520,949,1043,1180]
