[0,88,618,672,1419]
[0,88,149,618,1047,1259,1419]
[0,618,1047,1259,1419]
[0,149,618,1167,1419]
[0,149,618,1419]
[0,149,618,1047,1259,1419]
[0,149,618,1167,1259,1419]
[0,618,1047,1419]
[0,88,149,618,1209,1259,1419]
[0,244,618,1216,1419]
[0,88,237,618,1419]
[0,618,1167,1259,1419]
[0,88,237,618,1047,1259,1419]
[0,618,1216,1419]
[0,88,244,618,1047,1419]
[0,237,618,1047,1259,1419]
[0,124,618,1216,1419]
[0,88,237,618,1047,1252,1419]
[0,244,618,1047,1252,1419]
[0,244,618,1419]
[0,88,149,618,1209,1419]
[0,237,618,1047,1419]
[0,237,618,752,1419]
[0,88,149,618,1167,1419]
[0,618,1209,1419]
[0,149,618,1047,1419]
[0,88,244,618,1419]
[0,618,1167,1419]
[0,88,244,618,1047,1252,1419]
[0,237,618,1047,1252,1419]
[0,88,149,618,1419]
[0,88,244,618,1216,1419]
[0,88,149,618,1167,1259,1419]
[0,391,1212,1419]
[0,618,1419]
[0,618,752,1216,1419]
[0,391,1419]
[0,88,237,618,752,1419]
[0,88,618,1419]
[0,149,618,1209,1419]
[0,237,618,1419]
[0,124,618,752,1216,1419]
[0,88,237,618,1047,1419]
[0,88,149,618,1047,1419]
[0,244,618,1047,1419]
