[0,290,2020]
[0,270,1112,1757,2020]
[0,290,565,1053,2020]
[0,290,1112,1757,2020]
[0,565,1112,2020]
[0,290,565,1053,1757,2020]
[0,1168,2020]
[0,290,1757,2020]
[0,1112,2020]
[0,1465,2020]
[0,290,1112,2020]
[0,270,1757,2020]
[0,565,2020]
[0,270,2020]
[0,290,1168,2020]
[0,290,1465,2020]
[0,290,565,1168,2020]
[0,270,565,1112,1757,2020]
[0,290,565,1112,2020]
[0,290,1168,1757,2020]
[0,290,565,1112,1757,2020]
[0,290,1053,1757,2020]
[0,270,565,1112,2020]
[0,270,1112,2020]
[0,290,565,1168,1757,2020]
[0,1053,2020]
[0,290,1053,2020]
