[0,676,898,1072,1651]
[0,676,898,1651]
[0,675,804,1651]
[0,119,236,675,898,1651]
[0,119,236,898,1651]
[0,119,236,678,898,1651]
[0,119,236,1651]
[0,119,804,1651]
[0,675,804,966,1651]
[0,119,874,1651]
[0,119,678,898,1651]
[0,119,898,1651]
[0,119,236,675,898,1090,1651]
[0,675,898,1651]
[0,874,1651]
[0,119,675,898,1090,1651]
[0,804,1651]
[0,898,1651]
[0,119,236,675,804,966,1090,1651]
[0,119,804,966,1651]
[0,119,236,675,804,966,1651]
[0,119,898,1090,1651]
[0,119,966,1651]
[0,675,966,1651]
[0,678,898,1072,1651]
[0,119,236,328,678,898,1072,1651]
[0,119,675,804,966,1090,1651]
[0,119,236,676,898,1090,1651]
[0,675,898,1090,1651]
[0,119,676,898,1090,1651]
[0,966,1651]
[0,119,236,675,804,1651]
[0,893,1651]
[0,119,675,804,1651]
[0,678,898,1651]
[0,119,236,678,898,1072,1651]
[0,119,236,678,804,898,1072,1651]
[0,119,675,804,966,1651]
[0,119,236,676,898,1072,1651]
[0,119,236,676,804,898,1090,1651]
[0,119,236,328,676,804,898,1090,1651]
[0,119,236,328,589,678,804,898,1072,1651]
[0,119,676,874,1651]
[0,119,236,328,675,804,966,1090,1651]
[0,675,804,966,1090,1651]
[0,119,676,898,1072,1651]
[0,898,1090,1651]
[0,119,676,898,1651]
[0,676,874,1651]
[0,119,236,676,804,898,1072,1651]
[0,119,675,898,1651]
[0,119,236,804,1651]
[0,804,966,1651]
[0,119,236,328,678,804,898,1072,1651]
[0,119,678,898,1072,1651]
[0,119,236,874,1651]
[0,676,898,1090,1651]
[0,119,236,676,898,1651]
[0,119,236,676,874,1651]
[0,236,1651]
[0,119,236,328,676,804,898,1072,1651]
