[0,1566,1978,2317,2868,3850,4758]
[0,1934,2317,2868,3850,4758]
[0,438,1566,2317,2868,3850,4758]
[0,487,894,2039,2314,2882,3383,4511,4758]
[0,438,894,2317,2868,3850,4758]
[0,487,1566,2882,4758]
[0,487,894,2314,2882,3383,4758]
[0,326,1566,2314,2882,3696,4758]
[0,326,1566,2314,2882,4758]
[0,487,1566,2882,3696,4758]
[0,2039,2314,2882,4758]
[0,487,1566,2314,2882,4758]
[0,438,1566,1978,2317,2868,3850,4758]
[0,326,894,1934,2317,2868,3850,4511,4758]
[0,894,1566,2317,2868,3850,4758]
[0,487,1521,2039,2314,2882,3383,4758]
[0,1566,1978,2317,2868,3850,4511,4758]
[0,894,2868,3850,4758]
[0,487,1521,2314,2882,3383,4758]
[0,487,1521,2039,2314,2882,3383,4511,4758]
[0,487,1978,2868,4758]
[0,1978,2868,4758]
[0,487,894,1521,2314,2882,3383,4758]
[0,58,487,894,1521,2039,2314,2882,3383,4511,4758]
[0,3945,4758]
[0,1521,2314,2882,3383,4758]
[0,2314,2882,3383,4758]
[0,438,2317,2868,3850,4758]
[0,487,1978,2868,4511,4758]
[0,487,894,2039,2314,2882,3383,4758]
[0,1521,2039,2314,2882,3383,4758]
[0,1978,2868,4511,4758]
[0,487,894,2314,2882,3383,4511,4758]
[0,438,894,1566,1978,2317,2868,3850,4511,4758]
[0,487,1566,2314,2882,4511,4758]
[0,58,438,1566,1978,2317,2868,3850,4511,4758]
[0,894,4758]
[0,894,2882,4511,4758]
[0,2314,2882,3383,4511,4758]
[0,2882,3945,4758]
[0,1566,2882,4511,4758]
[0,1521,2882,4758]
[0,3865,4758]
[0,2039,2314,2882,4511,4758]
[0,487,1566,2882,4511,4758]
[0,1521,2039,2314,2882,4758]
[0,2868,4758]
[0,894,2317,2868,3850,4758]
[0,1521,2039,2314,2882,3383,4511,4758]
[0,1521,2039,2314,2882,4511,4758]
[0,2868,4511,4758]
[0,1566,2868,3850,4758]
[0,2882,3696,4758]
[0,1521,2314,2882,4758]
[0,326,1566,1978,2317,2868,3850,4758]
[0,1566,2882,4758]
[0,487,894,1521,2039,2314,2882,3383,4511,4758]
[0,2868,3850,4758]
[0,1566,2882,3696,4758]
[0,2314,2882,3696,4758]
[0,487,2314,2882,4758]
[0,487,2314,2882,4511,4758]
[0,438,894,1566,2317,2868,3850,4758]
[0,1566,2314,2882,4511,4758]
[0,326,1566,2314,2882,3696,4511,4758]
[0,487,2314,2882,3383,4511,4758]
[0,4511,4758]
[0,2039,2314,2882,3383,4758]
[0,2317,2868,3850,4758]
[0,326,894,1934,2317,2868,3850,4758]
[0,894,2882,4758]
[0,438,1566,2868,3850,4758]
[0,2882,4758]
[0,487,894,2314,2882,4511,4758]
[0,2314,2882,4758]
[0,894,1566,2868,3850,4758]
[0,3850,4758]
[0,1566,2868,4758]
[0,58,438,894,1566,1978,2317,2868,3850,4511,4758]
[0,438,1566,1978,2317,2868,3850,4511,4758]
[0,487,894,2314,2882,4758]
[0,326,1566,1978,2317,2868,3850,4511,4758]
[0,894,1934,2317,2868,3850,4758]
[0,2882,4511,4758]
[0,487,894,1521,2039,2314,2882,3383,4758]
[0,1566,2314,2882,3696,4758]
[0,487,2314,2882,3383,4758]
[0,1566,2314,2882,4758]
[0,487,3865,4758]
[0,438,894,1566,1978,2317,2868,3850,4758]
[0,487,1566,2314,2882,3696,4511,4758]
[0,326,1566,2314,2882,4511,4758]
[0,2314,2882,4511,4758]
[0,1566,2317,2868,3850,4758]
[0,487,1566,2314,2882,3696,4758]
