[0,125,1072,1359,1427]
[0,708,1427]
[0,730,1427]
[0,125,1427]
[0,1032,1170,1427]
[0,125,1072,1427]
[0,177,1026,1252,1427]
[0,152,672,1032,1170,1427]
[0,177,1061,1427]
[0,177,730,1026,1252,1427]
[0,657,1170,1427]
[0,315,657,1170,1427]
[0,1170,1427]
[0,125,708,1026,1170,1427]
[0,71,177,657,1026,1170,1427]
[0,730,1026,1427]
[0,1359,1427]
[0,657,1427]
[0,177,1427]
[0,177,1026,1170,1427]
[0,315,657,1427]
[0,125,1026,1170,1427]
[0,672,1170,1427]
[0,177,1252,1427]
[0,315,1170,1427]
[0,152,1170,1427]
[0,177,730,1427]
[0,672,1026,1170,1427]
[0,152,1032,1170,1427]
[0,672,1427]
[0,177,657,1026,1170,1427]
[0,708,1170,1427]
[0,315,657,1026,1170,1427]
[0,1026,1427]
[0,177,730,1026,1427]
[0,125,672,1026,1170,1427]
[0,177,657,1170,1427]
[0,1026,1170,1427]
[0,1072,1427]
[0,315,1427]
[0,657,1026,1170,1427]
[0,708,1026,1170,1427]
[0,177,1170,1427]
[0,152,672,1170,1427]
[0,1061,1427]
[0,125,1359,1427]
[0,1252,1427]
[0,920,1170,1427]
[0,177,1026,1427]
