[0,161,291,395,465,545,665,939,1197]
[0,161,395,465,545,678,939,1138,1197]
[0,545,939,1197]
[0,168,397,545,1044,1197]
[0,161,395,545,1197]
[0,161,395,465,545,665,741,939,1197]
[0,161,395,545,678,1138,1197]
[0,161,395,465,545,665,939,1197]
[0,168,545,1197]
[0,161,395,545,678,939,1138,1197]
[0,168,397,545,678,1197]
[0,161,395,545,665,939,1002,1138,1197]
[0,168,397,545,1138,1197]
[0,161,395,545,665,939,1002,1197]
[0,161,395,545,665,1197]
[0,161,395,545,1138,1197]
[0,474,678,1197]
[0,168,474,1197]
[0,161,395,545,665,1138,1197]
[0,161,395,545,939,1002,1197]
[0,161,395,545,665,939,1138,1197]
[0,161,395,545,665,741,939,1197]
[0,168,397,545,678,1044,1197]
[0,397,545,1197]
[0,161,395,545,678,939,1197]
[0,161,291,395,545,665,741,939,1197]
[0,161,395,465,545,665,741,939,1002,1138,1197]
[0,161,395,465,545,665,939,1138,1197]
[0,395,545,1138,1197]
[0,161,291,395,545,665,939,1197]
[0,397,1197]
[0,161,291,395,465,545,665,939,1002,1197]
[0,168,397,545,678,939,1138,1197]
[0,161,395,545,939,1002,1138,1197]
[0,161,395,545,939,1197]
[0,161,395,465,545,678,939,1197]
[0,161,395,545,665,939,1197]
[0,161,545,1197]
[0,168,397,545,678,939,1197]
[0,161,395,465,545,665,741,939,1002,1197]
[0,395,545,1197]
[0,168,474,678,1197]
[0,161,291,395,465,545,665,741,939,1197]
[0,168,545,1044,1197]
[0,161,395,465,545,665,741,939,1138,1197]
[0,545,1197]
[0,161,395,545,678,1197]
[0,161,395,465,545,665,939,1002,1197]
[0,161,291,395,465,545,665,741,939,1002,1197]
[0,161,395,465,545,665,939,1002,1138,1197]
[0,161,395,545,939,1138,1197]
[0,474,1197]
[0,168,397,545,939,1197]
[0,161,291,395,465,545,665,939,1002,1138,1197]
[0,161,291,395,465,545,665,741,939,1002,1138,1197]
[0,168,397,545,1197]
[0,168,397,545,678,1138,1197]
[0,397,545,1138,1197]
[0,161,545,665,939,1197]
[0,161,545,939,1197]
[0,168,545,939,1197]
