[0,365,1419,2120]
[0,673,894,1752,2120]
[0,365,894,1596,2120]
[0,744,894,1767,2120]
[0,365,1244,1419,1767,2120]
[0,894,1264,1752,2120]
[0,791,894,2120]
[0,365,791,894,1264,1752,2120]
[0,1244,1419,1586,1767,2120]
[0,673,894,1244,1752,2021,2120]
[0,744,1244,1419,1586,2120]
[0,365,864,1264,2120]
[0,365,864,2120]
[0,365,894,1244,1419,1767,2120]
[0,365,1244,1419,1586,1767,2021,2120]
[0,65,365,2021,2120]
[0,365,1264,1752,2120]
[0,65,365,1543,2120]
[0,365,894,1244,1419,2120]
[0,791,1419,1586,1767,2120]
[0,791,894,2021,2120]
[0,365,894,2120]
[0,1244,1752,2120]
[0,1752,2021,2120]
[0,365,2021,2120]
[0,65,365,1586,1767,2021,2120]
[0,1244,1767,2120]
[0,365,1543,2120]
[0,791,894,1586,1767,2021,2120]
[0,365,1244,1752,2120]
[0,365,1752,2021,2120]
[0,1767,2021,2120]
[0,365,1244,1767,2120]
[0,1767,2120]
[0,365,791,894,1244,1419,1586,1767,2021,2120]
[0,365,864,1264,2021,2120]
[0,365,894,1264,1752,2120]
[0,864,1264,2120]
[0,365,894,1244,1419,1586,1767,2120]
[0,65,365,791,894,1264,1419,1752,2021,2120]
[0,365,894,1264,1419,1752,2021,2120]
[0,791,1586,1767,2120]
[0,791,894,1264,1419,1752,2120]
[0,791,894,1752,2021,2120]
[0,791,894,1264,1752,2021,2120]
[0,791,1264,2120]
[0,65,365,791,894,1264,1752,2021,2120]
[0,744,1244,1419,1767,2120]
[0,65,365,744,894,1244,1419,1586,1767,2021,2120]
[0,65,365,1264,1752,2021,2120]
[0,791,2120]
[0,365,864,2021,2120]
[0,365,1264,1752,2021,2120]
[0,673,1244,2120]
[0,791,1264,1752,2120]
[0,365,1586,1767,2120]
[0,1244,2120]
[0,894,1596,2120]
[0,365,894,1264,1419,1752,2120]
[0,744,1244,1767,2120]
[0,744,1244,2120]
[0,65,365,791,894,1244,1419,1586,1767,2021,2120]
[0,744,894,1419,1586,1767,2120]
[0,1244,1419,2120]
[0,744,2120]
[0,791,894,1752,2120]
[0,791,894,1244,1419,1586,2120]
[0,365,894,1244,1419,1586,1767,2021,2120]
[0,365,744,894,1244,1419,1586,1767,2021,2120]
[0,791,1752,2021,2120]
[0,65,365,1752,2021,2120]
[0,759,2120]
[0,1264,1752,2120]
[0,365,1752,2120]
[0,65,365,1767,2021,2120]
[0,65,365,673,894,1244,1752,2021,2120]
[0,791,894,1264,1752,2120]
[0,791,1244,1419,1767,2120]
[0,365,1767,2120]
[0,1419,2120]
[0,65,365,894,1264,1752,2021,2120]
[0,1244,1419,1586,2120]
[0,791,894,1419,1586,1767,2021,2120]
[0,744,1767,2120]
[0,365,1419,1586,1767,2021,2120]
[0,65,365,2120]
[0,791,1244,1419,1586,2120]
[0,365,894,1244,1752,2120]
[0,744,894,1244,1419,2120]
[0,864,2120]
[0,365,894,1244,2120]
[0,744,894,1767,2021,2120]
[0,744,1244,1419,1586,1767,2120]
[0,791,1244,2120]
[0,894,1264,2120]
[0,744,1586,1767,2120]
[0,365,791,894,1264,1752,2021,2120]
[0,744,894,1244,1419,1586,1767,2021,2120]
[0,791,1244,1419,1586,1767,2120]
[0,2021,2120]
[0,791,1752,2120]
[0,673,1244,1752,2120]
[0,1264,1419,1752,2120]
[0,673,1752,2021,2120]
[0,791,1767,2120]
[0,791,894,1767,2021,2120]
[0,365,791,894,1264,1419,1752,2021,2120]
[0,365,1767,2021,2120]
[0,65,673,894,1244,1752,2021,2120]
[0,791,1419,2120]
[0,744,1419,1586,1767,2120]
[0,791,894,1264,1419,1752,2021,2120]
[0,744,894,1586,1767,2120]
[0,1586,1767,2120]
[0,744,1244,1419,2120]
[0,744,1767,2021,2120]
[0,365,744,894,1244,1419,1586,1767,2120]
[0,365,791,894,1264,1419,1752,2120]
[0,791,894,1767,2120]
[0,744,894,1244,1419,1586,1767,2120]
[0,365,1244,1752,2021,2120]
[0,673,894,1244,1752,2120]
[0,365,1244,1419,2120]
[0,673,894,1752,2021,2120]
[0,365,1543,1859,2120]
[0,65,365,1244,1419,1586,1767,2021,2120]
[0,744,1419,2120]
[0,791,894,1244,1419,1586,1767,2120]
[0,365,791,894,1244,1419,1586,1767,2120]
[0,744,894,1244,1419,1586,2120]
[0,1264,2120]
[0,744,894,1586,1767,2021,2120]
[0,791,894,1419,1586,1767,2120]
[0,365,673,894,1244,1752,2021,2120]
[0,65,365,1419,1586,1767,2021,2120]
[0,365,894,1244,1767,2120]
[0,791,894,1244,1419,2120]
[0,894,2120]
[0,365,894,1264,1752,2021,2120]
[0,791,894,1244,2120]
[0,1543,2120]
[0,65,365,864,2021,2120]
[0,365,1244,1419,1586,1767,2120]
[0,673,1752,2120]
[0,791,1264,1419,1752,2120]
[0,365,673,894,1244,1752,2120]
[0,1596,2120]
[0,365,1244,2120]
[0,1752,2120]
[0,744,894,1244,2120]
[0,791,894,1244,1419,1586,1767,2021,2120]
[0,744,894,2120]
[0,1244,1419,1767,2120]
[0,791,1419,1767,2120]
[0,365,2120]
[0,744,894,1419,1586,1767,2021,2120]
[0,365,1586,1767,2021,2120]
[0,65,365,894,1264,1419,1752,2021,2120]
[0,65,365,894,1244,1419,1586,1767,2021,2120]
[0,65,365,1244,1752,2021,2120]
[0,673,2120]
[0,791,1244,1419,2120]
[0,365,1419,1586,1767,2120]
[0,791,894,1586,1767,2120]
[0,65,365,1543,1859,2120]
