[0,371,1616,2120]
[0,371,1419,1616,2120]
[0,371,1036,2120]
[0,185,371,1036,1616,2120]
[0,469,2120]
[0,185,371,1036,1419,2120]
[0,820,2120]
[0,185,371,1036,1419,1616,2120]
[0,371,1419,1465,2120]
[0,185,371,1036,1419,1465,1616,2120]
[0,371,501,1036,1419,2120]
[0,1036,1419,2120]
[0,371,1465,2120]
[0,1036,1616,2120]
[0,371,1036,1616,2120]
[0,371,1036,1419,2120]
[0,371,1036,1419,1657,2120]
[0,371,1036,1419,1932,2120]
[0,185,371,1036,1419,1465,2120]
[0,371,1036,1419,1616,2120]
[0,1616,2120]
[0,533,2120]
[0,422,2120]
[0,1036,2120]
[0,371,501,1036,1419,1657,2120]
[0,185,371,1036,2120]
[0,1465,2120]
[0,371,1036,1419,1465,2120]
[0,185,371,1036,1465,1616,2120]
[0,185,371,481,1036,1465,1616,2120]
[0,371,2120]
[0,371,501,1036,1419,1932,2120]
