[0,490,589,684,774,915,1036,1107,2019]
[0,490,915,1107,2019]
[0,490,589,774,915,1036,1107,2019]
[0,589,688,915,1036,2019]
[0,589,2019]
[0,589,688,850,1107,2019]
[0,313,589,1036,2019]
[0,490,589,688,1036,2019]
[0,490,589,684,774,850,1107,2019]
[0,490,589,688,921,1107,2019]
[0,490,2019]
[0,589,915,1036,2019]
[0,490,589,684,774,850,915,1036,1107,2019]
[0,490,774,915,1036,2019]
[0,589,921,1036,2019]
[0,490,589,774,915,1107,2019]
[0,490,589,688,774,921,1107,2019]
[0,490,915,1036,2019]
[0,589,1107,2019]
[0,490,589,774,850,1036,1107,2019]
[0,589,774,915,1036,2019]
[0,490,1107,2019]
[0,589,968,2019]
[0,490,589,688,774,921,1036,1107,2019]
[0,589,688,921,1107,2019]
[0,313,589,688,915,1036,2019]
[0,490,589,684,774,850,1036,1107,2019]
[0,490,774,850,1107,2019]
[0,490,589,774,915,1036,2019]
[0,490,589,688,921,1036,2019]
[0,589,688,1107,2019]
[0,490,774,1107,2019]
[0,490,589,774,1107,2019]
[0,542,2019]
[0,589,1036,2019]
[0,490,589,688,774,850,921,1036,1107,2019]
[0,589,850,1107,2019]
[0,313,589,774,915,1036,2019]
[0,490,589,774,850,915,1036,1107,2019]
[0,490,589,774,850,1107,2019]
[0,589,688,921,1036,2019]
[0,490,589,688,774,850,1036,1107,2019]
[0,490,589,1107,2019]
[0,542,1036,2019]
[0,589,688,1036,2019]
[0,313,589,774,1036,2019]
[0,490,589,688,921,1036,1107,2019]
[0,1107,2019]
[0,490,774,1036,2019]
[0,490,589,688,774,850,1107,2019]
[0,490,774,915,1107,2019]
[0,490,1036,2019]
[0,589,774,1036,2019]
[0,490,589,774,1036,2019]
[0,490,589,684,774,915,1107,2019]
[0,490,589,688,915,1036,2019]
[0,490,589,688,850,1107,2019]
[0,589,921,1107,2019]
[0,490,589,1036,2019]
[0,490,589,688,1107,2019]
[0,313,589,915,1036,2019]
[0,490,589,684,774,1107,2019]
[0,1036,2019]
