[0,1073,1562]
[0,269,379,747,876,1073,1394,1562]
[0,269,379,876,1073,1394,1562]
[0,379,593,876,1073,1562]
[0,379,747,1394,1562]
[0,379,1394,1503,1562]
[0,379,593,1073,1562]
[0,379,593,1073,1394,1562]
[0,379,593,876,1073,1394,1562]
[0,269,379,1394,1562]
[0,269,379,1562]
[0,379,747,876,1394,1562]
[0,269,379,593,747,876,1073,1292,1394,1562]
[0,379,593,747,1073,1401,1562]
[0,379,593,747,1562]
[0,379,593,747,1401,1562]
[0,379,1562]
[0,379,876,1562]
[0,269,379,747,876,1073,1394,1503,1562]
[0,379,747,876,1562]
[0,379,593,747,1073,1394,1562]
[0,269,379,593,747,876,1073,1394,1503,1562]
[0,379,876,1073,1562]
[0,379,747,876,1073,1394,1562]
[0,379,593,747,876,1073,1394,1562]
[0,379,876,1073,1394,1562]
[0,379,1073,1401,1562]
[0,379,593,747,1394,1562]
[0,876,1562]
[0,269,379,1073,1394,1503,1562]
[0,374,1562]
[0,269,379,876,1073,1394,1503,1562]
[0,379,593,747,1073,1394,1503,1562]
[0,379,876,1073,1394,1503,1562]
[0,379,1073,1394,1503,1562]
[0,379,747,876,1073,1394,1503,1562]
[0,269,379,1394,1503,1562]
[0,379,593,747,876,1073,1394,1503,1562]
[0,269,379,593,747,876,1073,1394,1562]
[0,269,379,593,747,876,1073,1292,1394,1503,1562]
[0,379,1073,1394,1562]
[0,379,1401,1562]
[0,379,1073,1562]
[0,379,747,1401,1562]
[0,379,593,747,1394,1503,1562]
[0,379,593,1073,1401,1562]
[0,379,593,1562]
[0,379,1394,1562]
[0,269,379,1073,1394,1562]
[0,379,747,1394,1503,1562]
[0,379,747,1562]
