[0,82,1302,1665,2189]
[0,1358,2189]
[0,1811,2189]
[0,82,1665,2189]
[0,631,1376,1665,2189]
[0,82,221,519,631,1376,1665,2189]
[0,519,2189]
[0,631,2189]
[0,221,519,631,1376,1665,2189]
[0,221,519,1376,1665,2189]
[0,221,1376,1665,2189]
[0,519,1376,1665,2189]
[0,1665,2189]
[0,1302,2189]
[0,1302,1811,2189]
[0,82,1376,1665,2189]
[0,519,1665,2189]
[0,82,2189]
[0,519,631,1376,1665,2189]
[0,631,1665,2189]
[0,82,1302,1811,2189]
[0,82,631,1376,1665,2189]
[0,1302,1665,2189]
[0,1376,2189]
[0,93,2189]
[0,93,1811,2189]
[0,1376,1665,2189]
[0,82,519,631,1376,1665,2189]
[0,1358,1665,2189]
[0,82,1811,2189]
[0,93,1302,1811,2189]
[0,82,1358,1665,2189]
