[0,53,178,328,585,931,1268,1632]
[0,178,328,585,1079,1632]
[0,178,328,585,1268,1632]
[0,66,585,1632]
[0,178,328,585,931,1268,1632]
[0,76,1632]
[0,53,178,328,585,1079,1632]
[0,53,178,585,1079,1632]
[0,53,178,328,585,1268,1632]
[0,53,178,585,1268,1632]
[0,178,585,1268,1632]
[0,585,931,1268,1632]
[0,66,585,1079,1632]
[0,251,328,585,1268,1632]
[0,251,328,585,1632]
[0,1268,1632]
[0,585,1079,1632]
[0,53,1632]
[0,178,585,931,1268,1632]
[0,251,1268,1632]
[0,53,585,1079,1632]
[0,585,1268,1632]
[0,66,1632]
[0,66,585,931,1632]
[0,251,1632]
[0,585,931,1632]
[0,251,328,1632]
[0,178,1632]
[0,53,251,328,585,1632]
[0,53,585,1268,1632]
[0,53,251,1632]
[0,53,251,328,1632]
[0,585,1632]
[0,53,585,931,1632]
[0,53,251,328,585,1268,1632]
[0,178,328,585,719,931,1268,1632]
[0,178,585,1632]
[0,251,585,1632]
[0,178,585,1079,1632]
[0,53,585,1632]
[0,53,178,328,585,719,931,1268,1632]
[0,251,585,1268,1632]
