[0,578,1260,1327]
[0,244,388,578,1000,1085,1260,1327]
[0,244,860,1260,1327]
[0,244,388,1260,1327]
[0,244,388,1327]
[0,578,1000,1327]
[0,244,388,578,1000,1260,1327]
[0,1260,1327]
[0,244,578,847,1260,1327]
[0,244,388,578,847,1260,1327]
[0,244,504,578,847,1260,1327]
[0,244,388,578,783,847,1000,1085,1260,1327]
[0,244,388,578,783,847,1260,1327]
[0,244,388,578,847,1327]
[0,244,388,578,847,1000,1085,1327]
[0,244,504,578,1327]
[0,244,388,578,860,1260,1327]
[0,244,388,578,847,1000,1327]
[0,244,578,847,1000,1327]
[0,244,578,847,1327]
[0,244,504,578,847,1327]
[0,244,388,578,783,847,1000,1260,1327]
[0,244,578,860,1327]
[0,244,388,578,860,1327]
[0,244,578,847,1085,1327]
[0,244,388,578,1260,1327]
[0,244,388,578,847,1000,1085,1260,1327]
[0,504,1327]
[0,244,388,578,847,1085,1327]
[0,578,847,1327]
[0,244,388,578,1000,1085,1327]
[0,244,1327]
[0,578,847,1260,1327]
[0,244,578,860,1260,1327]
[0,244,388,578,1000,1327]
[0,578,860,1327]
[0,244,860,1327]
[0,244,388,578,847,1000,1260,1327]
[0,860,1327]
[0,244,388,578,1327]
[0,244,578,1000,1327]
[0,578,1327]
[0,244,578,1327]
[0,244,1260,1327]
