[0,309,407,538,1071,1592,1786,1911]
[0,309,538,1592,1786,1911]
[0,309,538,1071,1592,1911]
[0,407,1911]
[0,429,1911]
[0,429,1071,1911]
[0,309,538,1071,1592,1771,1911]
[0,429,1071,1592,1771,1911]
[0,407,1071,1911]
[0,1071,1592,1771,1911]
[0,538,1071,1592,1911]
[0,309,429,1592,1911]
[0,309,407,1592,1911]
[0,407,1592,1786,1911]
[0,429,1071,1592,1911]
[0,309,429,1071,1592,1771,1911]
[0,1071,1592,1786,1911]
[0,1071,1911]
[0,538,1071,1911]
[0,429,1592,1771,1911]
[0,407,1071,1592,1786,1911]
[0,309,538,1592,1911]
[0,309,538,1071,1592,1786,1911]
[0,309,407,538,1592,1771,1911]
[0,429,1592,1911]
[0,407,1592,1911]
[0,309,407,1592,1786,1911]
[0,538,1911]
[0,538,1592,1911]
[0,309,407,1071,1592,1786,1911]
[0,309,407,1071,1592,1911]
[0,309,407,538,1592,1911]
[0,309,538,1592,1771,1911]
[0,309,429,1592,1771,1911]
[0,1071,1592,1911]
[0,1592,1911]
[0,309,407,538,1592,1786,1911]
[0,407,1071,1592,1911]
[0,309,407,538,1071,1592,1771,1911]
