[0,1429,1563,1994,2053]
[0,1516,1658,1734,2053]
[0,1477,1563,1658,1734,1804,1994,2053]
[0,1516,1563,1640,1734,1795,1858,1994,2053]
[0,1477,1563,1640,1734,1795,1994,2053]
[0,1477,1563,1640,1734,2053]
[0,1477,1563,1734,2053]
[0,1429,1563,1658,1734,1804,1858,1994,2053]
[0,1516,1563,1640,1734,1795,1994,2053]
[0,1477,1563,2053]
[0,1429,1563,1658,1734,1804,2053]
[0,1516,1563,1658,1734,1804,1858,1994,2053]
[0,1429,1516,1640,1858,2053]
[0,1516,1640,1994,2053]
[0,1516,1640,1734,2053]
[0,1477,1563,1640,1795,1858,2053]
[0,1516,1658,1734,1994,2053]
[0,1429,1516,1563,1658,1734,1804,1858,1994,2053]
[0,1563,2053]
[0,1429,1516,1640,1734,1795,1858,2053]
[0,1516,1640,1734,1795,1858,2053]
[0,1563,1734,2053]
[0,1477,1563,1658,2053]
[0,1429,1563,1658,2053]
[0,1477,1563,1640,1734,1795,1858,1994,2053]
[0,1477,1563,1658,1734,1804,1858,1994,2053]
[0,1477,1563,1640,1858,2053]
[0,1477,1563,1858,2053]
[0,1477,1563,1640,1734,1795,2053]
[0,1477,1563,1640,2053]
[0,1477,1563,1640,1734,1795,1858,2053]
[0,1429,1563,1658,1994,2053]
[0,1429,1516,1640,1734,1795,1858,1994,2053]
[0,1516,1640,1734,1795,1858,1994,2053]
[0,1429,1563,1658,1734,1994,2053]
[0,1429,1563,2053]
[0,1516,1640,1858,2053]
[0,1429,1563,1658,1734,2053]
[0,1516,1658,2053]
[0,1477,1563,1994,2053]
[0,1563,1658,2053]
[0,1516,1858,2053]
[0,1516,1640,1734,1795,2053]
[0,1516,1563,2053]
[0,1516,1640,2053]
[0,1563,1858,2053]
[0,1429,1563,1658,1734,1804,1994,2053]
[0,1516,1563,1640,1734,1994,2053]
[0,1516,1640,1795,1858,2053]
[0,1477,1563,1640,1734,1994,2053]
[0,1516,1658,1734,1804,1994,2053]
[0,1516,1563,1658,1994,2053]
[0,1477,1563,1658,1994,2053]
[0,1563,1994,2053]
[0,1516,1563,1658,1734,1994,2053]
[0,1477,1563,1658,1734,1994,2053]
[0,1477,1563,1658,1734,2053]
[0,1516,2053]
[0,1477,1563,1640,1994,2053]
[0,1516,1640,1734,1994,2053]
[0,1516,1658,1994,2053]
[0,1516,1563,1640,1994,2053]
[0,1516,1658,1734,1804,1858,1994,2053]
[0,1516,1658,1734,1804,2053]
[0,1516,1640,1734,1795,1994,2053]
[0,1429,1516,1640,1795,1858,2053]
[0,1429,1516,1563,1640,1734,1795,1858,1994,2053]
[0,1477,1563,1658,1734,1804,2053]
[0,1516,1563,1658,1734,1804,1994,2053]
[0,1516,1563,1994,2053]
