[0,98,1201,2260,3556,3949,4758]
[0,98,1985,3556,3949,4710,4758]
[0,98,2260,3556,3995,4758]
[0,98,3556,3949,4758]
[0,98,2260,3284,3949,4758]
[0,1201,2260,3556,3995,4758]
[0,2260,4758]
[0,3556,4758]
[0,98,1201,2260,3556,3995,4758]
[0,1201,2260,3284,3595,3949,4758]
[0,98,529,1201,2260,3284,3595,3949,4758]
[0,98,2260,3284,3595,3949,4710,4758]
[0,2260,3284,3949,4758]
[0,98,1985,3556,3949,4758]
[0,98,2260,3284,4758]
[0,458,1981,4758]
[0,2260,3556,3949,4758]
[0,1201,2260,3284,4758]
[0,1201,3556,3995,4758]
[0,98,1201,3556,3995,4758]
[0,98,529,1201,2260,3284,3595,3949,4710,4758]
[0,458,1981,2670,3948,4758]
[0,2260,3284,3995,4758]
[0,1981,3948,4758]
[0,2260,3556,3995,4758]
[0,458,1981,2670,4758]
[0,98,2260,4758]
[0,1201,3556,4758]
[0,529,1201,2260,3284,3949,4758]
[0,1978,3556,3995,4758]
[0,3284,4758]
[0,1985,3556,3949,4758]
[0,98,1978,3556,3995,4758]
[0,98,1978,3556,3949,4758]
[0,2260,3556,4758]
[0,458,4758]
[0,98,1201,2260,3284,3595,3949,4710,4758]
[0,458,1978,3556,3995,4758]
[0,98,1978,4758]
[0,98,2260,3556,3949,4710,4758]
[0,98,2260,3284,3949,4710,4758]
[0,1201,2260,3284,3995,4758]
[0,98,1978,3556,3949,4710,4758]
[0,1201,2260,3556,3949,4758]
[0,1981,2670,4758]
[0,3948,4758]
[0,1985,4758]
[0,3653,4758]
[0,98,2260,3284,3995,4758]
[0,1201,3284,4758]
[0,98,1201,3556,4758]
[0,1978,4758]
[0,1201,4758]
[0,98,1201,2260,3284,3995,4758]
[0,2260,3284,4758]
[0,98,4758]
[0,1978,3995,4758]
[0,98,1978,3556,4758]
[0,529,2260,3284,3949,4758]
[0,98,3284,4758]
[0,98,2260,3284,3595,3949,4758]
[0,458,3948,4758]
[0,3556,3949,4758]
[0,458,1978,3556,4758]
[0,1978,3556,3949,4758]
[0,1981,2670,3948,4758]
[0,1981,4758]
[0,2260,3284,3595,3949,4758]
[0,529,1201,2260,3284,3595,3949,4758]
[0,3556,3995,4758]
[0,3284,3949,4758]
[0,98,3556,4758]
[0,98,2260,3556,4758]
[0,98,1201,2260,3556,3949,4710,4758]
[0,1201,2260,3556,4758]
[0,1978,3556,4758]
[0,98,1201,4758]
[0,1985,3556,4758]
[0,98,2260,3556,3949,4758]
[0,1201,2260,3284,3949,4758]
[0,98,1201,2260,3284,3595,3949,4758]
