[0,785,2019]
[0,457,2019]
[0,457,742,1059,2019]
[0,457,1156,2019]
[0,457,1059,1669,2019]
[0,457,1059,2019]
[0,457,907,1059,1495,1669,1805,2019]
[0,457,893,1059,1379,1495,1669,1805,2019]
[0,457,838,1156,2019]
[0,457,907,1059,1669,1805,2019]
[0,457,893,1059,1669,1805,2019]
[0,457,893,1059,1495,1669,2019]
[0,457,922,1156,1669,1805,2019]
[0,457,922,1156,2019]
[0,457,907,1059,1379,1495,1669,1805,2019]
[0,1156,2019]
[0,1059,2019]
[0,457,1175,2019]
[0,457,838,1175,2019]
[0,457,893,1059,1175,1495,1669,1805,2019]
[0,457,922,1156,1805,2019]
[0,457,893,1059,2019]
[0,457,907,1059,2019]
[0,457,893,1059,1669,2019]
[0,457,907,1059,1495,1669,2019]
[0,457,893,1059,1495,1669,1805,2019]
[0,1175,2019]
[0,457,1059,1495,1669,2019]
[0,457,893,1059,1175,1669,1805,2019]
[0,457,907,1059,1669,2019]
