[0,1605,1810]
[0,69,358,472,1605,1810]
[0,1452,1605,1810]
[0,358,605,744,1062,1208,1452,1605,1810]
[0,472,744,1062,1810]
[0,358,605,1373,1810]
[0,358,1062,1208,1452,1605,1810]
[0,69,358,472,1062,1208,1452,1605,1810]
[0,358,605,1062,1810]
[0,69,358,605,1373,1605,1810]
[0,358,472,744,1062,1452,1605,1810]
[0,69,358,472,1373,1605,1810]
[0,744,1062,1605,1810]
[0,358,472,605,764,1062,1208,1452,1605,1810]
[0,472,744,1810]
[0,358,605,1062,1605,1810]
[0,69,1062,1605,1810]
[0,744,1810]
[0,1062,1605,1810]
[0,1195,1810]
[0,358,605,1373,1605,1810]
[0,1373,1810]
[0,605,1810]
[0,358,472,605,744,1373,1605,1810]
[0,358,472,605,744,1062,1208,1452,1605,1810]
[0,358,1011,1810]
[0,358,472,605,1062,1208,1452,1605,1810]
[0,358,1605,1810]
[0,69,358,605,744,1062,1452,1605,1810]
[0,69,358,472,744,1062,1208,1452,1605,1810]
[0,358,605,744,1373,1605,1810]
[0,358,472,1452,1605,1810]
[0,69,358,472,744,1373,1605,1810]
[0,665,1605,1810]
[0,69,1073,1605,1810]
[0,358,605,1208,1452,1605,1810]
[0,605,744,1062,1605,1810]
[0,69,358,605,744,1605,1810]
[0,447,1195,1810]
[0,744,1062,1208,1452,1605,1810]
[0,69,358,472,1062,1605,1810]
[0,358,605,1208,1605,1810]
[0,358,472,1373,1605,1810]
[0,1062,1810]
[0,1073,1810]
[0,69,358,472,605,1062,1208,1452,1605,1810]
[0,69,358,472,1062,1452,1605,1810]
[0,69,358,1011,1605,1810]
[0,472,1810]
[0,472,744,1062,1452,1605,1810]
[0,744,1062,1810]
[0,472,1452,1605,1810]
[0,358,472,744,1062,1208,1452,1605,1810]
[0,358,605,1208,1810]
[0,69,358,472,605,764,1062,1208,1452,1605,1810]
[0,358,605,744,1062,1605,1810]
[0,69,1605,1810]
[0,358,472,744,1062,1605,1810]
[0,1062,1208,1452,1605,1810]
[0,69,358,472,744,1062,1605,1810]
[0,358,472,1062,1208,1452,1605,1810]
[0,472,1605,1810]
[0,358,472,1062,1452,1605,1810]
[0,69,358,472,1452,1605,1810]
[0,69,358,472,605,744,1373,1605,1810]
[0,358,1062,1810]
[0,358,472,1605,1810]
[0,358,605,744,1605,1810]
[0,665,1810]
[0,447,1810]
[0,358,605,764,1062,1208,1452,1605,1810]
[0,69,1062,1452,1605,1810]
[0,358,472,1062,1605,1810]
[0,1373,1605,1810]
[0,358,472,744,1373,1605,1810]
[0,472,1373,1605,1810]
[0,605,1605,1810]
[0,69,1062,1209,1605,1810]
[0,358,1062,1605,1810]
[0,69,358,605,744,1062,1208,1452,1605,1810]
[0,69,358,605,1605,1810]
[0,472,744,1373,1605,1810]
[0,358,605,744,1062,1452,1605,1810]
[0,1062,1452,1605,1810]
[0,69,358,472,744,1062,1452,1605,1810]
[0,69,665,1605,1810]
[0,358,605,764,1452,1605,1810]
[0,69,1452,1605,1810]
[0,358,1810]
[0,472,1373,1810]
[0,69,358,472,605,744,1062,1208,1452,1605,1810]
[0,358,605,1605,1810]
[0,69,358,605,744,1062,1605,1810]
[0,605,1373,1810]
[0,358,605,1062,1452,1605,1810]
[0,1073,1605,1810]
[0,358,605,1452,1605,1810]
[0,69,358,605,744,1373,1605,1810]
[0,358,605,1810]
[0,1011,1605,1810]
[0,605,744,1605,1810]
[0,605,1208,1810]
[0,472,744,1373,1810]
[0,358,605,1062,1208,1452,1605,1810]
[0,358,605,764,1062,1452,1605,1810]
[0,358,1011,1605,1810]
[0,744,1062,1452,1605,1810]
[0,358,605,764,1605,1810]
[0,358,1062,1452,1605,1810]
[0,358,605,764,1062,1605,1810]
[0,69,358,1605,1810]
[0,1062,1209,1605,1810]
[0,472,744,1062,1605,1810]
[0,472,744,1062,1208,1452,1605,1810]
[0,1011,1810]
[0,69,1062,1208,1452,1605,1810]
