[0,201,301,381,523,624,924,1046]
[0,201,301,537,653,924,1046]
[0,298,368,523,653,924,1046]
[0,201,301,523,653,924,1046]
[0,523,653,1046]
[0,301,523,653,924,1046]
[0,523,655,1046]
[0,523,1046]
[0,298,368,523,653,1046]
[0,301,549,1046]
[0,537,924,1046]
[0,298,523,1046]
[0,301,495,624,1046]
[0,301,537,924,1046]
[0,301,523,624,924,1046]
[0,549,1046]
[0,537,653,1046]
[0,301,537,653,924,1046]
[0,523,624,1046]
[0,309,549,1046]
[0,301,381,523,624,1046]
[0,309,523,1046]
[0,301,537,653,1046]
[0,301,381,495,624,924,1046]
[0,301,523,924,1046]
[0,301,368,523,653,1046]
[0,301,381,1046]
[0,301,381,495,624,1046]
[0,201,301,368,537,653,1046]
[0,201,301,523,624,924,1046]
[0,298,523,653,924,1046]
[0,301,368,537,653,1046]
[0,301,381,523,624,924,1046]
[0,201,301,523,653,1046]
[0,201,301,368,523,653,997,1046]
[0,301,523,653,1046]
[0,201,301,381,495,624,924,1046]
[0,381,1046]
[0,301,537,1046]
[0,201,301,495,624,924,1046]
[0,201,301,368,523,653,1046]
[0,301,523,624,1046]
[0,201,301,368,495,537,653,924,1046]
[0,201,301,537,653,1046]
[0,495,1046]
[0,301,381,495,1046]
[0,537,1046]
[0,309,523,653,1046]
[0,298,523,653,1046]
[0,201,301,368,523,653,924,1046]
[0,301,495,1046]
[0,201,301,368,537,653,924,1046]
[0,301,495,624,924,1046]
[0,301,523,1046]
[0,309,523,655,1046]
[0,201,301,368,495,537,653,1046]
[0,301,381,523,1046]
