[0,550,776,962,1136,1642]
[0,251,550,776,962,1642]
[0,73,286,550,969,1150,1642]
[0,251,550,647,776,867,962,1136,1642]
[0,73,550,776,962,1136,1642]
[0,550,776,969,1642]
[0,647,969,1642]
[0,73,251,550,647,776,867,962,1136,1642]
[0,286,550,1642]
[0,73,286,550,647,776,867,969,1150,1642]
[0,550,969,1642]
[0,286,647,867,969,1150,1642]
[0,73,251,550,962,1136,1642]
[0,550,1136,1642]
[0,309,550,969,1150,1642]
[0,550,647,962,1136,1642]
[0,550,962,1136,1642]
[0,550,647,867,969,1150,1642]
[0,647,969,1150,1642]
[0,73,251,550,776,962,1136,1642]
[0,550,969,1150,1642]
[0,550,776,969,1150,1642]
[0,550,776,962,1642]
[0,647,962,1642]
[0,550,776,867,962,1136,1642]
[0,251,550,776,962,1136,1642]
[0,550,962,1642]
[0,73,286,550,776,969,1150,1642]
[0,647,867,969,1150,1642]
[0,286,550,647,867,969,1150,1642]
[0,286,550,647,969,1150,1642]
[0,647,1642]
[0,550,867,1642]
[0,550,1642]
[0,73,550,647,962,1136,1642]
[0,251,647,962,1136,1642]
[0,73,286,550,776,867,969,1150,1642]
[0,73,286,550,647,969,1150,1642]
[0,286,550,969,1150,1642]
[0,73,251,550,647,962,1136,1642]
[0,286,550,1150,1642]
[0,73,309,550,969,1150,1642]
[0,286,647,969,1642]
[0,309,550,1150,1642]
[0,73,550,962,1136,1642]
[0,550,647,776,867,969,1150,1642]
[0,286,647,969,1150,1642]
[0,286,550,969,1642]
[0,550,776,867,969,1150,1642]
[0,73,550,647,969,1150,1642]
[0,598,1642]
[0,251,550,776,867,962,1136,1642]
[0,286,550,776,969,1642]
[0,73,286,550,647,867,969,1150,1642]
[0,550,647,776,867,962,1136,1642]
[0,286,550,647,776,867,969,1150,1642]
[0,550,962,1024,1642]
[0,73,550,969,1150,1642]
[0,550,1150,1642]
[0,251,550,962,1642]
[0,73,251,550,776,867,962,1136,1642]
[0,251,550,647,962,1136,1642]
[0,550,647,867,962,1136,1642]
[0,286,550,776,867,969,1150,1642]
[0,251,550,962,1136,1642]
[0,251,550,647,867,962,1136,1642]
[0,647,962,1136,1642]
[0,550,867,1088,1642]
[0,550,647,969,1150,1642]
[0,286,550,776,969,1150,1642]
[0,251,550,1136,1642]
[0,251,647,962,1642]
