[0,1329,2211]
[0,608,948,1329,1946,2211]
[0,430,1946,2211]
[0,608,2211]
[0,478,2211]
[0,188,608,1329,1946,2211]
[0,188,608,1004,1329,2211]
[0,294,608,1304,1946,2211]
[0,188,608,1004,1329,1946,2211]
[0,188,608,948,1329,2211]
[0,608,948,1329,2211]
[0,608,1304,2211]
[0,1210,1329,2211]
[0,188,608,948,1329,1946,2211]
[0,1304,2211]
[0,608,1004,1329,1946,2211]
[0,608,1210,1329,2211]
[0,430,2211]
[0,188,608,1329,2211]
[0,608,1329,2211]
[0,608,1329,1946,2211]
[0,294,608,1304,2211]
[0,608,1004,1329,2211]
[0,478,1329,2211]
