[0,489,1264]
[0,493,950,1264]
[0,340,493,950,1055,1264]
[0,66,608,1264]
[0,493,688,1264]
[0,66,493,566,641,792,947,1055,1264]
[0,340,493,654,792,950,1055,1264]
[0,66,340,493,950,1055,1264]
[0,489,688,1055,1264]
[0,66,688,792,950,1055,1264]
[0,493,654,792,950,1264]
[0,489,688,1264]
[0,195,340,493,641,792,947,1055,1264]
[0,66,489,688,1055,1264]
[0,66,340,493,641,1055,1264]
[0,66,1264]
[0,834,1264]
[0,195,641,947,1264]
[0,195,493,792,947,1264]
[0,493,1055,1264]
[0,66,340,493,688,1055,1264]
[0,340,493,566,641,792,947,1055,1264]
[0,66,340,493,654,792,1264]
[0,66,340,493,566,688,792,950,1055,1264]
[0,66,493,1055,1264]
[0,66,493,688,792,950,1055,1264]
[0,340,493,792,950,1264]
[0,493,993,1264]
[0,66,340,493,688,993,1222,1264]
[0,340,493,688,1055,1264]
[0,66,493,792,947,1055,1264]
[0,340,493,792,950,1055,1264]
[0,195,340,493,654,792,950,1264]
[0,493,654,792,1264]
[0,66,688,1055,1264]
[0,195,493,950,1264]
[0,195,493,950,1055,1264]
[0,641,947,1264]
[0,340,1264]
[0,195,340,493,950,1264]
[0,66,493,950,1055,1264]
[0,195,340,493,792,950,1264]
[0,493,566,641,947,1055,1264]
[0,66,340,493,654,792,950,1055,1264]
[0,66,493,566,641,947,1055,1264]
[0,493,688,1055,1264]
[0,66,688,1222,1264]
[0,66,688,993,1264]
[0,195,340,493,947,1264]
[0,340,493,792,947,1264]
[0,641,1264]
[0,66,493,566,688,792,950,1055,1264]
[0,195,493,1264]
[0,195,340,493,792,947,1055,1264]
[0,195,340,493,1055,1264]
[0,340,493,641,792,947,1055,1264]
[0,195,340,493,654,792,950,1055,1264]
[0,195,641,792,947,1264]
[0,493,688,993,1264]
[0,608,1264]
[0,66,493,688,993,1264]
[0,66,340,493,688,1264]
[0,493,950,1055,1264]
[0,195,340,493,792,947,1264]
[0,493,641,1055,1264]
[0,688,950,1055,1264]
[0,195,493,947,1055,1264]
[0,66,493,688,1264]
[0,493,792,950,1264]
[0,340,493,654,792,950,1264]
[0,66,641,1264]
[0,340,834,1264]
[0,66,493,641,792,947,1055,1264]
[0,340,493,1264]
[0,66,340,493,792,950,1055,1264]
[0,493,1264]
[0,340,493,1055,1264]
[0,688,792,950,1055,1264]
[0,66,340,493,1055,1264]
[0,493,947,1264]
[0,493,566,947,1055,1264]
[0,66,688,993,1222,1264]
[0,493,641,947,1055,1264]
[0,195,340,493,950,1055,1264]
[0,66,340,493,654,1264]
[0,340,493,688,792,950,1055,1264]
[0,66,493,1264]
[0,493,566,688,792,950,1055,1264]
[0,340,493,654,792,1264]
[0,493,792,950,1055,1264]
[0,66,340,493,688,993,1264]
[0,66,493,688,993,1222,1264]
[0,493,654,1264]
[0,688,1264]
[0,195,493,641,792,947,1264]
[0,340,493,654,1264]
[0,66,340,493,566,641,792,947,1055,1264]
[0,195,641,1264]
[0,688,1055,1264]
[0,493,792,947,1264]
[0,340,493,688,993,1264]
[0,493,654,792,950,1055,1264]
[0,66,195,340,493,654,792,950,1055,1264]
[0,688,993,1264]
[0,493,641,792,947,1055,1264]
[0,66,340,493,1264]
[0,66,195,340,493,641,792,947,1055,1264]
[0,66,688,1264]
[0,195,641,792,1264]
[0,195,340,493,792,950,1055,1264]
[0,66,493,566,947,1055,1264]
[0,493,792,947,1055,1264]
[0,66,340,493,641,792,947,1055,1264]
[0,195,340,493,947,1055,1264]
[0,195,493,1055,1264]
[0,66,493,641,1055,1264]
[0,66,688,950,1055,1264]
[0,340,493,566,688,792,950,1055,1264]
[0,493,947,1055,1264]
[0,66,493,688,1055,1264]
[0,493,688,792,950,1055,1264]
[0,340,493,641,792,947,1264]
[0,66,493,947,1055,1264]
[0,195,493,792,950,1264]
[0,195,493,947,1264]
[0,493,641,792,947,1264]
[0,340,493,688,1264]
[0,195,340,493,1264]
[0,340,493,641,1055,1264]
[0,493,566,641,792,947,1055,1264]
[0,195,340,493,641,792,947,1264]
