[0,373,544,1046,1316,1632]
[0,544,1388,1632]
[0,60,373,544,688,1046,1222,1316,1391,1632]
[0,613,1632]
[0,101,567,1316,1632]
[0,567,1391,1632]
[0,600,894,1388,1632]
[0,101,373,567,688,1046,1316,1632]
[0,101,373,600,894,1316,1391,1632]
[0,101,600,894,1388,1632]
[0,373,567,1316,1632]
[0,567,1316,1632]
[0,101,600,1391,1632]
[0,600,1319,1632]
[0,373,567,688,894,1316,1632]
[0,101,373,567,688,894,1222,1316,1632]
[0,60,373,544,688,915,1046,1222,1316,1391,1632]
[0,544,688,1046,1316,1632]
[0,544,688,915,1316,1391,1632]
[0,524,1632]
[0,101,567,1222,1316,1391,1632]
[0,101,567,1046,1222,1316,1632]
[0,373,567,688,1046,1316,1632]
[0,373,567,894,1316,1632]
[0,544,894,1388,1632]
[0,60,373,544,1391,1632]
[0,544,688,1046,1222,1316,1391,1632]
[0,600,1391,1632]
[0,101,373,544,688,894,1388,1632]
[0,544,915,1316,1632]
[0,101,373,567,688,894,1222,1316,1391,1632]
[0,613,1391,1632]
[0,544,688,915,1391,1632]
[0,544,688,915,1222,1316,1632]
[0,101,567,1222,1316,1632]
[0,544,688,1046,1222,1316,1632]
[0,60,544,1222,1316,1632]
[0,101,567,1046,1222,1316,1391,1632]
[0,544,1316,1632]
[0,101,600,894,1391,1632]
[0,373,567,688,894,1046,1316,1632]
[0,373,544,915,1391,1632]
[0,101,567,894,1316,1632]
[0,373,544,688,915,1046,1222,1316,1632]
[0,373,544,688,915,1222,1316,1391,1632]
[0,373,544,688,1046,1222,1316,1391,1632]
[0,101,567,1316,1391,1632]
[0,193,613,1316,1632]
[0,373,544,894,1388,1632]
[0,613,915,1632]
[0,60,544,1046,1222,1316,1632]
[0,60,373,544,1046,1222,1316,1391,1632]
[0,101,567,1391,1632]
[0,60,544,1316,1632]
[0,567,1319,1632]
[0,373,544,688,915,1222,1316,1632]
[0,544,915,1632]
[0,101,567,688,894,1316,1632]
[0,101,544,688,894,1388,1632]
[0,544,1046,1222,1316,1391,1632]
[0,567,1222,1316,1632]
[0,567,688,1046,1316,1632]
[0,101,373,567,688,894,1046,1222,1316,1391,1632]
[0,60,544,915,1391,1632]
[0,60,373,544,688,915,1222,1316,1391,1632]
[0,101,600,1319,1632]
[0,101,373,600,894,1391,1632]
[0,373,544,688,915,1316,1632]
[0,373,544,688,894,1388,1632]
[0,101,567,1046,1316,1632]
[0,567,894,1316,1632]
[0,373,567,894,1046,1316,1632]
[0,373,544,1391,1632]
[0,373,544,688,1046,1316,1632]
[0,101,373,567,688,894,1046,1222,1316,1549,1632]
[0,373,544,1316,1632]
[0,373,544,613,915,1391,1632]
[0,101,373,567,688,894,1046,1222,1316,1632]
[0,544,613,915,1391,1632]
[0,544,1222,1316,1632]
[0,567,688,894,1316,1632]
[0,600,894,1632]
[0,101,567,894,1222,1316,1391,1632]
[0,373,544,1316,1391,1632]
[0,60,544,1046,1222,1316,1391,1632]
[0,373,544,1046,1222,1316,1632]
[0,60,544,688,915,1391,1632]
[0,101,373,567,1316,1632]
[0,544,1632]
[0,373,600,894,1391,1632]
[0,600,1632]
[0,567,1046,1222,1316,1632]
[0,544,894,1632]
[0,544,688,1316,1632]
[0,101,567,688,894,1222,1316,1632]
[0,544,915,1391,1632]
[0,101,567,688,894,1222,1316,1391,1632]
[0,101,373,567,688,1046,1222,1316,1632]
[0,101,373,567,688,894,1046,1316,1632]
[0,544,688,915,1222,1316,1391,1632]
[0,101,373,567,688,894,1046,1222,1316,1391,1549,1632]
[0,613,1316,1632]
[0,544,1391,1632]
[0,373,544,1046,1222,1316,1391,1632]
[0,60,613,1391,1632]
[0,544,1046,1316,1632]
[0,60,544,688,915,1316,1391,1632]
[0,600,894,1391,1632]
[0,101,373,567,688,1046,1222,1316,1391,1632]
[0,60,544,613,915,1391,1632]
[0,60,613,915,1391,1632]
[0,101,600,1388,1632]
[0,101,373,567,1046,1222,1316,1391,1632]
[0,101,373,567,688,894,1316,1632]
[0,544,688,915,1316,1632]
[0,524,1316,1632]
[0,544,688,894,1388,1632]
[0,60,373,544,1316,1391,1632]
[0,613,915,1391,1632]
[0,600,1388,1632]
[0,101,373,567,1046,1316,1632]
[0,60,544,1391,1632]
[0,544,1046,1222,1316,1632]
[0,567,1046,1316,1632]
[0,567,1632]
[0,373,544,688,1046,1222,1316,1632]
[0,101,373,567,1046,1222,1316,1549,1632]
[0,373,567,1046,1316,1632]
[0,101,373,567,1046,1222,1316,1632]
[0,567,894,1632]
[0,60,544,688,915,1222,1316,1391,1632]
[0,373,544,688,915,1046,1316,1632]
[0,373,544,915,1316,1632]
[0,373,544,688,915,1046,1222,1316,1391,1632]
[0,101,567,894,1222,1316,1632]
[0,101,373,567,688,1046,1222,1316,1549,1632]
[0,544,1316,1391,1632]
[0,60,373,544,613,915,1391,1632]
