[0,373,797,1465]
[0,694,1207,1465]
[0,368,694,980,1207,1465]
[0,694,1465]
[0,368,524,940,1207,1465]
[0,368,940,1207,1322,1465]
[0,379,980,1207,1465]
[0,379,940,1465]
[0,368,524,980,1207,1322,1465]
[0,797,1465]
[0,379,1465]
[0,368,1465]
[0,368,694,1116,1207,1465]
[0,379,940,1207,1465]
[0,379,940,1207,1322,1465]
[0,368,524,694,940,1207,1322,1465]
[0,940,1465]
[0,368,524,980,1207,1322,1393,1465]
[0,368,1207,1465]
[0,368,694,940,1207,1465]
[0,980,1207,1465]
[0,368,1116,1207,1465]
[0,379,980,1207,1322,1465]
[0,368,524,694,980,1207,1465]
[0,368,694,1465]
[0,368,524,694,980,1207,1322,1465]
[0,368,980,1207,1322,1465]
[0,368,694,1207,1322,1465]
[0,368,694,1207,1465]
[0,368,524,980,1207,1465]
[0,379,1207,1465]
[0,368,524,694,980,1207,1322,1393,1465]
[0,373,797,1207,1465]
[0,368,940,1465]
[0,797,1207,1465]
[0,368,980,1207,1322,1393,1465]
[0,368,1207,1322,1465]
[0,368,940,1207,1465]
[0,368,524,694,940,1207,1465]
[0,373,1465]
[0,1207,1465]
[0,379,694,1207,1465]
[0,379,694,1465]
[0,368,524,940,1207,1322,1465]
[0,368,980,1207,1465]
