[0,124,633,786,857,1112,1427]
[0,124,1147,1427]
[0,124,1169,1427]
[0,124,633,705,786,857,1112,1427]
[0,1232,1427]
[0,124,644,705,1112,1427]
[0,633,1427]
[0,633,786,1112,1427]
[0,124,786,857,1112,1427]
[0,386,644,1112,1427]
[0,124,644,786,1112,1427]
[0,124,644,786,857,1112,1427]
[0,644,1427]
[0,124,633,1112,1427]
[0,124,1232,1427]
[0,124,1427]
[0,705,1427]
[0,124,633,786,1112,1427]
[0,124,633,705,1427]
[0,857,1112,1427]
[0,1112,1427]
[0,1147,1427]
[0,1169,1427]
[0,705,857,1112,1427]
[0,124,857,1112,1427]
[0,124,1112,1427]
[0,124,705,857,1112,1427]
[0,124,633,705,1112,1427]
[0,644,1112,1427]
[0,124,644,705,857,1112,1427]
[0,124,644,705,1427]
[0,124,633,705,857,1112,1427]
[0,124,386,644,1112,1232,1427]
[0,633,1112,1427]
[0,124,644,705,786,857,1112,1427]
[0,124,705,1427]
[0,644,786,1112,1427]
[0,124,386,644,1112,1427]
[0,124,644,1112,1427]
