[0,118,246,1097,1327,1584,1911]
[0,246,453,1327,1584,1911]
[0,118,246,349,453,1327,1584,1911]
[0,246,1097,1327,1584,1911]
[0,1321,1911]
[0,246,1321,1587,1911]
[0,1076,1327,1590,1911]
[0,246,1327,1590,1911]
[0,246,453,1097,1327,1584,1911]
[0,118,246,349,1076,1327,1590,1911]
[0,118,246,453,1327,1584,1911]
[0,118,246,349,1327,1590,1911]
[0,246,349,1327,1590,1911]
[0,1327,1911]
[0,118,246,349,449,1076,1327,1590,1911]
[0,1076,1911]
[0,336,1321,1587,1911]
[0,1076,1590,1911]
[0,246,1076,1327,1590,1716,1911]
[0,246,1321,1584,1911]
[0,246,1076,1327,1584,1911]
[0,246,349,449,1327,1590,1911]
[0,118,246,349,453,1097,1327,1584,1911]
[0,118,246,453,1097,1327,1584,1911]
[0,118,246,1076,1327,1584,1911]
[0,1321,1584,1911]
[0,246,1911]
[0,336,1911]
[0,1327,1584,1911]
[0,118,246,1327,1584,1911]
[0,246,1076,1327,1590,1911]
[0,336,1587,1911]
[0,118,246,1076,1327,1590,1716,1911]
[0,1321,1587,1911]
[0,118,246,1076,1327,1590,1911]
[0,246,349,1076,1327,1590,1716,1911]
[0,118,246,349,449,1327,1590,1911]
[0,246,349,1327,1584,1911]
[0,1076,1327,1584,1911]
[0,1327,1590,1911]
[0,246,1327,1584,1911]
[0,118,246,1327,1590,1911]
[0,246,349,453,1327,1584,1911]
[0,246,1327,1911]
[0,246,349,1076,1327,1590,1911]
[0,118,246,349,1076,1327,1590,1716,1911]
