[0,1424,2134]
[0,370,1423,2041,2134]
[0,459,1423,1629,1856,2041,2134]
[0,1423,2041,2134]
[0,370,1423,2134]
[0,83,370,459,1423,1629,2041,2134]
[0,459,1423,1857,2134]
[0,459,1423,1666,1856,2134]
[0,459,1423,1629,1856,2134]
[0,1423,1857,2041,2134]
[0,83,1424,1985,2134]
[0,83,370,459,1423,1666,1856,2041,2134]
[0,83,370,459,1423,1629,1856,1985,2041,2134]
[0,83,1423,1666,1856,2041,2134]
[0,83,1423,1857,2041,2134]
[0,1985,2134]
[0,83,1423,2041,2134]
[0,459,1423,1856,2041,2134]
[0,459,1423,1629,2041,2134]
[0,83,1423,2134]
[0,459,1423,1666,1856,2041,2134]
[0,83,370,459,1423,1666,2041,2134]
[0,1423,1856,2134]
[0,83,370,459,1423,1666,1856,1985,2041,2134]
[0,1424,1985,2134]
[0,83,1423,1666,2041,2134]
[0,83,370,459,1423,2041,2134]
[0,83,2134]
[0,1423,1666,2041,2134]
[0,1423,1666,1856,2134]
[0,83,370,459,1423,1985,2041,2134]
[0,370,459,1423,1629,2041,2134]
[0,83,370,459,1423,1629,1856,2041,2134]
[0,370,459,1423,1857,2041,2134]
[0,370,459,1423,1629,1856,2041,2134]
[0,370,459,1423,2134]
[0,1423,2134]
[0,370,459,1423,1666,2041,2134]
[0,83,370,459,1423,1856,2041,2134]
[0,83,370,459,1423,2134]
[0,1423,1666,2134]
[0,459,1423,1856,2134]
[0,459,1423,2041,2134]
[0,83,370,459,1423,1857,2041,2134]
[0,1856,2134]
[0,370,459,1423,1856,2041,2134]
[0,459,1423,1857,2041,2134]
[0,1423,1857,2134]
[0,459,1423,1629,2134]
[0,83,1985,2134]
[0,370,459,1423,2041,2134]
[0,459,1423,2134]
[0,1423,1666,1856,2041,2134]
[0,370,459,1423,1666,1856,2041,2134]
[0,459,1423,1666,2134]
[0,83,370,459,1423,1856,1985,2041,2134]
[0,459,1423,1666,2041,2134]
