[0,279,771,1286,2004,2272,2554]
[0,122,458,771,1259,1774,2028,2221,2507,2554]
[0,429,771,1286,2554]
[0,458,771,1285,1675,2028,2554]
[0,771,1286,2272,2554]
[0,771,1286,2554]
[0,429,1054,1286,2028,2272,2507,2554]
[0,122,429,771,1286,1774,2028,2272,2507,2554]
[0,458,771,2272,2554]
[0,458,771,1774,2272,2554]
[0,429,1054,1286,2272,2507,2554]
[0,122,458,771,1285,1675,2028,2406,2554]
[0,458,771,1774,2221,2554]
[0,458,771,2028,2221,2507,2554]
[0,458,1286,2221,2554]
[0,771,2272,2554]
[0,654,2554]
[0,771,1285,2028,2554]
[0,1259,2554]
[0,2221,2554]
[0,279,771,1286,2158,2554]
[0,458,1286,1774,2221,2554]
[0,1774,2554]
[0,429,771,2028,2272,2554]
[0,429,1286,1774,2554]
[0,429,771,2028,2272,2507,2554]
[0,812,2554]
[0,458,2028,2272,2554]
[0,458,1286,2554]
[0,429,771,1054,1286,1774,2028,2272,2507,2554]
[0,429,1054,1286,1774,2028,2272,2507,2554]
[0,458,771,1054,1286,1774,2028,2221,2554]
[0,429,1054,1286,2028,2272,2554]
[0,429,2272,2507,2554]
[0,458,771,1774,2028,2221,2507,2554]
[0,429,1286,1774,2272,2554]
[0,458,2272,2554]
[0,458,771,1259,1774,2028,2221,2554]
[0,458,771,1259,2272,2554]
[0,458,771,1054,1286,2221,2554]
[0,458,2221,2554]
[0,429,771,1286,2028,2554]
[0,429,2028,2554]
[0,458,1259,2554]
[0,429,771,1286,2272,2554]
[0,458,2028,2221,2554]
[0,122,458,771,1054,1286,1774,2028,2221,2554]
[0,279,771,1286,2272,2554]
[0,458,771,1774,2028,2272,2554]
[0,458,771,1054,1286,1774,2028,2221,2507,2554]
[0,279,771,1285,1675,2028,2406,2554]
[0,771,1286,2158,2554]
[0,458,1054,1286,2028,2221,2554]
[0,458,771,1259,1774,2272,2554]
[0,458,2221,2507,2554]
[0,458,771,1774,2028,2221,2554]
[0,429,2272,2554]
[0,429,771,2554]
[0,771,1286,2028,2554]
[0,2158,2554]
[0,429,771,1286,2028,2272,2554]
[0,458,1774,2221,2554]
[0,458,771,1259,1774,2221,2554]
[0,429,1286,1774,2028,2272,2554]
[0,122,429,771,1054,1286,1774,2028,2272,2507,2554]
[0,458,1054,1286,1774,2028,2221,2554]
[0,771,2158,2554]
[0,458,771,1259,1774,2028,2221,2507,2554]
[0,458,771,1259,2221,2554]
[0,429,2028,2272,2507,2554]
[0,429,771,2028,2554]
[0,458,1259,1774,2554]
[0,771,2028,2554]
[0,458,771,1259,1774,2554]
[0,429,2028,2272,2554]
[0,812,2028,2554]
[0,429,771,2272,2554]
[0,429,771,1286,1774,2028,2272,2554]
[0,429,1286,2272,2554]
[0,2272,2554]
[0,279,771,2272,2554]
[0,429,1774,2554]
[0,429,1054,2272,2554]
[0,1286,2554]
[0,122,458,771,1259,1774,2028,2272,2554]
[0,429,771,1286,1774,2028,2272,2507,2554]
[0,279,771,1285,1675,2028,2554]
[0,458,2554]
[0,771,2004,2272,2554]
[0,429,1054,2554]
[0,429,1774,2028,2272,2554]
[0,122,458,771,1259,1774,2028,2221,2554]
[0,458,771,1259,2554]
[0,458,1054,1286,1774,2028,2221,2507,2554]
[0,429,1054,1286,1774,2028,2272,2554]
[0,458,1054,1286,2221,2554]
[0,429,1054,2028,2272,2554]
[0,458,771,2221,2554]
[0,458,1054,1286,2221,2507,2554]
[0,458,771,1286,1774,2221,2554]
[0,771,1286,1774,2554]
[0,458,1054,1286,1774,2221,2554]
[0,458,771,1774,2554]
[0,458,1259,1774,2221,2554]
[0,458,771,1259,1774,2028,2272,2554]
[0,458,1286,1774,2554]
[0,1054,2554]
[0,458,771,2554]
[0,429,2554]
[0,458,1054,1286,2028,2221,2507,2554]
[0,279,771,2004,2272,2554]
[0,654,2158,2554]
[0,458,771,2028,2272,2554]
[0,429,1774,2272,2554]
[0,122,429,771,1286,1774,2028,2272,2554]
[0,458,771,2028,2221,2554]
[0,458,1774,2554]
[0,429,771,1054,1286,1774,2028,2272,2554]
[0,458,771,1286,2221,2554]
[0,458,771,1285,1675,2028,2406,2554]
[0,458,2028,2221,2507,2554]
[0,122,458,771,1054,1286,1774,2028,2221,2507,2554]
[0,458,771,1054,1286,1774,2221,2554]
[0,458,1259,2221,2554]
[0,429,1054,1286,2272,2554]
[0,122,429,771,1054,1286,1774,2028,2272,2554]
[0,429,771,1286,2028,2272,2507,2554]
[0,279,771,2158,2554]
[0,1286,1774,2554]
[0,429,1286,2554]
[0,2028,2554]
[0,429,771,1286,1774,2272,2554]
[0,771,2554]
[0,429,771,1286,1774,2554]
[0,1259,1774,2554]
[0,771,1285,1675,2028,2554]
