[0,248,457,579,922]
[0,457,794,922]
[0,248,475,922]
[0,457,579,717,794,922]
[0,248,471,579,922]
[0,248,457,794,922]
[0,248,417,471,579,717,794,922]
[0,457,598,922]
[0,248,457,579,648,717,794,840,922]
[0,248,471,579,794,922]
[0,457,579,794,922]
[0,248,457,922]
[0,471,922]
[0,417,717,922]
[0,248,457,598,922]
[0,248,457,579,648,717,794,922]
[0,475,922]
[0,248,417,579,794,922]
[0,248,417,502,579,717,794,922]
[0,248,457,579,717,794,922]
[0,794,922]
[0,248,457,502,579,648,717,794,840,922]
[0,457,922]
[0,248,417,922]
[0,248,471,794,922]
[0,417,579,794,922]
[0,248,471,579,717,794,922]
[0,471,579,922]
[0,471,579,717,794,922]
[0,248,417,502,579,717,794,840,922]
[0,248,457,579,794,922]
[0,248,457,598,794,922]
[0,248,417,579,922]
[0,417,579,717,794,922]
[0,471,579,794,922]
[0,248,457,502,579,717,794,840,922]
[0,417,922]
[0,248,457,579,717,794,840,922]
[0,248,417,579,717,794,922]
[0,248,471,922]
[0,417,579,922]
[0,471,794,922]
[0,457,579,922]
