[0,232,401,1073,1395,1562]
[0,850,1073,1562]
[0,1073,1562]
[0,535,1073,1562]
[0,98,232,401,998,1073,1395,1562]
[0,280,1073,1395,1562]
[0,232,401,850,1073,1562]
[0,209,354,1073,1395,1562]
[0,535,850,1073,1562]
[0,354,535,1073,1395,1562]
[0,209,850,1073,1395,1562]
[0,354,741,1073,1395,1562]
[0,1072,1395,1562]
[0,209,354,741,1073,1395,1562]
[0,232,401,1562]
[0,209,1073,1562]
[0,1073,1395,1562]
[0,98,209,354,850,998,1073,1395,1562]
[0,98,209,354,998,1073,1395,1562]
[0,354,1072,1562]
[0,209,1073,1395,1562]
[0,209,354,567,1073,1395,1562]
[0,401,1562]
[0,1072,1562]
[0,232,401,535,1073,1395,1562]
[0,98,209,354,535,1073,1395,1562]
[0,209,354,535,1073,1395,1562]
[0,98,209,354,535,850,998,1073,1395,1562]
[0,232,401,535,850,1073,1395,1562]
[0,209,850,1073,1562]
[0,354,567,1073,1562]
[0,741,1073,1395,1562]
[0,98,232,401,535,850,1073,1395,1562]
[0,535,1562]
[0,567,1073,1562]
[0,354,567,1073,1395,1562]
[0,354,1073,1562]
[0,354,535,1073,1562]
[0,232,401,1395,1562]
[0,232,850,1073,1562]
[0,354,1562]
[0,741,1073,1562]
[0,98,232,401,535,1073,1395,1562]
[0,98,232,401,535,850,998,1073,1395,1562]
[0,354,535,850,1073,1395,1562]
[0,98,232,401,535,998,1073,1395,1562]
[0,209,354,535,850,1073,1395,1562]
[0,354,1072,1395,1562]
[0,567,1073,1395,1562]
[0,209,354,850,1073,1395,1562]
[0,1395,1562]
[0,354,535,850,1073,1562]
[0,354,1073,1395,1562]
[0,280,1073,1562]
[0,98,209,354,535,850,1073,1395,1562]
[0,209,354,998,1073,1395,1562]
[0,232,1073,1562]
[0,567,1562]
[0,354,741,1073,1562]
[0,232,401,850,1073,1395,1562]
[0,232,401,1073,1562]
[0,98,232,401,1073,1395,1562]
[0,98,209,354,850,1073,1395,1562]
[0,232,401,998,1073,1395,1562]
[0,98,209,354,1073,1395,1562]
