[0,275,666,921,1910,2332,2956]
[0,637,1072,1910,2336,2956]
[0,637,1072,1910,2956]
[0,630,1079,1910,2956]
[0,275,666,1072,1910,2956]
[0,666,1072,1910,2332,2956]
[0,275,637,1072,1910,2956]
[0,1910,2332,2956]
[0,566,2098,2956]
[0,275,630,1079,1910,2956]
[0,666,2098,2956]
[0,275,666,1072,1910,2332,2956]
[0,666,1910,2332,2956]
[0,630,1910,2956]
[0,275,637,1918,2956]
[0,1918,2956]
[0,275,1918,2956]
[0,637,1072,1918,2956]
[0,2098,2956]
[0,637,1079,1910,2332,2956]
[0,637,1918,2956]
[0,566,2956]
[0,566,1072,2956]
[0,275,637,1072,1918,2396,2956]
[0,275,637,1072,1918,2956]
[0,630,1079,1910,2332,2640,2956]
[0,666,1072,1910,2956]
[0,666,1072,1910,2332,2640,2956]
[0,522,1035,1910,2956]
[0,275,1910,2332,2956]
[0,275,630,1079,1910,2332,2640,2956]
[0,275,637,1072,1910,2336,2956]
[0,666,1910,2956]
[0,630,1079,1910,2332,2956]
[0,275,666,921,1910,2956]
[0,637,1079,1910,2956]
[0,275,666,1910,2332,2640,2956]
[0,522,1035,1910,2332,2956]
[0,275,2956]
[0,275,630,1079,1910,2332,2956]
[0,275,637,1072,1910,2336,2640,2956]
[0,275,666,1072,1910,2332,2640,2956]
[0,566,1072,2098,2956]
[0,275,630,1910,2956]
[0,1910,2956]
[0,275,637,1079,1910,2956]
[0,637,1079,1910,2332,2640,2956]
[0,275,666,1072,1910,2148,2956]
[0,637,1072,1910,2336,2640,2956]
[0,637,1918,2396,2956]
[0,275,666,1910,2956]
[0,275,666,1910,2332,2956]
[0,275,637,1910,2956]
[0,666,1910,2332,2640,2956]
[0,275,637,1079,1910,2332,2956]
[0,275,637,1072,1910,2148,2956]
[0,522,1910,2956]
[0,275,637,1079,1910,2332,2640,2956]
[0,522,1910,2332,2956]
[0,275,666,921,1910,2332,2640,2956]
[0,637,1072,1918,2396,2956]
[0,637,1910,2956]
[0,275,1910,2956]
