[0,478,697,815,940,1197]
[0,478,697,1197]
[0,478,940,1197]
[0,171,478,697,1103,1197]
[0,171,478,697,815,940,1197]
[0,171,478,697,940,1197]
[0,478,697,815,940,1103,1197]
[0,478,647,697,815,940,1103,1197]
[0,171,478,697,877,1197]
[0,478,697,815,1197]
[0,478,697,1103,1197]
[0,171,381,478,697,815,940,1197]
[0,171,478,697,815,940,1103,1197]
[0,171,381,478,647,697,815,940,1103,1197]
[0,478,697,940,1197]
[0,171,478,647,697,815,940,1103,1197]
[0,171,381,478,697,1197]
[0,171,381,478,697,877,1197]
[0,171,381,478,697,1103,1197]
[0,171,478,697,815,1197]
[0,171,381,478,697,815,1197]
[0,478,1197]
[0,171,381,478,697,815,940,1103,1197]
[0,171,478,697,1197]
[0,478,697,877,1197]
