[0,236,405,1091,1651]
[0,121,236,405,1190,1478,1651]
[0,236,405,1190,1478,1651]
[0,70,236,1039,1651]
[0,236,398,1039,1651]
[0,236,405,1190,1651]
[0,70,236,404,1190,1478,1651]
[0,1039,1651]
[0,70,236,404,1091,1190,1478,1651]
[0,70,236,398,1091,1478,1651]
[0,70,236,398,1091,1190,1478,1651]
[0,121,236,404,1190,1478,1651]
[0,70,236,398,1190,1478,1651]
[0,236,398,1190,1478,1651]
[0,236,1039,1478,1651]
[0,70,236,398,1039,1651]
[0,236,398,1039,1190,1478,1651]
[0,236,405,1091,1478,1651]
[0,70,236,404,1039,1190,1478,1651]
[0,236,1091,1478,1651]
[0,236,398,1091,1651]
[0,121,236,404,1039,1190,1478,1651]
[0,1091,1478,1651]
[0,70,236,404,1091,1478,1651]
[0,236,1190,1478,1651]
[0,70,236,1091,1651]
[0,236,404,1091,1478,1651]
[0,236,398,1190,1651]
[0,236,1039,1651]
[0,70,236,398,1039,1478,1651]
[0,236,404,1039,1190,1478,1651]
[0,1190,1651]
[0,236,404,1091,1651]
[0,236,404,1190,1651]
[0,1091,1651]
[0,236,398,1039,1478,1651]
[0,70,236,404,1091,1651]
[0,236,404,1190,1478,1651]
[0,236,398,1091,1190,1478,1651]
[0,236,398,1091,1478,1651]
[0,236,405,1039,1190,1478,1651]
[0,121,236,405,1091,1478,1651]
[0,70,236,398,1091,1651]
[0,236,1190,1651]
[0,236,1091,1651]
[0,70,236,398,1039,1190,1478,1651]
[0,236,404,1091,1190,1478,1651]
[0,1190,1478,1651]
[0,121,236,405,1039,1190,1478,1651]
