[0,88,1056,2587,4758]
[0,2587,3619,4758]
[0,1056,2587,3619,4061,4758]
[0,79,1650,2917,4758]
[0,2443,4758]
[0,2587,4061,4758]
[0,1056,1650,2587,3619,4061,4758]
[0,88,1056,1650,2587,4758]
[0,1056,2587,3619,4758]
[0,1050,2917,4159,4758]
[0,1050,2787,4061,4758]
[0,1650,2587,3619,4061,4758]
[0,1056,1650,2587,4758]
[0,88,1056,1650,2587,3619,4061,4758]
[0,1050,2787,3619,4159,4758]
[0,88,2587,4061,4758]
[0,79,1050,1650,2917,3619,4061,4758]
[0,88,3619,4061,4758]
[0,1050,1650,2917,3619,4061,4758]
[0,1056,1650,2818,3619,4061,4758]
[0,1050,2917,4758]
[0,1650,2587,4758]
[0,1650,2818,4758]
[0,923,2985,4758]
[0,88,1050,2917,4758]
[0,1650,2587,3619,4758]
[0,1650,2917,4758]
[0,1050,2787,4758]
[0,1650,2818,4061,4758]
[0,88,2787,4758]
[0,88,1056,3619,4061,4758]
[0,88,1050,2787,4758]
[0,2587,4758]
[0,2587,3619,4061,4758]
[0,88,1050,2787,4061,4758]
[0,1650,2818,3619,4061,4758]
[0,2917,4758]
[0,1478,2587,4758]
[0,79,1650,2917,4061,4758]
[0,79,1050,2917,4758]
[0,79,1050,2917,4061,4758]
[0,88,1056,1650,2818,3619,4061,4758]
[0,88,1650,2587,4758]
[0,2787,4758]
[0,1650,2917,3619,4061,4758]
[0,1650,2917,4061,4758]
[0,79,1050,1650,2917,4061,4758]
[0,1050,2917,4061,4758]
[0,1056,2587,4758]
[0,1050,2787,4159,4758]
[0,2818,4758]
[0,3619,4758]
[0,2985,4758]
[0,1056,1650,2587,3619,4758]
[0,88,1650,2818,4758]
[0,1056,3619,4758]
[0,3619,4061,4758]
[0,1050,1650,2917,4061,4758]
[0,88,2587,4758]
[0,79,1050,2917,3619,4061,4758]
[0,88,3619,4758]
[0,88,2917,4758]
[0,1056,3619,4061,4758]
[0,88,1056,2587,3619,4061,4758]
[0,88,1050,2787,3619,4159,4758]
[0,88,1650,2818,3619,4061,4758]
[0,79,1050,2917,4159,4758]
[0,88,1650,2818,4061,4758]
[0,88,1050,2917,4159,4758]
[0,88,1478,2587,4758]
[0,1056,1650,2818,4061,4758]
[0,88,1050,2787,4159,4758]
[0,1050,2917,3619,4061,4758]
[0,88,4758]
