[0,78,1524,1729,2189]
[0,78,664,752,1442,1729,2021,2189]
[0,1061,1489,2189]
[0,1358,2189]
[0,78,1072,1442,1729,2021,2189]
[0,752,808,1061,1495,1729,2189]
[0,78,752,808,1061,1442,1729,2021,2189]
[0,752,808,1358,1442,2189]
[0,752,1072,1442,1729,2021,2189]
[0,808,1072,1400,1524,1729,2021,2189]
[0,808,1061,1495,2189]
[0,1072,1524,2189]
[0,78,1061,1442,1729,2021,2189]
[0,571,808,1072,1442,2189]
[0,752,808,1061,2189]
[0,78,664,752,1061,1442,1729,2021,2189]
[0,752,1072,1524,1729,2189]
[0,1061,1442,1729,2189]
[0,78,1061,1442,1729,2189]
[0,752,1061,2189]
[0,752,808,1358,1442,1729,2021,2189]
[0,752,808,1061,1442,2189]
[0,752,1061,1442,1729,2189]
[0,1358,1442,1729,2021,2189]
[0,1061,1495,2189]
[0,752,2189]
[0,752,808,1061,1442,1729,2189]
[0,752,808,1524,1729,2189]
[0,808,1072,1524,2189]
[0,78,1061,1495,1729,2021,2189]
[0,1358,1442,1729,2189]
[0,78,1358,1442,1729,2189]
[0,78,752,2189]
[0,1729,2189]
[0,752,808,1061,1442,1729,2021,2189]
[0,752,1061,1495,1729,2021,2189]
[0,752,808,1358,1442,1729,2189]
[0,808,1072,1524,1729,2021,2189]
[0,1072,1524,1729,2189]
[0,78,752,808,1072,1524,1729,2021,2189]
[0,78,808,1072,1442,2189]
[0,752,1072,1524,1729,2021,2189]
[0,1442,1729,2021,2189]
[0,752,808,1072,1524,1729,2189]
[0,752,1729,2189]
[0,78,752,808,1072,1400,1524,1729,2021,2189]
[0,1072,2189]
[0,752,808,1495,1729,2189]
[0,567,1072,1442,2189]
[0,567,808,1072,1442,1729,2189]
[0,1442,2189]
[0,752,1061,1489,2021,2189]
[0,78,1358,1442,1729,2021,2189]
[0,78,664,752,1442,1729,2189]
[0,808,1072,1442,1729,2021,2189]
[0,752,808,1061,1495,1729,2021,2189]
[0,1061,2189]
[0,752,1495,2189]
[0,1358,1495,1729,2021,2189]
[0,1442,1729,2189]
[0,571,808,1072,1442,1917,2189]
[0,752,1072,1442,1729,2189]
[0,752,808,1358,1495,1729,2021,2189]
[0,752,1442,2189]
[0,752,808,2189]
[0,567,1442,2189]
[0,752,1495,1729,2189]
[0,78,1400,1524,1729,2021,2189]
[0,78,1061,1442,2189]
[0,752,1061,1489,2189]
[0,78,1358,1495,1729,2189]
[0,664,752,1442,1729,2189]
[0,1061,1495,1729,2189]
[0,78,808,1061,1495,1729,2021,2189]
[0,1061,1442,2021,2189]
[0,78,1061,1442,2021,2189]
[0,752,808,1358,1495,1729,2189]
[0,752,808,1072,1524,1729,2021,2189]
[0,808,1061,1495,1729,2021,2189]
[0,752,1442,1729,2189]
[0,571,1072,1442,2189]
[0,1061,1495,1729,2021,2189]
[0,78,808,1072,1400,1524,1729,2021,2189]
[0,78,567,808,1072,1442,1729,2021,2189]
[0,752,808,1442,1729,2189]
[0,752,1061,1442,2189]
[0,1524,1729,2021,2189]
[0,808,1072,1442,2189]
[0,752,1061,1442,2021,2189]
[0,752,808,1495,2189]
[0,752,1358,1495,2189]
[0,78,752,1358,1442,1729,2021,2189]
[0,78,1072,1400,1524,1729,2021,2189]
[0,1072,1442,1729,2189]
[0,664,752,1061,1442,1729,2189]
[0,78,1072,1442,2189]
[0,571,1442,2189]
[0,78,1061,1489,2189]
[0,752,808,1072,1442,1729,2189]
[0,1400,1524,1729,2021,2189]
[0,752,1358,1442,1729,2189]
[0,664,752,1061,1442,1729,2021,2189]
[0,571,1072,1442,1917,2189]
[0,78,752,1495,2189]
[0,1072,1400,1524,1729,2021,2189]
[0,78,571,808,1072,1442,2189]
[0,752,1358,1495,1729,2021,2189]
[0,1400,1524,1729,2189]
[0,78,808,1072,1524,1729,2021,2189]
[0,752,1358,1442,1729,2021,2189]
[0,664,752,1442,1729,2021,2189]
[0,78,571,808,1072,1442,1917,2189]
[0,1072,1442,2189]
[0,78,752,1061,1489,2189]
[0,78,752,1061,1489,2021,2189]
[0,752,1072,1524,2189]
[0,567,1072,1442,1729,2021,2189]
[0,808,1072,1442,1729,2189]
[0,571,2189]
[0,78,752,1442,1729,2189]
[0,78,808,1072,1442,1729,2021,2189]
[0,1072,1524,1729,2021,2189]
[0,808,1072,1524,1729,2189]
[0,752,1358,1442,2189]
[0,567,808,1072,1442,1729,2021,2189]
[0,808,1061,1495,1729,2189]
[0,752,1524,2189]
[0,78,1072,1524,1729,2021,2189]
[0,1072,1442,1729,2021,2189]
[0,1358,1495,2189]
[0,1358,1495,1729,2189]
[0,78,752,808,1072,1442,1729,2021,2189]
[0,78,1358,1495,1729,2021,2189]
[0,752,1358,1495,1729,2189]
[0,752,808,1358,1495,2189]
[0,752,1524,1729,2189]
[0,78,752,1442,2189]
[0,1358,1442,2189]
[0,78,752,808,1061,1495,1729,2021,2189]
[0,808,1061,1442,1729,2189]
[0,78,752,1061,1442,2021,2189]
[0,1061,1442,2189]
[0,567,2189]
[0,752,1442,1729,2021,2189]
[0,567,1072,1442,1729,2189]
[0,752,1524,1729,2021,2189]
[0,78,1400,1524,1729,2189]
[0,1524,1729,2189]
[0,78,1072,1442,1729,2189]
[0,1072,1442,1917,2189]
[0,752,1061,1495,1729,2189]
[0,1061,1442,1729,2021,2189]
[0,1495,1729,2021,2189]
[0,78,2189]
[0,78,664,752,1061,1442,1729,2189]
[0,752,1072,1442,2189]
[0,78,1061,1495,1729,2189]
[0,752,1061,1495,2189]
[0,752,808,1729,2189]
[0,78,1072,1524,1729,2189]
[0,78,752,1358,1495,1729,2021,2189]
[0,78,808,1061,1442,1729,2021,2189]
[0,752,1495,1729,2021,2189]
[0,808,1061,1442,1729,2021,2189]
[0,752,1061,1442,1729,2021,2189]
[0,1495,1729,2189]
[0,752,808,1072,1442,1729,2021,2189]
[0,78,752,808,1358,1495,1729,2021,2189]
[0,78,752,808,1358,1442,1729,2021,2189]
