[0,181,521,798,1144,1695,1982,2132,2351,2539,2956]
[0,851,2351,2956]
[0,521,798,1982,2351,2956]
[0,798,2956]
[0,521,798,1695,1982,2351,2956]
[0,798,1695,2036,2351,2956]
[0,1144,1651,1982,2351,2581,2956]
[0,521,798,1695,2036,2351,2614,2956]
[0,181,521,709,1144,1651,1982,2132,2351,2581,2956]
[0,521,798,1144,1695,2036,2351,2956]
[0,798,1695,1982,2351,2956]
[0,181,521,709,1144,1651,1982,2351,2581,2956]
[0,181,521,798,1144,1695,2036,2351,2614,2956]
[0,798,1695,2351,2956]
[0,1144,2351,2956]
[0,2351,2956]
[0,1695,2956]
[0,1144,2036,2351,2956]
[0,709,2956]
[0,1144,1695,2036,2351,2956]
[0,798,1144,1695,1982,2351,2956]
[0,521,798,1695,2036,2351,2956]
[0,181,1144,1651,1982,2351,2581,2956]
[0,798,1144,1982,2351,2956]
[0,709,1982,2351,2956]
[0,798,1144,2351,2956]
[0,521,709,1144,1651,1982,2351,2581,2956]
[0,181,521,709,1144,1651,1982,2351,2581,2828,2956]
[0,709,1651,1982,2351,2956]
[0,521,798,2036,2351,2956]
[0,521,2351,2956]
[0,1982,2351,2956]
[0,181,521,709,1144,1651,1982,2132,2351,2581,2828,2956]
[0,1144,2581,2956]
[0,1144,1695,2351,2956]
[0,851,2956]
[0,521,798,2036,2351,2539,2956]
[0,181,1144,1982,2581,2956]
[0,1144,1982,2351,2581,2956]
[0,2581,2956]
[0,798,1144,1695,2036,2351,2956]
[0,798,1982,2351,2956]
[0,709,1144,2351,2956]
[0,521,798,1695,1982,2351,2539,2956]
[0,521,798,1695,2036,2351,2539,2956]
[0,1144,1982,2581,2956]
[0,709,1144,1651,1982,2351,2956]
[0,521,709,1651,1982,2351,2956]
[0,181,1144,1982,2351,2581,2956]
[0,181,521,798,1144,1695,2036,2351,2539,2956]
[0,521,798,1144,1695,1982,2132,2351,2539,2956]
[0,521,709,1144,1651,1982,2351,2956]
[0,798,2351,2956]
[0,798,1695,2956]
[0,709,1144,1982,2351,2956]
[0,521,709,1982,2351,2956]
[0,521,709,1144,1651,1982,2132,2351,2581,2956]
[0,709,1144,1651,1982,2351,2581,2956]
[0,1144,1695,1982,2351,2956]
[0,709,2263,2956]
[0,709,2351,2956]
[0,521,798,1144,1695,1982,2351,2956]
[0,1144,1982,2351,2956]
[0,1144,1695,2036,2351,2614,2956]
[0,521,709,1144,1651,1982,2132,2351,2581,2828,2956]
[0,798,1144,1695,2351,2956]
[0,521,798,1144,1695,2036,2351,2614,2956]
[0,181,1144,1695,2036,2351,2614,2956]
[0,851,1982,2351,2956]
[0,1144,2956]
[0,521,798,1144,1695,2036,2351,2539,2956]
[0,798,2036,2351,2956]
[0,1144,1651,1982,2351,2956]
[0,181,521,798,1144,1695,1982,2351,2539,2956]
[0,1144,1982,2956]
[0,521,798,2036,2351,2614,2956]
[0,521,709,1144,1651,1982,2351,2581,2828,2956]
[0,521,798,1144,1695,1982,2351,2539,2956]
[0,521,798,1695,1982,2132,2351,2539,2956]
