[0,1083,1191,1327]
[0,670,1083,1327]
[0,676,1083,1327]
[0,118,212,504,725,1083,1191,1327]
[0,212,670,1083,1191,1327]
[0,670,1327]
[0,212,504,670,725,1083,1191,1327]
[0,617,1327]
[0,124,212,670,1083,1191,1327]
[0,249,504,1083,1327]
[0,124,212,504,670,725,1083,1191,1327]
[0,124,212,670,725,1083,1191,1327]
[0,212,670,725,1083,1327]
[0,212,617,1083,1191,1327]
[0,212,670,725,1083,1191,1327]
[0,124,212,504,725,829,1083,1191,1327]
[0,212,1083,1191,1327]
[0,249,972,1327]
[0,504,1083,1191,1327]
[0,118,212,292,504,725,997,1083,1191,1327]
[0,249,1327]
[0,676,1327]
[0,504,1083,1327]
[0,118,212,504,670,725,997,1083,1191,1327]
[0,212,504,725,829,1083,1191,1327]
[0,124,212,504,1083,1191,1327]
[0,1083,1327]
[0,124,212,504,725,1083,1191,1327]
[0,212,670,1083,1327]
[0,504,1327]
[0,118,212,504,1083,1191,1327]
[0,249,504,1083,1191,1327]
[0,118,212,292,504,670,725,997,1083,1191,1327]
[0,212,1083,1327]
[0,118,212,504,725,997,1083,1191,1327]
[0,212,504,725,1083,1191,1327]
[0,118,212,292,504,1083,1191,1327]
[0,212,617,1083,1327]
[0,118,212,504,670,725,1083,1191,1327]
[0,212,504,1083,1327]
[0,124,212,504,670,725,829,1083,1191,1327]
[0,617,1083,1327]
[0,972,1327]
[0,124,212,292,504,670,725,829,1083,1191,1327]
[0,124,212,292,504,725,829,1083,1191,1327]
[0,249,504,1327]
[0,212,676,1083,1327]
[0,504,725,1083,1327]
[0,212,504,1083,1191,1327]
[0,212,504,725,1083,1327]
