[0,964,1165,1465]
[0,301,964,1165,1465]
[0,1165,1465]
[0,136,301,964,1165,1465]
[0,136,1165,1267,1465]
[0,1267,1465]
[0,301,1465]
[0,136,964,1165,1465]
[0,313,1465]
[0,136,313,1165,1465]
[0,917,1465]
[0,964,1165,1318,1465]
[0,964,1267,1465]
[0,313,1165,1465]
[0,136,964,1267,1465]
[0,917,964,1465]
[0,917,964,1165,1267,1318,1465]
[0,1267,1318,1465]
[0,917,964,1267,1318,1465]
[0,964,1165,1267,1318,1465]
[0,1165,1318,1465]
[0,136,1151,1465]
[0,964,1267,1318,1465]
[0,301,1165,1465]
[0,136,301,964,1165,1267,1465]
[0,1151,1465]
[0,964,1465]
[0,136,313,1165,1267,1465]
[0,1165,1267,1465]
[0,1165,1267,1318,1465]
[0,917,964,1267,1465]
[0,136,964,1165,1267,1465]
[0,136,1165,1465]
