[0,430,1875]
[0,209,361,430,612,1786,1875]
[0,209,278,430,1875]
[0,209,361,430,1786,1875]
[0,209,430,612,1875]
[0,209,361,612,1875]
[0,209,396,622,1875]
[0,209,278,430,1786,1875]
[0,209,396,612,1875]
[0,209,278,430,612,1786,1875]
[0,209,278,396,612,1786,1875]
[0,209,361,612,1786,1875]
[0,209,361,430,1875]
[0,209,396,1875]
[0,361,1875]
[0,209,430,1786,1875]
[0,396,622,1875]
[0,612,1875]
[0,209,612,1875]
[0,209,1786,1875]
[0,209,361,1875]
[0,209,396,612,1786,1875]
[0,209,278,361,430,612,1786,1875]
[0,209,396,622,1786,1875]
[0,209,430,1875]
[0,209,430,612,1786,1875]
[0,1786,1875]
[0,396,1875]
[0,209,1875]
