[0,691,916,1465]
[0,76,690,916,1244,1391,1465]
[0,76,691,916,1465]
[0,315,910,1465]
[0,76,315,690,764,910,1354,1465]
[0,76,267,315,624,690,764,910,1244,1354,1465]
[0,1244,1465]
[0,76,624,690,764,916,1244,1391,1465]
[0,76,315,624,690,764,910,984,1244,1354,1465]
[0,76,315,690,910,1244,1391,1465]
[0,76,315,690,764,910,1244,1465]
[0,76,691,916,1244,1465]
[0,76,1244,1465]
[0,76,624,690,764,916,1244,1465]
[0,76,315,690,764,910,984,1244,1391,1465]
[0,76,910,1244,1465]
[0,76,315,690,910,984,1354,1465]
[0,76,315,690,910,1244,1465]
[0,76,690,764,916,1244,1465]
[0,90,1244,1465]
[0,76,315,624,690,764,910,1354,1465]
[0,695,1465]
[0,76,315,624,690,764,910,984,1354,1465]
[0,315,690,910,1244,1354,1465]
[0,695,916,1465]
[0,690,910,1244,1354,1465]
[0,315,690,910,1244,1465]
[0,76,690,910,1244,1354,1465]
[0,76,315,690,910,984,1244,1391,1465]
[0,76,315,624,690,764,916,1244,1391,1465]
[0,315,690,910,1354,1465]
[0,315,690,916,1244,1465]
[0,76,690,910,1354,1465]
[0,76,267,315,690,764,916,1244,1465]
[0,690,910,1354,1465]
[0,76,690,764,910,1244,1391,1465]
[0,76,624,690,764,910,1244,1465]
[0,76,315,690,764,910,1244,1354,1465]
[0,76,690,910,984,1354,1465]
[0,76,624,690,764,910,1354,1465]
[0,76,690,764,910,1244,1465]
[0,76,315,690,764,910,984,1354,1465]
[0,76,315,690,764,916,1244,1391,1465]
[0,76,690,764,910,1354,1465]
[0,76,315,690,764,910,1244,1391,1465]
[0,76,267,315,624,690,764,910,984,1244,1354,1465]
[0,76,624,690,764,910,1244,1354,1465]
[0,76,315,624,690,764,910,1244,1391,1465]
[0,76,267,315,624,690,764,916,1244,1465]
[0,76,695,916,1465]
[0,267,910,1465]
[0,690,1465]
[0,76,690,910,1244,1391,1465]
[0,76,315,690,916,1244,1465]
[0,76,690,764,916,1244,1391,1465]
[0,76,267,315,690,764,910,1244,1465]
[0,76,315,690,910,1244,1354,1465]
[0,76,267,315,624,690,764,910,984,1354,1465]
[0,76,315,690,764,910,984,1244,1354,1465]
[0,690,910,1465]
[0,76,690,910,1465]
[0,76,267,315,624,690,764,910,1354,1465]
[0,315,916,1465]
[0,76,315,624,690,764,910,1244,1465]
[0,916,1465]
[0,76,315,690,910,984,1244,1354,1465]
[0,76,690,764,910,984,1244,1354,1465]
[0,695,1244,1465]
[0,76,267,315,624,690,764,910,1244,1391,1465]
[0,76,315,690,910,1354,1465]
[0,315,690,910,1465]
[0,76,624,690,764,910,984,1354,1465]
[0,76,267,315,624,690,764,910,1244,1465]
[0,76,690,764,910,1244,1354,1465]
[0,76,690,764,910,984,1244,1391,1465]
[0,76,315,624,690,764,916,1244,1465]
[0,76,690,916,1244,1465]
[0,690,1244,1465]
[0,690,910,1244,1465]
[0,76,690,764,910,984,1354,1465]
[0,315,910,1244,1465]
[0,76,315,624,690,764,910,984,1244,1391,1465]
[0,76,690,916,1465]
[0,76,315,690,916,1244,1391,1465]
[0,90,691,916,1465]
[0,76,315,624,690,764,910,1244,1354,1465]
[0,76,690,910,1244,1465]
[0,315,690,916,1465]
[0,76,624,690,764,910,984,1244,1391,1465]
[0,690,916,1465]
[0,76,690,910,984,1244,1354,1465]
[0,76,315,690,764,916,1244,1465]
[0,90,691,916,1244,1465]
[0,691,916,1244,1465]
[0,76,624,690,764,910,1244,1391,1465]
[0,76,695,916,1244,1465]
[0,76,690,910,984,1244,1391,1465]
[0,910,1465]
[0,76,267,315,690,764,910,1354,1465]
[0,695,916,1244,1465]
[0,690,916,1244,1465]
[0,910,1244,1465]
[0,76,267,315,624,690,764,916,1244,1391,1465]
[0,76,267,315,624,690,764,910,984,1244,1391,1465]
