[0,222,405,519,598,729,972,1091,1270,1427]
[0,254,405,519,691,1270,1427]
[0,222,558,1091,1427]
[0,222,558,729,972,1091,1270,1427]
[0,231,519,729,972,1091,1427]
[0,972,1427]
[0,633,1061,1427]
[0,515,1061,1427]
[0,558,1427]
[0,231,405,519,729,972,1091,1270,1427]
[0,222,515,691,1270,1427]
[0,254,519,691,972,1091,1427]
[0,222,519,1427]
[0,222,515,1061,1427]
[0,222,519,729,1270,1427]
[0,254,1427]
[0,262,633,1427]
[0,222,515,691,1061,1270,1427]
[0,254,405,519,691,1427]
[0,254,519,691,972,1091,1270,1427]
[0,231,519,729,1427]
[0,222,558,729,1061,1427]
[0,558,972,1427]
[0,222,515,691,1427]
[0,222,558,972,1270,1427]
[0,405,519,972,1427]
[0,262,633,1061,1427]
[0,254,519,691,972,1427]
[0,222,558,729,1091,1427]
[0,262,633,1270,1427]
[0,222,519,729,1427]
[0,222,519,729,972,1091,1270,1427]
[0,254,519,691,1427]
[0,222,558,1061,1427]
[0,222,558,972,1091,1270,1427]
[0,222,558,1427]
[0,231,519,1091,1427]
[0,254,519,1091,1427]
[0,222,558,729,1061,1270,1427]
[0,519,1427]
[0,222,558,972,1427]
[0,254,519,972,1427]
[0,222,558,729,1091,1270,1427]
[0,222,519,729,972,1091,1427]
[0,231,519,729,972,1091,1270,1427]
[0,633,1427]
[0,231,405,519,598,729,972,1091,1270,1427]
[0,222,519,1091,1427]
[0,222,405,519,729,972,1091,1270,1427]
[0,222,519,729,1091,1270,1427]
[0,558,1091,1427]
[0,254,405,519,691,972,1091,1270,1427]
[0,231,519,1427]
[0,254,519,691,1270,1427]
[0,222,515,1427]
[0,222,515,691,1061,1427]
[0,519,1091,1427]
[0,222,558,729,1270,1427]
[0,254,405,519,598,691,972,1091,1270,1427]
[0,519,972,1427]
[0,254,519,598,691,972,1091,1270,1427]
[0,231,519,729,1091,1427]
[0,262,633,1061,1270,1427]
[0,222,558,729,1427]
[0,254,519,691,1091,1427]
[0,262,1427]
[0,405,519,1427]
[0,222,558,972,1091,1427]
[0,222,519,729,1091,1427]
[0,515,1427]
[0,231,1427]
[0,231,519,729,1091,1270,1427]
[0,558,1061,1427]
[0,254,519,691,1091,1270,1427]
[0,254,519,1427]
[0,231,519,729,1270,1427]
[0,222,1427]
