[0,149,312,493,695,1529,1752,2120]
[0,149,493,999,1215,1780,2120]
[0,454,1246,2120]
[0,730,999,2120]
[0,999,1215,1510,1780,2120]
[0,454,999,1246,1529,1752,1957,2120]
[0,988,1246,2120]
[0,454,695,999,1246,1752,2120]
[0,149,312,493,695,999,1246,1529,1752,2120]
[0,695,988,1246,1529,1752,2120]
[0,176,992,1510,1916,2120]
[0,454,2120]
[0,730,1780,2120]
[0,149,999,1215,1510,1780,2120]
[0,999,1246,1752,2120]
[0,695,988,1246,1752,2120]
[0,695,988,1246,2120]
[0,149,999,2120]
[0,149,695,988,2120]
[0,493,730,1916,2120]
[0,149,312,493,2120]
[0,149,312,493,1215,1780,2120]
[0,149,1246,1752,2120]
[0,999,1246,1529,1752,2120]
[0,992,1916,2120]
[0,695,999,1246,1752,2120]
[0,149,1780,2120]
[0,149,312,493,999,1215,1510,1780,2120]
[0,312,493,1780,2120]
[0,312,493,857,1529,1752,2120]
[0,1926,2120]
[0,493,857,1752,2120]
[0,149,312,493,857,1752,2120]
[0,149,999,1215,1780,2120]
[0,493,695,1752,2120]
[0,454,695,999,1246,1529,1752,2120]
[0,149,857,999,1246,1529,1752,1957,2120]
[0,493,1215,2120]
[0,149,312,493,857,999,2120]
[0,176,988,1246,1926,2120]
[0,999,2120]
[0,454,695,1752,2120]
[0,454,695,988,1246,1752,2120]
[0,312,493,695,999,1246,1529,1752,2120]
[0,695,999,1752,2120]
[0,312,493,857,2120]
[0,149,454,695,988,1246,1529,1752,2120]
[0,493,1215,1780,2120]
[0,149,312,493,999,1215,1780,2120]
[0,493,730,999,2120]
[0,454,695,988,2120]
[0,149,454,695,857,999,1246,1529,1752,1957,2120]
[0,149,312,493,1780,2120]
[0,493,857,1529,1752,2120]
[0,149,999,1246,1529,1752,1957,2120]
[0,454,1246,1752,2120]
[0,1246,1752,2120]
[0,149,857,1752,2120]
[0,1215,1780,2120]
[0,992,1510,2120]
[0,454,695,988,1246,2120]
[0,1916,2120]
[0,149,857,999,1529,1752,2120]
[0,149,857,999,2120]
[0,149,454,857,999,1246,1529,1752,1957,2120]
[0,988,1957,2120]
[0,493,999,1215,1780,2120]
[0,999,1752,2120]
[0,149,312,493,857,2120]
[0,149,312,493,857,999,1215,1780,2120]
[0,312,493,857,1752,2120]
[0,493,1529,1752,2120]
[0,493,857,999,1215,1780,2120]
[0,730,999,1780,2120]
[0,149,454,695,999,1246,1529,1752,2120]
[0,1957,2120]
[0,312,493,857,999,2120]
[0,149,454,695,988,1246,1529,1752,1957,2120]
[0,695,988,1957,2120]
[0,493,1916,2120]
[0,149,493,857,999,1215,1780,2120]
[0,493,695,999,1529,1752,2120]
[0,493,730,999,1215,1510,1780,2120]
[0,312,493,695,999,1529,1752,2120]
[0,149,312,493,1529,1752,2120]
[0,149,312,493,857,1529,1752,2120]
[0,1246,2120]
[0,730,999,1215,1780,2120]
[0,149,312,493,857,999,1529,1752,2120]
[0,730,999,1510,1780,2120]
[0,149,454,999,1246,1529,1752,1957,2120]
[0,149,312,1780,2120]
[0,988,1246,1752,2120]
[0,454,695,999,1529,1752,2120]
[0,493,2120]
[0,454,695,999,1752,2120]
[0,454,999,1246,1752,2120]
[0,695,999,1246,1529,1752,2120]
[0,493,695,1529,1752,2120]
[0,1780,2120]
[0,149,999,1510,1780,2120]
[0,149,1529,1752,2120]
[0,149,2120]
[0,149,312,493,695,999,1529,1752,2120]
[0,149,695,988,1246,1752,2120]
[0,454,695,999,1246,1529,1752,1957,2120]
[0,149,493,857,999,1215,1510,1780,2120]
[0,312,493,1752,2120]
[0,454,1752,2120]
[0,695,988,1246,1957,2120]
[0,493,1752,2120]
[0,988,1926,2120]
[0,493,730,1780,2120]
[0,1529,1752,2120]
[0,149,999,1529,1752,2120]
[0,493,730,999,1780,2120]
[0,493,999,2120]
[0,493,730,1510,1780,2120]
[0,857,999,1215,1780,2120]
[0,149,493,999,1215,1510,1780,2120]
[0,493,730,999,1916,2120]
[0,999,1529,1752,2120]
[0,149,312,493,695,857,999,1529,1752,2120]
[0,999,1780,2120]
[0,857,2120]
[0,493,1780,2120]
[0,149,312,493,730,857,999,1215,1510,1780,2120]
[0,149,493,730,999,1215,1780,2120]
[0,149,312,493,857,999,1752,2120]
[0,493,695,999,1246,1529,1752,2120]
[0,988,1246,1957,2120]
[0,493,1215,1510,1780,2120]
[0,1215,2120]
[0,857,999,2120]
[0,493,857,2120]
[0,149,493,730,999,1215,1916,2120]
[0,149,312,493,695,857,999,1246,1529,1752,2120]
[0,454,695,988,1246,1957,2120]
[0,999,1510,1780,2120]
[0,149,695,988,1246,1957,2120]
[0,992,2120]
[0,149,1510,1780,2120]
[0,149,312,493,857,999,1215,1510,1780,2120]
[0,493,999,1510,2120]
[0,730,2120]
[0,149,493,730,857,999,1215,1510,1780,2120]
[0,312,493,2120]
[0,312,493,1529,1752,2120]
[0,312,493,999,1215,1510,1780,2120]
[0,695,988,2120]
[0,999,1510,2120]
[0,149,1752,2120]
[0,454,695,988,1957,2120]
[0,1632,2120]
[0,149,988,2120]
[0,1510,1780,2120]
[0,312,1780,2120]
[0,149,454,695,988,1246,1957,2120]
[0,493,730,2120]
[0,493,730,999,1215,1780,2120]
[0,149,857,999,1752,2120]
[0,493,730,999,1510,1780,2120]
[0,149,695,999,1529,1752,2120]
[0,988,1752,2120]
[0,149,312,2120]
[0,149,312,493,695,1752,2120]
[0,695,988,1752,2120]
[0,149,493,730,999,1215,1510,1780,2120]
[0,493,999,1215,1510,1780,2120]
[0,149,312,493,1752,2120]
[0,312,493,695,1529,1752,2120]
[0,454,999,1246,1529,1752,2120]
[0,988,1246,1926,2120]
[0,1752,2120]
[0,454,695,988,1246,1529,1752,2120]
[0,149,857,999,1246,1529,1752,2120]
[0,857,1752,2120]
[0,992,1510,1916,2120]
[0,149,988,1246,1752,2120]
[0,149,695,988,1957,2120]
[0,493,730,999,1215,1916,2120]
[0,493,857,999,2120]
[0,988,2120]
[0,149,695,999,1246,1529,1752,2120]
[0,149,493,730,857,999,1215,1510,1780,1916,2120]
[0,149,695,988,1246,1529,1752,2120]
[0,312,493,999,1215,1780,2120]
[0,312,493,1215,1780,2120]
[0,695,999,1529,1752,2120]
[0,493,730,999,1215,2120]
[0,999,1246,1529,1752,1957,2120]
[0,149,999,1246,1529,1752,2120]
[0,312,493,857,999,1215,1780,2120]
[0,312,493,695,1752,2120]
[0,999,1215,1780,2120]
[0,493,1510,1780,2120]
[0,312,2120]
[0,149,493,857,999,1215,1510,1780,1916,2120]
[0,454,695,988,1246,1529,1752,1957,2120]
[0,149,493,730,999,1215,1510,1780,1916,2120]
[0,149,454,695,999,1246,1529,1752,1957,2120]
