[0,139,407,695,770,1123,1413,1562]
[0,407,791,978,1562]
[0,494,1562]
[0,139,455,1413,1562]
[0,455,1413,1562]
[0,455,1435,1562]
[0,407,770,1261,1562]
[0,407,695,791,990,1156,1435,1562]
[0,407,791,990,1435,1562]
[0,455,744,1562]
[0,407,770,1123,1413,1562]
[0,139,455,744,990,1156,1562]
[0,407,770,1123,1261,1562]
[0,139,407,791,978,1123,1562]
[0,407,1123,1261,1562]
[0,407,770,978,1413,1562]
[0,407,1435,1562]
[0,1123,1562]
[0,139,407,770,978,1562]
[0,407,1123,1413,1562]
[0,139,407,791,990,1156,1562]
[0,407,1261,1562]
[0,455,744,1413,1562]
[0,407,770,1562]
[0,139,407,695,770,1071,1123,1413,1562]
[0,139,455,744,1413,1562]
[0,407,770,978,1123,1261,1562]
[0,139,407,770,1071,1123,1413,1562]
[0,455,744,990,1156,1435,1562]
[0,695,1123,1562]
[0,407,791,978,1123,1435,1562]
[0,407,1562]
[0,139,407,770,978,1123,1413,1562]
[0,139,407,791,978,1562]
[0,139,407,770,1123,1413,1562]
[0,455,744,990,1156,1562]
[0,139,407,791,978,1123,1261,1562]
[0,455,744,990,1562]
[0,695,1562]
[0,139,407,770,1261,1562]
[0,407,770,978,1562]
[0,139,407,770,1123,1261,1562]
[0,139,407,1413,1562]
[0,139,407,770,978,1123,1261,1562]
[0,139,407,695,770,978,1071,1123,1261,1562]
[0,139,407,695,770,1562]
[0,407,791,990,1156,1562]
[0,139,407,1123,1261,1562]
[0,139,407,695,791,978,1071,1123,1435,1562]
[0,407,770,1123,1562]
[0,139,407,1123,1413,1562]
[0,407,770,1413,1562]
[0,139,407,770,978,1123,1261,1413,1562]
[0,139,455,744,990,1156,1435,1562]
[0,139,407,695,770,1123,1261,1562]
[0,402,1562]
[0,139,407,695,770,1261,1562]
[0,407,1123,1562]
[0,139,407,791,990,1562]
[0,455,1156,1435,1562]
[0,407,770,978,1123,1562]
[0,402,1413,1562]
[0,139,407,695,770,978,1123,1261,1413,1562]
[0,455,990,1156,1562]
[0,139,407,695,770,978,1123,1261,1562]
[0,407,1413,1562]
[0,139,407,695,770,978,1071,1123,1261,1413,1562]
[0,139,407,791,978,1123,1261,1435,1562]
[0,407,791,1435,1562]
[0,407,770,978,1123,1413,1562]
[0,139,407,1562]
[0,407,1071,1123,1413,1562]
[0,139,407,770,1071,1123,1261,1562]
[0,455,990,1156,1435,1562]
[0,407,791,990,1562]
[0,407,1071,1123,1261,1562]
[0,407,791,978,1123,1261,1562]
[0,139,407,791,990,1156,1435,1562]
[0,139,407,695,770,1071,1123,1261,1562]
[0,139,407,791,978,1123,1435,1562]
[0,139,407,770,1413,1562]
[0,402,719,1413,1562]
[0,407,770,1071,1123,1413,1562]
[0,407,695,791,978,1123,1435,1562]
[0,402,719,1562]
[0,407,770,1071,1123,1261,1562]
[0,407,791,978,1123,1562]
[0,139,407,695,791,990,1156,1435,1562]
[0,455,1562]
[0,139,407,695,791,978,1123,1435,1562]
[0,139,407,695,791,978,1071,1123,1261,1435,1562]
[0,139,407,1261,1562]
[0,455,1156,1562]
[0,407,791,1562]
[0,407,791,990,1156,1435,1562]
[0,139,407,695,791,978,1123,1261,1435,1562]
[0,139,407,770,1562]
[0,139,407,1071,1123,1413,1562]
[0,407,791,978,1435,1562]
[0,139,407,770,978,1123,1562]
[0,139,407,695,770,1413,1562]
