[0,261,507,1087,1694,2697,3353]
[0,261,507,931,1087,1324,1694,1928,2224,2697,3274,3353]
[0,549,3353]
[0,1087,3259,3353]
[0,261,507,1087,1694,2224,2697,3353]
[0,931,1087,1324,2697,3353]
[0,549,1087,1532,3199,3353]
[0,549,1087,2224,3353]
[0,507,1087,3353]
[0,549,931,1087,1324,2224,2533,3353]
[0,980,3353]
[0,261,507,931,1087,1324,1694,1928,2224,2697,3353]
[0,549,1087,1324,2224,3353]
[0,1087,1694,2697,3353]
[0,261,507,931,1087,1324,2697,3274,3353]
[0,1087,1324,3353]
[0,980,1324,3353]
[0,980,3274,3353]
[0,1087,2224,3353]
[0,549,1087,1324,3199,3353]
[0,1087,3274,3353]
[0,507,1087,2697,3353]
[0,415,1087,2533,3353]
[0,415,1087,3259,3353]
[0,261,507,931,1087,1324,3274,3353]
[0,415,1087,3353]
[0,1087,3353]
[0,261,507,1087,1324,1694,2224,2697,3353]
[0,507,931,1087,1324,3353]
[0,507,931,1087,1324,3274,3353]
[0,549,1087,3353]
[0,1087,1532,3353]
[0,931,1087,1324,3274,3353]
[0,549,1087,2533,3353]
[0,3274,3353]
[0,931,3259,3353]
[0,507,931,1087,1324,2697,3353]
[0,261,507,931,1087,1324,1694,2697,3353]
[0,1087,1324,3199,3353]
[0,549,1087,1324,3353]
[0,261,507,931,1087,1324,1694,2697,3274,3353]
[0,1020,3353]
[0,1087,1324,2697,3353]
[0,1087,2533,3353]
[0,261,507,1087,3353]
[0,261,507,1087,1324,1694,2697,3353]
[0,261,507,1087,1324,3353]
[0,415,1087,2533,3274,3353]
[0,549,931,1087,1324,2224,2533,3199,3353]
[0,507,1087,1324,3353]
[0,980,1324,3274,3353]
[0,1087,1532,3199,3353]
[0,261,507,1087,2697,3353]
[0,1087,3199,3353]
[0,3229,3353]
[0,549,1087,1324,2224,2533,3353]
[0,1087,2697,3353]
[0,1087,1324,2533,3353]
[0,931,3353]
[0,931,1087,1324,3353]
[0,261,507,931,1087,1324,1694,2224,2697,3274,3353]
[0,261,507,931,1087,1324,1694,2224,2697,3353]
[0,549,1087,1532,3353]
[0,507,1087,1324,2697,3353]
[0,3259,3353]
[0,549,1087,2224,2533,3353]
[0,261,507,931,1087,1324,2697,3353]
[0,261,507,931,1087,1324,3353]
[0,549,1087,1324,2224,2533,3199,3353]
[0,980,1323,3274,3353]
[0,415,1087,3274,3353]
[0,549,1087,1324,2533,3353]
[0,980,1323,3353]
[0,507,1087,1694,2697,3353]
[0,507,1087,1694,2224,2697,3353]
[0,549,1087,1324,2224,3199,3353]
[0,261,507,1087,1324,1694,1928,2224,2697,3353]
[0,261,507,1087,1324,2697,3353]
[0,3199,3353]
[0,1087,1324,3274,3353]
[0,1020,3229,3353]
[0,2224,3353]
