[0,129,226,474,1722,1875]
[0,129,226,316,474,885,1875]
[0,129,226,311,474,885,1875]
[0,226,360,885,1875]
[0,885,1273,1875]
[0,316,474,885,1273,1875]
[0,129,226,316,474,885,1273,1875]
[0,129,226,360,885,1806,1875]
[0,138,226,316,474,885,1875]
[0,316,1806,1875]
[0,138,226,316,474,885,1273,1875]
[0,1806,1875]
[0,226,1875]
[0,226,474,885,1722,1875]
[0,129,316,1875]
[0,138,226,1875]
[0,129,226,316,474,885,1273,1806,1875]
[0,129,226,316,885,1806,1875]
[0,138,226,316,1875]
[0,138,226,360,1806,1875]
[0,226,1806,1875]
[0,129,226,360,885,1273,1875]
[0,129,226,474,885,1273,1806,1875]
[0,226,1722,1875]
[0,226,474,885,1273,1875]
[0,360,1875]
[0,129,226,316,474,885,1273,1739,1806,1875]
[0,360,885,1273,1875]
[0,360,1806,1875]
[0,226,360,1806,1875]
[0,129,316,1806,1875]
[0,138,226,316,474,885,1273,1806,1875]
[0,129,226,474,885,1273,1875]
[0,129,226,474,885,1722,1875]
[0,138,316,474,885,1875]
[0,129,226,311,474,885,1273,1722,1806,1875]
[0,129,226,1806,1875]
[0,129,226,311,474,885,1806,1875]
[0,474,885,1273,1875]
[0,129,226,474,1806,1875]
[0,129,226,1722,1875]
[0,138,316,885,1875]
[0,138,226,316,1806,1875]
[0,316,474,885,1875]
[0,138,316,474,885,1273,1875]
[0,360,885,1875]
[0,129,226,360,885,1273,1806,1875]
[0,129,226,360,1806,1875]
[0,129,226,316,1806,1875]
[0,138,226,316,885,1806,1875]
[0,129,226,1875]
[0,226,360,1875]
[0,129,226,474,885,1875]
[0,316,1875]
[0,226,474,1722,1875]
[0,138,226,316,474,885,1806,1875]
[0,138,316,1806,1875]
[0,129,226,474,885,1273,1722,1806,1875]
[0,138,316,1875]
[0,138,226,316,885,1875]
[0,226,474,1875]
[0,138,226,316,474,885,1273,1739,1806,1875]
[0,138,226,360,1875]
[0,138,226,360,885,1806,1875]
[0,316,885,1273,1875]
[0,474,1875]
[0,129,226,474,885,1806,1875]
[0,316,885,1875]
[0,129,226,311,474,885,1273,1722,1875]
[0,129,226,474,885,1273,1722,1875]
[0,129,226,316,1875]
[0,226,474,885,1273,1722,1875]
[0,129,226,360,885,1875]
[0,129,226,360,1875]
[0,129,226,316,885,1875]
[0,138,226,360,885,1875]
[0,226,360,885,1806,1875]
[0,226,474,885,1875]
[0,226,360,885,1273,1806,1875]
[0,138,226,360,885,1273,1875]
[0,885,1875]
[0,138,226,360,885,1273,1806,1875]
[0,129,226,474,1875]
[0,129,226,311,474,885,1273,1875]
[0,129,226,311,474,885,1273,1806,1875]
[0,129,226,316,474,885,1806,1875]
[0,129,316,885,1875]
[0,226,360,885,1273,1875]
[0,474,885,1875]
