[0,1636,3117,4285]
[0,363,4285]
[0,1086,2049,2523,3117,3736,4285]
[0,1086,3718,4285]
[0,1086,3095,4285]
[0,363,1086,1731,2514,3095,3718,4285]
[0,363,1464,2049,2514,3095,3718,4285]
[0,363,1086,1731,3095,3572,4285]
[0,363,1086,1636,2049,3117,3736,4285]
[0,363,1086,1636,2049,3117,3736,4155,4285]
[0,1086,2514,3572,4285]
[0,1086,1731,3718,4285]
[0,1086,2049,2514,3572,4285]
[0,1086,1731,3095,4285]
[0,1464,2049,2523,3117,3736,4285]
[0,363,1086,1636,2049,2523,3117,3736,4285]
[0,1086,1464,2049,3718,4285]
[0,363,1086,1731,2049,3572,4285]
[0,363,1731,3718,4155,4285]
[0,1086,2049,4285]
[0,363,1731,3572,4155,4285]
[0,363,1086,1731,3095,3718,4155,4285]
[0,1731,3718,4155,4285]
[0,1086,1464,2049,3117,3736,4285]
[0,1086,1464,2049,2514,3095,3572,4285]
[0,1086,3572,4285]
[0,502,2049,3572,4285]
[0,1731,3572,4155,4285]
[0,1636,3736,4155,4285]
[0,363,1086,1731,2049,2514,3572,4285]
[0,1636,3572,4155,4285]
[0,2514,4285]
[0,363,1086,1731,2049,2514,3095,3718,4155,4285]
[0,363,1086,1636,3117,3736,4155,4285]
[0,363,1086,1464,2049,2514,3095,3718,4285]
[0,363,1464,2049,3095,3718,4285]
[0,363,1086,1731,2514,3572,4285]
[0,363,2049,3572,4155,4285]
[0,1086,2049,3117,4285]
[0,1464,2049,3095,3718,4285]
[0,1086,3736,4285]
[0,1464,3117,4285]
[0,1464,3095,4285]
[0,1086,1731,2514,3572,4285]
[0,1086,1636,2049,2523,3117,3736,4285]
[0,363,1086,2049,3572,4285]
[0,363,1086,1464,2049,3572,4285]
[0,363,1086,1731,2049,2514,3095,3572,3718,4285]
[0,363,1464,2049,3736,4155,4285]
[0,363,1464,2049,3718,4285]
[0,1086,2049,3572,4285]
[0,363,1086,1636,3117,3736,4285]
[0,1086,2049,3095,3572,4285]
[0,1464,2049,4285]
[0,1464,3572,4285]
[0,363,1086,1731,3718,4285]
[0,1731,3718,4285]
[0,1636,2523,3117,4285]
[0,1464,2049,3117,4285]
[0,363,1086,1464,2049,2514,3095,3718,4155,4285]
[0,363,1464,3572,4285]
[0,363,1086,1731,3572,4155,4285]
[0,363,1731,3718,4285]
[0,363,1464,2049,3572,4285]
[0,363,1086,1731,2049,2514,3095,3718,4285]
[0,363,1086,1636,3736,4155,4285]
[0,1464,2049,3572,4285]
[0,1086,1464,2049,3572,4285]
[0,1086,1464,2049,2514,3572,4285]
[0,1464,3736,4285]
[0,363,1086,1464,2049,2523,3117,3736,4285]
[0,3117,4285]
[0,363,1464,2049,2514,3095,3718,4155,4285]
[0,1086,1731,2514,3095,3718,4285]
[0,1636,4285]
[0,363,1086,1731,3718,4155,4285]
[0,1464,4285]
[0,363,1464,2049,3117,3736,4285]
[0,363,1464,3736,4285]
[0,3095,4285]
[0,363,1086,1731,2049,2514,3095,3572,4285]
[0,363,1086,1636,3572,4155,4285]
[0,2049,4285]
[0,363,2049,3572,4285]
[0,363,2049,4285]
[0,363,1086,1464,2049,2514,3095,3572,4285]
[0,1464,2049,3736,4285]
[0,363,1086,1464,2049,2514,3572,4285]
[0,1086,2049,2514,3095,3718,4285]
[0,363,1464,2049,3095,3718,4155,4285]
[0,1086,3117,4285]
[0,502,2049,3572,4155,4285]
[0,1086,1464,2049,2514,3095,3718,4285]
[0,363,1464,2049,2523,3117,3736,4155,4285]
[0,363,1086,1731,2514,3095,3718,4155,4285]
[0,2049,3736,4285]
[0,1086,1636,3572,4285]
[0,1086,1464,2049,3736,4285]
[0,1086,1636,2523,3117,4285]
[0,1086,1464,3572,4285]
[0,363,1086,1731,2514,3095,3572,4285]
[0,363,1086,1731,3572,4285]
[0,1086,2049,3572,4155,4285]
[0,1086,1731,3572,4285]
[0,1086,1636,3736,4285]
[0,1731,3572,4285]
[0,502,2049,4285]
[0,363,1464,2049,3718,4155,4285]
[0,363,1086,1464,2049,2523,3117,3736,4155,4285]
[0,363,1636,3572,4155,4285]
[0,1086,1731,4285]
[0,1086,2049,3718,4285]
[0,1086,2049,3095,4285]
[0,1086,2049,3117,3736,4285]
[0,1086,2049,3095,3718,4285]
[0,1464,3718,4285]
[0,2049,3572,4285]
[0,363,1086,1731,3095,3718,4285]
[0,1086,1636,3117,3736,4285]
[0,363,1731,3572,4285]
[0,1464,3718,4155,4285]
[0,1086,1731,2514,3095,3572,4285]
[0,363,1636,3736,4285]
[0,1086,1464,2049,2523,3117,3736,4285]
[0,363,1464,2049,3736,4285]
[0,363,1636,3736,4155,4285]
[0,1086,1636,3117,4285]
[0,363,1464,2049,2523,3117,3736,4285]
[0,363,1464,3736,4155,4285]
[0,363,1464,3718,4285]
[0,1086,1464,2049,3095,3718,4285]
[0,1086,2514,4285]
[0,1464,3736,4155,4285]
[0,363,2049,4155,4285]
[0,363,1086,1636,3572,4285]
[0,363,1464,2049,3117,3736,4155,4285]
[0,1636,3572,4285]
[0,1464,2049,3718,4285]
[0,1464,2049,3095,4285]
[0,1086,1636,2523,3117,3736,4285]
[0,1464,2049,2514,3095,3718,4285]
[0,1086,2049,2514,3095,3572,4285]
[0,363,1086,1636,2049,2523,3117,3736,4155,4285]
[0,1086,1636,2049,3117,3736,4285]
[0,1731,4285]
[0,363,1636,3572,4285]
[0,1086,4285]
[0,1086,1731,3095,3718,4285]
[0,1086,2049,3736,4285]
[0,363,1086,2049,3572,4155,4285]
[0,363,1086,1636,3736,4285]
[0,1086,3572,4155,4285]
[0,1464,2049,3117,3736,4285]
[0,1086,1731,2514,3095,4285]
[0,363,1086,1464,2049,2514,3095,3572,3718,4285]
[0,502,2049,3736,4285]
[0,363,1086,1731,2049,2514,3095,3572,3718,4155,4285]
[0,1636,3736,4285]
[0,1086,1731,3095,3572,4285]
[0,363,1464,3718,4155,4285]
[0,363,1086,1464,2049,2514,3095,3572,3718,4155,4285]
[0,1086,1636,4285]
