[0,578,1046]
[0,131,525,683,1046]
[0,131,283,528,683,1046]
[0,530,683,1046]
[0,131,201,283,461,530,683,880,1046]
[0,131,201,530,683,1046]
[0,131,283,530,683,1046]
[0,131,470,525,683,1046]
[0,683,880,1046]
[0,131,1046]
[0,131,221,401,525,683,887,1046]
[0,525,683,1046]
[0,283,530,683,880,1046]
[0,530,683,880,1046]
[0,283,530,1046]
[0,683,1046]
[0,283,530,683,1046]
[0,131,221,283,525,683,1046]
[0,528,683,1046]
[0,131,201,283,530,683,880,1046]
[0,131,525,683,887,1046]
[0,131,201,283,528,683,1046]
[0,131,201,283,470,530,683,887,1046]
[0,131,221,283,401,470,525,683,887,1046]
[0,131,221,525,683,887,1046]
[0,283,528,1046]
[0,131,683,887,1046]
[0,131,283,528,683,887,1046]
[0,131,530,683,887,1046]
[0,131,221,470,525,683,887,1046]
[0,201,683,1046]
[0,578,887,1046]
[0,283,683,887,1046]
[0,131,530,683,880,1046]
[0,887,1046]
[0,283,528,683,1046]
[0,131,201,283,528,683,887,1046]
[0,131,201,283,342,470,530,683,887,1046]
[0,131,283,530,683,887,1046]
[0,131,201,283,530,683,1046]
[0,131,221,283,470,525,683,887,1046]
[0,131,221,525,683,1046]
[0,131,221,470,525,683,1046]
[0,525,683,887,1046]
[0,131,530,683,1046]
[0,131,221,283,525,683,887,1046]
[0,131,401,525,683,887,1046]
[0,528,1046]
[0,283,683,1046]
[0,131,683,1046]
[0,131,283,530,683,880,1046]
[0,131,528,683,887,1046]
[0,283,528,683,887,1046]
[0,283,530,880,1046]
[0,131,201,283,461,530,683,1046]
[0,530,1046]
[0,683,887,1046]
[0,131,221,283,401,525,683,887,1046]
[0,131,201,528,683,1046]
[0,131,528,683,1046]
[0,131,201,283,530,683,887,1046]
[0,283,530,683,887,1046]
[0,530,683,887,1046]
[0,528,683,887,1046]
