[0,653,997]
[0,252,551,997]
[0,196,252,551,601,825,997]
[0,252,451,551,698,997]
[0,128,252,551,601,997]
[0,252,551,601,698,825,997]
[0,196,252,551,698,825,997]
[0,128,252,601,997]
[0,252,451,551,698,825,997]
[0,252,551,653,997]
[0,205,252,451,551,601,698,825,997]
[0,196,252,551,698,997]
[0,252,997]
[0,196,252,451,551,825,997]
[0,252,601,997]
[0,128,252,551,825,997]
[0,551,653,825,997]
[0,196,252,601,997]
[0,252,779,997]
[0,196,252,551,601,779,825,997]
[0,128,252,551,601,698,997]
[0,698,997]
[0,252,825,997]
[0,128,252,551,653,825,997]
[0,128,252,551,653,997]
[0,551,825,997]
[0,196,252,551,825,997]
[0,196,252,825,997]
[0,551,653,997]
[0,205,252,551,601,698,825,997]
[0,601,997]
[0,196,252,451,551,601,698,825,997]
[0,252,551,698,997]
[0,205,252,551,601,825,997]
[0,252,451,551,601,825,997]
[0,128,252,451,551,601,825,997]
[0,128,252,451,551,825,997]
[0,252,653,997]
[0,252,551,601,825,997]
[0,196,252,451,551,601,825,997]
[0,205,252,551,601,997]
[0,252,451,551,601,698,825,997]
[0,196,252,451,551,698,997]
[0,205,252,551,601,779,825,997]
[0,128,252,551,698,825,997]
[0,196,252,997]
[0,205,252,451,551,601,825,997]
[0,205,252,451,551,601,698,779,825,997]
[0,128,252,551,698,997]
[0,551,698,997]
[0,551,601,997]
[0,196,252,551,601,997]
[0,128,252,825,997]
[0,196,252,551,601,698,825,997]
[0,551,997]
[0,128,252,451,551,698,997]
[0,252,698,997]
[0,196,252,698,997]
[0,196,252,451,551,601,698,997]
[0,252,551,653,825,997]
[0,252,551,779,997]
[0,128,252,653,997]
[0,128,252,451,551,601,698,997]
[0,252,451,551,825,997]
[0,205,252,551,601,698,779,825,997]
[0,196,252,551,601,698,779,825,997]
[0,252,551,601,997]
[0,196,252,451,551,698,825,997]
[0,551,601,825,997]
[0,825,997]
[0,196,252,451,551,601,698,779,825,997]
[0,196,252,551,601,698,997]
[0,252,551,698,825,997]
[0,128,252,551,601,825,997]
[0,252,551,825,997]
