[0,817,964,1327]
[0,657,1327]
[0,601,817,964,1327]
[0,657,817,944,1327]
[0,817,944,1327]
[0,537,761,964,1190,1327]
[0,601,817,964,1190,1327]
[0,761,964,1327]
[0,657,964,1190,1327]
[0,62,761,964,1190,1327]
[0,531,1327]
[0,657,817,1327]
[0,537,761,964,1327]
[0,817,1327]
[0,62,484,531,761,964,1190,1327]
[0,761,964,1190,1327]
[0,62,601,817,964,1190,1327]
[0,817,964,1190,1327]
[0,657,817,944,1023,1327]
[0,62,657,817,964,1190,1327]
[0,62,537,761,964,1190,1327]
[0,62,1327]
[0,62,657,1327]
[0,761,944,1327]
[0,761,964,1052,1190,1327]
[0,62,761,944,1023,1327]
[0,531,761,964,1327]
[0,657,964,1327]
[0,601,1327]
[0,62,484,537,761,964,1190,1327]
[0,601,964,1327]
[0,657,944,1327]
[0,537,1327]
[0,964,1327]
[0,657,817,964,1327]
[0,944,1327]
[0,601,856,1327]
[0,531,761,964,1190,1327]
[0,62,817,964,1190,1327]
[0,62,531,761,964,1190,1327]
[0,62,537,761,964,1052,1190,1327]
[0,537,964,1327]
[0,62,657,817,1327]
[0,62,657,964,1190,1327]
[0,657,1021,1327]
[0,62,817,1327]
[0,761,944,1023,1327]
[0,62,601,856,1327]
[0,62,657,817,944,1023,1327]
[0,657,817,964,1190,1327]
[0,531,964,1327]
[0,62,484,537,761,964,1052,1190,1327]
[0,62,601,1327]
[0,62,657,1021,1327]
[0,817,944,1023,1327]
[0,537,761,964,1052,1190,1327]
