[0,652,1354,2019]
[0,970,2019]
[0,652,1030,1354,1798,2019]
[0,259,571,693,1030,1469,2019]
[0,970,1469,1798,1962,2019]
[0,259,1030,1469,1934,2019]
[0,259,1030,1469,1641,2019]
[0,970,1469,1798,2019]
[0,652,1030,1354,1934,2019]
[0,259,970,1354,2019]
[0,1962,2019]
[0,571,2019]
[0,652,1798,2019]
[0,970,1651,2019]
[0,1030,1354,1609,1934,2019]
[0,652,1030,1354,2019]
[0,1030,1354,1934,2019]
[0,259,1030,1354,1934,2019]
[0,571,1030,1469,2019]
[0,571,693,1030,1469,1641,1934,2019]
[0,259,1030,1469,2019]
[0,1651,1798,2019]
[0,652,1030,1354,1707,2019]
[0,970,1354,1798,2019]
[0,1030,1469,2019]
[0,571,1469,2019]
[0,1030,1469,1934,2019]
[0,652,1030,1354,1707,1934,2019]
[0,259,652,1354,1798,2019]
[0,970,1469,1651,1798,2019]
[0,1609,2019]
[0,57,259,1030,1354,1934,2019]
[0,1030,2019]
[0,571,1030,1469,1641,2019]
[0,259,571,693,1030,1469,1641,1934,2019]
[0,652,1088,2019]
[0,970,1469,2019]
[0,652,1354,1798,2019]
[0,259,970,1469,2019]
[0,259,970,1469,1651,1798,2019]
[0,108,652,1088,1758,2019]
[0,652,1088,1758,2019]
[0,970,1354,1962,2019]
[0,652,1651,2019]
[0,259,970,1354,1798,2019]
[0,259,970,1469,1651,1798,1962,2019]
[0,259,970,1354,1651,1798,2019]
[0,259,571,693,1030,1469,1641,2019]
[0,57,259,571,693,1030,1469,1641,1934,2019]
[0,1030,1354,1798,2019]
[0,259,1030,1354,1609,2019]
[0,1651,1962,2019]
[0,571,693,1030,1469,1934,2019]
[0,571,693,1030,1469,2019]
[0,1609,1934,2019]
[0,259,571,1030,1469,1641,2019]
[0,259,652,1354,2019]
[0,970,1354,1651,1798,2019]
[0,970,1651,1798,2019]
[0,1469,2019]
[0,970,1354,2019]
[0,259,1030,1469,1641,1934,2019]
[0,259,571,1030,1469,2019]
[0,970,1651,1798,1962,2019]
[0,571,693,1030,1469,1641,2019]
[0,108,652,1088,2019]
[0,1030,1609,1934,2019]
[0,57,259,1030,1354,1609,1934,2019]
[0,1354,2019]
[0,652,2019]
[0,259,1030,1354,2019]
[0,259,1030,1354,1609,1934,2019]
[0,57,259,1030,1469,1641,1934,2019]
[0,57,259,970,1469,1651,1798,1962,2019]
[0,1651,2019]
[0,571,1088,2019]
[0,970,1651,1962,2019]
[0,571,1030,1469,1934,2019]
[0,970,1469,1962,2019]
[0,970,1469,1651,1798,1962,2019]
[0,57,259,970,1354,1651,1798,1962,2019]
[0,259,970,1469,1798,2019]
[0,1030,1354,2019]
[0,259,970,1354,1651,1798,1962,2019]
[0,1030,1609,2019]
[0,970,1354,1651,1798,1962,2019]
[0,1030,1354,1609,2019]
[0,1934,2019]
