[0,387,947,1676,2211]
[0,131,387,947,1254,1434,2211]
[0,958,1820,2211]
[0,1606,2211]
[0,429,1434,2211]
[0,131,1935,2211]
[0,470,2211]
[0,387,1254,1434,2211]
[0,947,1434,2211]
[0,387,699,947,1434,2211]
[0,275,958,1820,2211]
[0,265,892,1606,2211]
[0,476,1676,2211]
[0,131,2211]
[0,265,2211]
[0,476,699,947,1676,2211]
[0,892,1606,2211]
[0,892,2211]
[0,387,1676,2211]
[0,131,470,1350,2211]
[0,131,387,947,1676,2211]
[0,131,429,947,1265,1434,2211]
[0,265,892,1350,2211]
[0,387,699,947,1254,1434,2211]
[0,476,947,1676,2211]
[0,892,1350,2211]
[0,470,1676,2211]
[0,131,476,1676,2211]
[0,265,1350,2211]
[0,1820,2211]
[0,131,476,699,947,1676,2211]
[0,131,1676,2211]
[0,429,2211]
[0,429,1265,1434,2211]
[0,131,387,1676,2211]
[0,387,947,1434,2211]
[0,387,947,1254,1434,2211]
[0,275,1820,2211]
[0,131,947,1935,2211]
[0,1434,2211]
[0,947,1676,2211]
[0,387,699,947,1676,2211]
[0,387,1434,2211]
[0,429,1350,2211]
[0,1676,2211]
[0,473,2211]
[0,131,473,699,947,1350,2211]
[0,473,947,1350,2211]
[0,131,473,947,1350,2211]
[0,265,1606,2211]
[0,131,429,1265,1434,2211]
[0,958,2211]
[0,1350,2211]
[0,131,476,699,1676,2211]
[0,131,387,699,947,1676,2211]
[0,131,429,947,1350,2211]
[0,470,947,1350,2211]
[0,476,2211]
[0,947,2211]
[0,473,1350,2211]
[0,947,1935,2211]
[0,131,473,1350,2211]
[0,1935,2211]
[0,429,947,1265,1434,2211]
[0,470,1350,2211]
[0,429,947,1434,2211]
[0,476,699,1676,2211]
[0,275,2211]
[0,131,387,699,947,1254,1434,2211]
[0,387,2211]
[0,131,947,1676,2211]
[0,429,947,1350,2211]
[0,473,699,947,1350,2211]
[0,131,387,1254,1434,2211]
[0,131,470,947,1350,2211]
