[0,778,1331,1632]
[0,778,1041,1191,1331,1632]
[0,778,1632]
[0,706,1331,1632]
[0,449,778,1632]
[0,778,1041,1247,1331,1632]
[0,148,1331,1632]
[0,148,1632]
[0,522,778,1041,1331,1632]
[0,148,563,778,1330,1632]
[0,148,260,636,778,1136,1330,1632]
[0,449,706,1136,1331,1632]
[0,148,522,636,1331,1632]
[0,522,1330,1632]
[0,148,636,1331,1632]
[0,778,1136,1330,1632]
[0,522,1632]
[0,148,522,636,778,1041,1247,1331,1632]
[0,148,778,1136,1330,1632]
[0,148,260,778,1330,1632]
[0,449,706,1331,1632]
[0,148,260,522,636,778,1041,1331,1632]
[0,636,1330,1632]
[0,324,778,1331,1632]
[0,636,1632]
[0,324,778,1136,1331,1632]
[0,522,636,1331,1632]
[0,148,522,636,1247,1331,1632]
[0,148,260,778,1136,1330,1632]
[0,563,778,1330,1632]
[0,148,778,1041,1331,1632]
[0,449,778,1330,1632]
[0,148,636,778,1136,1330,1632]
[0,148,706,1331,1632]
[0,148,260,395,522,636,778,1041,1191,1331,1632]
[0,148,260,778,1331,1632]
[0,1331,1632]
[0,148,522,636,778,1041,1331,1632]
[0,148,395,522,778,1331,1632]
[0,522,636,778,1041,1331,1632]
[0,148,260,449,636,778,1136,1330,1632]
[0,449,778,1136,1330,1632]
[0,148,636,778,1041,1331,1632]
[0,778,1136,1331,1632]
[0,148,260,636,778,1041,1331,1632]
[0,522,778,1041,1247,1331,1632]
[0,148,778,1136,1331,1632]
[0,148,778,1331,1632]
[0,148,778,1041,1191,1331,1632]
[0,522,636,1247,1331,1632]
[0,1330,1632]
[0,148,324,778,1136,1331,1632]
[0,148,522,778,1041,1331,1632]
[0,148,260,522,636,778,1041,1247,1331,1632]
[0,148,260,395,522,636,778,1041,1247,1331,1632]
[0,522,778,1331,1632]
[0,148,449,636,778,1136,1330,1632]
[0,706,1163,1331,1632]
[0,449,706,1163,1331,1632]
[0,148,260,395,522,636,778,1331,1632]
[0,148,778,1330,1632]
[0,148,522,636,778,1041,1191,1331,1632]
[0,148,449,706,1163,1331,1632]
[0,778,1330,1632]
[0,148,706,1163,1331,1632]
[0,148,522,778,1041,1191,1331,1632]
[0,636,1331,1632]
[0,324,778,1632]
[0,148,260,778,1041,1191,1331,1632]
[0,148,449,778,1136,1330,1632]
[0,778,1041,1331,1632]
[0,148,522,636,778,1331,1632]
[0,778,1247,1331,1632]
[0,148,260,778,1041,1331,1632]
[0,148,395,522,636,778,1041,1331,1632]
[0,148,260,522,636,778,1331,1632]
[0,706,1136,1331,1632]
[0,522,636,778,1041,1247,1331,1632]
[0,148,522,778,1331,1632]
[0,706,1632]
[0,148,395,522,778,1041,1331,1632]
[0,148,395,522,636,778,1041,1191,1331,1632]
[0,522,636,778,1331,1632]
[0,148,636,1330,1632]
[0,148,395,522,778,1041,1191,1331,1632]
[0,148,449,706,1331,1632]
[0,148,260,395,522,636,778,1041,1331,1632]
[0,148,395,522,636,778,1331,1632]
[0,148,449,706,1136,1331,1632]
