[0,68,291,649,838,969,1149,1642]
[0,68,649,838,1149,1642]
[0,291,700,1129,1642]
[0,291,649,969,1642]
[0,555,1642]
[0,555,700,846,1149,1642]
[0,700,1129,1642]
[0,649,846,1642]
[0,700,1642]
[0,649,969,1642]
[0,61,700,846,1149,1642]
[0,61,555,700,846,1149,1642]
[0,838,1149,1642]
[0,649,838,1149,1642]
[0,291,700,1642]
[0,1149,1642]
[0,61,649,838,1149,1642]
[0,846,1149,1642]
[0,649,1642]
[0,291,555,649,838,969,1149,1642]
[0,291,649,1642]
[0,61,649,838,969,1149,1642]
[0,61,649,846,1149,1642]
[0,68,649,969,1149,1642]
[0,649,838,969,1149,1642]
[0,649,846,1149,1642]
[0,68,291,649,969,1149,1642]
[0,291,649,969,1149,1642]
[0,700,846,1642]
[0,291,838,1149,1642]
[0,649,969,1149,1642]
[0,649,838,1642]
[0,291,649,838,969,1149,1642]
[0,68,291,649,838,1149,1642]
[0,291,649,838,1149,1642]
[0,68,291,555,649,838,969,1149,1642]
[0,700,846,1149,1642]
