[0,127,316,851,1152,1491,1736,1944,2019]
[0,348,851,1152,1411,2019]
[0,348,851,1411,2019]
[0,851,2019]
[0,127,348,1386,2019]
[0,127,348,851,1386,1491,1736,2019]
[0,316,2019]
[0,127,348,851,1152,1411,1725,1944,2019]
[0,316,1152,2019]
[0,348,1386,2019]
[0,316,851,1386,1736,2019]
[0,316,851,1152,2019]
[0,127,348,851,1386,2019]
[0,127,348,1411,1944,2019]
[0,127,348,851,1152,1411,1944,2019]
[0,851,1411,2019]
[0,127,348,851,1386,1491,2019]
[0,348,851,1152,1725,2019]
[0,127,348,1386,1491,2019]
[0,127,316,851,1386,2019]
[0,1152,2019]
[0,127,316,851,1152,1736,2019]
[0,348,1386,1491,2019]
[0,348,851,1386,2019]
[0,127,316,851,1386,1491,1736,1944,2019]
[0,127,316,851,1386,1491,1736,2019]
[0,316,851,1386,1491,2019]
[0,127,348,851,1411,1725,1944,2019]
[0,348,851,1386,1736,2019]
[0,348,1152,2019]
[0,127,316,851,1386,1736,2019]
[0,316,851,1152,1491,1736,2019]
[0,348,851,1411,1725,2019]
[0,127,348,851,1152,1411,2019]
[0,127,316,851,1152,1491,1736,2019]
[0,127,316,851,1386,1491,2019]
[0,127,316,851,1152,2019]
[0,127,348,1411,2019]
[0,127,348,851,1411,1944,2019]
[0,348,851,1152,2019]
[0,851,1386,2019]
[0,348,851,1152,1411,1725,2019]
[0,1411,2019]
[0,348,1411,2019]
[0,348,2019]
[0,127,316,851,1152,1944,2019]
[0,316,851,1152,1736,2019]
[0,127,348,851,1386,1491,1736,1944,2019]
[0,316,1386,2019]
[0,127,348,851,1152,1411,1725,2019]
[0,127,348,851,1411,2019]
[0,127,316,851,1152,1736,1944,2019]
[0,316,851,1386,2019]
[0,127,348,851,1386,1736,2019]
[0,316,1386,1491,2019]
[0,1386,2019]
[0,127,348,851,1411,1725,2019]
