[0,115,473,933,1064,1226,1327]
[0,473,734,933,1064,1327]
[0,473,903,1064,1226,1327]
[0,115,473,734,933,1064,1226,1327]
[0,1064,1327]
[0,734,1327]
[0,115,1064,1327]
[0,63,473,734,933,1064,1171,1327]
[0,63,473,734,933,1064,1226,1327]
[0,473,734,903,981,1064,1226,1327]
[0,63,473,933,1064,1327]
[0,473,1064,1327]
[0,63,473,734,903,981,1064,1226,1327]
[0,115,734,1064,1327]
[0,473,734,933,1064,1171,1327]
[0,473,734,933,1064,1226,1327]
[0,63,220,473,734,1064,1171,1327]
[0,473,734,1064,1327]
[0,63,473,734,933,981,1064,1327]
[0,63,115,220,473,734,933,981,1064,1171,1327]
[0,115,473,734,1064,1327]
[0,63,473,1064,1327]
[0,63,220,473,1064,1171,1327]
[0,63,473,734,933,981,1327]
[0,473,734,903,1064,1327]
[0,220,473,1064,1327]
[0,63,473,1064,1171,1327]
[0,115,220,473,1064,1327]
[0,473,734,1064,1171,1327]
[0,724,1327]
[0,63,473,734,903,1064,1226,1327]
[0,63,220,473,734,933,1064,1171,1327]
[0,220,473,734,933,1064,1171,1327]
[0,63,473,734,933,1064,1327]
[0,63,473,734,981,1327]
[0,63,473,1327]
[0,63,473,734,933,981,1064,1171,1327]
[0,473,1064,1171,1327]
[0,220,473,734,1064,1171,1327]
[0,981,1327]
[0,473,933,1064,1226,1327]
[0,473,734,981,1327]
[0,115,724,1064,1327]
[0,115,473,1113,1327]
[0,473,933,1064,1327]
[0,63,473,981,1327]
[0,473,1113,1327]
[0,220,473,734,1064,1327]
[0,220,473,1064,1171,1327]
[0,115,220,473,1064,1171,1327]
[0,115,220,473,734,1064,1171,1327]
[0,63,473,903,1064,1226,1327]
[0,115,473,1064,1327]
[0,734,1064,1327]
[0,63,115,220,473,734,933,1064,1171,1327]
[0,115,473,933,1064,1327]
[0,473,903,1064,1327]
[0,115,473,734,1064,1171,1327]
[0,473,734,903,1064,1226,1327]
[0,63,115,220,473,734,1064,1171,1327]
[0,63,220,473,734,933,981,1064,1171,1327]
[0,724,1064,1327]
[0,115,473,734,933,1064,1327]
[0,63,473,1064,1226,1327]
[0,473,1327]
[0,473,1064,1226,1327]
[0,115,473,1327]
[0,115,473,1064,1171,1327]
[0,220,473,734,933,1064,1327]
[0,115,473,1064,1226,1327]
[0,63,473,933,981,1327]
[0,63,115,220,473,1064,1171,1327]
[0,473,981,1327]
[0,115,473,981,1327]
[0,63,473,933,1064,1226,1327]
