[0,597,2019]
[0,390,597,726,1104,2019]
[0,1190,2019]
[0,390,639,1104,2019]
[0,435,2019]
[0,390,1190,2019]
[0,376,1190,2019]
[0,376,1104,2019]
[0,390,597,726,833,929,1104,2019]
[0,1104,2019]
[0,390,597,1190,2019]
[0,390,597,726,1190,2019]
[0,597,1104,2019]
[0,390,833,1104,2019]
[0,390,597,726,833,929,1190,2019]
[0,597,929,2019]
[0,726,2019]
[0,726,833,2019]
[0,376,639,1190,2019]
[0,390,597,726,833,1190,2019]
[0,390,2019]
[0,376,639,1104,2019]
[0,435,1190,2019]
[0,390,597,1104,2019]
[0,390,597,726,833,1104,2019]
[0,390,1104,2019]
[0,376,2019]
