[0,759,969]
[0,114,252,451,665,969]
[0,252,451,665,969]
[0,114,252,451,511,969]
[0,114,451,511,969]
[0,114,451,511,770,969]
[0,114,451,511,577,665,770,969]
[0,114,451,665,969]
[0,511,759,969]
[0,114,451,511,728,969]
[0,114,728,969]
[0,114,969]
[0,728,969]
[0,114,451,511,665,770,969]
[0,114,252,451,969]
[0,114,252,451,511,770,969]
[0,114,173,451,511,969]
[0,114,252,451,770,969]
[0,252,451,770,969]
[0,114,252,451,577,665,770,969]
[0,252,969]
[0,451,511,969]
[0,114,252,451,511,577,665,770,969]
[0,114,451,770,969]
[0,114,451,728,969]
[0,114,173,252,451,511,969]
[0,114,451,665,770,969]
[0,114,173,252,451,511,770,969]
[0,114,511,759,969]
[0,451,665,969]
[0,114,173,252,451,511,577,665,770,969]
[0,451,770,969]
[0,252,770,969]
[0,252,451,969]
[0,114,252,451,665,770,969]
[0,665,969]
[0,114,252,451,511,665,770,969]
[0,511,969]
[0,451,728,969]
[0,114,451,969]
[0,114,759,969]
[0,114,451,577,665,770,969]
[0,451,969]
[0,114,173,252,451,511,665,770,969]
