[0,705,916,1428,1911]
[0,591,1428,1911]
[0,591,916,1428,1911]
[0,241,591,710,1807,1911]
[0,241,488,1423,1867,1911]
[0,591,710,1807,1911]
[0,241,488,1413,1911]
[0,1413,1911]
[0,488,1428,1911]
[0,591,1423,1911]
[0,591,710,916,1244,1428,1911]
[0,591,710,1911]
[0,591,916,1244,1428,1911]
[0,591,710,916,1428,1911]
[0,312,710,1423,1911]
[0,591,1911]
[0,241,488,1423,1911]
[0,488,1423,1911]
[0,705,1428,1911]
[0,312,710,1469,1911]
[0,591,710,1428,1867,1911]
[0,710,1911]
[0,591,916,1911]
[0,241,591,710,1423,1911]
[0,488,710,1220,1428,1911]
[0,241,1911]
[0,591,916,1867,1911]
[0,710,1469,1911]
[0,1428,1867,1911]
[0,591,1807,1911]
[0,45,591,710,916,1244,1428,1911]
[0,241,591,1911]
[0,1867,1911]
[0,312,1423,1911]
[0,705,916,1244,1428,1911]
[0,241,488,1423,1581,1867,1911]
[0,45,591,710,1428,1911]
[0,488,1413,1911]
[0,241,591,1423,1911]
[0,591,916,1428,1867,1911]
[0,241,488,1423,1581,1911]
[0,916,1911]
[0,1807,1911]
[0,312,1469,1911]
[0,916,1867,1911]
[0,241,591,710,1423,1560,1911]
[0,45,591,710,916,1244,1428,1867,1911]
[0,45,591,710,1428,1867,1911]
[0,241,591,1423,1560,1911]
[0,591,710,1428,1911]
[0,1428,1911]
[0,488,1911]
[0,241,591,710,1423,1560,1807,1911]
[0,45,591,710,916,1428,1911]
[0,45,591,710,916,1428,1867,1911]
[0,1423,1911]
[0,1469,1911]
[0,710,1423,1911]
[0,705,1911]
[0,488,710,1428,1911]
[0,591,1428,1867,1911]
[0,241,488,1413,1807,1911]
[0,241,591,710,1423,1807,1911]
[0,241,591,710,1911]
