[0,108,459,696,1127,1313,1465]
[0,1127,1232,1465]
[0,1127,1254,1465]
[0,254,896,1465]
[0,254,1127,1465]
[0,1127,1313,1465]
[0,254,1127,1254,1465]
[0,696,1465]
[0,896,1156,1465]
[0,189,459,696,1127,1465]
[0,1211,1465]
[0,108,1465]
[0,896,1465]
[0,351,1127,1465]
[0,459,696,1127,1313,1465]
[0,189,1127,1211,1465]
[0,189,696,1465]
[0,1127,1465]
[0,108,1127,1313,1465]
[0,459,1127,1313,1465]
[0,189,1127,1465]
[0,459,696,1465]
[0,189,1465]
[0,1127,1211,1465]
[0,189,459,1127,1313,1465]
[0,189,1127,1232,1465]
[0,108,459,1127,1313,1465]
[0,1232,1465]
[0,1254,1465]
[0,189,459,696,1465]
[0,254,896,1156,1465]
[0,189,459,696,1127,1313,1465]
[0,1313,1465]
[0,459,1127,1465]
[0,189,1127,1254,1465]
[0,189,1127,1313,1465]
[0,108,1127,1465]
[0,459,1465]
[0,108,1127,1211,1465]
[0,189,459,1127,1465]
[0,351,1465]
[0,254,1465]
[0,459,696,1127,1465]
