[0,250,704,1557,2229,2638,2812]
[0,2229,2812]
[0,65,302,616,905,1989,2638,2812]
[0,302,616,905,1989,2229,2812]
[0,302,616,1989,2812]
[0,65,302,616,905,1989,2229,2638,2812]
[0,482,1557,2229,2812]
[0,65,250,482,1557,2229,2638,2812]
[0,302,616,905,1557,1989,2229,2638,2812]
[0,65,250,616,1557,2229,2638,2812]
[0,302,616,905,1989,2229,2638,2812]
[0,250,2229,2812]
[0,704,1605,2812]
[0,65,302,616,905,1557,2229,2638,2812]
[0,65,302,616,905,1060,1557,1989,2229,2638,2812]
[0,302,616,1557,2229,2812]
[0,616,1557,2229,2812]
[0,905,2229,2812]
[0,537,2229,2812]
[0,250,2229,2638,2812]
[0,250,482,2229,2812]
[0,1605,2812]
[0,905,2812]
[0,302,1989,2812]
[0,482,2229,2812]
[0,302,616,905,1060,1557,1989,2229,2638,2812]
[0,302,616,905,2229,2812]
[0,704,2229,2812]
[0,482,2812]
[0,302,616,905,1989,2812]
[0,250,616,1557,2229,2638,2812]
[0,616,1989,2638,2812]
[0,250,482,1557,2229,2638,2812]
[0,65,302,616,1989,2638,2812]
[0,302,2229,2812]
[0,616,2229,2812]
[0,302,1190,2812]
[0,616,2812]
[0,250,616,2229,2812]
[0,704,2812]
[0,65,302,616,1557,2229,2638,2812]
[0,704,1557,2812]
[0,302,616,1989,2229,2812]
[0,250,704,2229,2638,2812]
[0,302,1989,2638,2812]
[0,616,1557,2812]
[0,1190,2812]
[0,302,616,905,1989,2638,2812]
[0,250,704,1605,2812]
[0,302,616,1557,2229,2638,2812]
[0,250,704,1557,2229,2812]
[0,250,2812]
[0,302,616,1989,2638,2812]
[0,302,616,2229,2812]
[0,1989,2812]
[0,250,2638,2812]
[0,302,616,905,1060,1557,2229,2638,2812]
[0,1557,2812]
[0,1557,2229,2812]
[0,616,1989,2812]
[0,616,1557,2229,2638,2812]
[0,250,1605,2638,2812]
[0,302,1190,2638,2812]
[0,250,482,1557,2229,2812]
[0,302,616,905,1557,1989,2229,2812]
[0,302,2812]
[0,65,250,482,2229,2638,2812]
[0,250,704,2229,2812]
[0,65,302,616,905,1060,1557,2229,2638,2812]
[0,250,1605,2812]
[0,225,616,1557,2229,2812]
[0,704,1557,2229,2812]
[0,302,2638,2812]
[0,302,616,905,1557,2229,2812]
[0,250,616,1557,2229,2812]
[0,225,616,1557,2229,2638,2812]
[0,250,704,1605,2638,2812]
[0,250,482,2229,2638,2812]
[0,302,616,905,1557,2229,2638,2812]
