[0,902,1004,1392,1849,2120]
[0,383,928,1392,2120]
[0,410,902,1524,2120]
[0,85,432,928,2120]
[0,85,410,902,1199,1849,2120]
[0,410,902,1199,1849,2120]
[0,1469,1849,2120]
[0,432,928,1524,1849,2120]
[0,85,410,1199,1849,2120]
[0,85,2120]
[0,902,1004,1469,1849,2120]
[0,1469,2120]
[0,410,902,1199,1524,1849,2120]
[0,85,928,1849,2120]
[0,85,410,902,1849,2120]
[0,410,902,1392,2120]
[0,1392,2001,2120]
[0,432,928,2001,2120]
[0,1392,2120]
[0,410,1199,1849,2120]
[0,432,928,1392,2001,2120]
[0,410,744,1199,2120]
[0,410,902,1004,1199,1849,2120]
[0,410,744,1199,1524,1849,2120]
[0,85,410,1392,1849,2120]
[0,85,1199,1849,2120]
[0,432,928,1849,2120]
[0,902,1199,2120]
[0,410,1392,2120]
[0,85,432,928,2001,2120]
[0,85,432,928,1524,1849,2120]
[0,410,902,1849,2120]
[0,928,1392,2120]
[0,902,1469,1849,2120]
[0,85,902,1849,2120]
[0,383,902,1849,2120]
[0,410,744,1199,1524,2120]
[0,383,902,1004,1469,1849,2120]
[0,410,902,1392,1849,2120]
[0,432,928,2120]
[0,85,432,928,1199,2001,2120]
[0,383,902,1469,1849,2120]
[0,432,928,1199,2001,2120]
[0,928,2001,2120]
[0,85,410,744,1199,1524,1849,2066,2120]
[0,383,928,2120]
[0,410,902,1199,2120]
[0,928,1849,2120]
[0,383,1469,1849,2120]
[0,410,744,1199,1849,2120]
[0,85,432,928,1392,2001,2120]
[0,383,902,1199,2120]
[0,85,410,902,1004,1392,1849,2120]
[0,902,1524,1849,2120]
[0,1199,2120]
[0,85,1849,2120]
[0,410,902,1004,1392,1849,2120]
[0,410,1199,2120]
[0,85,383,902,1469,1849,2120]
[0,928,1524,1849,2120]
[0,432,928,1392,2120]
[0,85,383,902,1199,1849,2120]
[0,410,902,1004,1199,1524,1849,2120]
[0,928,2120]
[0,902,1199,1849,2120]
[0,85,410,744,1199,1849,2120]
[0,383,902,1469,2120]
[0,1392,1849,2120]
[0,383,962,2120]
[0,902,1392,1849,2120]
[0,928,1392,2001,2120]
[0,383,928,1392,2001,2120]
[0,85,928,2120]
[0,85,383,902,1849,2120]
[0,85,410,902,1004,1199,1524,1849,2066,2120]
[0,383,962,1849,2120]
[0,85,432,928,1849,2120]
[0,1849,2120]
[0,85,410,744,1199,1524,1849,2120]
[0,85,383,902,1004,1469,1849,2120]
[0,928,1524,2120]
[0,383,902,2120]
[0,85,1392,1849,2120]
[0,85,410,902,1392,1849,2120]
[0,85,383,1469,1849,2120]
[0,432,928,1199,2120]
[0,962,2120]
[0,85,1469,1849,2120]
[0,744,2120]
[0,902,1392,2120]
[0,902,1469,2120]
[0,85,410,902,1004,1199,1524,1849,2120]
[0,902,1524,2120]
[0,410,744,2120]
[0,1199,1849,2120]
[0,410,1392,1849,2120]
[0,383,1469,2120]
[0,744,1199,1849,2120]
[0,902,1004,1199,1849,2120]
[0,410,902,1199,1524,2120]
[0,383,902,1199,1849,2120]
[0,902,2120]
[0,410,902,1524,1849,2120]
[0,962,1849,2120]
[0,410,902,2120]
[0,902,1849,2120]
[0,432,928,1524,2120]
[0,744,1199,2120]
[0,85,410,902,1004,1199,1849,2120]
