[0,357,490,959,2120]
[0,421,698,2120]
[0,959,1672,2120]
[0,357,490,698,1672,2120]
[0,357,676,1672,2120]
[0,490,2120]
[0,357,490,603,1672,2120]
[0,357,676,2120]
[0,251,490,698,1672,2120]
[0,357,698,1672,2120]
[0,357,490,676,2120]
[0,357,698,2120]
[0,357,959,1672,2120]
[0,676,2120]
[0,698,2120]
[0,251,698,2120]
[0,357,603,2120]
[0,357,603,1672,2120]
[0,357,490,959,1672,2120]
[0,603,2120]
[0,698,1672,2120]
[0,698,1626,2120]
[0,421,698,1626,2120]
[0,357,490,698,2120]
[0,676,1672,2120]
[0,357,490,676,1672,2120]
[0,490,1626,2120]
[0,357,490,603,2120]
[0,490,1672,2120]
[0,603,1672,2120]
[0,357,959,2120]
[0,357,959,1286,2120]
[0,251,698,1672,2120]
[0,1626,2120]
[0,959,2120]
[0,357,490,959,1286,2120]
[0,357,490,2120]
