[0,336,1202,2120]
[0,317,677,1415,2120]
[0,677,2120]
[0,115,317,529,838,1415,2120]
[0,317,529,2120]
[0,115,317,529,2120]
[0,289,529,677,1415,1739,2120]
[0,317,529,838,1415,1739,2120]
[0,529,2120]
[0,677,1415,2120]
[0,289,564,1415,2120]
[0,317,529,838,1415,2120]
[0,838,1415,1739,2120]
[0,289,564,2120]
[0,115,317,529,838,1628,1739,2120]
[0,564,2120]
[0,317,838,1415,2120]
[0,115,317,529,838,1628,2120]
[0,1420,2120]
[0,1202,2120]
[0,529,1415,2120]
[0,115,317,529,1415,2120]
[0,115,317,529,677,1415,1739,2120]
[0,564,1415,2120]
[0,317,529,838,1628,2120]
[0,115,317,677,1415,2120]
[0,317,529,677,1415,1739,2120]
[0,838,1415,2120]
[0,317,529,1415,2120]
[0,317,529,677,1415,2120]
[0,473,1420,2120]
[0,317,838,1415,1739,2120]
[0,317,838,2120]
[0,677,1415,1739,2120]
[0,1415,2120]
[0,317,838,1628,2120]
[0,115,317,529,838,1415,1739,2120]
[0,529,1628,2120]
[0,115,317,529,1628,2120]
[0,115,317,677,2120]
[0,838,1628,2120]
[0,115,317,529,838,1415,1628,1739,2120]
[0,317,529,1628,2120]
[0,317,677,1415,1739,2120]
[0,473,2120]
[0,838,2120]
[0,317,677,2120]
[0,289,529,677,1415,2120]
[0,115,317,529,1628,1739,2120]
[0,289,677,1415,1739,2120]
[0,289,677,1415,2120]
[0,289,677,2120]
[0,115,317,529,677,1415,2120]
