[0,598,666,1027,1220,1291,1427]
[0,598,1291,1427]
[0,598,666,1190,1291,1427]
[0,598,1427]
[0,1220,1297,1427]
[0,1027,1427]
[0,666,1427]
[0,598,1190,1291,1427]
[0,598,666,965,1027,1220,1297,1427]
[0,666,1220,1427]
[0,1190,1291,1427]
[0,598,1220,1297,1427]
[0,1027,1220,1297,1427]
[0,666,1027,1291,1427]
[0,598,666,1027,1220,1297,1427]
[0,1291,1427]
[0,598,1220,1427]
[0,598,666,1027,1153,1220,1291,1427]
[0,1027,1291,1427]
[0,598,666,1291,1427]
[0,666,1027,1220,1427]
[0,598,666,1220,1291,1427]
[0,598,666,1027,1153,1220,1297,1427]
[0,598,666,965,1027,1153,1220,1291,1427]
[0,1220,1427]
[0,598,666,1027,1190,1291,1427]
[0,666,1027,1190,1291,1427]
[0,1027,1220,1427]
[0,598,666,1220,1427]
[0,1027,1190,1291,1427]
[0,666,1027,1220,1291,1427]
[0,598,666,1220,1297,1427]
[0,598,666,965,1027,1153,1220,1297,1427]
[0,1270,1427]
[0,1220,1291,1427]
[0,1027,1220,1291,1427]
[0,598,1220,1291,1427]
[0,666,1027,1427]
[0,666,1291,1427]
[0,598,666,965,1027,1220,1291,1427]
[0,666,1027,1220,1297,1427]
