[0,299,1426,2956]
[0,299,789,972,1847,2700,2956]
[0,2189,2956]
[0,299,754,1003,1444,1847,2479,2785,2956]
[0,299,972,1847,2700,2956]
[0,299,789,972,2700,2956]
[0,1548,2517,2956]
[0,1548,2956]
[0,375,2956]
[0,299,972,1847,2189,2956]
[0,299,754,1003,1444,2956]
[0,299,771,1003,1444,1847,2700,2956]
[0,114,299,771,1003,1444,2479,2700,2899,2956]
[0,299,2700,2956]
[0,972,1847,2956]
[0,299,1847,2189,2956]
[0,114,299,771,1003,1444,2700,2956]
[0,299,2517,2956]
[0,1444,2956]
[0,789,2700,2956]
[0,1847,2956]
[0,299,771,1444,1847,2700,2956]
[0,299,789,972,1523,1847,2189,2700,2956]
[0,299,754,1444,2479,2956]
[0,299,754,1003,1444,1847,2479,2956]
[0,114,299,771,1003,1444,2700,2899,2956]
[0,299,972,1523,1847,2956]
[0,789,972,2956]
[0,754,1444,2479,2956]
[0,114,299,771,1003,1444,1847,2479,2700,2956]
[0,299,2956]
[0,299,771,1444,1847,2956]
[0,299,754,1444,1847,2479,2956]
[0,299,771,1003,1444,2479,2700,2956]
[0,299,789,972,2700,2883,2956]
[0,972,1523,1847,2956]
[0,1523,1847,2956]
[0,1444,2479,2956]
[0,771,1444,1847,2956]
[0,299,1444,2767,2956]
[0,114,299,771,1003,1444,2479,2700,2956]
[0,299,1444,2956]
[0,299,789,972,2956]
[0,299,789,972,1523,1847,2700,2956]
[0,972,2956]
[0,299,771,1003,1444,2700,2883,2956]
[0,299,771,1444,2700,2899,2956]
[0,754,2956]
[0,299,1444,2700,2899,2956]
[0,1847,2189,2956]
[0,299,1548,2517,2956]
[0,299,972,1847,2956]
[0,299,972,1523,1847,2189,2700,2956]
[0,299,771,1003,1444,2700,2956]
[0,299,771,1444,2700,2956]
[0,1523,1847,2189,2956]
[0,789,972,2700,2956]
[0,299,1847,2700,2956]
[0,789,2956]
[0,2479,2956]
[0,299,771,1444,2700,2883,2956]
[0,771,2956]
[0,299,1444,2700,2883,2956]
[0,754,1444,1847,2479,2956]
[0,299,789,972,1847,2700,2883,2956]
[0,972,1523,1847,2189,2956]
[0,299,1444,2700,2956]
[0,299,972,2956]
[0,299,754,1444,2785,2956]
[0,299,771,1444,2956]
[0,299,972,2700,2956]
[0,771,1444,2956]
[0,375,1847,2956]
[0,299,972,1523,1847,2700,2956]
[0,299,1444,2785,2956]
[0,789,972,2700,2883,2956]
[0,299,1444,2479,2956]
[0,299,972,1523,1847,2189,2956]
[0,1426,2956]
[0,299,1426,2767,2956]
[0,299,771,1003,1444,1847,2479,2700,2956]
[0,299,1847,2956]
[0,972,2189,2956]
[0,299,771,1003,1444,2700,2899,2956]
[0,2700,2956]
[0,299,754,1003,1444,2479,2785,2956]
[0,972,1847,2189,2956]
[0,299,2700,2883,2956]
[0,2517,2956]
[0,114,299,771,1003,1444,1847,2479,2700,2899,2956]
[0,299,754,1444,2956]
[0,2700,2883,2956]
[0,299,754,1003,1444,2785,2956]
[0,299,754,1003,1444,2479,2956]
[0,754,1444,2956]
