[0,372,791,1114,1810]
[0,372,791,1123,1810]
[0,120,372,791,1123,1453,1695,1810]
[0,120,372,791,1114,1311,1453,1810]
[0,120,372,791,1123,1311,1810]
[0,372,791,1114,1615,1695,1810]
[0,372,791,1114,1311,1810]
[0,372,1810]
[0,120,372,791,1114,1695,1810]
[0,372,1114,1810]
[0,120,372,791,1123,1342,1649,1810]
[0,372,732,1114,1453,1810]
[0,120,732,1114,1695,1810]
[0,120,372,732,1114,1810]
[0,120,372,732,1114,1453,1695,1810]
[0,372,732,1114,1810]
[0,120,372,791,1114,1453,1615,1695,1810]
[0,372,732,1114,1311,1453,1810]
[0,372,791,1123,1342,1810]
[0,120,372,791,1123,1684,1810]
[0,120,372,791,1123,1649,1810]
[0,120,732,1114,1810]
[0,120,372,732,1114,1311,1453,1695,1810]
[0,120,372,791,1123,1311,1453,1695,1810]
[0,120,372,791,1114,1810]
[0,120,791,1123,1810]
[0,372,791,1114,1311,1453,1810]
[0,120,1810]
[0,120,372,791,1123,1453,1615,1695,1810]
[0,120,732,1114,1615,1695,1810]
[0,120,372,791,1123,1695,1810]
[0,120,1114,1810]
[0,372,1114,1453,1810]
[0,120,372,791,1123,1311,1695,1810]
[0,120,372,791,1123,1311,1453,1615,1695,1810]
[0,791,1123,1810]
[0,372,791,1114,1695,1810]
[0,791,1810]
[0,372,791,1123,1649,1810]
[0,120,372,732,1114,1311,1695,1810]
[0,372,791,1123,1311,1453,1810]
[0,372,732,1114,1311,1810]
[0,372,1148,1810]
[0,120,372,791,1123,1311,1684,1810]
[0,120,372,791,1114,1311,1453,1615,1695,1810]
[0,120,372,732,1114,1311,1453,1615,1695,1810]
[0,372,791,1123,1695,1810]
[0,372,791,1123,1684,1810]
[0,120,372,791,1114,1311,1453,1695,1810]
[0,1114,1810]
[0,372,791,1123,1342,1649,1810]
[0,120,372,791,1114,1615,1695,1810]
[0,732,1114,1810]
[0,120,372,791,1114,1311,1695,1810]
[0,120,372,791,1114,1453,1810]
[0,120,372,791,1123,1615,1695,1810]
[0,372,791,1123,1615,1695,1810]
[0,372,1123,1810]
[0,120,372,732,1114,1453,1810]
[0,120,372,791,1123,1453,1810]
[0,372,791,1123,1311,1810]
[0,120,372,732,1114,1615,1695,1810]
[0,120,372,791,1123,1810]
[0,120,372,732,1114,1695,1810]
[0,1148,1810]
[0,120,372,791,1123,1311,1453,1810]
[0,732,1810]
[0,120,372,791,1114,1311,1810]
[0,372,791,1114,1453,1810]
[0,120,372,791,1114,1453,1695,1810]
[0,120,372,732,1114,1311,1453,1810]
[0,372,791,1123,1311,1684,1810]
[0,120,372,732,1114,1311,1810]
[0,120,372,732,1114,1453,1615,1695,1810]
[0,372,791,1123,1453,1810]
[0,1123,1810]
