[0,427,4285]
[0,1158,2988,4285]
[0,377,2988,4285]
[0,377,1098,1871,4285]
[0,427,1872,4285]
[0,1158,1872,4285]
[0,377,1872,4285]
[0,440,4285]
[0,1098,1871,4285]
[0,377,1158,1871,2166,3314,4285]
[0,2000,4285]
[0,2988,4285]
[0,1871,3314,4285]
[0,377,1158,1871,4285]
[0,377,1098,1871,2988,4285]
[0,1098,1871,2988,4285]
[0,377,1163,1871,2988,4285]
[0,377,1158,1871,2166,2988,4285]
[0,1163,1871,2988,4285]
[0,1158,1871,4285]
[0,377,2166,4285]
[0,1163,1871,4285]
[0,1872,4285]
[0,377,1158,1871,2166,4285]
[0,377,1871,4285]
[0,377,1158,1872,4285]
[0,377,1163,1871,4285]
[0,377,4285]
[0,2166,4285]
[0,1098,2988,4285]
[0,1158,1871,3314,4285]
[0,377,1098,1871,2166,4285]
[0,377,1098,1871,2166,2988,4285]
[0,377,1163,1871,2166,2988,4285]
[0,440,2000,4285]
[0,377,1163,1871,2166,4285]
[0,377,1158,1871,3314,4285]
[0,1163,2988,4285]
[0,1871,4285]
[0,377,1158,1871,2988,4285]
[0,1158,1871,2988,4285]
