[0,102,291,1387,2134]
[0,354,1439,1611,1889,2134]
[0,286,2134]
[0,102,354,1615,1889,2080,2134]
[0,102,354,1439,2134]
[0,291,1439,1615,2134]
[0,291,1615,2134]
[0,102,354,1439,1611,2134]
[0,102,354,1439,1611,1889,2080,2134]
[0,102,1889,2134]
[0,1615,2134]
[0,354,1889,2134]
[0,102,1439,2080,2134]
[0,102,291,1387,1889,2134]
[0,102,354,1439,1615,2134]
[0,102,291,1439,1615,1889,2134]
[0,102,291,1615,2134]
[0,286,2080,2134]
[0,102,291,1439,1615,1889,2080,2134]
[0,102,354,1387,1439,1611,1889,2080,2134]
[0,102,291,1615,1889,2134]
[0,102,354,2134]
[0,102,354,1611,1889,2080,2134]
[0,102,291,1889,2080,2134]
[0,354,2080,2134]
[0,102,354,1615,1889,2134]
[0,102,2134]
[0,102,291,1387,1439,1889,2080,2134]
[0,354,1387,1889,2134]
[0,291,1889,2134]
[0,102,354,2080,2134]
[0,102,354,1387,1439,1889,2080,2134]
[0,1889,2134]
[0,102,291,1889,2134]
[0,1387,2134]
[0,282,2134]
[0,102,354,1439,1615,1889,2080,2134]
[0,102,1387,1439,2080,2134]
[0,354,1439,2134]
[0,102,354,1889,2080,2134]
[0,354,1611,1889,2134]
[0,2080,2134]
[0,102,291,1439,1615,2134]
[0,354,1615,2134]
[0,1611,2134]
[0,1439,2134]
[0,102,291,1615,1889,2080,2134]
[0,102,291,1387,1889,2080,2134]
[0,354,2134]
[0,102,1889,2080,2134]
[0,102,354,1615,2134]
[0,102,354,1387,1889,2080,2134]
[0,102,291,1387,1439,1615,1889,2080,2134]
[0,102,354,1439,2080,2134]
[0,291,1439,2134]
[0,102,291,2080,2134]
[0,354,1439,1611,2134]
[0,102,291,2134]
[0,102,2080,2134]
[0,291,1615,1889,2134]
[0,354,1439,1615,2134]
[0,102,291,1439,2134]
[0,102,354,1387,1439,2080,2134]
[0,102,354,1387,1889,2134]
[0,354,1439,1615,1889,2134]
[0,102,354,1439,1615,1889,2134]
[0,354,1387,2134]
[0,102,291,1387,1439,2080,2134]
[0,291,1387,1889,2134]
[0,102,354,1889,2134]
[0,102,1439,2134]
[0,102,354,1387,2134]
[0,354,1615,1889,2134]
[0,102,354,1439,1611,1889,2134]
[0,102,291,1439,2080,2134]
[0,102,354,1611,1889,2134]
[0,291,2134]
[0,354,1611,2134]
[0,291,1439,1615,1889,2134]
[0,282,2080,2134]
[0,291,1387,2134]
[0,102,354,1611,2134]
