[0,1282,2147,2824]
[0,1116,1342,2824]
[0,1116,1318,1553,1992,2824]
[0,1342,2824]
[0,1116,1282,2237,2520,2760,2824]
[0,1282,2237,2824]
[0,1116,1282,2237,2824]
[0,1318,1553,1992,2824]
[0,1116,1282,2237,2760,2824]
[0,1116,2147,2824]
[0,1282,2824]
[0,1116,1282,2824]
[0,1116,1342,2147,2824]
[0,1342,2652,2824]
[0,1282,1946,2073,2760,2824]
[0,1282,2760,2824]
[0,1282,2237,2520,2824]
[0,1116,1282,1946,2073,2237,2824]
[0,1116,1342,1992,2652,2824]
[0,1116,1282,2237,2520,2824]
[0,1116,1282,2073,2237,2824]
[0,1282,2073,2824]
[0,1116,1282,2760,2824]
[0,1318,1992,2824]
[0,1116,1282,2073,2824]
[0,1116,1318,1553,1992,2715,2824]
[0,1282,2073,2520,2824]
[0,1116,1318,1992,2824]
[0,1116,1992,2824]
[0,1116,2824]
[0,1116,1342,1992,2824]
[0,1116,1282,1946,2073,2824]
[0,1116,1282,2073,2520,2824]
[0,1282,1946,2073,2824]
[0,1116,1282,1946,2073,2760,2824]
[0,1116,1342,2652,2824]
[0,1318,2824]
[0,1116,1282,1946,2073,2520,2760,2824]
[0,1116,1282,1946,2073,2520,2824]
[0,1116,1318,2824]
