[0,423,1004,1373,2271,2668,4189,4285]
[0,1004,1373,2271,2609,4285]
[0,138,1004,1373,1931,2271,2668,4217,4285]
[0,1004,1373,2609,4217,4285]
[0,1004,2609,4285]
[0,1004,1373,2271,2609,3675,4285]
[0,1004,1373,2668,4189,4285]
[0,1004,1373,2668,4285]
[0,1004,1373,2668,4217,4285]
[0,1004,1373,1579,2609,4285]
[0,1004,1373,2271,2668,3675,4285]
[0,1266,2668,4285]
[0,1004,2271,2668,4285]
[0,458,1266,2668,4285]
[0,138,1004,1373,1931,2271,2668,3675,4285]
[0,138,1004,1373,1579,2609,4217,4285]
[0,1004,1373,1931,2271,2668,3675,4285]
[0,138,1004,1373,1931,2271,2668,3675,4217,4285]
[0,138,1004,1373,2609,4217,4285]
[0,138,1004,1373,2271,2668,4285]
[0,1373,2668,4285]
[0,544,1373,2609,4285]
[0,1004,1373,1931,2271,2668,4285]
[0,1004,2271,2668,3675,4285]
[0,544,1373,2609,4217,4285]
[0,2668,4285]
[0,1373,2609,4285]
[0,138,1004,1373,2668,4217,4285]
[0,1266,4285]
[0,1004,4285]
[0,1004,1373,2271,2668,4189,4285]
[0,138,1004,1373,2609,3675,4217,4285]
[0,458,1270,2589,4285]
[0,423,1373,2271,2668,4285]
[0,138,1004,1373,2271,2609,3675,4217,4285]
[0,1004,1373,2609,4285]
[0,1373,4285]
[0,1004,1373,1579,2609,3675,4285]
[0,138,1004,1373,2271,2609,3675,4285]
[0,138,1004,1373,1931,2271,2668,4285]
[0,138,1004,1373,1579,2609,4285]
[0,1270,2589,4285]
[0,138,1004,1373,2271,2668,4217,4285]
[0,2363,4285]
[0,1004,1373,2271,2668,4285]
[0,1373,2609,4217,4285]
[0,138,1004,1373,2271,2609,4285]
[0,138,1004,1373,2668,4189,4285]
[0,138,1004,1373,2609,4285]
[0,1004,2668,4285]
[0,1004,1373,2609,3675,4285]
[0,458,1270,2589,4162,4285]
[0,544,1004,1373,2609,4285]
[0,2609,4285]
[0,1004,2609,4217,4285]
[0,138,1004,1373,2668,4285]
[0,458,1266,2668,4189,4285]
[0,423,1004,1373,2271,2668,4285]
[0,1004,2609,3675,4285]
[0,2589,4285]
[0,1004,2668,4217,4285]
[0,138,1004,1373,1579,2609,3675,4285]
[0,138,1004,1373,2271,2668,4189,4285]
[0,1004,2668,3675,4285]
[0,138,1004,1373,1579,2609,3675,4217,4285]
[0,138,1004,1373,2609,3675,4285]
[0,1004,2363,4285]
[0,544,1004,1373,2609,4217,4285]
[0,423,1373,2668,4285]
[0,1270,4285]
