[0,276,587,1350,1632]
[0,276,587,1105,1350,1632]
[0,587,938,991,1350,1632]
[0,587,1105,1350,1632]
[0,587,938,991,1105,1350,1632]
[0,276,344,587,938,991,1105,1219,1350,1576,1632]
[0,587,965,1350,1632]
[0,276,344,587,1105,1219,1350,1632]
[0,276,587,938,1350,1632]
[0,587,1105,1219,1350,1632]
[0,587,938,1350,1576,1632]
[0,276,344,587,938,1105,1219,1350,1576,1632]
[0,1350,1632]
[0,587,1105,1219,1350,1576,1632]
[0,276,354,587,938,1105,1219,1350,1576,1632]
[0,587,965,1632]
[0,282,587,938,1105,1219,1350,1632]
[0,275,587,965,1350,1632]
[0,276,587,1105,1219,1350,1576,1632]
[0,282,587,938,1105,1219,1350,1576,1632]
[0,587,1350,1632]
[0,587,938,991,1105,1219,1350,1576,1632]
[0,276,587,938,1105,1219,1350,1632]
[0,587,938,1105,1219,1350,1576,1632]
[0,587,938,1219,1350,1576,1632]
[0,276,587,938,991,1105,1219,1350,1576,1632]
[0,282,587,938,1350,1576,1632]
[0,587,938,1632]
[0,587,1105,1632]
[0,276,587,1105,1219,1350,1632]
[0,276,587,938,1105,1219,1350,1576,1632]
[0,587,938,1350,1632]
[0,587,938,1219,1350,1632]
[0,276,344,587,938,1105,1219,1350,1632]
[0,587,938,1105,1350,1632]
[0,276,354,587,938,1105,1219,1350,1632]
[0,587,938,1105,1219,1350,1632]
[0,282,587,938,1219,1350,1632]
[0,275,587,938,1350,1576,1632]
[0,275,587,938,1350,1632]
[0,282,587,938,1350,1632]
[0,276,587,938,1219,1350,1632]
[0,587,938,991,1105,1219,1350,1632]
[0,587,1632]
[0,276,354,587,938,991,1105,1219,1350,1576,1632]
[0,276,587,938,1219,1350,1576,1632]
[0,276,344,587,1105,1219,1350,1576,1632]
