[0,842,2025,2812]
[0,376,1128,1512,1992,2812]
[0,353,1107,1802,2614,2812]
[0,1200,2614,2812]
[0,353,825,2812]
[0,1802,2812]
[0,842,1802,2352,2812]
[0,393,842,1802,2025,2352,2812]
[0,1421,1512,2614,2812]
[0,393,842,1802,2352,2812]
[0,393,842,2025,2812]
[0,393,657,842,1802,2025,2614,2812]
[0,353,842,1802,2812]
[0,393,825,1802,2025,2812]
[0,842,2812]
[0,1421,1512,2812]
[0,393,842,1802,2025,2614,2812]
[0,353,842,2812]
[0,156,353,842,2812]
[0,393,842,1802,2812]
[0,353,1421,1512,2614,2812]
[0,353,1421,2614,2812]
[0,1421,2812]
[0,353,842,2614,2812]
[0,353,825,1512,1992,2812]
[0,122,393,657,842,1802,2025,2352,2614,2812]
[0,156,353,842,2614,2812]
[0,353,1421,2812]
[0,424,1512,2388,2812]
[0,376,1128,1512,1992,2614,2812]
[0,842,1802,2812]
[0,1128,2812]
[0,353,842,1802,2614,2812]
[0,657,2812]
[0,393,825,2025,2812]
[0,1421,2614,2812]
[0,353,1107,1802,2812]
[0,393,825,2812]
[0,353,1107,2614,2812]
[0,376,1200,2812]
[0,393,825,1992,2812]
[0,1200,2812]
[0,1128,1512,1992,2812]
[0,825,1992,2812]
[0,393,842,1802,2025,2812]
[0,376,1200,2614,2812]
[0,825,2025,2812]
[0,393,842,1802,2025,2352,2614,2812]
[0,156,353,657,842,1802,2614,2812]
[0,393,657,842,1802,2025,2352,2614,2812]
[0,1107,1802,2812]
[0,122,393,657,842,1802,2025,2614,2812]
[0,353,825,1992,2812]
[0,1512,2388,2812]
[0,393,842,2812]
[0,2388,2812]
[0,825,1512,1992,2812]
[0,1107,2812]
[0,1512,2812]
[0,1128,1992,2812]
[0,353,1107,2812]
[0,353,657,842,1802,2614,2812]
[0,825,2812]
[0,122,393,842,1802,2025,2614,2812]
[0,156,353,842,1802,2614,2812]
[0,393,825,1512,1992,2812]
