[0,119,425,627,1025,1214,1367,1679,1810]
[0,119,425,1025,1214,1367,1621,1679,1810]
[0,1026,1810]
[0,425,1810]
[0,119,425,1025,1214,1367,1418,1621,1679,1810]
[0,425,1025,1679,1810]
[0,119,425,1025,1214,1371,1679,1810]
[0,119,627,1025,1367,1653,1810]
[0,425,1367,1810]
[0,425,1025,1367,1679,1810]
[0,425,1025,1418,1621,1679,1810]
[0,1367,1810]
[0,119,425,1025,1214,1367,1679,1810]
[0,119,425,627,1025,1214,1371,1653,1810]
[0,425,1025,1214,1810]
[0,119,425,1025,1810]
[0,119,425,627,1025,1810]
[0,119,425,1025,1679,1810]
[0,119,425,627,1025,1367,1653,1810]
[0,425,1367,1418,1679,1810]
[0,119,425,627,1025,1214,1367,1621,1679,1810]
[0,627,1025,1367,1653,1810]
[0,119,425,1025,1367,1653,1810]
[0,119,425,627,1025,1214,1367,1810]
[0,425,627,1025,1371,1653,1810]
[0,119,425,1025,1214,1371,1621,1679,1810]
[0,425,1025,1418,1810]
[0,425,627,1025,1367,1810]
[0,425,1025,1214,1371,1653,1810]
[0,425,627,1025,1214,1371,1679,1810]
[0,119,627,1025,1653,1810]
[0,425,1621,1679,1810]
[0,425,1025,1214,1621,1679,1810]
[0,425,627,1025,1214,1371,1810]
[0,425,1025,1214,1371,1679,1810]
[0,425,627,1025,1653,1810]
[0,425,1025,1621,1679,1810]
[0,425,1025,1214,1679,1810]
[0,425,1025,1653,1810]
[0,119,425,1025,1214,1371,1653,1810]
[0,425,627,1025,1214,1367,1679,1810]
[0,425,1025,1367,1653,1810]
[0,425,1025,1371,1679,1810]
[0,119,627,1025,1810]
[0,119,425,1025,1214,1367,1810]
[0,425,1025,1371,1810]
[0,425,627,1025,1371,1810]
[0,425,627,1025,1810]
[0,627,1025,1810]
[0,425,1025,1367,1418,1621,1679,1810]
[0,119,425,1025,1653,1810]
[0,119,425,1025,1621,1679,1810]
[0,119,425,1025,1214,1679,1810]
[0,425,627,1025,1367,1653,1810]
[0,119,627,1026,1810]
[0,425,1025,1214,1367,1679,1810]
[0,425,1679,1810]
[0,425,627,1025,1214,1810]
[0,425,1367,1621,1679,1810]
[0,627,1810]
[0,425,1025,1810]
[0,425,1025,1418,1679,1810]
[0,119,425,1025,1214,1810]
[0,1025,1810]
[0,119,425,627,1025,1214,1371,1621,1679,1810]
[0,119,425,627,1025,1214,1371,1679,1810]
[0,425,627,1025,1214,1371,1653,1810]
[0,425,1367,1418,1810]
[0,425,627,1025,1214,1367,1810]
[0,425,1025,1214,1367,1621,1679,1810]
[0,425,1025,1214,1367,1418,1621,1679,1810]
[0,627,1025,1653,1810]
[0,425,1025,1371,1653,1810]
[0,119,425,1025,1214,1621,1679,1810]
[0,425,1367,1418,1621,1679,1810]
[0,425,1025,1214,1367,1810]
[0,627,1025,1367,1810]
[0,119,425,627,1025,1214,1367,1418,1621,1679,1810]
[0,627,1026,1810]
[0,425,1367,1679,1810]
[0,425,1025,1367,1810]
[0,425,1025,1214,1371,1810]
[0,425,1026,1810]
