[0,130,692,929,1427]
[0,340,586,782,1098,1427]
[0,130,324,586,692,793,929,1097,1427]
[0,340,793,1098,1427]
[0,782,1018,1427]
[0,324,401,586,793,1097,1427]
[0,401,586,793,1018,1427]
[0,130,340,782,1018,1427]
[0,259,586,692,793,1097,1427]
[0,259,340,793,1098,1427]
[0,259,324,586,692,793,1097,1427]
[0,259,340,401,586,692,793,1018,1427]
[0,130,324,586,692,1097,1427]
[0,348,692,1018,1427]
[0,130,259,324,401,586,692,793,929,1097,1427]
[0,401,586,692,793,1018,1427]
[0,586,692,793,1097,1427]
[0,259,340,401,586,793,1098,1427]
[0,586,793,1097,1427]
[0,324,401,586,692,793,1018,1427]
[0,130,340,586,782,1098,1427]
[0,130,324,692,1427]
[0,130,259,340,401,586,692,793,1018,1427]
[0,586,793,929,1097,1427]
[0,324,401,586,692,793,1097,1427]
[0,259,340,586,692,793,1018,1427]
[0,692,1018,1427]
[0,692,1097,1427]
[0,130,692,1097,1427]
[0,130,324,586,692,929,1427]
[0,259,340,401,793,1098,1427]
[0,130,586,692,929,1427]
[0,130,259,348,586,692,793,1098,1427]
[0,259,324,401,586,692,793,1018,1427]
[0,259,793,1098,1427]
[0,259,324,401,586,692,793,1097,1427]
[0,324,793,1018,1427]
[0,130,340,793,1098,1427]
[0,259,586,793,1098,1427]
[0,259,324,586,793,1097,1427]
[0,324,793,1097,1427]
[0,130,348,793,1098,1427]
[0,259,340,586,793,1098,1427]
[0,401,586,793,1097,1427]
[0,586,782,1098,1427]
[0,130,324,586,793,1018,1427]
[0,259,348,586,793,1098,1427]
[0,340,586,782,1018,1427]
[0,340,586,793,1018,1427]
[0,130,324,586,692,793,1018,1427]
[0,340,782,1427]
[0,340,793,1427]
[0,782,1427]
[0,793,1427]
[0,259,340,793,1018,1427]
[0,401,586,692,793,1097,1427]
[0,130,586,692,793,1018,1427]
[0,348,793,1098,1427]
[0,324,586,793,1018,1427]
[0,130,586,692,1097,1427]
[0,130,340,586,692,793,1018,1427]
[0,259,324,793,1018,1427]
[0,130,324,586,692,793,1097,1427]
[0,340,793,1018,1427]
[0,130,324,401,586,692,793,929,1097,1427]
[0,348,1427]
[0,324,793,1427]
[0,130,586,793,1018,1427]
[0,586,793,1098,1427]
[0,130,586,793,1097,1427]
[0,130,340,586,793,1098,1427]
[0,324,586,793,929,1097,1427]
[0,340,586,793,1098,1427]
[0,586,692,1097,1427]
[0,259,340,401,793,1018,1427]
[0,586,692,793,1098,1427]
[0,340,782,1018,1427]
[0,130,324,586,793,929,1097,1427]
[0,348,586,793,1098,1427]
[0,692,929,1427]
[0,259,586,793,1018,1427]
[0,259,586,793,1097,1427]
[0,130,324,586,793,1097,1427]
[0,259,793,1018,1427]
[0,259,793,1097,1427]
[0,130,259,340,586,692,793,1098,1427]
[0,259,324,401,586,793,1018,1427]
[0,324,692,1018,1427]
[0,130,324,1427]
[0,348,793,1427]
[0,130,586,692,793,1097,1427]
[0,324,586,793,1097,1427]
[0,130,324,401,586,692,793,1018,1427]
[0,340,782,1098,1427]
[0,130,340,586,692,793,1098,1427]
[0,793,1097,1427]
[0,793,1018,1427]
[0,130,259,324,401,586,692,793,1018,1427]
[0,259,793,1427]
[0,130,259,324,401,586,692,793,1097,1427]
[0,130,324,401,586,793,1097,1427]
[0,259,586,692,793,1098,1427]
[0,130,324,401,586,793,1018,1427]
[0,324,692,1427]
[0,324,692,929,1427]
[0,324,401,586,793,1018,1427]
[0,130,324,692,929,1427]
[0,259,340,401,586,793,1018,1427]
[0,782,1098,1427]
[0,130,340,586,782,1018,1427]
[0,130,348,586,692,793,1098,1427]
[0,259,348,586,692,793,1098,1427]
[0,259,348,793,1098,1427]
[0,586,692,1427]
[0,259,586,692,793,1018,1427]
[0,793,1098,1427]
[0,130,340,586,793,1018,1427]
[0,130,259,324,586,692,793,1097,1427]
[0,130,692,1427]
[0,130,348,586,793,1098,1427]
[0,130,340,793,1018,1427]
[0,692,1427]
[0,130,259,340,401,586,692,793,1098,1427]
[0,130,586,692,1427]
[0,586,692,793,1018,1427]
[0,586,793,1018,1427]
[0,348,692,1427]
[0,259,340,586,692,793,1098,1427]
[0,259,324,401,586,793,1097,1427]
[0,324,692,1097,1427]
[0,259,340,586,793,1018,1427]
[0,130,348,1427]
[0,324,1427]
[0,130,324,692,1097,1427]
[0,130,259,340,586,692,793,1018,1427]
[0,130,348,692,1427]
[0,130,324,401,586,692,793,1097,1427]
[0,130,340,782,1098,1427]
[0,130,1427]
[0,259,340,401,586,692,793,1098,1427]
[0,586,782,1018,1427]
[0,259,324,586,793,1018,1427]
[0,259,324,793,1097,1427]
[0,130,348,692,1018,1427]
[0,130,259,324,586,692,793,929,1097,1427]
