[0,287,1321,1948,2376,2824]
[0,287,538,1321,1948,2132,2824]
[0,287,1342,2266,2824]
[0,1342,2824]
[0,287,1321,1948,2132,2709,2824]
[0,287,772,1068,1321,2132,2824]
[0,833,2824]
[0,833,1342,2266,2824]
[0,287,538,1321,2132,2824]
[0,272,1321,2132,2824]
[0,287,833,1342,2266,2824]
[0,941,2824]
[0,772,1068,1321,1948,2132,2824]
[0,287,1342,2824]
[0,287,772,1068,1342,1948,2132,2824]
[0,287,772,1068,1342,1948,2132,2709,2824]
[0,287,538,1321,1948,2132,2709,2824]
[0,1342,2132,2709,2824]
[0,287,772,1342,2137,2824]
[0,1285,2132,2824]
[0,1342,2132,2824]
[0,1321,2132,2824]
[0,287,772,1068,1321,1948,2132,2824]
[0,1948,2824]
[0,1321,1948,2132,2709,2824]
[0,287,1321,2132,2824]
[0,772,1342,2132,2824]
[0,1068,1321,1948,2132,2709,2824]
[0,287,1321,2376,2824]
[0,1068,1321,2132,2824]
[0,1342,2266,2824]
[0,1321,2824]
[0,287,1321,1948,2132,2824]
[0,833,1948,2824]
[0,287,1321,2123,2824]
[0,1321,1948,2709,2824]
[0,1321,2376,2824]
[0,272,772,1068,1321,2132,2824]
[0,287,772,1321,1948,2132,2824]
[0,1321,1948,2132,2824]
[0,287,833,1321,2132,2824]
[0,833,1321,2132,2824]
[0,287,1342,1948,2132,2824]
[0,833,1342,2824]
[0,1068,1321,1948,2132,2824]
[0,1321,1948,2376,2824]
[0,287,772,1068,1342,2137,2824]
[0,1321,1948,2824]
[0,287,772,1321,1948,2132,2709,2824]
[0,287,1342,1948,2132,2709,2824]
[0,272,772,1068,1321,1948,2132,2709,2824]
[0,772,1068,1321,2132,2824]
[0,772,1068,1321,1948,2132,2709,2824]
[0,287,772,1321,2132,2824]
[0,287,1285,1485,2132,2824]
[0,287,772,1068,1342,2132,2824]
[0,1342,2137,2824]
[0,1342,2709,2824]
[0,772,1321,2132,2824]
[0,772,1342,2137,2824]
[0,1321,2709,2824]
[0,1342,1948,2132,2824]
[0,272,772,1068,1321,1948,2132,2824]
[0,287,1342,2137,2824]
[0,1342,1948,2132,2709,2824]
[0,287,538,833,1321,2132,2824]
[0,287,772,1342,2132,2824]
[0,287,538,833,1321,1948,2132,2824]
[0,1321,2123,2824]
[0,272,772,1321,2132,2824]
[0,287,772,1068,1321,1948,2132,2709,2824]
[0,941,2243,2824]
[0,287,1285,2132,2824]
[0,287,1342,2132,2824]
[0,287,772,1342,1948,2132,2709,2824]
[0,1285,2824]
[0,287,772,1342,1948,2132,2824]
[0,287,538,833,1321,1948,2132,2709,2824]
