[0,786,1281,1651]
[0,259,1281,1576,1651]
[0,203,1278,1651]
[0,262,786,948,1138,1281,1440,1576,1651]
[0,183,262,1281,1651]
[0,259,786,1281,1440,1576,1651]
[0,262,786,1278,1651]
[0,262,786,948,1281,1440,1651]
[0,262,786,948,1138,1281,1651]
[0,283,786,1278,1440,1651]
[0,1138,1651]
[0,55,183,283,786,1278,1440,1576,1651]
[0,183,283,786,875,1278,1440,1651]
[0,262,1281,1440,1651]
[0,259,786,948,1281,1651]
[0,259,786,1281,1440,1651]
[0,183,283,1278,1440,1576,1651]
[0,262,786,1281,1440,1651]
[0,183,283,786,1138,1278,1440,1651]
[0,183,262,786,948,1138,1278,1440,1576,1651]
[0,183,262,1281,1440,1651]
[0,183,262,786,948,1281,1651]
[0,183,283,1278,1440,1651]
[0,262,786,948,1278,1440,1651]
[0,262,1281,1576,1651]
[0,262,786,948,1281,1651]
[0,55,183,262,786,948,1138,1281,1440,1576,1651]
[0,786,1278,1651]
[0,183,283,786,875,1278,1651]
[0,55,183,283,786,875,1278,1440,1576,1651]
[0,183,262,786,1281,1440,1576,1651]
[0,55,183,283,1278,1651]
[0,259,786,948,1138,1281,1440,1576,1651]
[0,262,786,1281,1440,1576,1651]
[0,262,786,1278,1440,1576,1651]
[0,183,262,786,948,1281,1440,1576,1651]
[0,183,262,1281,1440,1576,1651]
[0,183,262,1278,1651]
[0,55,262,1278,1651]
[0,183,262,1281,1576,1651]
[0,262,786,1278,1440,1651]
[0,262,786,948,1138,1278,1651]
[0,183,262,786,1281,1440,1651]
[0,183,262,1278,1440,1651]
[0,183,262,786,948,1138,1278,1651]
[0,259,786,948,1138,1281,1440,1651]
[0,1278,1651]
[0,183,262,786,1278,1651]
[0,283,1278,1440,1651]
[0,262,1281,1440,1576,1651]
[0,262,1278,1651]
[0,55,183,262,1278,1440,1576,1651]
[0,55,183,262,786,948,1278,1440,1576,1651]
[0,183,262,1278,1576,1651]
[0,262,786,948,1138,1278,1440,1576,1651]
[0,183,262,1278,1440,1576,1651]
[0,55,183,283,1278,1440,1576,1651]
[0,55,183,262,1281,1651]
[0,259,786,1281,1651]
[0,55,183,262,786,948,1281,1440,1576,1651]
[0,262,786,948,1278,1651]
[0,183,283,1278,1651]
[0,55,183,262,786,1278,1440,1576,1651]
[0,55,183,262,786,1281,1440,1576,1651]
[0,55,259,786,948,1138,1281,1440,1576,1651]
[0,55,183,283,786,875,1138,1278,1440,1576,1651]
[0,259,1278,1651]
[0,183,1278,1440,1651]
[0,283,786,1138,1278,1440,1651]
[0,55,183,1278,1651]
[0,55,183,262,1278,1651]
[0,283,786,1278,1651]
[0,283,1278,1651]
[0,183,262,786,948,1138,1281,1651]
[0,262,1278,1576,1651]
[0,55,183,262,786,948,1138,1278,1440,1576,1651]
[0,183,262,786,948,1138,1281,1440,1576,1651]
[0,183,1651]
[0,183,262,786,948,1138,1281,1440,1651]
[0,262,786,948,1281,1440,1576,1651]
[0,183,1278,1440,1576,1651]
[0,183,283,786,1138,1278,1651]
[0,55,262,1281,1651]
[0,283,786,1138,1278,1651]
[0,183,283,786,875,1138,1278,1440,1651]
[0,183,283,786,1278,1440,1576,1651]
[0,183,1278,1651]
[0,55,183,262,1278,1576,1651]
[0,259,1281,1440,1576,1651]
[0,183,262,786,1278,1440,1651]
[0,786,1651]
[0,1281,1651]
[0,183,262,786,1281,1651]
[0,55,183,1278,1440,1576,1651]
[0,262,1278,1440,1576,1651]
[0,55,183,1278,1576,1651]
[0,183,1278,1576,1651]
[0,262,786,948,1278,1440,1576,1651]
[0,183,283,1278,1576,1651]
[0,262,1281,1651]
[0,183,283,786,875,1138,1278,1651]
[0,183,283,786,1278,1651]
[0,183,262,786,948,1138,1278,1440,1651]
[0,259,1281,1651]
[0,183,262,786,948,1278,1440,1576,1651]
[0,259,786,948,1281,1440,1651]
[0,183,283,786,875,1138,1278,1440,1576,1651]
[0,183,262,786,948,1278,1651]
[0,55,183,262,1281,1576,1651]
[0,262,786,1281,1651]
[0,183,283,786,1278,1440,1651]
[0,183,283,786,875,1278,1440,1576,1651]
[0,262,786,948,1138,1281,1440,1651]
[0,55,183,262,1281,1440,1576,1651]
[0,259,786,948,1138,1281,1651]
[0,262,786,948,1138,1278,1440,1651]
[0,259,1281,1440,1651]
[0,183,262,786,948,1278,1440,1651]
[0,262,1278,1440,1651]
[0,55,183,283,1278,1576,1651]
[0,183,1138,1651]
[0,259,786,948,1281,1440,1576,1651]
[0,183,262,786,1278,1440,1576,1651]
[0,183,1281,1651]
[0,183,262,786,948,1281,1440,1651]
