[0,88,524,675,837,1084,1249,1383,1465]
[0,229,489,675,837,1465]
[0,102,524,675,1383,1465]
[0,524,675,1249,1465]
[0,489,1465]
[0,621,1465]
[0,269,675,837,1084,1249,1465]
[0,88,524,675,837,1177,1383,1465]
[0,269,675,837,1084,1465]
[0,676,1342,1465]
[0,88,524,675,1084,1465]
[0,515,675,837,1188,1465]
[0,515,675,837,1465]
[0,74,524,675,837,1177,1249,1383,1465]
[0,524,675,837,1084,1249,1383,1465]
[0,88,524,675,1084,1383,1465]
[0,515,675,837,1084,1465]
[0,229,489,675,1188,1465]
[0,229,489,676,1177,1465]
[0,1342,1465]
[0,74,524,675,837,1177,1383,1465]
[0,269,675,1177,1465]
[0,88,515,675,837,1188,1465]
[0,229,489,675,1465]
[0,229,489,675,837,1188,1383,1465]
[0,269,675,1084,1249,1465]
[0,269,524,675,837,1177,1465]
[0,88,515,675,1084,1383,1465]
[0,269,675,1084,1465]
[0,74,524,675,1177,1249,1383,1465]
[0,229,489,1465]
[0,88,515,675,837,1084,1465]
[0,269,675,1249,1465]
[0,102,524,675,1084,1383,1465]
[0,646,1342,1465]
[0,102,524,675,837,1084,1465]
[0,524,675,1177,1465]
[0,229,489,676,1465]
[0,1383,1465]
[0,515,675,1084,1465]
[0,88,269,524,675,837,1084,1249,1465]
[0,489,1177,1465]
[0,88,524,675,1177,1383,1465]
[0,524,675,837,1177,1465]
[0,524,675,837,1084,1249,1465]
[0,269,524,675,837,1084,1249,1465]
[0,229,524,675,837,1465]
[0,229,524,675,837,1383,1465]
[0,88,515,675,837,1188,1383,1465]
[0,88,515,675,837,1465]
[0,524,675,837,1465]
[0,102,463,524,675,837,1084,1383,1465]
[0,524,675,1084,1249,1465]
[0,88,524,675,1084,1249,1465]
[0,524,675,1084,1383,1465]
[0,74,463,524,675,837,1084,1249,1383,1465]
[0,524,675,837,1084,1383,1465]
[0,524,675,837,1084,1465]
[0,74,463,524,675,837,1084,1383,1465]
[0,88,524,675,837,1084,1465]
[0,675,1177,1465]
[0,676,1383,1465]
[0,229,675,837,1465]
[0,88,515,675,1465]
[0,675,1465]
[0,229,524,675,1465]
[0,74,524,675,1084,1383,1465]
[0,675,1249,1465]
[0,269,675,837,1177,1465]
[0,88,524,675,1177,1465]
[0,1249,1465]
[0,88,269,463,524,675,837,1084,1177,1249,1383,1465]
[0,88,524,675,1177,1249,1383,1465]
[0,102,524,675,1465]
[0,229,489,675,1383,1465]
[0,675,1383,1465]
[0,88,524,675,837,1084,1249,1465]
[0,88,515,675,1084,1465]
[0,269,675,837,1465]
[0,524,675,1084,1465]
[0,229,675,1188,1465]
[0,88,524,675,1249,1465]
[0,88,524,675,837,1177,1465]
[0,102,524,675,837,1465]
[0,229,489,675,837,1383,1465]
[0,74,463,524,675,837,1177,1249,1383,1465]
[0,88,269,524,675,837,1084,1249,1383,1465]
[0,74,524,675,1383,1465]
[0,88,524,675,837,1084,1383,1465]
[0,489,675,1465]
[0,88,524,675,1383,1465]
[0,229,489,676,1177,1383,1465]
[0,88,269,524,675,837,1177,1383,1465]
[0,102,269,463,524,675,837,1084,1383,1465]
[0,102,269,524,675,837,1084,1465]
[0,88,515,675,837,1084,1383,1465]
[0,675,1188,1465]
[0,269,524,675,837,1465]
[0,88,269,524,675,837,1084,1177,1249,1383,1465]
[0,489,676,1342,1465]
[0,675,837,1188,1465]
[0,675,837,1177,1465]
[0,102,269,524,675,837,1084,1383,1465]
[0,489,675,1383,1465]
[0,621,1342,1465]
[0,74,524,675,1177,1383,1465]
[0,489,676,1465]
[0,646,1465]
[0,675,837,1084,1465]
[0,102,524,675,1084,1465]
[0,88,515,675,837,1383,1465]
[0,269,524,675,837,1084,1465]
[0,88,463,524,675,837,1177,1249,1383,1465]
[0,515,675,1465]
[0,675,837,1465]
[0,524,675,1177,1383,1465]
[0,524,675,1177,1249,1383,1465]
[0,676,1465]
[0,515,675,1383,1465]
[0,489,676,1383,1465]
[0,675,1084,1249,1465]
[0,229,1465]
[0,229,524,675,1383,1465]
[0,88,269,463,524,675,837,1177,1249,1383,1465]
[0,88,515,675,1383,1465]
[0,524,675,1383,1465]
[0,88,269,524,675,837,1465]
[0,229,675,1465]
[0,88,524,675,837,1177,1249,1383,1465]
[0,269,675,1465]
[0,102,269,524,675,837,1465]
[0,229,489,1177,1465]
[0,74,524,675,837,1084,1383,1465]
[0,74,524,675,837,1084,1177,1249,1383,1465]
[0,88,524,675,837,1465]
[0,1084,1249,1465]
[0,524,675,837,1177,1383,1465]
[0,102,524,675,837,1084,1383,1465]
[0,88,524,675,837,1084,1177,1249,1383,1465]
[0,489,675,837,1465]
[0,675,837,1084,1249,1465]
[0,229,489,675,837,1188,1465]
[0,229,489,676,1342,1465]
[0,88,524,675,1465]
[0,524,675,1465]
[0,74,463,524,675,837,1084,1177,1249,1383,1465]
[0,74,524,675,837,1084,1249,1383,1465]
[0,88,269,524,675,837,1177,1465]
[0,675,1084,1465]
[0,88,269,524,675,837,1177,1249,1383,1465]
[0,229,489,676,1383,1465]
