[0,166,581,1000,1254,1811,2174,2598,3353]
[0,1000,3353]
[0,441,3353]
[0,581,1000,1254,3353]
[0,441,1790,3353]
[0,581,1000,1776,2464,2792,3353]
[0,581,1000,1254,1811,2174,2598,3353]
[0,581,1811,2500,3353]
[0,2598,3353]
[0,581,1000,1811,2598,3353]
[0,1254,2500,3353]
[0,1790,3353]
[0,581,1254,2500,2792,3353]
[0,581,1254,2500,3353]
[0,500,3353]
[0,581,1000,1776,2792,3353]
[0,581,1776,2792,3353]
[0,581,1000,1811,2174,2500,2792,3353]
[0,2219,3353]
[0,581,1000,1254,2500,3353]
[0,166,581,1000,1776,2174,2464,2792,3353]
[0,581,1000,1505,1776,2174,2464,2792,3353]
[0,581,1000,1254,1811,2598,3353]
[0,581,1811,2598,3353]
[0,581,1000,1254,1811,3353]
[0,581,1790,3353]
[0,581,1000,1811,2174,2500,3353]
[0,1811,2500,3353]
[0,2500,3353]
[0,581,3353]
[0,1811,3353]
[0,581,1000,1811,2500,3353]
[0,581,1000,1254,1811,2174,2500,2792,3353]
[0,581,1811,2500,2792,3353]
[0,581,1000,1254,2500,2792,3353]
[0,1776,3353]
[0,1254,3353]
[0,441,1883,3353]
[0,581,1776,3353]
[0,500,2500,3353]
[0,581,1000,1254,1811,2500,2792,3353]
[0,581,1000,1811,2174,2598,3353]
[0,166,581,1000,1505,1776,2174,2464,2792,3353]
[0,581,1000,1776,3353]
[0,581,2500,2792,3353]
[0,581,1000,1811,3353]
[0,1000,2219,3353]
[0,581,2500,3353]
[0,581,1811,3353]
[0,1883,3353]
[0,581,1254,3353]
[0,581,1000,1811,2500,2792,3353]
[0,1811,2598,3353]
[0,581,1000,1776,2174,2464,2792,3353]
