[0,327,575,1179,1419]
[0,390,754,805,1179,1419]
[0,390,575,754,805,1179,1263,1419]
[0,390,1419]
[0,212,390,575,805,1179,1419]
[0,348,575,1179,1419]
[0,348,575,805,1020,1179,1419]
[0,754,1179,1419]
[0,390,575,754,805,1020,1179,1303,1419]
[0,99,348,575,805,1020,1179,1419]
[0,390,754,1179,1263,1419]
[0,390,575,1179,1419]
[0,348,575,805,1179,1303,1419]
[0,575,805,1179,1419]
[0,390,754,805,1179,1263,1419]
[0,348,575,805,1179,1263,1419]
[0,212,390,575,805,1020,1179,1263,1419]
[0,390,575,805,1179,1303,1419]
[0,348,805,1419]
[0,390,1179,1263,1419]
[0,390,575,805,1020,1179,1303,1419]
[0,99,348,575,754,805,1020,1179,1263,1419]
[0,805,1419]
[0,575,1179,1419]
[0,390,575,805,1020,1179,1263,1419]
[0,754,1419]
[0,99,348,575,805,1020,1179,1263,1419]
[0,348,575,754,805,1179,1419]
[0,348,575,805,1179,1419]
[0,390,754,1419]
[0,390,575,805,1020,1179,1419]
[0,348,1179,1419]
[0,348,575,754,805,1179,1303,1419]
[0,390,575,754,805,1179,1303,1419]
[0,212,390,575,805,1020,1179,1419]
[0,348,575,754,805,1179,1263,1419]
[0,348,575,754,805,1020,1179,1303,1419]
[0,390,575,805,1179,1419]
[0,327,575,1419]
[0,348,575,754,805,1020,1179,1263,1419]
[0,348,575,1179,1303,1419]
[0,348,575,1179,1263,1419]
[0,575,1419]
[0,212,390,575,754,805,1020,1179,1303,1419]
[0,390,754,1179,1419]
[0,212,575,1179,1419]
[0,212,390,575,805,1020,1179,1303,1419]
[0,390,575,754,805,1179,1419]
[0,348,1419]
[0,348,754,805,1179,1419]
[0,327,1179,1419]
[0,212,390,575,754,805,1020,1179,1263,1419]
[0,212,348,575,1179,1419]
[0,212,348,575,1179,1263,1419]
[0,390,1179,1419]
[0,390,575,754,805,1020,1179,1263,1419]
[0,348,575,805,1020,1179,1303,1419]
[0,1179,1419]
[0,390,575,805,1179,1263,1419]
[0,348,575,805,1020,1179,1263,1419]
[0,348,754,1419]
[0,212,1179,1419]
[0,348,754,1179,1419]
[0,327,1419]
[0,212,754,1179,1419]
