[0,611,1618,2125,2570,2824]
[0,697,1618,1972,2777,2824]
[0,697,2777,2824]
[0,1044,1361,2125,2518,2824]
[0,697,1618,1972,2422,2777,2824]
[0,595,1972,2422,2824]
[0,659,1044,1361,1746,2125,2824]
[0,595,1972,2824]
[0,595,697,1361,1972,2777,2824]
[0,595,697,1237,1618,1972,2422,2824]
[0,697,1237,1972,2824]
[0,659,1044,1361,2125,2518,2824]
[0,1044,2777,2824]
[0,659,1081,1618,2125,2518,2777,2824]
[0,697,1618,1972,2824]
[0,47,659,1081,1618,2125,2518,2777,2824]
[0,1081,1618,2125,2518,2777,2824]
[0,595,1237,1618,1972,2422,2824]
[0,1081,1618,2125,2518,2824]
[0,1044,1361,2125,2824]
[0,1081,2125,2824]
[0,1044,2125,2824]
[0,1040,2824]
[0,1040,2777,2824]
[0,1040,1618,2777,2824]
[0,697,1972,2422,2824]
[0,659,1044,1361,2125,2518,2777,2824]
[0,659,1081,1618,2125,2518,2824]
[0,595,2824]
[0,697,1237,1972,2422,2824]
[0,1081,2125,2777,2824]
[0,1361,2125,2824]
[0,1081,2824]
[0,595,697,1361,1972,2162,2824]
[0,697,1618,2824]
[0,697,1237,1618,1972,2422,2824]
[0,1081,1618,2125,2570,2824]
[0,595,1361,1972,2824]
[0,595,697,1618,1972,2422,2824]
[0,659,1081,1618,2125,2824]
[0,47,659,1044,1361,1746,2125,2518,2777,2824]
[0,1972,2824]
[0,1081,1618,2125,2824]
[0,1237,2824]
[0,659,1081,1618,2125,2570,2824]
[0,47,659,1081,1618,2125,2570,2824]
[0,659,1361,1746,2125,2824]
[0,595,697,1361,1972,2162,2777,2824]
[0,1044,1361,1972,2824]
[0,697,1237,1618,1972,2422,2777,2824]
[0,595,1618,1972,2777,2824]
[0,1237,1972,2824]
[0,1044,1972,2824]
[0,654,1237,1972,2824]
[0,1081,2777,2824]
[0,595,1361,1972,2777,2824]
[0,697,1040,1618,2777,2824]
[0,595,1618,1972,2422,2777,2824]
[0,659,1044,1361,1972,2162,2777,2824]
[0,1044,2125,2777,2824]
[0,1044,1361,1972,2162,2824]
[0,1044,1361,1972,2162,2777,2824]
[0,697,2824]
[0,697,1040,1618,2824]
[0,659,1044,1361,2125,2824]
[0,595,1237,1972,2824]
[0,654,1237,1972,2570,2824]
[0,595,1618,1972,2422,2824]
[0,659,1044,1361,1972,2162,2824]
[0,659,1044,1361,1746,2125,2518,2824]
[0,697,1618,1972,2422,2824]
[0,1044,1361,2125,2777,2824]
[0,611,2824]
[0,1237,1972,2570,2824]
[0,595,697,1618,1972,2422,2777,2824]
[0,1361,2824]
[0,659,1361,1972,2824]
[0,659,2824]
[0,595,1618,1972,2824]
[0,697,1618,2777,2824]
[0,1044,1361,2125,2518,2777,2824]
[0,595,697,1237,1618,1972,2422,2777,2824]
[0,595,697,1361,1972,2824]
[0,659,1044,1361,1746,2125,2518,2777,2824]
[0,595,1361,1972,2162,2824]
[0,611,1618,2125,2824]
[0,1044,2824]
[0,1044,1972,2777,2824]
[0,1618,2824]
[0,611,1618,2824]
[0,1618,1972,2824]
[0,659,1361,2824]
[0,1040,1618,2824]
[0,1081,1618,2125,2777,2824]
[0,47,659,1044,1361,2125,2518,2777,2824]
[0,1044,1361,1972,2777,2824]
[0,47,595,697,1361,1972,2162,2777,2824]
[0,659,1361,2125,2824]
[0,659,1044,1361,1972,2824]
[0,697,1972,2824]
[0,595,1237,1972,2422,2824]
[0,47,659,1044,1361,1972,2162,2777,2824]
[0,1361,1972,2824]
