[0,654,1202,2762,3276,3353]
[0,491,746,1116,1377,1646,2774,3353]
[0,102,654,1259,2876,3353]
[0,102,654,1202,2762,3276,3353]
[0,102,782,1202,1646,2876,3353]
[0,102,491,782,1202,2876,3353]
[0,746,1202,1646,2774,3353]
[0,654,2762,3353]
[0,491,746,1202,1646,2774,3353]
[0,102,2876,3353]
[0,746,2774,3353]
[0,654,1202,2762,3353]
[0,102,654,1202,1646,2762,3353]
[0,102,491,746,1202,2774,3353]
[0,102,654,2762,3353]
[0,491,782,1202,1646,2876,3353]
[0,746,1116,1646,2774,3353]
[0,491,782,2876,3353]
[0,102,654,1202,1646,2762,3276,3353]
[0,746,3353]
[0,491,782,1202,1646,2876,3133,3353]
[0,782,1202,2876,3133,3353]
[0,102,654,2762,3276,3353]
[0,102,491,746,1202,1646,2774,3353]
[0,102,491,746,1204,2762,3276,3353]
[0,654,1259,2762,3353]
[0,782,1202,1646,2479,2876,3353]
[0,2876,3353]
[0,746,1204,1646,2762,3353]
[0,102,491,746,1204,1646,2762,3276,3353]
[0,491,746,2774,3353]
[0,491,746,1204,1646,2762,3353]
[0,102,782,1202,2876,3353]
[0,491,746,1116,1646,2774,3353]
[0,102,491,746,1204,1646,2774,3276,3353]
[0,102,2762,3353]
[0,102,491,782,1029,1202,1646,2876,3133,3353]
[0,782,1202,1646,2876,3133,3353]
[0,654,1202,1646,2762,3353]
[0,491,782,1202,1646,2479,2876,3133,3353]
[0,102,491,746,2762,3276,3353]
[0,102,491,746,2762,3353]
[0,102,491,782,2876,3353]
[0,491,746,2762,3353]
[0,2774,3353]
[0,102,491,746,1204,1646,2762,3353]
[0,782,1646,2876,3353]
[0,102,491,746,2774,3276,3353]
[0,102,491,746,1202,1646,2774,3276,3353]
[0,782,3353]
[0,102,491,746,1116,2774,3353]
[0,102,491,746,1202,2774,3276,3353]
[0,746,1204,1646,2774,3353]
[0,782,1202,2876,3353]
[0,654,3353]
[0,491,746,1204,1646,2774,3353]
[0,2762,3276,3353]
[0,491,746,1204,2762,3353]
[0,102,491,746,1116,1646,2774,3353]
[0,102,782,1202,2876,3133,3353]
[0,746,1204,2762,3353]
[0,102,654,1202,2762,3353]
[0,746,1116,1377,1646,2774,3353]
[0,654,2876,3353]
[0,102,491,746,1116,1377,1646,2774,3276,3353]
[0,491,782,1202,2876,3353]
[0,102,2762,3276,3353]
[0,102,491,746,1204,2762,3353]
[0,746,1646,2774,3353]
[0,491,782,1029,1202,1646,2479,2876,3133,3353]
[0,2762,3353]
[0,102,654,1259,2762,3276,3353]
[0,102,654,2876,3353]
[0,102,491,746,1116,1646,2774,3276,3353]
[0,782,1646,3353]
[0,102,491,746,1116,1377,1646,2774,3353]
[0,102,491,746,2774,3353]
[0,782,1202,1646,2876,3353]
[0,1646,3353]
[0,102,491,746,1204,1646,2774,3353]
[0,102,491,746,1204,2774,3276,3353]
[0,746,1116,2774,3353]
[0,491,746,1116,2774,3353]
[0,102,491,782,1029,1202,1646,2479,2876,3133,3353]
[0,491,782,1029,1202,1646,2876,3133,3353]
[0,491,746,1202,2774,3353]
[0,746,1202,2774,3353]
[0,746,2762,3353]
[0,782,2876,3353]
[0,102,782,1202,1646,2876,3133,3353]
[0,491,782,1202,1646,2479,2876,3353]
[0,491,746,1204,2774,3353]
[0,102,491,782,1202,1646,2876,3353]
[0,746,1646,3353]
[0,746,1204,2774,3353]
[0,102,654,1259,2762,3353]
[0,102,491,746,1116,2774,3276,3353]
[0,2825,3353]
[0,102,491,782,1202,1646,2876,3133,3353]
[0,654,1259,2876,3353]
[0,102,491,746,1204,2774,3353]
[0,654,2762,3276,3353]
[0,654,1259,3353]
