[0,102,222,516,679,962,1046,1286,1427]
[0,552,678,965,1286,1427]
[0,102,222,337,594,679,1046,1286,1427]
[0,102,552,678,1046,1286,1427]
[0,222,337,594,679,962,1046,1286,1427]
[0,102,222,341,552,678,784,1046,1286,1427]
[0,102,222,341,552,678,784,942,1046,1286,1427]
[0,222,678,1427]
[0,222,341,678,1427]
[0,516,679,1427]
[0,222,594,784,1046,1286,1427]
[0,222,341,784,1046,1286,1427]
[0,102,667,1427]
[0,222,341,552,678,784,942,1046,1286,1427]
[0,222,341,1427]
[0,516,1427]
[0,102,222,341,594,784,1046,1286,1427]
[0,222,341,784,1046,1427]
[0,102,1427]
[0,222,341,594,678,1046,1427]
[0,102,222,337,594,679,962,1046,1286,1427]
[0,552,678,1427]
[0,222,341,678,1046,1427]
[0,784,1046,1286,1427]
[0,102,552,678,965,1427]
[0,102,679,1046,1286,1427]
[0,222,341,678,1046,1286,1427]
[0,784,1427]
[0,222,337,516,679,962,1046,1286,1427]
[0,102,679,1046,1427]
[0,316,678,1427]
[0,222,667,1046,1427]
[0,667,1427]
[0,222,516,679,1427]
[0,102,316,552,678,965,1286,1427]
[0,678,965,1427]
[0,594,784,1046,1427]
[0,552,678,965,1427]
[0,102,222,341,552,678,1046,1286,1427]
[0,678,1046,1427]
[0,678,1427]
[0,102,552,678,965,1286,1427]
[0,222,594,678,1427]
[0,102,222,341,594,678,784,1046,1286,1427]
[0,222,337,516,679,784,1046,1286,1427]
[0,222,516,679,1046,1286,1427]
[0,222,678,1046,1286,1427]
[0,222,341,784,1427]
[0,341,784,1046,1286,1427]
[0,316,678,965,1427]
[0,222,667,965,1286,1427]
[0,679,1046,1427]
[0,102,222,516,679,1046,1286,1427]
[0,222,552,678,1046,1427]
[0,594,678,1427]
[0,222,337,1427]
[0,341,678,1046,1427]
[0,102,222,337,516,679,784,1046,1286,1427]
[0,222,337,594,679,1427]
[0,679,1427]
[0,222,594,784,1046,1427]
[0,222,341,594,678,784,1046,1286,1427]
[0,222,337,679,1046,1286,1427]
[0,334,667,1427]
[0,678,965,1286,1427]
[0,552,678,1046,1286,1427]
[0,102,222,337,516,679,784,962,1046,1286,1427]
[0,102,222,337,516,679,962,1046,1286,1427]
[0,222,667,1427]
[0,222,341,552,678,784,1046,1286,1427]
[0,222,341,678,784,1046,1286,1427]
[0,341,784,1046,1427]
[0,222,341,594,678,1427]
[0,222,337,679,1046,1427]
[0,222,667,965,1427]
[0,222,337,516,679,1046,1427]
[0,1046,1427]
[0,222,341,594,678,1046,1286,1427]
[0,337,679,1427]
[0,222,594,679,1427]
[0,102,222,337,679,1046,1286,1427]
[0,222,667,1286,1427]
[0,222,516,679,1046,1427]
[0,337,679,1046,1286,1427]
[0,222,341,594,784,1046,1286,1427]
[0,222,337,594,679,1046,1286,1427]
[0,341,784,1427]
[0,222,679,1046,1427]
[0,594,679,1427]
[0,667,965,1427]
[0,316,678,965,1286,1427]
[0,679,1046,1286,1427]
[0,341,678,1427]
[0,222,678,1046,1427]
[0,784,1046,1427]
[0,102,334,667,1427]
[0,102,552,678,1046,1427]
[0,222,516,679,962,1046,1286,1427]
[0,222,341,552,678,1046,1286,1427]
[0,222,679,1427]
[0,102,1046,1427]
[0,222,516,1427]
[0,316,552,678,965,1286,1427]
[0,222,337,516,679,1046,1286,1427]
[0,222,337,679,1427]
[0,222,337,594,679,1046,1427]
[0,102,552,678,1427]
[0,341,678,1046,1286,1427]
[0,222,784,1046,1427]
[0,222,552,678,1046,1286,1427]
[0,102,222,337,516,679,1046,1286,1427]
[0,552,678,1046,1427]
[0,678,1046,1286,1427]
[0,337,679,1046,1427]
[0,667,1046,1427]
[0,222,1427]
