[0,198,806,997]
[0,447,544,696,744,806,855,997]
[0,207,447,544,696,806,855,997]
[0,447,544,696,806,855,997]
[0,696,855,932,997]
[0,255,387,696,855,997]
[0,387,544,696,997]
[0,207,696,806,855,997]
[0,387,696,855,997]
[0,255,387,696,806,855,997]
[0,207,447,696,855,997]
[0,387,696,744,806,855,932,997]
[0,806,855,997]
[0,207,696,997]
[0,855,997]
[0,207,447,696,997]
[0,806,855,932,997]
[0,447,696,744,806,855,997]
[0,207,447,544,696,855,997]
[0,255,387,447,544,696,806,855,997]
[0,696,997]
[0,207,696,855,997]
[0,696,855,997]
[0,806,997]
[0,447,544,696,855,997]
[0,855,932,997]
[0,696,744,806,855,932,997]
[0,198,997]
[0,387,696,997]
[0,255,387,447,544,696,855,997]
[0,255,387,544,696,806,855,997]
[0,387,544,696,855,997]
[0,696,806,855,997]
[0,387,696,806,855,997]
[0,387,696,855,932,997]
[0,696,744,806,855,997]
[0,387,696,806,855,932,997]
[0,387,997]
[0,447,696,855,997]
[0,447,696,806,855,997]
[0,255,387,544,696,855,997]
[0,447,696,997]
[0,696,806,855,932,997]
