[0,354,512,787,857,1167,1648,1806,2019]
[0,512,857,1167,1648,1806,2019]
[0,512,2019]
[0,354,512,857,1167,1654,1806,2019]
[0,512,746,945,1167,2019]
[0,317,512,788,1167,1648,1806,2019]
[0,354,512,746,945,1167,1538,1654,1806,2019]
[0,512,857,1167,1538,1654,1806,2019]
[0,317,512,788,1167,2019]
[0,354,512,857,1167,1806,2019]
[0,512,857,1167,1654,1806,2019]
[0,354,512,788,1167,1648,1806,2019]
[0,317,512,1167,1806,2019]
[0,512,746,945,1167,1806,2019]
[0,354,512,857,1167,1648,1806,2019]
[0,746,1168,2019]
[0,354,512,857,1167,1538,1654,1806,2019]
[0,512,788,1167,1648,1806,2019]
[0,512,945,1167,1538,1654,1806,2019]
[0,317,512,788,1167,1806,2019]
[0,354,512,945,1167,1806,2019]
[0,857,2019]
[0,476,1167,2019]
[0,476,2019]
[0,512,788,1167,2019]
[0,857,1167,2019]
[0,1167,2019]
[0,512,945,1167,1654,1806,2019]
[0,512,1167,1806,2019]
[0,512,1167,2019]
[0,354,512,945,1167,2019]
[0,512,788,1167,1806,2019]
[0,354,512,746,945,1167,2019]
[0,317,512,1167,1648,1806,2019]
[0,354,512,857,1167,2019]
[0,512,945,1167,2019]
[0,317,512,1167,2019]
[0,476,788,1167,2019]
[0,354,512,746,945,1167,1654,1806,2019]
[0,354,512,1167,1648,1806,2019]
[0,746,2019]
[0,512,945,1167,1806,2019]
[0,354,512,945,1167,1654,1806,2019]
[0,512,1167,1648,1806,2019]
[0,512,857,1167,1806,2019]
[0,354,512,945,1167,1538,1654,1806,2019]
[0,354,512,746,945,1167,1806,2019]
[0,512,857,1167,2019]
[0,354,512,787,857,1167,1538,1654,1806,2019]
