[0,76,178,393,593,668,755,869,971,1197]
[0,178,393,668,971,1197]
[0,76,178,393,668,755,869,971,1197]
[0,178,393,670,765,869,971,1197]
[0,178,393,670,869,971,1197]
[0,178,306,410,593,670,765,869,971,1197]
[0,178,410,670,971,1197]
[0,76,178,393,668,755,1197]
[0,76,456,735,1197]
[0,456,735,1101,1197]
[0,393,668,971,1197]
[0,178,410,670,869,971,1197]
[0,393,670,1197]
[0,393,670,869,971,1197]
[0,310,1197]
[0,178,393,670,869,971,1101,1197]
[0,178,393,668,869,1197]
[0,410,670,765,869,1197]
[0,393,670,971,1197]
[0,393,593,670,765,869,971,1197]
[0,393,668,755,1197]
[0,178,303,393,668,755,869,971,1101,1197]
[0,178,393,668,755,869,1101,1197]
[0,393,1197]
[0,76,456,735,1101,1197]
[0,178,393,593,670,765,869,971,1101,1197]
[0,178,393,670,765,869,971,1101,1197]
[0,593,1197]
[0,178,393,668,869,971,1197]
[0,76,178,303,393,668,755,869,971,1197]
[0,393,668,869,971,1197]
[0,410,670,869,1197]
[0,178,303,393,668,755,869,971,1197]
[0,410,670,869,971,1197]
[0,76,393,668,755,869,1101,1197]
[0,76,178,393,668,755,869,1101,1197]
[0,178,393,593,668,755,869,1101,1197]
[0,410,1197]
[0,456,1197]
[0,76,393,668,1101,1197]
[0,76,456,1197]
[0,410,670,765,1197]
[0,393,670,765,1197]
[0,76,178,303,393,593,668,755,869,971,1101,1197]
[0,178,410,670,765,869,971,1197]
[0,410,593,670,765,869,971,1197]
[0,178,306,410,670,971,1197]
[0,76,178,303,393,593,668,755,869,971,1197]
[0,393,670,765,869,1197]
[0,178,306,410,593,670,765,869,971,1101,1197]
[0,178,393,670,971,1197]
[0,76,178,393,668,1197]
[0,178,393,668,755,1197]
[0,178,303,393,668,869,971,1101,1197]
[0,393,668,755,869,1101,1197]
[0,393,668,1101,1197]
[0,393,668,1197]
[0,178,306,410,670,765,869,971,1101,1197]
[0,393,668,755,869,971,1197]
[0,178,410,593,670,765,869,971,1197]
[0,456,735,1197]
[0,76,178,303,393,668,755,869,971,1101,1197]
[0,869,1197]
[0,178,869,1197]
[0,178,393,593,670,765,869,971,1197]
[0,410,670,971,1197]
[0,393,668,755,869,1197]
[0,410,670,765,869,971,1197]
[0,178,303,393,668,869,971,1197]
[0,178,393,668,869,971,1101,1197]
[0,178,393,668,755,869,971,1197]
[0,178,393,668,1197]
[0,668,1197]
[0,178,393,668,755,869,1197]
[0,393,670,869,1197]
[0,393,670,765,869,971,1197]
[0,76,178,393,668,755,869,1197]
[0,178,393,668,869,1101,1197]
[0,393,668,869,1101,1197]
[0,393,668,869,1197]
[0,178,306,410,670,765,869,971,1197]
[0,178,306,410,670,869,971,1197]
[0,178,306,410,670,869,971,1101,1197]
[0,410,670,1197]
[0,76,178,393,593,668,755,869,1101,1197]
[0,178,393,668,1101,1197]
