[0,242,685,918,1138,1651]
[0,106,172,242,292,685,1651]
[0,106,172,242,292,685,918,1651]
[0,242,1138,1651]
[0,106,172,242,1651]
[0,106,172,242,292,685,918,1138,1651]
[0,685,1651]
[0,896,1651]
[0,1138,1651]
[0,172,685,1651]
[0,106,172,242,692,1651]
[0,172,1651]
[0,240,1651]
[0,242,685,918,1651]
[0,106,172,242,292,1651]
[0,172,242,692,896,1138,1651]
[0,172,242,692,1651]
[0,242,692,896,1651]
[0,242,692,896,1138,1651]
[0,106,172,242,292,685,871,1651]
[0,896,1138,1651]
[0,172,242,685,871,1651]
[0,242,685,871,1138,1651]
[0,106,172,242,685,918,1651]
[0,106,172,242,685,1651]
[0,242,1651]
[0,106,172,242,692,896,1138,1651]
[0,871,1138,1651]
[0,106,172,242,692,918,1138,1651]
[0,242,692,918,1651]
[0,172,242,1651]
[0,172,242,685,1651]
[0,172,242,692,896,1651]
[0,172,242,692,918,1138,1651]
[0,871,1651]
[0,106,172,242,292,692,896,1651]
[0,242,685,871,1651]
[0,242,692,918,1138,1651]
[0,172,242,692,918,1651]
[0,172,242,685,918,1138,1651]
[0,106,172,242,292,692,918,1138,1651]
[0,106,172,242,292,692,896,1138,1651]
[0,106,172,242,685,871,1651]
[0,172,242,685,871,1138,1651]
[0,106,172,242,685,871,1138,1651]
[0,242,871,1138,1651]
[0,242,692,1651]
[0,106,172,242,292,692,1651]
[0,242,896,1138,1651]
[0,692,1651]
[0,242,685,1651]
[0,106,172,242,292,685,871,1138,1651]
[0,172,242,685,918,1651]
[0,106,172,242,692,896,1651]
[0,106,172,242,692,918,1651]
[0,106,172,242,685,918,1138,1651]
