[0,1044,1523,2189]
[0,268,722,824,1426,1523,1625,1866,2189]
[0,772,1044,1426,1866,2189]
[0,1523,2189]
[0,772,1044,1523,1866,2189]
[0,1426,2189]
[0,1622,2189]
[0,268,1044,1426,1523,1625,1866,2038,2189]
[0,268,772,1044,1523,1866,2189]
[0,268,1044,1866,2189]
[0,1044,1523,1866,2189]
[0,268,722,824,1523,1625,1866,2189]
[0,824,1523,1866,2189]
[0,268,1622,1866,2189]
[0,268,1044,1523,1625,1866,2038,2189]
[0,268,354,722,824,1523,1625,1866,2038,2189]
[0,268,772,1044,1866,2189]
[0,268,722,824,1426,1523,1625,1866,2038,2189]
[0,268,354,722,824,1523,1625,1866,2189]
[0,268,398,722,824,1426,1523,1625,1866,2189]
[0,268,824,2189]
[0,1044,1866,2189]
[0,268,1044,1625,1866,2189]
[0,1044,1426,2189]
[0,1866,2189]
[0,268,2189]
[0,268,1523,1625,1866,2038,2189]
[0,268,1625,2189]
[0,268,772,1044,1523,1625,1866,2189]
[0,268,824,1523,1625,1866,2189]
[0,268,1625,1866,2189]
[0,268,398,824,1523,1866,2189]
[0,268,824,1523,1625,1866,2038,2189]
[0,745,2189]
[0,268,1044,1523,1625,1866,2189]
[0,772,1044,1866,2189]
[0,268,1044,1622,1866,2189]
[0,268,1044,1523,1866,2038,2189]
[0,268,1426,1523,1625,1866,2038,2189]
[0,1426,1866,2189]
[0,268,398,824,1523,1625,1866,2189]
[0,1044,1426,1866,2189]
[0,1523,1866,2189]
[0,268,398,1523,1866,2189]
[0,824,1523,2189]
[0,268,1866,2189]
[0,1622,1866,2189]
[0,268,398,722,824,1523,1625,1866,2189]
[0,268,354,722,824,1426,1523,1625,1866,2038,2189]
[0,268,1044,1426,1866,2189]
[0,268,824,1523,1866,2189]
[0,268,824,1866,2189]
[0,268,722,824,1523,1625,1866,2038,2189]
[0,268,1523,1625,1866,2189]
[0,824,2189]
[0,1044,2189]
[0,1625,2189]
[0,268,824,1625,1866,2189]
[0,268,1044,1523,1866,2189]
[0,268,824,1523,1866,2038,2189]
[0,268,1523,1866,2189]
[0,745,1625,2189]
[0,824,1866,2189]
[0,268,772,1044,1622,1866,2189]
[0,268,722,824,1523,1866,2189]
[0,268,1523,1866,2038,2189]
[0,268,1426,1866,2189]
[0,268,1426,1866,2038,2189]
[0,268,824,1622,1866,2189]
[0,268,772,1044,1426,1866,2189]
