[0,531,792,1562]
[0,41,531,792,918,1443,1562]
[0,792,918,1022,1443,1562]
[0,531,774,976,1443,1562]
[0,792,1022,1443,1562]
[0,531,792,1022,1364,1562]
[0,792,1022,1091,1443,1562]
[0,976,1562]
[0,1022,1562]
[0,531,1364,1562]
[0,531,774,1562]
[0,41,536,774,976,1562]
[0,531,792,1364,1562]
[0,531,792,1091,1562]
[0,531,774,976,1285,1457,1562]
[0,536,774,976,1562]
[0,531,792,918,1022,1443,1562]
[0,536,761,1022,1562]
[0,531,792,918,1022,1091,1443,1562]
[0,121,531,774,976,1562]
[0,41,531,774,976,1443,1562]
[0,761,1022,1285,1457,1562]
[0,241,1022,1562]
[0,41,792,1364,1562]
[0,774,976,1443,1562]
[0,41,1022,1562]
[0,531,792,1022,1443,1562]
[0,183,1562]
[0,536,774,976,1285,1562]
[0,976,1443,1562]
[0,792,918,1022,1091,1443,1562]
[0,792,918,1443,1562]
[0,531,774,1285,1562]
[0,41,536,774,976,1457,1562]
[0,774,1285,1562]
[0,41,531,774,976,1285,1457,1562]
[0,41,918,1562]
[0,121,1434,1562]
[0,531,792,1022,1562]
[0,41,531,792,1022,1364,1562]
[0,41,531,792,1022,1443,1562]
[0,1285,1562]
[0,761,1022,1457,1562]
[0,531,792,918,1443,1562]
[0,531,774,1091,1562]
[0,41,792,1022,1562]
[0,531,774,976,1285,1562]
[0,41,531,792,1091,1364,1562]
[0,774,1434,1562]
[0,41,531,792,1022,1562]
[0,41,536,761,1022,1457,1562]
[0,531,792,918,1562]
[0,41,1091,1562]
[0,1364,1562]
[0,531,774,1434,1562]
[0,1091,1562]
[0,792,918,1562]
[0,121,531,774,1091,1434,1562]
[0,536,774,1285,1562]
[0,41,531,792,918,1022,1443,1562]
[0,1434,1562]
[0,531,792,1091,1364,1562]
[0,41,531,792,1022,1091,1443,1562]
[0,41,531,774,976,1457,1562]
[0,531,792,1022,1091,1443,1562]
[0,41,1443,1562]
[0,774,976,1457,1562]
[0,536,761,1022,1457,1562]
[0,121,531,774,1434,1562]
[0,536,1562]
[0,792,1364,1562]
[0,792,1091,1562]
[0,536,761,1022,1285,1562]
[0,41,976,1562]
[0,536,774,976,1457,1562]
[0,41,792,918,1443,1562]
[0,41,531,774,976,1562]
[0,41,536,774,976,1285,1457,1562]
[0,531,1562]
[0,41,531,792,918,1022,1091,1443,1562]
[0,536,761,1022,1285,1457,1562]
[0,183,1164,1562]
[0,41,774,976,1562]
[0,918,1562]
[0,531,976,1562]
[0,41,792,1091,1562]
[0,1022,1285,1562]
[0,41,531,792,1364,1562]
[0,41,761,1022,1562]
[0,774,1443,1562]
[0,774,1091,1562]
[0,536,774,1562]
[0,41,536,761,1022,1562]
[0,792,1091,1364,1562]
[0,792,1022,1562]
[0,531,1022,1562]
[0,121,531,774,976,1443,1562]
[0,41,774,976,1443,1562]
[0,1164,1562]
[0,531,774,976,1457,1562]
[0,792,1562]
[0,41,531,1364,1562]
[0,761,1022,1285,1562]
[0,41,976,1443,1562]
[0,531,774,1091,1434,1562]
[0,531,774,976,1562]
[0,774,976,1562]
[0,41,792,1022,1443,1562]
[0,531,918,1562]
[0,1443,1562]
[0,41,531,792,1022,1091,1364,1562]
[0,41,536,761,1022,1285,1457,1562]
[0,41,1562]
[0,531,792,1022,1091,1364,1562]
[0,761,1022,1562]
[0,41,1364,1562]
[0,536,774,976,1285,1457,1562]
[0,41,792,1091,1364,1562]
[0,774,1562]
[0,41,792,918,1562]
