[0,853,1623,1911]
[0,521,853,1395,1722,1911]
[0,165,521,637,853,1111,1395,1623,1722,1911]
[0,521,853,1395,1623,1911]
[0,521,853,1911]
[0,521,1722,1911]
[0,521,853,1111,1395,1722,1911]
[0,521,1623,1911]
[0,165,279,521,853,1395,1722,1911]
[0,165,521,637,853,1395,1623,1722,1911]
[0,1395,1722,1911]
[0,521,853,1168,1911]
[0,165,521,1395,1623,1911]
[0,165,521,637,853,1395,1722,1911]
[0,165,521,1395,1722,1911]
[0,165,521,853,1395,1623,1722,1911]
[0,165,521,637,853,1111,1395,1722,1911]
[0,521,853,1722,1911]
[0,1395,1911]
[0,1518,1911]
[0,1395,1623,1911]
[0,1168,1911]
[0,521,1395,1623,1911]
[0,521,1911]
[0,521,853,1168,1623,1911]
[0,165,279,521,853,1395,1623,1722,1911]
[0,521,1395,1722,1911]
[0,165,279,521,637,853,1395,1623,1722,1911]
[0,165,521,853,1168,1623,1911]
[0,165,1168,1623,1911]
[0,521,853,1623,1911]
[0,853,1395,1911]
[0,165,521,637,1395,1623,1722,1911]
[0,853,1911]
[0,165,521,637,1395,1722,1911]
[0,1623,1911]
[0,165,521,637,1722,1911]
[0,165,521,1623,1911]
[0,521,1395,1911]
[0,521,1518,1911]
[0,165,521,853,1111,1395,1722,1911]
[0,165,521,1722,1911]
[0,1168,1623,1911]
[0,165,521,853,1111,1395,1623,1722,1911]
[0,1722,1911]
[0,853,1395,1623,1911]
[0,165,521,853,1623,1911]
[0,521,853,1395,1911]
[0,165,521,853,1722,1911]
[0,165,521,853,1395,1722,1911]
[0,165,279,521,637,853,1395,1722,1911]
[0,165,521,853,1395,1623,1911]
[0,521,853,1111,1395,1911]
[0,521,637,1722,1911]
