[0,427,676,1158,1384,1810]
[0,427,567,1158,1384,1810]
[0,142,458,746,1158,1384,1810]
[0,427,871,1158,1384,1810]
[0,427,676,1158,1810]
[0,142,458,1158,1384,1810]
[0,427,567,1158,1810]
[0,427,1223,1810]
[0,1158,1810]
[0,142,247,427,567,676,871,1106,1223,1384,1810]
[0,427,570,1158,1810]
[0,427,1223,1384,1810]
[0,427,567,1384,1810]
[0,427,1810]
[0,142,427,567,676,871,1106,1223,1384,1810]
[0,1384,1810]
[0,427,1106,1223,1384,1810]
[0,142,427,570,1223,1384,1810]
[0,427,570,1158,1384,1810]
[0,142,458,1158,1810]
[0,427,567,1106,1384,1810]
[0,142,1223,1810]
[0,142,247,427,567,676,871,1158,1248,1384,1810]
[0,427,567,1158,1248,1384,1810]
[0,142,427,567,871,1106,1223,1384,1810]
[0,458,1158,1810]
[0,142,427,567,871,1158,1384,1810]
[0,142,427,871,1158,1384,1810]
[0,1223,1810]
[0,518,1158,1413,1810]
[0,427,799,1158,1384,1810]
[0,518,1158,1810]
[0,427,567,871,1158,1248,1384,1810]
[0,142,427,570,799,1158,1384,1810]
[0,458,746,1158,1384,1810]
[0,142,247,427,570,1106,1223,1384,1810]
[0,142,247,427,567,1158,1384,1810]
[0,142,458,1158,1413,1810]
[0,427,1106,1384,1810]
[0,427,567,676,871,1158,1248,1384,1810]
[0,1158,1413,1810]
[0,142,1158,1810]
[0,427,567,871,1106,1384,1810]
[0,427,567,871,1106,1223,1384,1810]
[0,458,746,1158,1810]
[0,142,518,1158,1413,1810]
[0,427,567,1106,1223,1384,1810]
[0,427,799,1158,1810]
[0,427,1384,1810]
[0,142,427,1158,1384,1810]
[0,142,427,567,871,1106,1384,1810]
[0,427,567,676,871,1106,1223,1384,1810]
[0,142,427,570,1106,1223,1384,1810]
[0,427,570,799,1158,1384,1810]
[0,142,1158,1413,1810]
[0,142,247,427,567,676,871,1158,1384,1810]
[0,142,427,567,676,871,1158,1248,1384,1810]
[0,427,1158,1248,1384,1810]
[0,142,427,567,1158,1248,1384,1810]
[0,142,427,567,676,871,1158,1384,1810]
[0,427,1158,1248,1810]
[0,427,567,676,871,1158,1384,1810]
[0,142,427,1106,1384,1810]
[0,142,427,567,1158,1384,1810]
[0,427,570,1106,1223,1384,1810]
[0,427,871,1106,1384,1810]
[0,427,570,1384,1810]
[0,142,247,427,567,1158,1248,1384,1810]
[0,458,746,1158,1413,1810]
[0,427,1158,1384,1810]
[0,458,1158,1413,1810]
[0,427,567,871,1158,1384,1810]
[0,458,1158,1384,1810]
[0,142,427,570,1158,1384,1810]
[0,427,567,1223,1384,1810]
[0,142,427,676,1158,1384,1810]
[0,427,570,1223,1384,1810]
[0,142,1810]
[0,427,1158,1810]
[0,427,871,1158,1810]
[0,142,427,871,1106,1384,1810]
[0,142,458,746,1158,1413,1810]
