[0,457,566,965,1029,1202,1341,1564,1678,1810]
[0,457,1202,1678,1810]
[0,1202,1810]
[0,457,566,965,1029,1202,1678,1810]
[0,1360,1544,1810]
[0,457,1029,1202,1341,1678,1810]
[0,463,1261,1810]
[0,416,1810]
[0,457,1029,1202,1678,1810]
[0,457,566,1219,1360,1544,1810]
[0,457,1029,1202,1341,1564,1678,1810]
[0,463,1202,1511,1810]
[0,457,566,1202,1564,1810]
[0,1360,1810]
[0,457,1202,1341,1810]
[0,1261,1810]
[0,457,1219,1360,1544,1810]
[0,463,1261,1564,1810]
[0,463,1029,1261,1544,1706,1810]
[0,463,1261,1544,1810]
[0,457,1029,1202,1341,1810]
[0,457,566,1202,1678,1810]
[0,457,566,1029,1202,1564,1678,1810]
[0,457,566,1029,1202,1678,1810]
[0,457,1202,1341,1564,1810]
[0,457,566,1029,1202,1341,1564,1678,1810]
[0,457,1810]
[0,416,1273,1810]
[0,457,1029,1202,1810]
[0,457,1202,1564,1678,1810]
[0,457,566,1360,1564,1810]
[0,463,1202,1810]
[0,463,1261,1544,1706,1810]
[0,463,1029,1261,1544,1810]
[0,457,566,1360,1544,1810]
[0,457,566,1219,1360,1544,1706,1810]
[0,457,566,1360,1544,1706,1810]
[0,457,1202,1341,1678,1810]
[0,1273,1810]
[0,457,566,1202,1341,1564,1678,1810]
[0,457,1202,1564,1810]
[0,457,566,1202,1564,1678,1810]
[0,463,1810]
[0,457,1202,1810]
[0,416,1202,1810]
[0,457,1029,1202,1564,1678,1810]
[0,457,1360,1564,1810]
[0,416,1202,1511,1810]
[0,457,1202,1341,1564,1678,1810]
[0,457,1360,1544,1810]
[0,457,1360,1810]
[0,457,566,965,1029,1202,1564,1678,1810]
[0,457,566,1202,1341,1564,1810]
