[0,378,876,1073,1393,1562]
[0,262,378,556,709,1393,1562]
[0,1073,1562]
[0,377,709,1562]
[0,377,556,709,1393,1562]
[0,94,377,702,1393,1562]
[0,702,1393,1562]
[0,702,1054,1562]
[0,377,556,709,1073,1393,1562]
[0,378,709,1562]
[0,327,702,1393,1562]
[0,327,702,1054,1562]
[0,378,576,709,876,1073,1393,1562]
[0,262,378,576,1562]
[0,94,377,556,709,1393,1562]
[0,327,709,1393,1562]
[0,378,576,1073,1393,1562]
[0,378,576,709,1393,1562]
[0,262,378,556,709,1562]
[0,262,378,556,709,1073,1393,1562]
[0,377,556,1073,1562]
[0,377,702,1562]
[0,327,709,1562]
[0,378,576,709,1562]
[0,262,378,556,1562]
[0,377,1562]
[0,378,709,876,1073,1393,1562]
[0,709,1562]
[0,378,576,709,1073,1393,1562]
[0,327,702,1562]
[0,378,1073,1393,1562]
[0,378,556,709,876,1073,1393,1562]
[0,378,876,1073,1562]
[0,377,1393,1562]
[0,378,1393,1562]
[0,378,556,709,1073,1393,1562]
[0,377,556,1073,1393,1562]
[0,378,556,709,1393,1562]
[0,262,378,556,709,876,1073,1393,1562]
[0,94,377,1393,1562]
[0,702,1562]
[0,377,709,1393,1562]
[0,377,556,709,1562]
[0,262,378,576,709,1562]
[0,709,1393,1562]
[0,378,576,1562]
[0,378,1562]
[0,378,556,1073,1562]
[0,94,377,556,709,1073,1393,1562]
[0,377,556,1562]
[0,262,378,576,709,876,1073,1393,1562]
[0,378,709,1393,1562]
[0,377,1073,1562]
[0,378,556,1562]
[0,262,378,576,709,1073,1393,1562]
[0,378,1073,1562]
[0,42,262,378,556,709,876,1073,1393,1562]
[0,327,702,1054,1393,1562]
[0,262,378,1562]
[0,377,702,1393,1562]
[0,378,576,1073,1562]
[0,378,556,709,1562]
[0,377,1073,1393,1562]
[0,378,556,1073,1393,1562]
[0,262,378,576,709,1393,1562]
