[0,631,2183,2812]
[0,478,635,945,1552,1778,2183,2485,2812]
[0,595,980,2183,2485,2812]
[0,633,2485,2812]
[0,595,980,2812]
[0,635,2266,2812]
[0,631,2812]
[0,635,1502,1778,2183,2485,2812]
[0,633,2812]
[0,595,2183,2485,2812]
[0,631,1778,2183,2812]
[0,635,945,1552,1778,2027,2183,2485,2812]
[0,2266,2812]
[0,631,985,1778,2183,2485,2812]
[0,595,2485,2812]
[0,635,2812]
[0,631,2183,2485,2812]
[0,635,1502,1778,2027,2183,2485,2812]
[0,595,2812]
[0,635,1778,2183,2485,2812]
[0,635,945,1552,1778,2183,2485,2812]
[0,635,945,1778,2183,2485,2812]
[0,635,945,1778,2183,2812]
[0,635,1552,1778,2183,2485,2812]
[0,478,635,945,1552,1778,2027,2183,2485,2812]
[0,635,945,1552,1778,2027,2183,2485,2605,2812]
[0,595,2266,2812]
[0,635,985,1502,1778,2027,2183,2485,2812]
[0,635,985,1778,2183,2812]
[0,635,985,1778,2183,2485,2812]
[0,633,2183,2485,2812]
[0,631,985,1502,1778,2183,2485,2812]
[0,635,2485,2812]
[0,635,2080,2812]
[0,595,980,2485,2812]
[0,2485,2812]
[0,631,1502,1778,2183,2485,2812]
[0,635,985,1502,1778,2183,2485,2812]
[0,631,1778,2183,2485,2812]
[0,2080,2812]
[0,478,635,945,1552,1778,2027,2183,2485,2605,2812]
[0,2183,2812]
[0,635,1778,2183,2812]
[0,635,2183,2812]
[0,635,2183,2485,2812]
[0,631,2485,2812]
[0,631,985,1778,2183,2812]
[0,635,1552,1778,2027,2183,2485,2812]
