[0,190,261,491,1283,1651]
[0,436,491,1343,1651]
[0,261,491,1343,1651]
[0,190,261,1283,1651]
[0,1343,1651]
[0,250,491,1283,1651]
[0,190,261,436,491,1283,1651]
[0,261,436,491,1283,1651]
[0,491,1651]
[0,491,1283,1651]
[0,250,1343,1651]
[0,436,491,1283,1651]
[0,1283,1651]
[0,1305,1651]
[0,250,436,491,1343,1651]
[0,250,1283,1651]
[0,261,491,1283,1651]
[0,436,491,1651]
[0,250,483,1283,1651]
[0,190,250,483,1283,1651]
[0,190,250,1343,1651]
[0,261,1343,1651]
[0,190,250,491,1343,1651]
[0,261,1651]
[0,250,1651]
[0,424,1651]
[0,190,250,1283,1651]
[0,424,1305,1651]
[0,250,436,491,1283,1651]
[0,190,261,491,1343,1651]
[0,491,1343,1651]
[0,190,250,436,491,1343,1651]
[0,241,483,1283,1651]
[0,241,483,1305,1651]
[0,261,1283,1651]
[0,190,250,491,1283,1651]
[0,483,1283,1651]
[0,483,1305,1651]
[0,190,261,436,491,1343,1651]
[0,261,436,491,1343,1651]
[0,483,1651]
[0,190,250,436,491,1283,1651]
[0,250,491,1343,1651]
[0,190,261,1343,1651]
