[0,692,1812,2147,2824]
[0,104,1018,1523,2591,2824]
[0,1018,1708,2114,2824]
[0,139,692,1276,1812,2142,2544,2824]
[0,104,1343,2114,2824]
[0,692,1276,1708,2147,2824]
[0,692,1343,2114,2824]
[0,104,1018,1708,2114,2824]
[0,692,2142,2824]
[0,692,970,1276,1812,2147,2824]
[0,139,745,1276,1708,2147,2544,2824]
[0,139,692,970,1276,1812,2147,2544,2742,2824]
[0,139,692,1276,1812,2147,2824]
[0,104,692,1343,1523,1708,2114,2742,2824]
[0,139,692,970,1276,1812,2147,2824]
[0,745,2824]
[0,692,1812,2142,2824]
[0,104,1018,2114,2824]
[0,745,1708,2147,2824]
[0,692,1708,2114,2824]
[0,692,1708,2147,2824]
[0,2398,2824]
[0,745,1523,2140,2824]
[0,139,692,1276,1812,2142,2398,2824]
[0,2114,2824]
[0,2147,2824]
[0,1018,2824]
[0,139,692,970,1276,1708,2147,2544,2742,2824]
[0,104,692,1708,2114,2824]
[0,104,692,1343,1708,2114,2824]
[0,139,745,1708,2147,2742,2824]
[0,1018,1523,2591,2824]
[0,692,1276,1812,2142,2398,2544,2824]
[0,139,692,1276,1812,2142,2824]
[0,692,970,1276,1812,2147,2544,2824]
[0,139,692,1276,1708,2147,2824]
[0,139,692,970,1276,1708,2147,2824]
[0,139,692,1812,2147,2824]
[0,692,1276,2147,2824]
[0,104,692,2114,2824]
[0,1708,2114,2824]
[0,104,1018,1523,2114,2824]
[0,1343,2824]
[0,139,692,1018,1276,1812,2142,2398,2544,2824]
[0,2142,2824]
[0,139,692,970,1276,1812,2147,2544,2824]
[0,745,1276,1708,2147,2544,2824]
[0,745,2147,2824]
[0,139,745,1276,1708,2147,2824]
[0,692,1343,1708,2114,2824]
[0,139,692,1018,1276,1812,2142,2398,2544,2742,2824]
[0,139,692,1812,2142,2824]
[0,692,1276,2142,2824]
[0,1276,2147,2824]
[0,139,692,1276,1812,2142,2544,2742,2824]
[0,692,1276,1812,2142,2824]
[0,139,692,1708,2147,2824]
[0,692,1276,1812,2142,2398,2824]
[0,692,2114,2824]
[0,692,2147,2824]
[0,1523,2591,2824]
[0,139,745,1708,2147,2824]
[0,1018,1523,2824]
[0,745,1523,2824]
[0,692,1812,2824]
[0,1276,2142,2824]
[0,139,692,1276,1812,2142,2398,2544,2742,2824]
[0,1276,2824]
[0,139,745,1708,2147,2544,2742,2824]
[0,922,2398,2824]
[0,1018,1523,2114,2824]
[0,745,1523,2446,2824]
[0,692,1276,1812,2147,2544,2824]
[0,139,692,1276,1812,2142,2742,2824]
[0,1343,2114,2824]
[0,745,1708,2147,2544,2824]
[0,692,1523,2824]
[0,692,1276,1708,2147,2544,2824]
[0,692,970,1276,1708,2147,2824]
[0,692,1343,1523,1708,2114,2824]
[0,139,745,1708,2147,2544,2824]
[0,2140,2824]
[0,692,1018,1276,1812,2142,2398,2824]
[0,692,1018,1276,1812,2142,2824]
[0,692,970,1276,1708,2147,2544,2824]
[0,692,2824]
[0,692,1276,1812,2142,2544,2824]
[0,139,745,1276,1708,2147,2544,2742,2824]
[0,1708,2147,2824]
[0,139,745,2140,2824]
[0,139,692,1276,1812,2142,2398,2544,2824]
[0,692,1523,2446,2824]
[0,139,692,970,1276,1708,2147,2544,2824]
[0,1812,2824]
[0,745,1276,1708,2147,2824]
[0,139,692,970,1276,1812,2147,2742,2824]
[0,104,692,1343,2114,2824]
[0,139,692,1812,2142,2742,2824]
[0,1018,2114,2824]
[0,139,692,970,1276,1708,2147,2742,2824]
[0,692,1276,1812,2147,2824]
[0,139,745,1523,2446,2824]
[0,139,745,1523,2140,2824]
[0,104,692,1343,1523,1708,2114,2824]
[0,1708,2824]
[0,1523,2824]
[0,745,2140,2824]
[0,692,1018,1276,1812,2142,2398,2544,2824]
[0,1523,2446,2824]
[0,922,2824]
