[0,204,534,2019]
[0,442,845,1074,2019]
[0,204,442,845,1012,1550,1739,2019]
[0,204,348,534,845,1109,1268,1523,1713,2019]
[0,204,348,534,845,1109,1523,1713,2019]
[0,204,534,845,1109,1713,2019]
[0,393,2019]
[0,442,845,2019]
[0,204,442,845,2019]
[0,442,845,1012,2019]
[0,348,534,845,1109,1713,2019]
[0,204,534,845,1109,1523,1713,2019]
[0,534,845,1713,2019]
[0,393,845,2019]
[0,204,534,845,1074,2019]
[0,204,534,845,1012,2019]
[0,348,845,1109,1713,2019]
[0,393,937,2019]
[0,534,1109,1439,2019]
[0,204,442,845,1012,1171,1739,2019]
[0,348,534,845,937,1109,1268,1523,1713,2019]
[0,534,845,1074,2019]
[0,204,442,845,1739,2019]
[0,348,534,845,937,1109,1523,1713,2019]
[0,204,534,845,1012,1171,1550,1739,2019]
[0,1074,2019]
[0,534,845,1109,1439,2019]
[0,348,845,1109,1268,2019]
[0,204,534,845,1002,1109,1439,1577,2019]
[0,204,534,845,1012,1739,2019]
[0,204,534,845,1550,1739,2019]
[0,348,534,845,1109,2019]
[0,348,845,2019]
[0,204,534,845,1012,1171,2019]
[0,534,845,1012,2019]
[0,348,534,845,1109,1523,1713,2019]
[0,204,442,845,1012,2019]
[0,442,845,1739,2019]
[0,845,1012,2019]
[0,534,1109,2019]
[0,534,2019]
[0,204,534,845,1109,1439,1577,2019]
[0,393,845,1074,2019]
[0,204,534,845,1739,2019]
[0,348,845,1109,2019]
[0,534,845,1109,1713,2019]
[0,204,534,845,1109,2019]
[0,204,845,1109,2019]
[0,204,348,534,845,937,1109,1268,1523,1713,2019]
[0,348,534,845,1109,1268,1713,2019]
[0,204,534,845,1012,1550,1739,2019]
[0,348,845,1109,1268,1713,2019]
[0,534,1713,2019]
[0,204,442,845,1550,1739,2019]
[0,204,534,845,1012,1171,1739,2019]
[0,393,937,1582,2019]
[0,204,442,845,1012,1171,1550,1739,2019]
[0,348,845,1109,1523,1713,2019]
[0,534,845,1739,2019]
[0,937,1582,2019]
[0,204,534,845,1109,1439,2019]
[0,348,2019]
[0,534,845,1109,2019]
[0,204,845,2019]
[0,204,442,845,1074,2019]
[0,845,1074,2019]
[0,1109,2019]
[0,534,845,2019]
[0,442,2019]
[0,204,534,845,2019]
[0,937,2019]
[0,348,845,1713,2019]
[0,204,348,534,845,937,1109,1523,1713,2019]
[0,204,442,845,1012,1739,2019]
[0,845,2019]
[0,204,442,845,1012,1171,2019]
[0,348,534,845,1109,1268,1523,1713,2019]
[0,534,1074,2019]
[0,845,1109,2019]
