[0,110,221,357,636,1480,1875]
[0,221,385,636,1672,1875]
[0,133,357,636,1480,1672,1875]
[0,110,221,636,1672,1875]
[0,221,385,636,1476,1672,1875]
[0,385,636,1476,1672,1875]
[0,133,221,385,636,725,1476,1672,1875]
[0,221,636,1144,1476,1875]
[0,133,221,636,1672,1875]
[0,357,636,1125,1480,1875]
[0,133,221,636,1476,1875]
[0,221,636,1192,1672,1875]
[0,385,1476,1875]
[0,636,1480,1875]
[0,221,357,636,1192,1672,1875]
[0,1476,1875]
[0,110,221,357,636,725,1125,1480,1672,1875]
[0,221,636,1476,1875]
[0,357,636,1672,1875]
[0,221,357,636,1672,1875]
[0,221,636,1192,1875]
[0,133,221,357,636,1480,1672,1875]
[0,133,221,357,636,1125,1192,1480,1672,1875]
[0,221,385,636,1144,1476,1672,1875]
[0,133,221,636,1125,1192,1672,1875]
[0,221,357,636,1480,1875]
[0,133,221,357,636,1192,1672,1875]
[0,573,1875]
[0,636,1192,1875]
[0,110,221,357,636,1672,1875]
[0,133,357,636,725,1125,1480,1672,1875]
[0,133,221,385,636,725,1144,1192,1476,1672,1875]
[0,133,221,385,636,1144,1192,1476,1672,1875]
[0,385,636,1875]
[0,385,636,1144,1476,1875]
[0,357,636,1875]
[0,221,357,636,1480,1672,1875]
[0,221,357,636,1125,1480,1672,1875]
[0,110,221,357,636,1192,1672,1875]
[0,636,1672,1875]
[0,385,1875]
[0,385,636,1476,1875]
[0,385,636,1192,1875]
[0,221,385,636,1192,1672,1875]
[0,221,385,636,1476,1875]
[0,133,221,357,636,1480,1875]
[0,385,636,1192,1672,1875]
[0,133,221,357,636,725,1125,1480,1672,1875]
[0,133,221,636,1192,1672,1875]
[0,110,221,357,636,1125,1480,1672,1875]
[0,133,221,636,1144,1192,1476,1875]
[0,133,357,636,1192,1672,1875]
[0,221,385,636,725,1144,1476,1672,1875]
[0,110,221,357,636,1125,1192,1672,1875]
[0,357,636,1192,1672,1875]
[0,133,221,357,636,1125,1480,1672,1875]
[0,133,221,357,636,725,1125,1192,1480,1672,1875]
[0,133,221,385,636,725,1144,1476,1672,1875]
[0,221,636,1672,1875]
[0,357,636,1192,1875]
[0,110,221,636,1480,1875]
[0,110,221,357,636,1125,1192,1480,1672,1875]
[0,221,636,1875]
[0,357,636,1480,1875]
[0,133,221,636,1480,1875]
[0,385,636,1144,1476,1672,1875]
[0,636,1144,1476,1875]
[0,133,221,385,636,1144,1192,1476,1875]
[0,110,221,357,636,1480,1672,1875]
[0,357,636,1125,1480,1672,1875]
[0,636,1195,1875]
[0,221,636,1480,1875]
[0,110,221,636,1125,1192,1672,1875]
[0,133,221,385,636,1144,1476,1672,1875]
[0,133,357,636,1672,1875]
[0,133,221,385,636,1144,1476,1875]
[0,133,357,636,1125,1480,1672,1875]
[0,110,221,357,636,725,1480,1672,1875]
[0,110,221,357,636,725,1125,1192,1480,1672,1875]
[0,133,221,357,636,1672,1875]
[0,133,357,636,725,1480,1672,1875]
[0,133,221,357,636,725,1480,1672,1875]
[0,110,221,636,1192,1672,1875]
[0,636,1125,1480,1875]
[0,133,221,385,636,1476,1672,1875]
[0,133,221,385,636,1476,1875]
[0,221,385,636,725,1476,1672,1875]
[0,357,636,1480,1672,1875]
[0,133,221,357,636,1125,1192,1672,1875]
[0,133,357,636,1480,1875]
[0,221,636,1195,1875]
[0,221,385,636,1144,1476,1875]
[0,636,1476,1875]
[0,385,1144,1476,1875]
[0,133,221,636,1144,1476,1875]
[0,385,636,1672,1875]
[0,636,1875]
