[0,183,463,673,1046]
[0,183,280,372,463,673,1046]
[0,673,730,777,1046]
[0,463,606,1046]
[0,463,730,777,1046]
[0,463,673,730,777,1046]
[0,447,606,730,1046]
[0,183,451,606,730,1046]
[0,463,1046]
[0,183,451,606,1046]
[0,463,606,730,1046]
[0,280,372,463,673,730,1046]
[0,183,451,1046]
[0,372,451,606,730,1046]
[0,183,463,606,1046]
[0,183,447,606,1046]
[0,372,451,606,1046]
[0,280,451,1046]
[0,280,463,673,1046]
[0,280,451,606,730,1046]
[0,372,463,606,1046]
[0,183,457,1046]
[0,372,451,730,777,1046]
[0,183,280,372,463,673,730,777,1046]
[0,463,673,1046]
[0,447,606,1046]
[0,183,280,463,673,1046]
[0,372,463,606,730,1046]
[0,183,280,372,463,673,730,1046]
[0,183,463,606,730,1046]
[0,183,280,372,451,606,730,777,1046]
[0,372,463,673,730,777,1046]
[0,183,463,1046]
[0,183,280,372,451,606,730,1046]
[0,183,280,451,606,730,1046]
[0,280,451,606,1046]
[0,463,673,730,1046]
[0,280,463,1046]
[0,372,451,1046]
[0,451,730,777,1046]
[0,372,463,673,1046]
[0,463,606,730,777,1046]
[0,183,447,1046]
[0,451,606,1046]
[0,183,463,730,1046]
[0,280,372,463,673,1046]
[0,280,372,463,1046]
[0,280,372,451,606,730,777,1046]
[0,280,372,463,673,730,777,1046]
[0,463,777,1046]
[0,451,606,730,1046]
[0,372,463,673,730,1046]
[0,451,777,1046]
[0,280,372,451,606,730,1046]
[0,183,447,606,730,1046]
[0,372,463,1046]
[0,372,451,606,730,777,1046]
[0,183,280,372,463,1046]
[0,447,1046]
[0,372,451,777,1046]
[0,451,1046]
[0,463,730,1046]
[0,183,280,463,1046]
[0,372,463,606,730,777,1046]
[0,673,730,1046]
[0,730,777,1046]
[0,730,1046]
[0,457,1046]
