[0,1276,1427]
[0,102,199,603,678,1041,1276,1365,1427]
[0,199,603,678,1041,1276,1365,1427]
[0,199,678,1041,1427]
[0,199,678,1041,1276,1365,1427]
[0,199,1365,1427]
[0,632,678,1041,1276,1427]
[0,1041,1276,1365,1427]
[0,199,678,1427]
[0,603,678,1041,1276,1365,1427]
[0,603,678,1276,1427]
[0,199,1427]
[0,199,632,678,1041,1276,1365,1427]
[0,102,199,678,1041,1276,1427]
[0,1341,1427]
[0,632,678,1041,1276,1365,1427]
[0,199,603,678,1041,1276,1427]
[0,1365,1427]
[0,102,199,632,678,1041,1276,1365,1427]
[0,603,678,1041,1276,1427]
[0,603,1427]
[0,102,199,678,1041,1276,1365,1427]
[0,199,678,1041,1276,1427]
[0,1041,1427]
[0,199,678,1365,1427]
[0,678,1427]
[0,678,1041,1276,1365,1427]
[0,678,1041,1276,1427]
[0,603,1276,1427]
[0,102,199,603,678,1041,1276,1427]
[0,1041,1276,1427]
[0,678,1041,1427]
