[0,272,642,1343]
[0,272,638,769,996,1124,1343]
[0,62,272,876,1343]
[0,62,272,642,996,1124,1343]
[0,62,1343]
[0,62,272,338,769,996,1124,1343]
[0,62,272,1343]
[0,272,338,996,1124,1343]
[0,272,638,769,1124,1343]
[0,62,272,1124,1343]
[0,272,996,1343]
[0,62,272,876,1124,1343]
[0,272,769,1343]
[0,272,638,1124,1343]
[0,272,642,996,1124,1343]
[0,272,642,1124,1343]
[0,876,1343]
[0,272,338,769,996,1124,1343]
[0,272,769,1124,1343]
[0,272,876,1124,1343]
[0,638,1343]
[0,62,272,338,996,1124,1343]
[0,62,272,996,1124,1343]
[0,62,272,638,996,1124,1343]
[0,1124,1343]
[0,642,1343]
[0,272,769,996,1124,1343]
[0,272,338,638,769,996,1124,1343]
[0,272,638,996,1124,1343]
[0,996,1343]
[0,272,876,1343]
[0,272,638,1343]
[0,62,272,338,638,769,996,1124,1343]
[0,272,1343]
[0,769,1343]
[0,272,996,1124,1343]
[0,62,272,769,1124,1343]
[0,62,1124,1343]
[0,272,1124,1343]
