[0,233,1409,1977,2020]
[0,233,1550,1977,2020]
[0,233,550,1550,2020]
[0,233,550,1475,2020]
[0,233,550,1409,2020]
[0,1550,2020]
[0,550,1550,2020]
[0,550,1409,2020]
[0,233,943,1475,1977,2020]
[0,550,1475,2020]
[0,1409,2020]
[0,233,550,1675,2020]
[0,233,550,1475,1977,2020]
[0,1475,2020]
[0,1345,2020]
[0,233,550,1675,1977,2020]
[0,1675,2020]
[0,550,1675,2020]
[0,233,1345,1977,2020]
[0,943,1475,2020]
[0,1710,2020]
[0,233,550,1550,1977,2020]
[0,233,943,1475,2020]
[0,550,2020]
[0,233,2020]
[0,233,550,1409,1977,2020]
[0,233,1550,2020]
[0,233,1977,2020]
[0,233,1475,2020]
[0,233,1475,1977,2020]
[0,233,1409,2020]
[0,233,1345,2020]
[0,233,333,550,1675,2020]
[0,233,333,550,1675,1977,2020]
[0,233,1675,2020]
[0,233,1710,2020]
