[0,142,266,635,841,1090,1180]
[0,142,227,290,498,635,788,841,1180]
[0,142,227,290,498,635,841,1180]
[0,635,841,1090,1180]
[0,142,204,498,635,841,1090,1180]
[0,142,290,498,635,788,841,1180]
[0,131,266,568,841,1180]
[0,290,498,635,841,1180]
[0,227,635,1180]
[0,568,841,1180]
[0,266,635,1180]
[0,142,290,498,635,841,1090,1180]
[0,142,204,635,841,1090,1180]
[0,204,635,841,1180]
[0,635,1180]
[0,142,204,290,498,635,841,1090,1180]
[0,290,635,1180]
[0,142,290,635,841,1180]
[0,204,498,635,841,1090,1180]
[0,266,635,841,1180]
[0,227,635,841,1180]
[0,142,266,498,635,841,1180]
[0,142,290,635,841,1090,1180]
[0,142,227,290,498,635,841,911,1180]
[0,131,227,635,841,1090,1180]
[0,227,635,841,1074,1180]
[0,266,568,841,1180]
[0,498,841,1180]
[0,498,1180]
[0,142,290,498,635,841,911,1180]
[0,841,1180]
[0,204,498,635,841,1180]
[0,142,266,635,841,1180]
[0,142,204,635,841,1180]
[0,142,204,635,788,841,1090,1180]
[0,142,290,635,788,841,1180]
[0,635,841,1180]
[0,290,498,635,841,911,1180]
[0,204,635,841,1090,1180]
[0,131,227,635,841,1180]
[0,142,204,498,635,788,841,1090,1180]
[0,131,227,635,841,1074,1180]
[0,266,498,635,841,1180]
[0,142,266,498,635,841,1090,1180]
[0,142,204,290,498,635,788,841,1090,1180]
[0,290,635,841,1180]
[0,142,227,290,498,635,788,841,911,1180]
[0,142,290,498,635,841,1180]
