[0,108,242,355,498,673,782,1003,1153,1197]
[0,355,673,782,1197]
[0,167,673,1197]
[0,355,673,1197]
[0,355,673,782,1003,1197]
[0,108,242,355,673,1153,1197]
[0,108,242,355,673,782,826,1153,1197]
[0,108,355,673,1003,1153,1197]
[0,355,782,1017,1197]
[0,108,167,355,673,1003,1153,1197]
[0,108,355,673,1153,1197]
[0,355,673,1153,1197]
[0,108,355,782,1017,1197]
[0,245,870,1197]
[0,108,242,355,673,782,1153,1197]
[0,108,208,355,673,782,1003,1153,1197]
[0,108,355,782,1003,1153,1197]
[0,108,355,782,1153,1197]
[0,108,242,355,673,1003,1153,1197]
[0,108,355,673,1197]
[0,108,355,673,1003,1197]
[0,355,782,1153,1197]
[0,242,355,498,673,1003,1197]
[0,355,782,1003,1197]
[0,355,498,673,1003,1197]
[0,108,242,355,673,782,1003,1197]
[0,242,355,673,1197]
[0,108,242,355,498,673,782,1003,1197]
[0,108,167,673,1153,1197]
[0,108,355,673,782,826,1153,1197]
[0,242,355,673,782,1003,1197]
[0,108,208,355,498,673,782,1003,1153,1197]
[0,773,1197]
[0,355,498,673,782,1003,1197]
[0,108,355,673,782,1003,1153,1197]
[0,108,208,355,673,1003,1153,1197]
[0,108,242,355,498,673,782,826,1003,1153,1197]
[0,108,1197]
[0,108,355,782,1197]
[0,108,167,355,673,1153,1197]
[0,108,355,498,673,782,1003,1153,1197]
[0,108,208,355,673,782,1003,1197]
[0,782,1153,1197]
[0,108,242,355,673,1003,1197]
[0,108,167,355,673,1003,1197]
[0,242,355,673,1003,1197]
[0,108,208,355,673,1153,1197]
[0,1153,1197]
[0,108,208,355,673,1003,1197]
[0,108,167,355,673,782,1003,1197]
[0,108,782,1197]
[0,673,1197]
[0,108,208,355,673,1197]
[0,108,208,355,498,673,782,1003,1197]
[0,108,167,355,673,1197]
[0,782,1003,1197]
[0,355,673,1003,1197]
[0,178,773,1017,1197]
[0,242,355,673,782,1197]
[0,355,782,1197]
[0,108,355,673,782,1153,1197]
[0,108,355,782,1003,1197]
[0,108,355,673,782,1003,1197]
[0,108,355,498,673,782,1003,1197]
[0,108,242,355,673,782,1197]
[0,108,167,355,673,782,1003,1153,1197]
[0,108,782,1003,1197]
[0,108,242,355,673,1197]
[0,108,242,355,673,782,826,1003,1153,1197]
[0,108,242,355,673,782,1003,1153,1197]
[0,773,1017,1197]
[0,242,355,498,673,782,1003,1197]
[0,108,167,673,1197]
[0,108,167,1197]
[0,782,1197]
[0,870,1197]
[0,108,355,673,782,1197]
