[0,604,1172,2019]
[0,344,1174,1800,2019]
[0,156,685,1172,1626,2019]
[0,154,667,1172,1626,2019]
[0,156,685,2019]
[0,656,1172,1793,2019]
[0,656,1172,1815,2019]
[0,154,1793,2019]
[0,178,656,1174,2019]
[0,156,656,1172,1626,2019]
[0,685,1172,2019]
[0,1793,2019]
[0,344,1174,2019]
[0,656,1174,1800,2019]
[0,154,604,1172,2019]
[0,1172,2019]
[0,1174,2019]
[0,156,656,2019]
[0,604,2019]
[0,156,656,1172,1793,2019]
[0,178,656,1174,1800,2019]
[0,154,604,2019]
[0,344,2019]
[0,154,1172,1793,2019]
[0,154,656,1172,2019]
[0,156,685,1172,2019]
[0,685,2019]
[0,604,1172,1626,2019]
[0,656,1172,2019]
[0,667,2019]
[0,154,604,1172,1626,2019]
[0,667,1172,2019]
[0,1172,1793,2019]
[0,154,667,2019]
[0,656,1174,2019]
[0,154,656,2019]
[0,667,1172,1626,2019]
[0,154,604,1172,1793,2019]
[0,178,656,1172,2019]
[0,656,2019]
[0,154,2019]
[0,178,656,2019]
[0,178,656,1172,1815,2019]
[0,604,1172,1793,2019]
[0,178,2019]
[0,154,667,1172,2019]
[0,656,1172,1626,2019]
[0,156,656,1172,2019]
[0,685,1172,1626,2019]
[0,154,656,1172,1793,2019]
[0,154,656,1172,1815,2019]
[0,156,2019]
