[0,78,142,241,944,1807,2019]
[0,1370,1592,1781,2019]
[0,78,1370,1592,1781,2019]
[0,241,1370,1592,2019]
[0,642,2019]
[0,1370,1807,2019]
[0,142,241,944,1119,1370,1592,1781,2019]
[0,241,672,1119,1370,2019]
[0,241,566,944,1119,1807,2019]
[0,944,1119,1807,2019]
[0,78,944,1119,1807,2019]
[0,78,241,944,1781,2019]
[0,241,672,1119,1370,1781,2019]
[0,142,241,944,1119,1370,1655,1807,2019]
[0,566,944,1370,2019]
[0,241,566,944,2019]
[0,78,142,241,944,1119,1807,2019]
[0,241,1119,1370,2019]
[0,142,241,944,1807,2019]
[0,241,1592,1781,2019]
[0,241,526,944,1370,2019]
[0,241,944,1119,1807,2019]
[0,78,672,1119,1370,1781,2019]
[0,78,1370,2019]
[0,241,526,1370,1592,1781,2019]
[0,672,1370,1592,1781,2019]
[0,78,944,1781,2019]
[0,944,1781,2019]
[0,78,142,241,944,1119,1370,1807,2019]
[0,672,2019]
[0,944,1119,1370,1655,1807,2019]
[0,566,2019]
[0,78,142,241,526,672,944,1119,1370,1592,1781,2019]
[0,672,1370,1592,2019]
[0,241,1370,1592,1781,2019]
[0,78,1119,1370,2019]
[0,78,142,241,526,944,1119,1370,1592,1781,2019]
[0,241,566,944,1370,2019]
[0,944,1119,1370,1592,2019]
[0,1119,1370,1592,1781,2019]
[0,944,1119,1370,1592,1781,2019]
[0,526,944,2019]
[0,241,566,2019]
[0,78,944,1119,1370,1807,2019]
[0,1807,2019]
[0,944,1370,1807,2019]
[0,241,1370,1655,1807,2019]
[0,78,142,241,944,1119,1370,1655,1807,2019]
[0,142,241,944,1119,1807,2019]
[0,944,2019]
[0,672,1781,2019]
[0,241,944,1119,1370,1592,1781,2019]
[0,78,672,1119,1370,1592,1781,2019]
[0,241,1119,1370,1807,2019]
[0,78,142,241,1370,1592,1781,2019]
[0,672,1119,1370,1592,1781,2019]
[0,241,944,1807,2019]
[0,241,944,1119,1370,1655,1807,2019]
[0,241,944,2019]
[0,78,1370,1655,1807,2019]
[0,78,142,241,566,664,944,1119,1370,1655,1807,2019]
[0,241,566,944,1119,1370,1807,2019]
[0,526,944,1370,2019]
[0,944,1119,1370,1807,2019]
[0,672,1119,1370,1592,2019]
[0,1119,1370,2019]
[0,78,944,1119,1370,1592,1781,2019]
[0,944,1370,2019]
[0,241,566,944,1807,2019]
[0,241,526,1370,2019]
[0,78,1807,2019]
[0,944,1119,2019]
[0,142,241,526,672,944,1119,1370,1592,1781,2019]
[0,78,944,1119,1370,1655,1807,2019]
[0,526,1370,2019]
[0,672,1119,1370,1781,2019]
[0,241,944,1119,1370,1807,2019]
[0,241,526,1370,1592,2019]
[0,78,142,241,2019]
[0,241,526,672,944,1119,1370,1592,1781,2019]
[0,142,241,2019]
[0,241,526,944,1119,1370,1592,1781,2019]
[0,241,526,944,1370,1592,2019]
[0,142,241,1370,1592,1781,2019]
[0,642,1781,2019]
[0,78,241,672,1119,1370,1781,2019]
[0,241,1655,1807,2019]
[0,1370,2019]
[0,241,2019]
[0,1655,1807,2019]
[0,78,1655,1807,2019]
[0,1119,2019]
[0,78,672,1119,1370,2019]
[0,78,2019]
[0,241,1370,1807,2019]
[0,142,241,566,944,1119,1370,1655,1807,2019]
[0,642,944,2019]
[0,78,142,241,1592,1781,2019]
[0,241,1370,2019]
[0,672,1370,2019]
[0,1370,1655,1807,2019]
[0,642,944,1781,2019]
[0,142,241,566,664,944,1119,1370,1655,1807,2019]
[0,241,1119,2019]
[0,241,1119,1370,1592,2019]
[0,78,142,241,1119,1370,1592,1781,2019]
[0,78,944,1807,2019]
[0,944,1807,2019]
[0,944,1370,1592,1781,2019]
[0,944,1370,1592,2019]
[0,142,241,1781,2019]
[0,78,142,241,1781,2019]
[0,78,142,241,944,1119,1370,1592,1781,2019]
[0,142,241,1592,1781,2019]
[0,142,241,526,944,1119,1370,1592,1781,2019]
[0,241,526,944,1370,1592,1781,2019]
[0,78,1119,1370,1592,1781,2019]
[0,1781,2019]
[0,142,241,1807,2019]
[0,78,142,241,1807,2019]
[0,241,526,944,2019]
[0,566,944,2019]
[0,78,241,1370,1655,1807,2019]
[0,142,241,1119,1370,1592,1781,2019]
[0,241,1781,2019]
[0,241,944,1781,2019]
[0,78,142,241,566,944,1119,1370,1655,1807,2019]
[0,944,1119,1370,2019]
[0,241,1807,2019]
[0,241,1119,1807,2019]
[0,1119,1370,1592,2019]
[0,78,1781,2019]
[0,142,241,944,1119,1370,1807,2019]
[0,241,566,944,1370,1807,2019]
[0,241,566,944,1119,1370,1655,1807,2019]
[0,241,1119,1370,1592,1781,2019]
[0,672,1119,1370,2019]
[0,1370,1592,2019]
[0,241,566,1807,2019]
