[0,720,1476,3063,3353]
[0,1823,3353]
[0,400,1338,1721,2454,2995,3299,3353]
[0,646,1668,3353]
[0,646,830,1668,2165,2738,3353]
[0,1668,2165,3299,3353]
[0,720,3063,3353]
[0,1668,2738,3353]
[0,44,646,887,1752,2165,2454,2738,3062,3299,3353]
[0,1668,3299,3353]
[0,1338,1668,3353]
[0,400,1338,1721,2454,3299,3353]
[0,646,887,1752,3299,3353]
[0,44,646,887,1752,2165,3062,3353]
[0,646,1338,1668,2165,2738,3299,3353]
[0,400,1752,2165,3353]
[0,44,646,887,1752,2165,2738,3062,3299,3353]
[0,1721,3299,3353]
[0,1554,3353]
[0,887,2511,3353]
[0,1752,3353]
[0,400,1338,1721,3353]
[0,1668,2165,3353]
[0,646,887,1752,2165,3353]
[0,1554,3063,3353]
[0,44,646,887,1752,2165,3062,3299,3353]
[0,646,830,1668,2165,3353]
[0,1668,3353]
[0,646,1752,2165,2738,3353]
[0,1752,2738,3353]
[0,400,1721,2995,3353]
[0,400,1752,3353]
[0,44,646,887,1752,2165,3299,3353]
[0,2511,3353]
[0,646,1752,2995,3353]
[0,400,1338,1721,2454,3353]
[0,646,1338,1668,3299,3353]
[0,646,3062,3353]
[0,646,887,1752,2165,3299,3353]
[0,1476,3353]
[0,646,830,1338,1668,2165,2738,3299,3353]
[0,646,1752,2165,3353]
[0,646,1752,2165,2995,3353]
[0,646,1338,1668,2165,2738,3353]
[0,646,1668,2165,2738,3353]
[0,646,2738,3353]
[0,646,1338,1668,2165,3299,3353]
[0,646,1668,2165,3299,3353]
[0,1752,2165,3353]
[0,646,1668,2165,2738,3299,3353]
[0,1668,2165,2738,3353]
[0,1668,3062,3353]
[0,646,3353]
[0,646,830,1668,2165,3299,3353]
[0,646,2995,3353]
[0,646,830,1668,2165,2738,3299,3353]
[0,44,646,830,1338,1668,2165,2738,3299,3353]
[0,646,830,1668,3299,3353]
[0,646,2165,2738,3353]
[0,1752,2165,2738,3353]
[0,720,1476,3353]
[0,646,887,1752,2165,3062,3299,3353]
[0,646,1752,3062,3353]
[0,646,1752,2165,2738,3062,3353]
[0,720,3353]
[0,400,1338,1721,2454,2995,3353]
[0,646,887,1752,2995,3353]
[0,646,887,3062,3353]
[0,887,3353]
[0,646,1752,2165,3062,3353]
[0,400,1721,2454,3353]
[0,400,1721,3299,3353]
[0,646,887,1752,2165,2738,3062,3353]
[0,646,887,1752,2165,2454,2738,3062,3353]
[0,646,1668,2738,3353]
[0,646,1338,1668,3353]
[0,646,887,1752,2165,2454,2738,3062,3299,3353]
[0,1721,2454,3353]
[0,646,887,1752,3353]
[0,646,887,1752,2165,3062,3353]
[0,646,830,1668,3353]
[0,1721,3353]
[0,646,887,1752,2165,2738,3062,3299,3353]
[0,1752,2165,3063,3353]
[0,646,830,1338,1668,2165,2738,3353]
[0,1668,2347,3062,3353]
[0,400,1554,3353]
[0,646,1668,2165,3353]
[0,3063,3353]
[0,1668,2347,3353]
[0,400,1752,2165,3063,3353]
[0,400,1338,1721,2995,3353]
[0,646,1752,3353]
[0,646,887,1752,3062,3353]
[0,44,646,887,1752,2165,2995,3299,3353]
[0,646,1338,1668,2165,3353]
[0,1752,3063,3353]
[0,400,1338,1721,3299,3353]
[0,400,1721,3353]
[0,646,887,1752,2165,2995,3299,3353]
[0,1668,2165,2738,3299,3353]
[0,400,1554,3063,3353]
[0,646,1752,2165,2454,2738,3062,3353]
[0,646,3299,3353]
[0,646,887,1752,2165,2995,3353]
