[0,903,968,1052,1265,1333,1427]
[0,455,1427]
[0,466,1427]
[0,457,1052,1265,1427]
[0,1265,1427]
[0,466,903,1265,1427]
[0,457,577,1265,1427]
[0,908,1427]
[0,903,968,1052,1265,1427]
[0,455,908,1052,1265,1427]
[0,908,1265,1427]
[0,641,968,1052,1265,1427]
[0,455,577,641,908,1265,1333,1427]
[0,466,577,903,968,1052,1265,1333,1427]
[0,466,1052,1265,1427]
[0,466,903,968,1052,1265,1427]
[0,457,577,903,968,1052,1265,1333,1427]
[0,903,1265,1427]
[0,1052,1265,1427]
[0,457,968,1052,1265,1427]
[0,455,1052,1427]
[0,466,577,641,903,1265,1333,1427]
[0,466,577,641,903,968,1052,1265,1427]
[0,577,1265,1427]
[0,457,1052,1427]
[0,577,641,903,968,1052,1265,1427]
[0,455,577,1265,1427]
[0,457,577,968,1052,1265,1333,1427]
[0,903,968,1265,1427]
[0,968,1052,1265,1333,1427]
[0,466,577,1052,1265,1333,1427]
[0,577,1427]
[0,466,577,903,1265,1427]
[0,466,577,1052,1265,1427]
[0,466,577,1265,1333,1427]
[0,466,577,1265,1427]
[0,1052,1427]
[0,457,577,1265,1333,1427]
[0,466,968,1052,1265,1427]
[0,455,1052,1265,1427]
[0,466,577,968,1052,1265,1333,1427]
[0,641,1052,1265,1427]
[0,466,577,903,968,1052,1265,1427]
[0,457,577,1052,1265,1427]
[0,455,577,641,903,968,1052,1265,1427]
[0,466,577,968,1052,1265,1427]
[0,457,1427]
[0,455,577,1265,1333,1427]
[0,455,641,1427]
[0,455,577,1052,1265,1427]
[0,455,577,908,1265,1427]
[0,1265,1333,1427]
[0,457,968,1052,1265,1333,1427]
[0,641,1427]
[0,577,641,903,1265,1427]
[0,455,577,968,1052,1265,1427]
[0,641,1052,1427]
[0,466,903,1427]
[0,641,903,968,1052,1265,1427]
[0,641,903,1265,1427]
[0,466,903,968,1052,1265,1333,1427]
[0,903,1427]
[0,455,903,968,1052,1265,1427]
[0,455,577,903,968,1052,1265,1427]
[0,968,1052,1265,1427]
[0,455,1265,1427]
[0,1052,1265,1333,1427]
[0,455,908,1427]
[0,457,577,968,1052,1265,1427]
[0,455,641,1265,1427]
[0,641,903,1427]
[0,457,577,1052,1265,1333,1427]
[0,455,908,1265,1427]
[0,466,1052,1427]
[0,455,577,641,908,1265,1427]
[0,455,968,1052,1265,1427]
[0,466,577,903,1265,1333,1427]
[0,457,903,968,1052,1265,1333,1427]
[0,455,577,908,1265,1333,1427]
[0,466,968,1052,1265,1333,1427]
[0,466,577,641,903,1265,1427]
