[0,108,1097,4285]
[0,1147,1775,3552,4285]
[0,108,1097,2593,3212,3552,3830,4089,4285]
[0,1097,3228,4285]
[0,108,1097,1775,3830,4285]
[0,108,3212,4285]
[0,1097,3246,3552,3830,4285]
[0,1147,3349,4285]
[0,1097,2593,3212,3552,3830,4285]
[0,3246,4285]
[0,391,1322,3552,4285]
[0,108,1097,2593,3212,3552,3830,4285]
[0,1097,3437,4285]
[0,1097,3246,3552,4285]
[0,1097,3212,3552,4285]
[0,108,1097,3212,3552,3830,4089,4285]
[0,143,1147,1775,3552,4285]
[0,1097,1775,4285]
[0,1322,4285]
[0,143,1147,4285]
[0,1097,3212,3552,3830,4089,4285]
[0,108,1097,1775,3552,4285]
[0,1097,1775,3552,4285]
[0,3228,4285]
[0,143,1147,3552,4285]
[0,1097,3212,4285]
[0,108,1097,2593,3212,3552,4285]
[0,108,3246,3552,4285]
[0,1775,4285]
[0,108,1097,3437,4285]
[0,1097,4285]
[0,108,1097,3228,4285]
[0,143,1097,3246,4285]
[0,1097,2593,3212,4285]
[0,1097,3830,4285]
[0,1097,3212,3552,3830,4285]
[0,1097,2593,3212,3552,3830,4089,4285]
[0,3212,4285]
[0,108,1097,3246,3552,4285]
[0,3246,3552,4285]
[0,143,1147,3349,4285]
[0,108,1097,3228,3552,4285]
[0,1322,3552,4285]
[0,1147,3552,4285]
[0,108,1097,3212,3552,3830,4285]
[0,108,1097,3212,4285]
[0,1097,3228,3552,4285]
[0,108,1097,1775,4285]
[0,1147,4285]
[0,108,1097,3246,3552,3830,4285]
[0,108,1097,3212,3552,4285]
[0,108,3246,4285]
[0,1097,3552,4285]
[0,108,3228,4285]
[0,108,1097,3228,3552,3830,4285]
[0,1097,1775,3830,4285]
[0,1097,3228,3552,3830,4285]
[0,1097,2593,3212,3552,4285]
[0,108,1775,4285]
[0,1097,3246,4285]
[0,108,1097,3830,4285]
