[0,285,1198,1419]
[0,104,222,358,604,768,968,1141,1353,1419]
[0,104,285,604,768,980,1198,1419]
[0,104,285,604,1419]
[0,104,318,604,768,980,1198,1419]
[0,104,244,424,768,1178,1419]
[0,104,1419]
[0,318,768,1198,1419]
[0,104,424,1178,1419]
[0,338,1178,1419]
[0,222,358,968,1419]
[0,104,222,358,768,968,1353,1419]
[0,318,604,1419]
[0,104,338,1178,1419]
[0,104,222,358,768,968,1141,1419]
[0,222,358,604,768,968,1419]
[0,285,768,980,1198,1419]
[0,244,768,1198,1419]
[0,338,559,1100,1419]
[0,244,424,604,768,980,1178,1419]
[0,104,285,419,604,768,980,1100,1198,1353,1419]
[0,338,559,1419]
[0,244,424,1419]
[0,318,604,1198,1419]
[0,318,604,768,968,1198,1419]
[0,104,318,604,1198,1419]
[0,104,318,604,768,980,1198,1353,1419]
[0,104,244,424,768,980,1178,1419]
[0,285,1419]
[0,104,285,1419]
[0,104,318,768,980,1198,1419]
[0,318,768,1419]
[0,358,768,968,1419]
[0,104,318,604,768,968,1100,1198,1353,1419]
[0,104,318,768,968,1100,1198,1419]
[0,244,424,768,1178,1419]
[0,104,604,1419]
[0,244,424,1198,1419]
[0,104,244,424,768,1198,1419]
[0,358,604,768,968,1141,1419]
[0,104,285,419,768,980,1100,1198,1353,1419]
[0,104,244,424,768,968,1100,1198,1419]
[0,318,768,980,1198,1419]
[0,104,285,768,1198,1419]
[0,104,285,604,768,980,1419]
[0,424,1178,1419]
[0,358,768,968,1141,1419]
[0,104,222,358,768,968,1419]
[0,358,768,1198,1419]
[0,244,768,968,1198,1419]
[0,768,1419]
[0,104,222,358,604,768,968,1353,1419]
[0,104,604,980,1419]
[0,968,1419]
[0,104,768,1419]
[0,104,358,768,968,1419]
[0,338,768,1419]
[0,358,1419]
[0,424,1419]
[0,104,338,559,1419]
[0,104,338,768,980,1178,1419]
[0,104,285,419,604,768,980,1198,1419]
[0,104,318,768,1198,1419]
[0,338,1100,1419]
[0,104,358,768,968,1141,1419]
[0,104,358,968,1419]
[0,104,424,1419]
[0,104,490,1419]
[0,318,604,768,980,1198,1419]
[0,104,222,358,604,768,968,1141,1419]
[0,358,768,1419]
[0,285,419,768,1198,1419]
[0,104,358,768,1141,1419]
[0,338,768,980,1178,1419]
[0,104,768,980,1419]
[0,285,604,980,1419]
[0,104,604,1014,1419]
[0,104,244,424,604,768,980,1178,1419]
[0,104,424,1198,1419]
[0,285,604,1419]
[0,104,358,768,980,1198,1419]
[0,285,419,768,980,1198,1419]
[0,104,358,768,1198,1419]
[0,104,285,604,768,1198,1419]
[0,104,244,424,1178,1419]
[0,104,318,768,980,1198,1353,1419]
[0,104,285,419,768,980,1100,1198,1419]
[0,338,768,1178,1419]
[0,244,424,768,968,1198,1419]
[0,768,980,1419]
[0,104,285,419,604,768,980,1100,1198,1419]
[0,358,768,1141,1419]
[0,604,1014,1419]
[0,222,358,768,968,1141,1419]
[0,244,1419]
[0,318,1198,1419]
[0,358,1198,1419]
[0,358,768,980,1198,1419]
[0,285,604,768,980,1198,1419]
[0,104,285,604,1198,1419]
[0,104,318,1198,1419]
[0,285,604,768,1198,1419]
[0,604,980,1419]
[0,244,424,768,1198,1419]
[0,104,338,768,1178,1419]
[0,104,358,1419]
[0,222,358,1141,1419]
[0,490,1419]
[0,318,1419]
[0,104,318,1419]
[0,104,358,768,980,1100,1198,1419]
[0,104,338,559,768,980,1178,1419]
[0,338,559,768,980,1178,1419]
[0,318,768,968,1198,1419]
[0,244,768,980,1178,1419]
[0,104,358,1141,1419]
[0,104,318,604,768,968,1198,1419]
[0,104,244,424,1198,1419]
[0,338,559,1178,1419]
[0,222,358,1419]
[0,358,968,1419]
[0,244,424,1178,1419]
[0,104,358,1198,1419]
[0,244,768,1419]
[0,104,338,559,1100,1419]
[0,318,604,768,1198,1419]
[0,222,358,604,768,968,1141,1419]
[0,285,419,604,768,980,1198,1419]
[0,222,358,768,968,1419]
[0,424,1198,1419]
[0,104,358,768,968,1353,1419]
[0,104,222,285,419,604,768,980,1100,1198,1353,1419]
[0,358,1141,1419]
[0,285,604,980,1198,1419]
[0,104,318,604,768,968,1100,1198,1419]
[0,104,318,604,768,1198,1419]
[0,285,768,1198,1419]
[0,285,768,1419]
[0,358,604,768,968,1419]
[0,104,285,419,768,980,1198,1419]
[0,244,768,1178,1419]
[0,104,285,604,980,1419]
[0,285,604,768,980,1419]
[0,104,244,424,768,968,1198,1419]
[0,222,358,768,1141,1419]
[0,104,285,419,768,1198,1419]
[0,104,222,358,604,768,968,1419]
[0,104,318,768,968,1100,1198,1353,1419]
[0,338,559,768,1178,1419]
[0,338,1419]
[0,104,338,1419]
[0,244,424,768,980,1178,1419]
[0,104,318,768,968,1198,1419]
[0,604,1419]
[0,285,604,1198,1419]
