[0,201,251,438,754,997]
[0,201,251,430,997]
[0,201,251,438,591,754,832,997]
[0,201,251,438,591,997]
[0,591,997]
[0,754,997]
[0,443,588,997]
[0,251,438,832,997]
[0,201,251,430,754,832,997]
[0,251,438,754,832,997]
[0,201,251,754,997]
[0,251,543,754,997]
[0,251,754,997]
[0,201,251,430,543,591,754,832,997]
[0,754,832,997]
[0,438,588,832,997]
[0,251,443,588,827,997]
[0,251,430,754,997]
[0,251,430,591,997]
[0,251,430,754,832,997]
[0,201,251,438,997]
[0,251,438,827,997]
[0,438,591,997]
[0,201,251,438,754,832,997]
[0,251,438,591,832,997]
[0,242,588,997]
[0,251,430,997]
[0,251,430,591,832,997]
[0,251,443,997]
[0,251,443,588,997]
[0,588,997]
[0,201,251,430,543,591,997]
[0,588,832,997]
[0,438,588,997]
[0,251,438,754,997]
[0,251,438,591,997]
[0,251,438,591,827,997]
[0,251,430,591,754,832,997]
[0,251,997]
[0,201,251,438,543,591,827,997]
[0,251,438,997]
[0,430,591,997]
[0,242,997]
[0,201,251,430,591,754,832,997]
[0,201,251,997]
[0,201,251,430,754,997]
[0,201,251,438,543,591,754,832,997]
[0,201,251,430,591,997]
[0,201,251,443,588,997]
[0,201,251,754,832,997]
[0,201,251,438,543,591,997]
[0,251,443,827,997]
[0,201,251,438,591,827,997]
[0,251,430,832,997]
[0,251,754,832,997]
[0,251,438,591,754,832,997]
