[0,231,1040,1343]
[0,231,319,564,758,1040,1192,1343]
[0,319,564,761,1040,1343]
[0,319,956,1192,1343]
[0,319,564,761,956,1343]
[0,319,761,1343]
[0,319,1040,1192,1343]
[0,231,1192,1343]
[0,231,758,1343]
[0,231,319,758,1040,1192,1343]
[0,75,319,758,1040,1192,1343]
[0,75,319,755,1040,1192,1343]
[0,319,1192,1343]
[0,319,564,758,1040,1343]
[0,232,319,564,761,956,1192,1343]
[0,232,319,761,956,1040,1192,1343]
[0,319,1040,1343]
[0,231,761,1040,1192,1343]
[0,75,231,319,564,758,1040,1192,1343]
[0,75,319,564,758,1040,1192,1343]
[0,232,761,1343]
[0,75,231,319,492,564,761,1040,1192,1343]
[0,319,755,1040,1343]
[0,75,319,761,1040,1192,1343]
[0,319,761,956,1192,1343]
[0,319,761,1040,1192,1343]
[0,319,758,1343]
[0,75,319,492,564,761,956,1192,1343]
[0,231,755,1343]
[0,75,319,1040,1192,1343]
[0,232,761,956,1343]
[0,492,1343]
[0,75,319,1192,1343]
[0,758,1343]
[0,319,761,956,1343]
[0,75,232,319,564,761,956,1192,1343]
[0,232,319,564,761,956,1040,1192,1343]
[0,231,761,1343]
[0,319,564,761,956,1192,1343]
[0,75,231,319,492,564,758,1040,1192,1343]
[0,231,758,1040,1343]
[0,758,1040,1343]
[0,88,584,1343]
[0,319,758,1040,1192,1343]
[0,75,1343]
[0,319,1343]
[0,232,761,956,1192,1343]
[0,75,232,319,564,761,956,1040,1192,1343]
[0,231,761,1040,1343]
[0,231,755,1040,1343]
[0,755,1040,1343]
[0,75,319,761,956,1192,1343]
[0,75,319,564,761,1040,1192,1343]
[0,319,564,761,1040,1192,1343]
[0,755,1343]
[0,88,1343]
[0,75,231,319,755,1040,1192,1343]
[0,319,564,758,1040,1192,1343]
[0,231,1343]
[0,231,1040,1192,1343]
[0,761,1040,1343]
[0,319,564,761,1343]
[0,75,232,319,492,564,761,956,1040,1192,1343]
[0,75,232,319,761,956,1040,1192,1343]
[0,231,758,1040,1192,1343]
[0,75,232,319,761,956,1192,1343]
[0,761,1343]
[0,319,956,1343]
[0,231,319,755,1040,1192,1343]
[0,75,319,564,761,956,1192,1343]
[0,231,319,761,1040,1192,1343]
[0,75,319,1343]
[0,319,761,1040,1343]
[0,319,755,1040,1192,1343]
[0,231,755,1040,1192,1343]
[0,75,319,492,564,758,1040,1192,1343]
[0,319,758,1040,1343]
[0,232,319,761,956,1192,1343]
[0,1040,1343]
[0,584,1343]
[0,231,319,564,761,1040,1192,1343]
[0,75,319,492,564,761,1040,1192,1343]
[0,956,1343]
[0,319,755,1343]
[0,232,1343]
[0,75,492,1343]
[0,75,232,319,492,564,761,956,1192,1343]
[0,75,231,319,564,761,1040,1192,1343]
