[0,266,860,983,1264]
[0,194,1264]
[0,116,194,266,1170,1264]
[0,116,194,266,603,860,1170,1264]
[0,1170,1221,1264]
[0,266,603,1264]
[0,266,860,1170,1264]
[0,266,609,860,1221,1264]
[0,860,1221,1264]
[0,194,1170,1221,1264]
[0,116,194,818,860,1170,1221,1264]
[0,266,603,1170,1221,1264]
[0,194,603,1264]
[0,266,603,860,1264]
[0,194,603,860,1264]
[0,194,603,860,1170,1264]
[0,266,603,927,1221,1264]
[0,266,983,1170,1221,1264]
[0,266,1264]
[0,116,194,266,603,927,1264]
[0,116,194,266,1170,1221,1264]
[0,266,603,927,1170,1264]
[0,266,860,1264]
[0,266,1221,1264]
[0,194,603,927,1170,1221,1264]
[0,116,194,603,860,1170,1221,1264]
[0,266,603,860,1170,1221,1264]
[0,266,609,860,983,1170,1221,1264]
[0,194,860,1264]
[0,266,818,860,983,1170,1221,1264]
[0,116,194,860,1170,1221,1264]
[0,194,1170,1264]
[0,266,603,860,983,1264]
[0,266,983,1264]
[0,116,860,1264]
[0,116,194,266,603,818,860,1170,1221,1264]
[0,1170,1264]
[0,116,194,266,603,927,1170,1221,1264]
[0,266,603,860,983,1170,1221,1264]
[0,194,603,927,1170,1264]
[0,116,194,603,927,1170,1264]
[0,194,603,927,1264]
[0,266,860,983,1170,1264]
[0,266,1170,1221,1264]
[0,194,603,860,1170,1221,1264]
[0,266,927,1264]
[0,116,194,266,603,927,1170,1264]
[0,266,860,1221,1264]
[0,266,818,860,1170,1221,1264]
[0,194,603,1170,1221,1264]
[0,927,1264]
[0,194,860,1170,1221,1264]
[0,116,860,1221,1264]
[0,194,927,1264]
[0,194,860,1170,1264]
[0,603,1264]
[0,116,194,1170,1221,1264]
[0,266,860,1170,1221,1264]
[0,116,194,266,860,1170,1221,1264]
[0,603,860,1264]
[0,194,927,1170,1221,1264]
[0,266,609,860,1264]
[0,266,609,860,983,1264]
[0,266,603,818,860,983,1170,1221,1264]
[0,116,194,1170,1264]
[0,116,194,603,927,1264]
[0,116,194,266,818,860,1170,1221,1264]
[0,266,927,1221,1264]
[0,116,194,603,860,1170,1264]
[0,266,603,1170,1264]
[0,194,603,1170,1264]
[0,194,927,1170,1264]
[0,860,1264]
[0,983,1264]
[0,116,194,266,603,860,1170,1221,1264]
[0,116,194,860,1170,1264]
[0,266,603,860,1170,1264]
[0,266,1170,1264]
[0,116,194,603,927,1170,1221,1264]
[0,116,194,266,860,1170,1264]
[0,266,603,927,1170,1221,1264]
[0,266,609,860,983,1170,1264]
[0,603,927,1264]
[0,266,603,860,983,1170,1264]
[0,266,860,983,1170,1221,1264]
[0,194,818,860,1170,1221,1264]
[0,266,983,1170,1264]
[0,266,603,927,1264]
