[0,566,1596,2020]
[0,804,2020]
[0,888,1596,2020]
[0,1596,1868,2020]
[0,888,1640,2020]
[0,242,888,1283,1640,1824,1960,2020]
[0,242,888,1468,1596,2020]
[0,888,1640,1824,2020]
[0,888,1640,1868,2020]
[0,154,242,1241,1596,2020]
[0,242,804,1596,2020]
[0,804,1386,1679,2020]
[0,566,2020]
[0,242,888,1640,2020]
[0,804,1320,1596,2020]
[0,242,1241,1596,1960,2020]
[0,242,1241,1596,1841,2020]
[0,1241,1596,2020]
[0,242,1320,1596,1868,2020]
[0,804,1679,2020]
[0,1596,2020]
[0,888,1640,1824,1960,2020]
[0,242,888,1640,1868,2020]
[0,242,888,1596,2020]
[0,242,888,1640,1824,2020]
[0,242,804,1320,1596,1868,2020]
[0,1241,1596,1960,2020]
[0,154,242,1241,1596,1960,2020]
[0,888,1326,1596,2020]
[0,242,804,1679,2020]
[0,242,804,1386,1679,2020]
[0,242,888,1283,1468,1640,1824,1960,2020]
[0,888,1326,1596,1868,2020]
[0,888,1468,1596,2020]
[0,1241,1596,1841,2020]
[0,1241,2020]
[0,242,888,1326,1596,2020]
[0,242,888,1283,1468,1640,1824,2020]
[0,242,888,1326,1596,1868,2020]
[0,1868,2020]
[0,1320,2020]
[0,804,1596,2020]
[0,242,888,1640,1824,1960,2020]
[0,242,1320,1596,2020]
[0,888,1283,1640,2020]
[0,1326,1596,2020]
[0,1326,1596,1868,2020]
[0,242,888,1283,1640,2020]
[0,1320,1596,2020]
[0,1320,1596,1868,2020]
[0,888,2020]
[0,1326,2020]
[0,242,804,1320,1596,2020]
[0,242,1241,1596,2020]
[0,242,888,1283,1640,1824,2020]
