[0,344,409,652,792,1061,1327]
[0,97,344,409,652,773,1061,1327]
[0,97,409,522,802,1061,1327]
[0,344,802,1061,1252,1327]
[0,97,344,409,652,792,1061,1252,1327]
[0,344,705,1327]
[0,344,409,802,1061,1252,1327]
[0,802,1327]
[0,97,522,652,802,1061,1327]
[0,522,652,802,1061,1327]
[0,344,1327]
[0,773,1061,1327]
[0,97,792,1327]
[0,97,409,652,802,1061,1327]
[0,705,1327]
[0,97,705,1061,1327]
[0,344,409,802,1061,1327]
[0,97,344,522,652,802,1061,1252,1327]
[0,344,409,792,1061,1327]
[0,97,409,802,1061,1252,1327]
[0,409,773,1327]
[0,97,802,1061,1252,1327]
[0,344,1061,1327]
[0,344,792,1061,1327]
[0,344,409,652,802,1061,1327]
[0,522,1061,1327]
[0,409,652,773,1327]
[0,97,802,1327]
[0,97,1327]
[0,344,409,1061,1327]
[0,97,344,409,652,802,1061,1327]
[0,409,652,773,1061,1327]
[0,792,1327]
[0,97,409,652,773,1061,1327]
[0,344,705,1061,1327]
[0,97,344,409,522,802,1061,1252,1327]
[0,652,773,1061,1327]
[0,705,1061,1327]
[0,802,1061,1327]
[0,344,802,1061,1327]
[0,344,409,652,773,1061,1327]
[0,409,792,1327]
[0,97,773,1061,1327]
[0,409,802,1061,1327]
[0,344,522,652,802,1061,1327]
[0,97,344,409,802,1061,1327]
[0,652,773,1327]
[0,97,409,802,1061,1327]
[0,97,792,1061,1327]
[0,409,773,1061,1327]
[0,97,344,522,652,802,1061,1327]
[0,97,652,792,1061,1327]
[0,344,652,802,1061,1327]
[0,344,802,1327]
[0,409,792,1061,1327]
[0,344,652,1327]
[0,522,802,1061,1327]
[0,344,773,1327]
[0,409,652,802,1061,1327]
[0,97,652,773,1061,1327]
[0,344,409,652,773,1327]
[0,652,802,1061,1327]
[0,652,792,1061,1327]
[0,97,652,802,1061,1327]
[0,97,344,409,652,792,1061,1327]
[0,773,1327]
[0,97,409,652,792,1061,1327]
[0,522,1327]
[0,97,802,1061,1327]
[0,97,344,409,802,1061,1252,1327]
[0,97,409,522,802,1061,1252,1327]
[0,344,409,773,1327]
[0,344,792,1327]
[0,344,522,802,1061,1252,1327]
[0,409,1061,1327]
[0,97,344,409,652,773,1061,1252,1327]
[0,97,705,1327]
[0,1061,1327]
[0,344,409,1327]
[0,409,522,802,1061,1327]
[0,97,344,409,652,802,1061,1252,1327]
[0,409,1327]
[0,97,409,652,802,1061,1252,1327]
[0,344,652,1061,1327]
[0,97,652,802,1061,1252,1327]
[0,792,1061,1327]
[0,97,409,652,792,1061,1252,1327]
[0,97,773,1327]
[0,97,409,652,773,1061,1252,1327]
[0,97,522,652,802,1061,1252,1327]
[0,344,522,802,1061,1327]
[0,409,652,792,1061,1327]
[0,344,409,522,802,1061,1252,1327]
