[0,613,2621,4285]
[0,1071,2621,4285]
[0,672,1365,2621,4193,4285]
[0,2621,4285]
[0,147,1071,2621,4285]
[0,613,1757,3270,4193,4285]
[0,147,1071,2188,2621,4285]
[0,147,984,1310,2621,3270,3607,4285]
[0,147,984,1310,1757,2260,2621,3270,4285]
[0,147,984,3270,3607,4285]
[0,672,2621,4193,4285]
[0,1365,2621,4285]
[0,613,1757,3270,3607,4285]
[0,672,2621,4285]
[0,984,2260,2621,3270,3607,4285]
[0,613,2621,4193,4285]
[0,984,3270,3607,4193,4285]
[0,1071,4285]
[0,1757,2668,4285]
[0,984,1310,1757,2260,2621,3270,4285]
[0,147,984,1757,2260,2621,3270,3607,4285]
[0,147,984,3270,4285]
[0,984,2621,3270,3607,4193,4285]
[0,613,1757,3785,4285]
[0,984,2621,3270,4285]
[0,1071,1830,3649,4285]
[0,147,984,1310,1757,2260,2621,3270,3607,4193,4285]
[0,984,1310,2621,3270,3607,4193,4285]
[0,1071,1711,2621,4285]
[0,984,1310,1757,2260,2621,3270,3607,4285]
[0,147,984,2260,2621,3270,4285]
[0,147,1071,1711,2621,4193,4285]
[0,613,3270,4193,4285]
[0,1071,2621,4193,4285]
[0,984,1757,2260,2621,3270,4285]
[0,984,2260,2621,3270,4285]
[0,1757,4285]
[0,613,2668,4285]
[0,2668,4285]
[0,984,2621,3270,3607,4285]
[0,147,1071,2188,2621,4193,4285]
[0,1757,3270,4285]
[0,1310,4285]
[0,984,3270,4193,4285]
[0,984,1310,2621,3270,4285]
[0,1365,4193,4285]
[0,147,984,2621,3270,3607,4285]
[0,1071,4193,4285]
[0,1071,2188,2621,4193,4285]
[0,672,1365,2621,4285]
[0,984,1757,2621,3270,4285]
[0,147,984,3270,3607,4193,4285]
[0,984,3270,4285]
[0,1071,1711,2621,4193,4285]
[0,984,1757,3270,4285]
[0,984,3270,3607,4285]
[0,613,3270,4285]
[0,613,1757,2668,3785,4285]
[0,2621,4193,4285]
[0,3270,4285]
[0,613,1757,3270,4285]
[0,147,984,1310,2621,3270,3607,4193,4285]
[0,147,984,1757,2260,2621,3270,4285]
[0,819,2621,4285]
[0,1757,2621,3270,4285]
[0,147,984,2260,2621,3270,3607,4285]
[0,984,1310,2621,3270,3607,4285]
[0,147,984,2621,3270,4285]
[0,147,1071,1711,2621,4285]
[0,1071,1830,4285]
[0,613,1757,3270,3607,4193,4285]
[0,672,1365,1711,2621,4285]
[0,147,984,1310,1757,2260,2621,3270,3607,4285]
[0,613,1757,4285]
[0,147,1071,2621,4193,4285]
[0,147,984,1310,2621,3270,4285]
[0,984,1757,2260,2621,3270,3607,4285]
[0,613,1757,2621,3270,4285]
[0,147,984,1757,2260,2621,3270,3607,4193,4285]
[0,1365,4285]
[0,1757,3785,4285]
[0,1071,2188,2621,4285]
[0,147,984,3270,4193,4285]
[0,147,984,2621,3270,3607,4193,4285]
[0,1310,3600,4285]
[0,613,1757,2668,4285]
[0,613,1757,2621,3270,3607,4285]
[0,672,1365,1711,2621,4193,4285]
[0,613,1757,2621,3270,3607,4193,4285]
[0,147,984,2260,2621,3270,3607,4193,4285]
[0,1071,3649,4285]
