[0,691,1057,1540,2189]
[0,691,1540,1866,2189]
[0,353,691,1057,1486,1866,2189]
[0,691,2189]
[0,117,353,691,1408,1540,1866,1954,2189]
[0,117,353,691,1057,1408,1540,1866,1954,2189]
[0,117,353,691,1057,1540,1866,1954,2189]
[0,353,691,1408,1540,1866,2189]
[0,691,1540,2189]
[0,1540,1866,2189]
[0,353,691,1057,1540,1866,1954,2189]
[0,353,691,1408,1540,2189]
[0,353,691,2189]
[0,117,353,691,833,1057,1408,1540,1866,1954,2189]
[0,353,691,1057,1408,1540,1866,2189]
[0,353,1540,2189]
[0,1540,2189]
[0,353,691,1540,2189]
[0,117,353,691,1057,1540,2189]
[0,117,353,691,1057,1486,1866,2189]
[0,117,353,691,1057,1408,1540,1866,2189]
[0,353,691,1540,1866,2189]
[0,353,691,833,1057,1408,1540,1866,2189]
[0,353,691,833,1057,1540,1866,2189]
[0,353,691,1057,1540,2189]
[0,634,1486,1918,2189]
[0,691,1057,1486,2189]
[0,1408,1540,2189]
[0,353,691,1408,1540,1866,1954,2189]
[0,117,353,691,1057,1540,1866,2189]
[0,117,353,691,833,1057,1408,1540,1866,2189]
[0,353,691,1057,1540,1866,2189]
[0,691,1486,2189]
[0,117,353,691,1057,1486,2189]
[0,634,1486,2189]
[0,117,353,691,1408,1540,2189]
[0,117,353,691,1408,1540,1866,2189]
[0,1486,2189]
[0,353,691,1486,2189]
[0,353,1486,2189]
[0,691,1408,1540,2189]
[0,353,691,1057,1486,2189]
