[0,122,243,550,640,696,935,997]
[0,190,429,640,886,935,997]
[0,190,502,640,886,935,997]
[0,190,640,886,935,997]
[0,243,429,640,997]
[0,243,502,640,935,997]
[0,190,640,696,886,935,997]
[0,243,505,640,935,997]
[0,190,640,935,997]
[0,243,550,640,997]
[0,190,886,997]
[0,190,640,696,935,997]
[0,190,840,886,935,997]
[0,243,781,997]
[0,190,997]
[0,243,640,696,935,997]
[0,243,505,640,886,935,997]
[0,190,429,640,696,886,935,997]
[0,243,640,696,886,935,997]
[0,190,243,550,640,696,935,997]
[0,122,243,640,997]
[0,243,502,640,997]
[0,190,502,640,696,935,997]
[0,243,429,640,886,935,997]
[0,122,190,243,550,640,696,935,997]
[0,429,640,997]
[0,243,502,640,696,840,886,935,997]
[0,243,502,640,696,935,997]
[0,640,997]
[0,190,502,640,696,886,935,997]
[0,190,886,935,997]
[0,190,502,640,997]
[0,243,550,640,696,840,886,935,997]
[0,243,502,640,696,886,935,997]
[0,122,243,550,640,997]
[0,190,640,997]
[0,243,550,640,696,935,997]
[0,243,640,935,997]
[0,243,640,840,886,935,997]
[0,190,243,550,640,696,840,886,935,997]
[0,243,429,640,935,997]
[0,243,997]
[0,190,640,840,886,935,997]
[0,243,640,997]
[0,243,502,640,840,886,935,997]
[0,243,640,886,935,997]
[0,243,550,640,886,935,997]
[0,190,429,640,696,935,997]
[0,190,502,640,696,840,886,935,997]
[0,122,190,243,550,640,696,840,886,935,997]
[0,122,190,243,550,640,696,886,935,997]
[0,190,243,550,640,696,886,935,997]
[0,190,502,640,840,886,935,997]
[0,243,886,997]
[0,190,429,640,997]
[0,243,640,696,840,886,935,997]
[0,429,997]
[0,190,429,640,935,997]
[0,243,550,640,935,997]
[0,243,886,935,997]
[0,243,505,640,997]
[0,190,502,640,935,997]
[0,122,243,550,640,935,997]
[0,243,550,640,696,886,935,997]
[0,243,502,640,886,935,997]
