[0,281,460,1257,1327]
[0,281,460,639,1076,1327]
[0,281,460,639,1124,1327]
[0,281,431,1327]
[0,281,1124,1327]
[0,281,460,1076,1327]
[0,281,431,639,1124,1327]
[0,639,1327]
[0,281,460,639,1124,1263,1327]
[0,281,431,1257,1327]
[0,281,460,1124,1327]
[0,281,639,1327]
[0,1257,1327]
[0,281,639,1076,1327]
[0,396,1327]
[0,281,1257,1327]
[0,281,431,1076,1327]
[0,281,460,639,1327]
[0,281,639,1124,1327]
[0,1124,1327]
[0,281,1327]
[0,281,431,1076,1257,1327]
[0,281,431,1124,1263,1327]
[0,281,460,1327]
[0,396,1257,1327]
[0,281,460,639,1076,1257,1327]
[0,281,431,1124,1327]
[0,281,1076,1327]
[0,281,431,639,1076,1257,1327]
[0,281,460,639,1257,1327]
[0,281,431,639,1124,1263,1327]
[0,281,431,639,1076,1327]
