[0,91,490,682,887,976,1046]
[0,91,202,493,576,682,844,1046]
[0,91,202,493,576,682,887,976,1046]
[0,202,490,682,844,1046]
[0,976,1046]
[0,140,490,553,682,844,976,1046]
[0,91,1046]
[0,490,682,887,976,1046]
[0,137,493,682,844,976,1046]
[0,202,490,1046]
[0,490,682,976,1046]
[0,202,490,682,1046]
[0,493,682,887,976,1046]
[0,140,490,682,844,1046]
[0,91,493,682,887,976,1046]
[0,202,490,682,887,1046]
[0,45,137,202,493,576,682,844,976,1046]
[0,493,1046]
[0,91,493,682,1046]
[0,493,682,887,1046]
[0,91,490,682,844,976,1046]
[0,91,202,490,682,844,976,1046]
[0,137,202,493,682,844,976,1046]
[0,490,682,887,1046]
[0,91,490,682,1046]
[0,140,202,490,553,682,844,976,1046]
[0,91,202,490,682,887,1046]
[0,91,490,682,887,1046]
[0,682,1046]
[0,91,493,682,976,1046]
[0,91,202,490,553,682,887,976,1046]
[0,576,1046]
[0,140,202,490,682,844,976,1046]
[0,91,493,682,844,976,1046]
[0,91,202,493,682,844,976,1046]
[0,202,493,1046]
[0,493,682,976,1046]
[0,140,490,682,844,976,1046]
[0,490,1046]
[0,91,202,490,553,682,844,976,1046]
[0,493,682,844,976,1046]
[0,493,682,844,1046]
[0,490,682,844,1046]
[0,137,493,576,682,844,976,1046]
[0,91,202,493,682,887,1046]
[0,493,682,1046]
[0,91,493,682,887,1046]
[0,137,493,576,682,844,1046]
[0,91,202,490,682,844,1046]
[0,682,976,1046]
[0,91,490,682,844,1046]
[0,91,202,493,682,887,976,1046]
[0,91,202,493,682,1046]
[0,45,140,202,490,553,682,844,976,1046]
[0,91,202,490,682,1046]
[0,202,493,682,887,1046]
[0,490,682,1046]
[0,91,202,493,576,682,887,1046]
[0,45,140,202,490,682,844,976,1046]
[0,202,493,682,1046]
[0,45,137,202,493,682,844,976,1046]
[0,137,202,493,576,682,844,976,1046]
[0,91,202,493,682,844,1046]
[0,91,493,682,844,1046]
[0,91,682,976,1046]
[0,137,493,682,844,1046]
[0,91,682,1046]
[0,91,576,1046]
[0,490,682,844,976,1046]
[0,91,202,493,576,682,844,976,1046]
[0,91,202,490,682,887,976,1046]
[0,202,493,682,844,1046]
