[0,1338,2189]
[0,813,1121,1338,1551,1728,2189]
[0,829,1338,1800,2189]
[0,171,453,1338,1800,2189]
[0,453,813,1121,1338,1551,1728,2189]
[0,122,1338,1800,2189]
[0,813,1121,1338,2189]
[0,453,813,1121,1338,1551,1728,1943,2189]
[0,122,813,1121,1338,1551,1728,2189]
[0,257,813,2189]
[0,813,1513,2189]
[0,813,1015,1338,1800,1962,2189]
[0,122,257,453,813,1513,1800,1962,2189]
[0,813,1513,1800,2189]
[0,122,257,453,1513,1800,2189]
[0,813,1121,1800,2189]
[0,122,257,453,1513,1800,1962,2189]
[0,122,813,1121,1338,2189]
[0,122,453,813,1121,1338,1551,1728,1943,2189]
[0,813,1121,1338,1800,1962,2189]
[0,257,453,813,1121,1338,2189]
[0,122,257,453,813,1121,1338,2189]
[0,257,453,1513,2189]
[0,257,453,1513,1800,2189]
[0,813,1728,2189]
[0,122,813,1121,1338,1551,1728,1943,2189]
[0,1338,1800,2189]
[0,122,202,813,1121,1338,2189]
[0,453,1338,1708,2189]
[0,171,453,813,1121,1338,1800,2189]
[0,1513,2189]
[0,257,813,1513,1800,2189]
[0,171,453,1338,1708,1962,2189]
[0,257,453,1513,1800,1962,2189]
[0,453,1338,1800,1962,2189]
[0,122,813,1015,1338,1800,1962,2189]
[0,813,1121,1338,1800,2189]
[0,171,453,1338,2189]
[0,171,453,1338,1708,2189]
[0,453,813,1121,2189]
[0,813,1121,1728,2189]
[0,257,453,2189]
[0,453,1338,2189]
[0,813,1015,1338,2189]
[0,122,453,1338,1800,2189]
[0,453,813,1121,1800,2189]
[0,1279,2189]
[0,813,1015,1338,1667,1800,1962,2189]
[0,122,453,813,1121,1338,1551,1728,2189]
[0,257,453,813,1513,1800,1962,2189]
[0,122,453,1338,1800,1962,2189]
[0,122,202,813,1121,1338,1551,1728,2189]
[0,453,813,1121,1338,1800,1962,2189]
[0,453,813,1728,2189]
[0,453,2189]
[0,1338,1800,1962,2189]
[0,813,1121,1338,1551,1728,1943,2189]
[0,813,1121,1338,1728,1943,2189]
[0,122,813,1121,1338,1728,2189]
[0,453,1338,1708,1962,2189]
[0,829,2189]
[0,122,1338,2189]
[0,453,813,1800,2189]
[0,453,1513,2189]
[0,122,257,453,2189]
[0,122,1338,1800,1962,2189]
[0,122,813,1338,1800,1962,2189]
[0,813,1121,2189]
[0,257,813,1121,1338,2189]
[0,813,1338,1800,2189]
[0,122,202,453,813,1121,1338,1551,1728,1943,2189]
[0,122,202,813,1121,1338,1728,2189]
[0,171,453,813,1121,1338,1800,1962,2189]
[0,829,1338,2189]
[0,813,2189]
[0,453,813,1121,1728,2189]
[0,453,813,2189]
[0,813,1121,1338,1728,2189]
[0,813,1338,1800,1962,2189]
[0,453,813,1121,1338,1728,2189]
[0,122,257,453,1513,2189]
[0,122,257,813,1121,1338,2189]
[0,813,1015,1338,1800,2189]
[0,122,202,453,813,1121,1338,1551,1728,2189]
[0,813,1338,2189]
[0,813,1800,2189]
[0,257,813,1513,2189]
[0,122,813,1015,1338,1667,1800,1962,2189]
[0,453,1513,1800,2189]
[0,453,1338,1800,2189]
[0,453,813,1121,1338,1728,1943,2189]
[0,257,453,813,1513,1800,2189]
[0,453,813,1121,1338,1800,2189]
[0,257,813,1121,2189]
[0,1532,2189]
