[0,532,969]
[0,61,413,736,969]
[0,201,768,969]
[0,61,721,769,969]
[0,121,532,768,854,969]
[0,121,769,969]
[0,768,854,969]
[0,121,201,768,854,969]
[0,447,768,969]
[0,61,969]
[0,413,721,969]
[0,121,768,854,969]
[0,413,969]
[0,86,413,736,969]
[0,61,769,969]
[0,201,532,969]
[0,173,969]
[0,721,969]
[0,173,432,969]
[0,532,854,969]
[0,201,532,854,969]
[0,173,447,768,969]
[0,121,413,721,768,969]
[0,121,201,532,768,854,969]
[0,121,532,854,969]
[0,121,413,721,969]
[0,413,736,969]
[0,61,413,721,769,969]
[0,532,768,969]
[0,121,768,969]
[0,173,447,969]
[0,769,969]
[0,201,721,969]
[0,201,532,768,969]
[0,61,447,969]
[0,432,969]
[0,721,769,969]
[0,61,413,721,969]
[0,201,969]
[0,121,413,768,854,969]
[0,86,413,969]
[0,121,721,769,969]
[0,121,413,721,769,969]
[0,201,532,768,854,969]
[0,121,413,969]
[0,86,969]
[0,201,768,854,969]
[0,121,532,969]
[0,447,969]
[0,121,969]
[0,121,413,854,969]
[0,768,969]
[0,61,413,969]
