[0,190,828,1060,1180]
[0,220,865,1060,1180]
[0,190,865,946,1180]
[0,190,707,828,946,1060,1180]
[0,190,828,1056,1180]
[0,190,648,828,1180]
[0,865,1107,1180]
[0,190,650,828,946,1107,1180]
[0,220,648,1180]
[0,828,946,1180]
[0,190,648,865,1060,1180]
[0,828,1060,1180]
[0,865,946,1107,1180]
[0,190,648,828,946,1060,1180]
[0,190,650,946,1180]
[0,190,650,865,946,1180]
[0,190,707,828,1180]
[0,628,828,1180]
[0,190,648,828,1060,1180]
[0,190,648,865,1180]
[0,648,1180]
[0,865,946,1180]
[0,859,1180]
[0,650,1180]
[0,190,628,828,1056,1180]
[0,865,1060,1180]
[0,190,650,828,946,1180]
[0,190,650,828,946,1060,1180]
[0,190,865,1060,1180]
[0,190,648,865,946,1060,1180]
[0,190,628,828,1180]
[0,190,648,1180]
[0,190,828,946,1107,1180]
[0,648,865,1180]
[0,828,1180]
[0,707,1180]
[0,220,865,1180]
[0,190,650,828,1060,1180]
[0,220,648,865,1060,1180]
[0,650,865,1180]
[0,650,1107,1180]
[0,190,707,1180]
[0,190,828,946,1056,1180]
[0,190,650,1180]
[0,650,946,1180]
[0,190,828,1180]
[0,865,1180]
[0,220,648,865,946,1060,1180]
[0,190,650,828,1180]
[0,190,628,828,946,1056,1180]
[0,190,865,1107,1180]
[0,190,648,828,1056,1180]
[0,859,1056,1180]
[0,190,828,946,1180]
[0,828,946,1107,1180]
[0,190,707,828,1060,1180]
[0,190,650,865,946,1107,1180]
[0,190,650,865,1180]
[0,190,828,946,1060,1180]
[0,190,865,1180]
[0,190,648,828,946,1056,1180]
[0,828,1056,1180]
[0,220,648,865,1180]
[0,190,865,946,1107,1180]
[0,190,650,1107,1180]
[0,190,650,865,1107,1180]
