[0,253,1279,1551,1651]
[0,74,176,253,1279,1450,1551,1651]
[0,176,253,1279,1450,1551,1651]
[0,74,253,1279,1450,1551,1651]
[0,74,176,253,1279,1451,1551,1651]
[0,176,253,1279,1451,1551,1651]
[0,1395,1651]
[0,195,1395,1651]
[0,251,1279,1651]
[0,251,1279,1450,1651]
[0,195,1651]
[0,74,162,253,1279,1451,1551,1651]
[0,253,1279,1450,1651]
[0,1279,1651]
[0,74,253,1279,1451,1551,1651]
[0,253,1279,1651]
[0,251,1279,1450,1551,1651]
[0,162,253,1279,1451,1551,1651]
[0,253,1651]
[0,251,1651]
[0,251,1279,1551,1651]
[0,253,1279,1450,1551,1651]
[0,195,1279,1651]
[0,253,1279,1451,1551,1651]
