[0,380,911,1144,1343]
[0,108,380,990,1187,1343]
[0,1187,1343]
[0,108,1144,1343]
[0,108,380,1343]
[0,217,911,1343]
[0,108,217,380,911,1144,1343]
[0,217,911,1144,1343]
[0,217,990,1343]
[0,108,217,380,911,990,1144,1197,1343]
[0,108,1343]
[0,108,990,1144,1343]
[0,990,1187,1343]
[0,911,1144,1343]
[0,380,990,1144,1343]
[0,911,1343]
[0,108,380,990,1343]
[0,952,1187,1343]
[0,108,380,990,1144,1343]
[0,108,1187,1343]
[0,1144,1343]
[0,990,1343]
[0,108,380,911,990,1144,1197,1343]
[0,380,1343]
[0,108,911,1144,1343]
[0,217,1343]
[0,108,380,911,990,1144,1343]
[0,108,380,911,1144,1343]
[0,108,990,1187,1343]
[0,108,952,1187,1343]
[0,952,1343]
[0,990,1144,1343]
[0,217,380,911,1144,1343]
[0,380,990,1187,1343]
[0,380,911,1343]
[0,108,217,380,911,990,1144,1343]
[0,380,990,1343]
