[0,211,459,790,1584,1882,2053]
[0,50,459,613,790,1263,1584,1797,1882,2053]
[0,952,1490,1797,2053]
[0,50,459,613,790,1584,1797,1882,2053]
[0,790,1490,1797,2053]
[0,50,838,1490,1939,2053]
[0,50,1584,2053]
[0,50,790,1263,1490,1797,2053]
[0,459,613,790,1263,1584,2053]
[0,613,2053]
[0,50,790,1490,1797,1882,2053]
[0,838,1263,1490,2053]
[0,211,459,790,1263,1584,1882,2053]
[0,50,613,1584,2053]
[0,790,1263,1490,1797,1882,2053]
[0,211,459,790,1263,1584,2053]
[0,459,613,790,1263,1490,1797,2053]
[0,613,1634,2053]
[0,1634,2053]
[0,50,1584,1939,2053]
[0,459,613,790,1263,1584,1797,1882,2053]
[0,50,790,1490,2053]
[0,50,838,1263,1490,1939,2053]
[0,459,613,1584,2053]
[0,50,952,1490,2053]
[0,712,1490,2053]
[0,50,704,1490,2053]
[0,1490,1939,2053]
[0,459,790,1263,1490,1797,2053]
[0,50,790,1263,1490,1797,1882,2053]
[0,838,1490,2053]
[0,1651,2053]
[0,1490,2053]
[0,838,1490,1939,2053]
[0,50,459,613,790,1263,1490,1797,1882,2053]
[0,459,790,1490,2053]
[0,838,1584,2053]
[0,704,2053]
[0,459,613,790,1263,1584,1882,2053]
[0,459,613,1584,1797,1882,2053]
[0,613,1584,2053]
[0,50,712,1490,2053]
[0,838,2053]
[0,50,1490,1939,2053]
[0,50,459,613,1584,1882,2053]
[0,50,459,613,1584,1797,1882,2053]
[0,50,1490,2053]
[0,790,1263,1490,1797,2053]
[0,838,1263,1490,1939,2053]
[0,459,613,790,1584,2053]
[0,1584,1939,2053]
[0,50,459,790,1263,1490,1797,1882,2053]
[0,211,459,790,1584,2053]
[0,952,1490,2053]
[0,790,1584,2053]
[0,459,790,1263,1584,1882,2053]
[0,211,459,613,790,1584,1797,1882,2053]
[0,211,613,1584,2053]
[0,459,790,1490,1797,1882,2053]
[0,211,459,613,790,1584,1882,2053]
[0,211,459,613,790,1263,1584,1797,1882,2053]
[0,459,790,1263,1584,2053]
[0,459,613,790,1263,1490,1797,1882,2053]
[0,704,1490,2053]
[0,459,613,1584,1882,2053]
[0,80,790,1651,2053]
[0,50,211,459,613,1584,1797,1882,2053]
[0,459,790,1263,1490,1797,1882,2053]
[0,613,1584,1882,2053]
[0,211,613,1584,1882,2053]
[0,211,459,613,1584,1797,1882,2053]
[0,459,790,1490,1797,2053]
[0,50,211,459,613,790,1263,1584,1797,1882,2053]
[0,50,952,1490,1797,2053]
[0,790,1651,2053]
[0,211,459,613,790,1263,1584,1882,2053]
[0,459,613,790,1584,1882,2053]
[0,613,1490,2053]
[0,50,838,1584,1939,2053]
[0,790,2053]
[0,459,613,790,1584,1797,1882,2053]
[0,790,1490,1797,1882,2053]
[0,50,613,1490,1797,2053]
[0,50,838,1263,1490,2053]
[0,459,790,1584,1882,2053]
[0,211,459,613,1584,1882,2053]
[0,50,211,459,613,790,1584,1797,1882,2053]
[0,790,1490,2053]
[0,50,459,613,1584,2053]
[0,459,790,1584,2053]
[0,50,838,1490,2053]
[0,50,613,1490,2053]
[0,50,790,1490,1797,2053]
[0,838,1584,1939,2053]
[0,613,1490,1797,2053]
[0,712,2053]
[0,1490,1797,2053]
[0,1584,2053]
