[0,766,1197]
[0,136,345,551,661,1126,1197]
[0,123,551,661,1197]
[0,123,345,551,661,766,1197]
[0,136,345,551,933,996,1126,1197]
[0,136,1126,1197]
[0,123,345,551,766,996,1126,1197]
[0,345,551,910,1197]
[0,123,345,1197]
[0,123,345,551,661,910,996,1197]
[0,123,1126,1197]
[0,136,661,1197]
[0,123,345,551,910,996,1126,1197]
[0,136,345,551,661,996,1197]
[0,136,345,552,951,1126,1197]
[0,123,345,551,661,1197]
[0,136,345,551,933,1197]
[0,136,345,551,1197]
[0,136,345,551,661,996,1126,1197]
[0,136,345,552,1126,1197]
[0,136,1197]
[0,123,1197]
[0,551,996,1197]
[0,345,936,1197]
[0,345,551,1197]
[0,345,1197]
[0,123,345,551,661,766,996,1126,1197]
[0,123,910,1197]
[0,136,345,551,661,933,996,1126,1197]
[0,552,1197]
[0,345,551,766,1197]
[0,551,910,1197]
[0,123,345,551,766,1197]
[0,136,551,661,1197]
[0,123,551,766,1197]
[0,123,345,551,661,766,996,1197]
[0,123,345,551,661,1126,1197]
[0,345,551,933,1197]
[0,123,661,1197]
[0,123,345,551,661,910,1197]
[0,123,345,551,910,996,1197]
[0,345,551,766,996,1197]
[0,136,345,551,933,1126,1197]
[0,123,345,551,661,910,996,1126,1197]
[0,552,951,1197]
[0,136,345,551,996,1197]
[0,551,933,1197]
[0,910,1197]
[0,136,345,552,951,1197]
[0,551,1197]
[0,136,345,552,1197]
[0,551,766,1197]
[0,345,552,951,1197]
[0,345,552,1197]
[0,123,345,551,1197]
[0,136,345,551,933,996,1197]
[0,136,345,1126,1197]
[0,123,766,1197]
[0,136,345,1197]
[0,136,345,551,661,1197]
[0,345,551,996,1197]
[0,661,1197]
[0,936,1197]
[0,123,345,551,766,1126,1197]
[0,123,345,551,766,996,1197]
[0,123,551,910,1197]
[0,123,345,551,910,1197]
