[0,345,875,1249]
[0,49,345,486,671,920,1103,1249]
[0,194,409,671,798,1249]
[0,545,671,875,1103,1249]
[0,194,345,486,671,875,1103,1249]
[0,194,345,486,798,1103,1249]
[0,194,345,545,671,875,1103,1249]
[0,345,486,545,671,875,1249]
[0,345,486,545,671,875,1103,1249]
[0,194,545,671,875,1103,1182,1249]
[0,671,1249]
[0,49,194,345,486,671,875,1103,1182,1249]
[0,345,671,920,1249]
[0,194,460,716,1249]
[0,343,486,798,1249]
[0,194,486,798,1103,1249]
[0,345,486,671,875,1103,1182,1249]
[0,49,205,345,486,671,785,920,1103,1204,1249]
[0,205,345,486,785,1249]
[0,205,545,671,920,1103,1249]
[0,671,920,1249]
[0,194,671,1249]
[0,545,671,920,1249]
[0,545,671,875,1103,1182,1249]
[0,785,1249]
[0,194,345,545,671,875,1103,1182,1249]
[0,194,798,1249]
[0,194,671,875,1103,1249]
[0,194,345,486,545,671,875,1103,1182,1249]
[0,345,545,671,875,1249]
[0,49,345,486,785,1249]
[0,194,343,486,798,1249]
[0,345,486,671,920,1103,1249]
[0,194,486,798,1249]
[0,194,486,875,1249]
[0,345,545,671,875,1103,1249]
[0,345,671,798,1103,1249]
[0,345,671,798,1249]
[0,875,1103,1249]
[0,798,1249]
[0,194,345,798,1103,1249]
[0,345,486,875,1103,1249]
[0,345,486,798,1103,1249]
[0,345,486,545,671,875,1103,1182,1249]
[0,49,194,345,486,875,1103,1249]
[0,194,671,875,1249]
[0,205,485,545,671,920,1249]
[0,194,345,486,671,875,1103,1182,1249]
[0,194,486,875,1103,1249]
[0,194,345,486,875,1103,1182,1249]
[0,345,486,785,1249]
[0,345,486,875,1249]
[0,345,545,671,875,1103,1182,1249]
[0,342,671,920,1249]
[0,49,205,342,485,545,671,920,1103,1249]
[0,205,485,545,671,1249]
[0,545,671,1249]
[0,49,345,486,875,1103,1182,1249]
[0,49,205,345,486,785,1249]
[0,194,671,798,1249]
[0,194,345,671,875,1103,1249]
[0,205,342,671,920,1103,1249]
[0,342,671,1249]
[0,194,345,671,798,1103,1249]
[0,194,343,486,671,798,1249]
[0,49,194,345,486,875,1103,1182,1249]
[0,460,716,1249]
[0,194,716,1249]
[0,486,798,1249]
[0,345,486,798,1249]
[0,486,875,1249]
[0,342,485,545,671,920,1103,1249]
[0,49,205,345,486,671,785,1249]
[0,205,671,1249]
[0,49,194,345,486,798,1103,1249]
[0,49,205,345,486,798,1249]
[0,486,545,671,1249]
[0,49,194,345,486,671,798,1103,1249]
[0,205,345,486,671,920,1103,1249]
[0,345,486,671,875,1103,1249]
[0,345,798,1103,1249]
[0,342,671,920,1103,1249]
[0,194,345,798,1249]
[0,194,545,671,875,1103,1249]
[0,345,486,545,671,1249]
[0,342,545,671,920,1103,1249]
[0,49,345,486,875,1103,1249]
[0,486,1249]
[0,342,485,545,671,1249]
[0,671,875,1103,1249]
[0,342,545,671,1249]
[0,205,342,545,671,920,1103,1249]
[0,194,409,671,1249]
[0,205,345,486,798,1249]
[0,409,671,1249]
[0,343,798,1249]
[0,205,345,486,671,785,920,1103,1249]
[0,345,671,875,1103,1249]
[0,485,545,671,1249]
[0,345,486,671,798,1103,1249]
[0,205,671,920,1103,1249]
[0,205,345,486,671,798,1249]
[0,49,205,485,545,671,920,1103,1249]
[0,345,486,671,798,1249]
[0,875,1249]
[0,49,345,486,798,1249]
[0,205,345,486,671,785,1249]
[0,205,671,920,1249]
[0,345,486,671,785,1249]
[0,194,875,1249]
[0,345,486,875,1103,1182,1249]
[0,194,345,486,875,1103,1249]
[0,345,545,671,1249]
[0,205,342,485,545,671,920,1103,1249]
[0,205,545,671,1249]
[0,345,486,671,785,920,1103,1249]
[0,716,1249]
[0,345,671,920,1103,1249]
[0,345,671,1249]
[0,345,671,875,1249]
[0,671,875,1249]
[0,194,875,1103,1249]
[0,49,345,486,545,671,875,1103,1182,1249]
[0,345,875,1103,1249]
[0,342,485,545,671,920,1249]
[0,194,345,486,671,798,1103,1249]
[0,545,671,920,1103,1249]
[0,671,920,1103,1249]
[0,194,345,671,875,1249]
[0,49,194,345,486,545,671,875,1103,1182,1249]
[0,49,194,345,486,671,875,1103,1249]
[0,545,671,875,1249]
[0,345,785,1249]
[0,194,798,1103,1249]
[0,49,205,345,486,671,920,1103,1249]
[0,49,194,345,486,671,798,875,1103,1249]
[0,49,205,345,486,671,785,920,1103,1249]
[0,194,345,486,671,798,875,1103,1249]
[0,205,545,671,920,1249]
[0,342,545,671,920,1249]
[0,49,345,486,798,1103,1249]
[0,205,485,545,671,920,1103,1249]
[0,49,205,345,486,671,798,1249]
[0,345,798,1249]
