[0,1022,1597,1948,2661,3167,3353]
[0,1022,3353]
[0,1022,1597,1948,2621,2969,3167,3353]
[0,1597,1948,2661,3353]
[0,1022,1597,1948,2621,2969,3353]
[0,1022,1597,1948,2621,3167,3353]
[0,1597,2621,3353]
[0,1022,1597,3353]
[0,1022,2661,3353]
[0,1022,1648,2679,3353]
[0,1023,2661,3353]
[0,1022,1597,1948,2661,2969,3353]
[0,1022,1597,2661,3353]
[0,1023,3353]
[0,1022,1624,2621,3167,3353]
[0,1022,1597,1948,3353]
[0,1022,1597,1948,2661,3353]
[0,1022,2969,3353]
[0,1597,3353]
[0,1597,1948,2621,3353]
[0,1022,2621,3353]
[0,1597,2661,3353]
[0,1022,1624,2621,3353]
[0,1022,1597,1948,2969,3353]
[0,1022,1597,2969,3353]
[0,1022,2679,3353]
[0,1022,1597,1948,2621,3353]
[0,1022,1597,2621,3353]
[0,1022,1597,1948,2661,2969,3167,3353]
