[0,353,441,1239,1343]
[0,993,1134,1254,1343]
[0,353,441,572,1254,1343]
[0,67,353,441,656,1239,1343]
[0,67,353,441,1254,1343]
[0,441,656,1343]
[0,353,441,1254,1343]
[0,87,572,1254,1343]
[0,87,737,877,1254,1343]
[0,353,737,877,1134,1343]
[0,353,737,877,1343]
[0,67,353,441,993,1134,1254,1343]
[0,353,572,1254,1343]
[0,353,737,877,993,1343]
[0,67,737,877,993,1254,1343]
[0,993,1134,1343]
[0,353,1134,1343]
[0,67,353,441,572,993,1134,1254,1343]
[0,441,737,1343]
[0,1182,1343]
[0,87,353,441,656,1254,1343]
[0,87,737,1254,1343]
[0,353,737,877,993,1134,1343]
[0,353,441,737,877,993,1134,1254,1343]
[0,67,993,1134,1254,1343]
[0,441,656,1254,1343]
[0,737,877,993,1134,1254,1343]
[0,737,877,993,1134,1343]
[0,572,1254,1343]
[0,1254,1343]
[0,737,1254,1343]
[0,353,737,1343]
[0,87,441,737,877,993,1254,1343]
[0,353,441,572,993,1134,1254,1343]
[0,353,572,993,1134,1343]
[0,353,1254,1343]
[0,87,656,1254,1343]
[0,67,1174,1343]
[0,87,441,572,1254,1343]
[0,67,353,1239,1343]
[0,87,441,737,1254,1343]
[0,353,656,1254,1343]
[0,87,353,441,737,877,993,1254,1343]
[0,353,737,877,1254,1343]
[0,67,737,877,1254,1343]
[0,353,737,993,1134,1343]
[0,353,737,993,1134,1254,1343]
[0,67,353,1254,1343]
[0,441,737,877,993,1343]
[0,737,877,1343]
[0,67,353,993,1134,1254,1343]
[0,87,1343]
[0,353,737,1254,1343]
[0,67,353,441,1239,1343]
[0,441,993,1343]
[0,353,993,1134,1343]
[0,87,737,877,993,1254,1343]
[0,353,1343]
[0,441,737,877,993,1254,1343]
[0,441,1343]
[0,353,441,737,1254,1343]
[0,67,353,441,737,1254,1343]
[0,353,441,737,877,993,1254,1343]
[0,737,877,993,1254,1343]
[0,353,737,1134,1254,1343]
[0,353,1174,1343]
[0,67,993,1254,1343]
[0,737,1134,1343]
[0,67,1182,1343]
[0,353,656,993,1343]
[0,353,572,993,1134,1254,1343]
[0,993,1343]
[0,737,993,1343]
[0,353,993,1134,1254,1343]
[0,353,993,1343]
[0,441,737,993,1343]
[0,353,877,993,1343]
[0,353,737,1134,1343]
[0,353,656,993,1134,1254,1343]
[0,737,877,1134,1343]
[0,441,572,1343]
[0,67,1239,1343]
[0,353,441,737,993,1134,1254,1343]
[0,656,1343]
[0,353,656,993,1134,1343]
[0,353,656,1239,1343]
[0,737,877,993,1343]
[0,1239,1343]
[0,353,656,1343]
[0,572,1343]
[0,67,1254,1343]
[0,353,1239,1343]
[0,353,737,993,1343]
[0,67,353,737,877,993,1134,1254,1343]
[0,737,1343]
[0,353,572,1343]
[0,353,441,993,1134,1254,1343]
[0,353,441,656,993,1134,1254,1343]
[0,353,441,737,877,1254,1343]
[0,441,572,1254,1343]
[0,87,441,656,1254,1343]
[0,353,737,877,993,1134,1254,1343]
[0,737,877,1254,1343]
[0,67,353,441,656,993,1134,1254,1343]
[0,441,737,1254,1343]
[0,353,441,656,1239,1343]
[0,67,353,441,737,877,993,1134,1254,1343]
[0,993,1254,1343]
[0,353,1134,1254,1343]
[0,67,737,877,993,1134,1254,1343]
[0,353,441,656,1254,1343]
[0,67,353,441,737,993,1134,1254,1343]
[0,353,441,737,1134,1254,1343]
[0,656,1254,1343]
[0,353,737,877,993,1254,1343]
[0,1174,1343]
[0,353,572,993,1343]
[0,67,1343]
[0,67,737,1254,1343]
[0,87,353,441,572,1254,1343]
[0,87,353,441,737,1254,1343]
[0,87,1254,1343]
[0,67,353,441,737,1134,1254,1343]
