[0,147,748,1425,1697,2056,2210,2438,2729,2824]
[0,748,1697,2056,2210,2438,2824]
[0,121,984,1697,2210,2824]
[0,121,748,1697,2056,2210,2438,2824]
[0,147,748,1697,2149,2824]
[0,711,1697,2074,2438,2824]
[0,147,748,1697,2056,2210,2438,2824]
[0,2149,2824]
[0,121,984,1697,2824]
[0,147,748,1425,1697,2149,2824]
[0,984,1425,1697,2210,2824]
[0,121,984,1697,2729,2824]
[0,121,711,1697,2074,2824]
[0,121,748,1697,2056,2438,2824]
[0,970,1697,2824]
[0,748,1697,2438,2824]
[0,445,748,1697,2056,2438,2824]
[0,147,748,1425,1697,2056,2210,2438,2824]
[0,147,748,1697,2056,2824]
[0,121,711,1697,2824]
[0,121,984,1425,1697,2729,2824]
[0,1697,2056,2824]
[0,748,1425,1697,2056,2438,2824]
[0,147,748,1697,2056,2438,2824]
[0,121,711,1697,2074,2210,2438,2729,2824]
[0,748,1697,2149,2824]
[0,970,1425,1697,2149,2824]
[0,147,735,1697,2149,2824]
[0,121,748,1697,2056,2824]
[0,711,1425,1697,2074,2438,2824]
[0,121,445,748,1425,1697,2056,2210,2438,2729,2824]
[0,735,1697,2149,2824]
[0,147,970,1697,2824]
[0,711,1697,2074,2824]
[0,445,748,1425,1697,2056,2438,2824]
[0,711,1425,1697,2074,2210,2438,2824]
[0,121,748,1425,1697,2056,2210,2438,2824]
[0,121,711,1697,2438,2824]
[0,121,445,748,1425,1697,2056,2210,2438,2824]
[0,121,984,1425,1697,2210,2824]
[0,121,711,1697,2074,2438,2824]
[0,748,1425,1697,2056,2210,2438,2824]
[0,711,1697,2074,2210,2438,2824]
[0,970,1697,2210,2824]
[0,147,748,1425,1697,2149,2729,2824]
[0,121,711,1425,1697,2074,2210,2438,2729,2824]
[0,711,1697,2824]
[0,445,748,1425,1697,2056,2210,2438,2824]
[0,121,984,1425,1697,2824]
[0,147,970,1697,2149,2824]
[0,121,748,1425,1697,2056,2210,2438,2729,2824]
[0,121,984,1425,1697,2210,2729,2824]
[0,121,711,1425,1697,2074,2210,2438,2824]
[0,748,1425,1697,2149,2824]
[0,121,711,1697,2074,2210,2438,2824]
[0,147,748,1697,2149,2729,2824]
[0,735,1697,2824]
[0,984,1697,2210,2824]
[0,147,735,1425,1697,2149,2824]
[0,984,1697,2824]
[0,748,1697,2824]
[0,121,711,1697,2729,2824]
[0,147,970,1697,2210,2824]
[0,735,1425,1697,2149,2824]
[0,711,1697,2438,2824]
[0,748,1425,1697,2056,2824]
[0,748,1697,2056,2438,2824]
[0,1697,2824]
[0,889,2149,2824]
[0,147,970,1425,1697,2149,2824]
[0,748,1697,2056,2824]
[0,889,2824]
[0,984,1425,1697,2824]
[0,970,1697,2149,2824]
