[0,76,375,441,690,911,1232,1465]
[0,375,690,911,1232,1368,1465]
[0,375,690,1232,1465]
[0,690,911,1307,1465]
[0,76,375,441,690,911,1232,1307,1368,1465]
[0,76,690,911,1307,1465]
[0,76,146,375,441,690,911,1232,1368,1465]
[0,76,690,911,1232,1465]
[0,76,441,690,911,1232,1465]
[0,690,817,1242,1465]
[0,76,1242,1465]
[0,76,375,441,690,911,1232,1368,1465]
[0,441,690,911,1232,1368,1465]
[0,76,146,375,690,911,1232,1368,1465]
[0,76,690,911,1232,1307,1368,1465]
[0,76,690,817,1242,1465]
[0,76,690,1242,1465]
[0,76,146,375,441,690,911,1232,1307,1368,1465]
[0,690,1242,1465]
[0,911,1465]
[0,76,911,1465]
[0,76,441,690,911,1232,1307,1368,1465]
[0,76,441,690,911,1232,1368,1465]
[0,1307,1465]
[0,76,690,911,1232,1368,1465]
[0,76,690,911,1465]
[0,1232,1465]
[0,76,375,690,911,1232,1368,1465]
[0,441,690,1465]
[0,690,817,1232,1465]
[0,76,1307,1465]
[0,76,1232,1465]
[0,76,690,817,1232,1465]
[0,76,690,1232,1465]
[0,441,690,911,1232,1465]
[0,690,911,1232,1368,1465]
[0,375,690,1465]
[0,375,690,911,1232,1465]
[0,76,1465]
[0,690,1465]
[0,690,911,1465]
[0,441,1465]
[0,690,1232,1465]
[0,1242,1465]
[0,375,1465]
[0,441,690,1232,1465]
[0,690,911,1232,1465]
[0,76,146,690,911,1232,1368,1465]
