[0,120,2850,4142,4758]
[0,120,975,2886,4142,4758]
[0,493,2941,3445,4142,4758]
[0,120,493,3270,4142,4758]
[0,120,975,2850,3357,4185,4758]
[0,975,2850,3593,4185,4758]
[0,975,2850,3445,4142,4758]
[0,975,2850,3270,4142,4758]
[0,493,3445,4758]
[0,975,2945,4142,4758]
[0,120,2886,4758]
[0,120,2941,4758]
[0,975,2886,4758]
[0,975,2941,4142,4758]
[0,975,2941,4758]
[0,555,2945,4758]
[0,120,555,2945,4758]
[0,493,2850,3445,4142,4758]
[0,493,975,2941,3445,4142,4758]
[0,120,493,975,2850,3270,4142,4758]
[0,120,493,3445,4142,4758]
[0,120,493,4758]
[0,975,2850,3357,4185,4758]
[0,493,2941,4142,4758]
[0,120,493,2941,3445,4142,4758]
[0,120,975,2886,4758]
[0,2850,3445,4142,4758]
[0,975,2850,3593,4142,4758]
[0,975,2945,3593,4142,4758]
[0,493,975,3270,4142,4758]
[0,2886,4758]
[0,120,493,3445,4758]
[0,493,975,2850,3445,4142,4758]
[0,493,975,2850,3270,4142,4758]
[0,120,610,975,2850,3593,4185,4758]
[0,610,975,2850,3357,4185,4758]
[0,3270,4142,4758]
[0,975,2941,3445,4142,4758]
[0,120,975,2850,4142,4758]
[0,975,3445,4142,4758]
[0,975,3270,4142,4758]
[0,120,493,975,3270,4142,4758]
[0,2941,3445,4142,4758]
[0,975,3270,4758]
[0,975,2850,4185,4758]
[0,493,3445,4142,4758]
[0,493,3270,4142,4758]
[0,555,975,2945,3593,4142,4758]
[0,493,4758]
[0,120,555,975,2945,4142,4758]
[0,555,2945,4142,4758]
[0,120,975,3270,4758]
[0,2850,4142,4758]
[0,120,493,975,2941,3445,4142,4758]
[0,2945,4142,4758]
[0,3270,4758]
[0,493,2941,4758]
[0,975,2886,4142,4758]
[0,120,493,975,2850,3445,4142,4758]
[0,555,975,2945,4142,4758]
[0,120,493,2941,4142,4758]
[0,975,3445,4758]
[0,120,4758]
[0,120,975,2850,4185,4758]
[0,975,2850,4142,4758]
[0,120,610,975,2850,3593,4142,4758]
[0,2941,4142,4758]
[0,120,555,975,2945,3593,4142,4758]
[0,120,493,2941,4758]
[0,120,2945,4758]
[0,975,2945,4758]
[0,610,975,2850,3593,4142,4758]
[0,120,975,2850,3593,4142,4758]
[0,120,2850,4758]
[0,3445,4142,4758]
[0,120,975,2850,3270,4142,4758]
[0,975,2850,4758]
[0,3445,4758]
[0,493,3270,4758]
[0,120,3270,4758]
[0,2941,4758]
[0,120,493,2850,3445,4142,4758]
[0,120,555,2945,4142,4758]
[0,2945,4758]
[0,610,975,2850,3593,4185,4758]
[0,975,2850,3593,4758]
[0,120,610,975,2850,3357,4185,4758]
[0,120,975,2850,3593,4185,4758]
[0,2850,4758]
[0,120,975,2850,4758]
[0,120,975,3270,4142,4758]
[0,120,493,3270,4758]
