[0,268,1112,1190,1465]
[0,268,1112,1234,1465]
[0,268,841,941,1112,1307,1465]
[0,622,841,1465]
[0,268,622,841,1112,1465]
[0,71,268,559,622,871,941,1112,1190,1307,1465]
[0,1112,1465]
[0,268,841,941,1112,1190,1465]
[0,71,268,622,941,1112,1190,1307,1465]
[0,268,622,841,941,1112,1307,1465]
[0,268,622,841,941,1112,1190,1465]
[0,941,1112,1465]
[0,268,871,1465]
[0,841,941,1112,1190,1465]
[0,268,841,941,1112,1465]
[0,71,268,622,871,941,1112,1190,1307,1465]
[0,622,841,1112,1307,1465]
[0,268,871,1190,1465]
[0,52,268,1112,1287,1465]
[0,622,841,1112,1465]
[0,268,941,1112,1190,1307,1465]
[0,71,268,941,1112,1465]
[0,71,268,941,1112,1190,1465]
[0,268,871,941,1112,1190,1465]
[0,268,841,1112,1465]
[0,71,268,622,941,1112,1190,1465]
[0,841,941,1465]
[0,268,559,622,841,941,1112,1190,1307,1465]
[0,71,268,622,871,941,1112,1190,1465]
[0,52,268,871,1190,1465]
[0,268,1112,1465]
[0,1112,1234,1465]
[0,622,1465]
[0,268,941,1112,1190,1465]
[0,622,841,941,1112,1465]
[0,268,622,841,941,1112,1190,1307,1465]
[0,268,622,941,1112,1307,1465]
[0,622,841,941,1112,1307,1465]
[0,622,841,941,1112,1190,1307,1465]
[0,268,1112,1307,1465]
[0,1112,1190,1465]
[0,268,841,1465]
[0,71,268,559,622,871,941,1112,1190,1465]
[0,622,841,941,1112,1190,1465]
[0,268,622,941,1112,1465]
[0,841,941,1112,1465]
[0,52,268,841,941,1112,1190,1465]
[0,622,1112,1465]
[0,268,1112,1287,1465]
[0,52,268,1112,1190,1307,1465]
[0,71,268,1112,1190,1465]
[0,71,268,1112,1234,1465]
[0,268,559,622,841,941,1112,1190,1465]
[0,71,268,1112,1465]
[0,52,268,871,1465]
[0,841,1465]
[0,268,841,1112,1307,1465]
[0,268,622,841,941,1112,1465]
[0,268,622,1112,1465]
[0,71,268,871,941,1112,1190,1307,1465]
[0,218,871,1465]
[0,71,268,941,1112,1190,1307,1465]
[0,268,622,941,1112,1190,1307,1465]
[0,268,941,1112,1465]
[0,71,268,871,941,1112,1190,1465]
[0,268,622,841,1465]
[0,218,871,1190,1465]
[0,52,268,1112,1190,1465]
[0,268,941,1112,1307,1465]
[0,941,1112,1190,1465]
[0,52,268,1112,1465]
[0,871,1465]
[0,268,622,841,1112,1307,1465]
[0,71,268,1112,1190,1307,1465]
[0,218,1112,1465]
[0,841,1112,1465]
[0,52,268,559,622,841,941,1112,1190,1307,1465]
[0,52,268,841,941,1112,1190,1307,1465]
[0,871,941,1112,1190,1465]
[0,52,268,559,622,841,941,1112,1190,1465]
[0,871,1190,1465]
[0,268,841,941,1112,1190,1307,1465]
[0,268,622,941,1112,1190,1465]
[0,268,1112,1190,1307,1465]
