[0,523,677,792,1434,1986,2459,2956]
[0,523,792,1434,1986,2459,2956]
[0,523,677,792,1986,2459,2850,2956]
[0,523,792,1434,1986,2295,2459,2956]
[0,523,834,1986,2516,2956]
[0,2301,2956]
[0,523,2956]
[0,523,1434,2295,2956]
[0,523,1986,2459,2956]
[0,523,1434,1986,2459,2956]
[0,1986,2956]
[0,523,1434,2301,2956]
[0,523,1434,2717,2956]
[0,523,1434,1986,2516,2956]
[0,523,677,834,1434,1986,2295,2516,2956]
[0,523,1434,2956]
[0,523,834,1434,1986,2516,2956]
[0,523,905,1434,1986,2295,2516,2956]
[0,752,2295,2956]
[0,523,792,1434,1986,2516,2956]
[0,523,677,834,1986,2295,2516,2956]
[0,523,2301,2956]
[0,523,792,1434,1986,2295,2516,2956]
[0,523,677,792,1986,2459,2956]
[0,523,1986,2956]
[0,523,2459,2956]
[0,523,1986,2516,2956]
[0,523,905,1986,2516,2956]
[0,523,677,834,1986,2295,2516,2850,2956]
[0,2384,2956]
[0,523,905,1434,1651,1986,2295,2516,2956]
[0,523,834,1986,2295,2516,2956]
[0,1434,2295,2956]
[0,523,1434,1986,2956]
[0,523,1434,2459,2956]
[0,523,677,834,1434,1986,2295,2516,2850,2956]
[0,523,905,1434,1651,1986,2295,2516,2850,2956]
[0,523,2516,2956]
[0,523,1434,1986,2295,2956]
[0,523,1986,2295,2516,2956]
[0,523,677,792,1434,1986,2459,2850,2956]
[0,1620,2956]
[0,523,792,1434,1986,2295,2516,2850,2956]
[0,1434,2301,2956]
[0,523,792,1986,2459,2956]
[0,1434,1986,2956]
[0,523,1434,1986,2295,2516,2956]
[0,523,888,1986,2459,2956]
[0,523,905,1434,1986,2516,2956]
[0,523,1986,2295,2956]
[0,545,1620,2384,2956]
[0,2295,2956]
[0,523,2295,2956]
[0,545,2384,2956]
[0,1620,2384,2956]
[0,523,1986,2301,2956]
[0,523,677,792,1434,1986,2295,2459,2850,2956]
[0,545,2956]
[0,523,677,792,1434,1986,2295,2459,2956]
[0,752,2956]
[0,1434,2956]
[0,523,834,1434,1986,2295,2516,2956]
[0,523,905,1986,2295,2516,2956]
[0,523,1434,1986,2295,2516,2850,2956]
[0,523,1434,1986,2301,2956]
