[0,274,1286,2134]
[0,274,586,763,2134]
[0,98,274,403,586,1218,1286,2021,2134]
[0,274,403,586,1578,1763,2134]
[0,274,403,586,763,2134]
[0,95,274,1763,2134]
[0,274,403,586,763,1763,2134]
[0,98,274,2134]
[0,274,1218,1286,2134]
[0,95,274,403,586,1218,2134]
[0,274,586,1218,2134]
[0,98,274,403,586,1218,1286,1763,2021,2134]
[0,274,586,1763,2021,2134]
[0,95,274,1286,1578,1763,2030,2134]
[0,274,403,586,1557,1763,2021,2134]
[0,274,403,586,1218,2134]
[0,274,2134]
[0,98,274,1218,1286,1557,1763,2134]
[0,274,403,586,1218,1763,2134]
[0,98,274,403,586,2134]
[0,274,1286,1557,2134]
[0,274,1286,1557,1763,2021,2134]
[0,98,274,1557,1763,2134]
[0,98,274,1218,1286,1557,2134]
[0,367,1286,2134]
[0,95,274,586,1218,1286,1578,1763,2030,2134]
[0,95,274,1578,1763,2134]
[0,95,274,403,586,1286,1578,1763,2030,2134]
[0,98,274,403,586,1218,1286,1557,1763,2021,2134]
[0,98,274,403,586,1557,1763,2021,2134]
[0,274,403,586,1763,2134]
[0,274,586,1578,2134]
[0,98,274,1286,1557,1763,2021,2134]
[0,98,274,403,586,2021,2134]
[0,98,274,403,586,1218,1286,2134]
[0,274,403,586,1578,2134]
[0,274,403,586,1286,1557,1763,2134]
[0,586,1578,2134]
[0,98,274,586,1286,1557,1763,2021,2134]
[0,586,1218,1763,2134]
[0,1763,2134]
[0,274,1557,1763,2134]
[0,98,274,403,586,763,1763,2021,2134]
[0,95,274,586,1218,2134]
[0,274,403,586,1763,2030,2134]
[0,274,403,586,1286,1557,1763,2021,2134]
[0,98,274,1218,1286,1557,1763,2021,2134]
[0,274,403,586,1218,2021,2134]
[0,274,586,1557,2134]
[0,274,1763,2134]
[0,95,274,586,2030,2134]
[0,95,274,586,1286,1578,1763,2030,2134]
[0,274,586,1286,1578,2134]
[0,274,1578,1763,2134]
[0,274,586,763,1286,2134]
[0,274,586,763,2030,2134]
[0,274,403,586,1218,1763,2021,2134]
[0,586,1557,2134]
[0,95,274,403,586,1218,1286,1578,1763,2030,2134]
[0,1286,1578,2134]
[0,98,274,1218,1286,2134]
[0,95,274,586,763,2030,2134]
[0,95,274,1578,1763,2030,2134]
[0,95,274,1218,1286,1578,2134]
[0,95,274,403,586,1218,2030,2134]
[0,274,403,586,1578,1763,2030,2134]
[0,95,274,403,586,1218,1286,2134]
[0,586,1286,1578,2134]
[0,274,1286,2021,2134]
[0,98,274,403,586,1286,1557,1763,2021,2134]
[0,98,274,1286,1557,2134]
[0,274,586,1763,2134]
[0,98,274,2021,2134]
[0,274,586,1286,1557,2134]
[0,274,403,586,763,1286,2134]
[0,274,403,586,763,2030,2134]
[0,274,403,586,1218,2030,2134]
[0,274,2021,2134]
[0,95,274,1763,2030,2134]
[0,274,586,1286,1578,1763,2030,2134]
[0,95,274,403,586,763,2030,2134]
[0,95,274,1218,1286,2134]
[0,95,274,586,763,1286,2030,2134]
[0,98,274,403,586,1218,1763,2021,2134]
[0,274,403,586,1286,1578,1763,2134]
[0,98,274,1557,1763,2021,2134]
[0,98,274,586,1218,2134]
[0,274,403,586,1557,2134]
[0,98,274,403,586,1763,2021,2134]
[0,274,586,2021,2134]
[0,95,274,2134]
[0,274,1557,1763,2021,2134]
[0,274,1286,1578,1763,2134]
[0,274,586,1578,1763,2134]
[0,274,403,586,2021,2134]
[0,98,274,403,586,1218,2134]
[0,274,586,763,1763,2134]
[0,98,274,586,1218,1286,1557,1763,2021,2134]
[0,95,274,403,586,763,1286,2030,2134]
[0,274,403,586,1286,1578,1763,2030,2134]
[0,98,274,1286,2134]
[0,95,274,2030,2134]
[0,274,403,586,763,1286,2030,2134]
[0,95,274,1286,2134]
[0,274,586,1286,1557,1763,2134]
[0,95,274,1286,1578,1763,2134]
[0,98,274,1286,1557,1763,2134]
[0,95,274,1218,1286,1578,1763,2030,2134]
[0,98,274,403,586,1218,2021,2134]
[0,95,274,586,1218,1286,2134]
[0,95,274,403,586,1578,1763,2030,2134]
[0,274,586,1218,1763,2134]
[0,95,274,403,586,2134]
[0,274,586,2134]
[0,98,274,586,2134]
[0,95,274,586,2134]
[0,274,1763,2021,2134]
[0,274,2030,2134]
[0,274,586,763,1286,2030,2134]
[0,274,403,586,763,1763,2021,2134]
[0,274,586,1286,1578,1763,2134]
[0,367,1286,2021,2134]
[0,274,586,1286,2021,2134]
[0,95,274,403,586,2030,2134]
[0,98,274,1763,2021,2134]
[0,98,274,586,1218,1286,2134]
[0,95,274,403,586,1218,1286,2030,2134]
[0,274,586,763,1763,2021,2134]
[0,274,1286,1557,1763,2134]
[0,274,403,586,1763,2021,2134]
[0,367,2134]
[0,274,586,1557,1763,2134]
[0,274,403,586,2134]
[0,95,274,1218,1286,1578,1763,2134]
[0,586,1218,2134]
[0,274,586,2030,2134]
[0,274,586,1286,2134]
[0,274,403,586,2030,2134]
[0,274,1286,1578,1763,2030,2134]
[0,1218,2134]
[0,586,1286,2134]
[0,367,2021,2134]
[0,274,1578,1763,2030,2134]
[0,95,274,403,586,1763,2030,2134]
[0,98,274,586,763,1763,2021,2134]
[0,586,1763,2134]
[0,1286,2134]
[0,586,2134]
[0,98,274,586,1763,2021,2134]
[0,274,403,586,1557,1763,2134]
[0,274,1763,2030,2134]
[0,95,274,1286,1578,2134]
[0,274,1286,1578,2134]
[0,98,274,1763,2134]
[0,274,586,1286,1557,1763,2021,2134]
