[0,162,265,1400,1810]
[0,951,1810]
[0,162,851,928,1257,1400,1810]
[0,190,892,1360,1716,1810]
[0,1400,1810]
[0,852,1810]
[0,190,1400,1810]
[0,190,1215,1400,1810]
[0,162,1400,1810]
[0,1360,1810]
[0,219,852,1323,1716,1810]
[0,162,851,1257,1400,1716,1810]
[0,1215,1400,1810]
[0,190,1215,1400,1716,1810]
[0,892,1400,1810]
[0,162,219,851,928,1257,1400,1716,1810]
[0,162,851,892,1257,1400,1716,1810]
[0,892,1360,1810]
[0,851,928,1257,1400,1810]
[0,851,892,1810]
[0,851,1810]
[0,928,1400,1810]
[0,162,265,951,1400,1810]
[0,851,892,1257,1400,1810]
[0,951,1400,1810]
[0,190,1360,1810]
[0,162,219,851,928,1257,1400,1810]
[0,162,851,892,1257,1400,1810]
[0,1400,1716,1810]
[0,851,892,1400,1810]
[0,928,1810]
[0,851,1400,1810]
[0,162,1257,1400,1716,1810]
[0,162,851,1400,1810]
[0,1215,1400,1716,1810]
[0,219,852,1323,1810]
[0,162,951,1400,1810]
[0,852,1323,1810]
[0,190,892,1360,1810]
[0,162,1400,1716,1810]
[0,162,1257,1400,1810]
[0,892,1810]
[0,162,851,928,1257,1400,1716,1810]
[0,162,851,1257,1400,1810]
[0,852,1323,1716,1810]
[0,851,1257,1400,1810]
[0,851,928,1400,1810]
[0,1257,1400,1810]
[0,162,265,851,951,1400,1810]
