[0,69,1353,2044,2824]
[0,114,1353,1964,2824]
[0,114,1353,2824]
[0,600,833,1428,2044,2824]
[0,1353,2824]
[0,69,1353,2044,2758,2824]
[0,69,749,1312,1448,2010,2758,2824]
[0,69,2044,2824]
[0,600,833,1428,1844,1964,2044,2824]
[0,1312,1448,1964,2044,2824]
[0,833,1428,1844,1964,2044,2824]
[0,69,1428,1964,2044,2758,2824]
[0,69,613,1312,1448,1964,2044,2758,2824]
[0,69,749,1312,1448,2010,2824]
[0,1312,1448,2044,2824]
[0,613,2044,2824]
[0,613,1312,1448,2010,2824]
[0,2010,2758,2824]
[0,749,2010,2824]
[0,833,1428,1844,2044,2824]
[0,600,1428,2044,2824]
[0,600,833,1428,1844,2044,2824]
[0,69,1312,1448,2010,2824]
[0,69,613,1448,1964,2044,2824]
[0,69,600,1428,1844,2044,2824]
[0,69,1312,1448,2010,2758,2824]
[0,69,613,1312,1448,2010,2824]
[0,1964,2044,2824]
[0,69,1428,1964,2044,2824]
[0,1353,2010,2824]
[0,1312,1448,2010,2824]
[0,613,2010,2824]
[0,1428,1844,2044,2824]
[0,2010,2824]
[0,69,2044,2758,2824]
[0,69,2010,2824]
[0,833,1428,2044,2824]
[0,69,1353,1964,2758,2824]
[0,600,1428,1844,1964,2044,2824]
[0,613,1448,2010,2824]
[0,69,1448,1964,2044,2824]
[0,1448,1964,2044,2824]
[0,749,1312,1448,2010,2824]
[0,2044,2758,2824]
[0,1428,2044,2824]
[0,69,1353,2824]
[0,1353,2044,2824]
[0,69,600,833,1428,1844,2044,2824]
[0,1428,1844,1964,2044,2824]
[0,1428,1964,2044,2824]
[0,2044,2824]
[0,69,600,833,1428,1844,1964,2044,2824]
[0,69,613,1448,1964,2044,2758,2824]
[0,69,1353,2010,2758,2824]
[0,69,1428,1844,2044,2824]
[0,69,1353,1964,2824]
[0,69,1428,1844,1964,2044,2824]
[0,69,1448,2010,2824]
[0,749,1448,2010,2824]
[0,613,1448,2044,2824]
[0,69,613,1312,1448,2010,2758,2824]
[0,69,1353,2010,2824]
[0,1448,2044,2824]
[0,1353,1964,2824]
[0,69,2010,2758,2824]
[0,69,1428,1844,2044,2758,2824]
[0,69,1353,2758,2824]
[0,69,600,833,1428,1844,1964,2044,2758,2824]
[0,69,1448,1964,2044,2758,2824]
[0,69,613,1448,2010,2758,2824]
[0,613,1448,1964,2044,2824]
[0,69,600,1428,1844,1964,2044,2824]
[0,69,613,1312,1448,1964,2044,2824]
[0,69,600,833,1428,1844,2044,2758,2824]
[0,69,613,1448,2010,2824]
[0,613,1312,1448,1964,2044,2824]
[0,1448,2010,2824]
[0,69,1448,2010,2758,2824]
[0,69,600,1428,1844,1964,2044,2758,2824]
[0,69,1428,1844,1964,2044,2758,2824]
[0,613,1312,1448,2044,2824]
[0,69,600,1428,1844,2044,2758,2824]
[0,600,1428,1844,2044,2824]
