[0,185,1902,2331,2706,2851,2956]
[0,185,1322,1902,2331,2540,2956]
[0,380,1192,1902,2331,2706,2956]
[0,2706,2956]
[0,226,1902,2331,2703,2851,2956]
[0,226,1902,2331,2540,2956]
[0,226,1441,1902,2331,2540,2956]
[0,185,1322,1902,2331,2706,2851,2956]
[0,226,1441,1902,2331,2540,2703,2851,2956]
[0,226,1441,1904,2331,2956]
[0,185,1192,1902,2331,2956]
[0,185,1322,1902,2331,2540,2706,2956]
[0,380,1322,1902,2331,2706,2956]
[0,1196,2331,2956]
[0,1322,1902,2331,2956]
[0,185,380,1196,1904,2331,2703,2851,2956]
[0,380,1322,2956]
[0,1192,1902,2331,2706,2956]
[0,2331,2956]
[0,380,2706,2956]
[0,226,1441,1902,2331,2956]
[0,1196,1904,2331,2956]
[0,380,1192,1902,2331,2956]
[0,380,1192,1902,2331,2540,2956]
[0,380,1902,2331,2956]
[0,2540,2956]
[0,185,1322,1902,2331,2706,2956]
[0,1902,2331,2706,2956]
[0,380,1322,1902,2331,2956]
[0,380,1904,2331,2956]
[0,226,1441,1902,2331,2540,2703,2956]
[0,380,1196,1904,2331,2540,2956]
[0,1686,2540,2956]
[0,1192,1902,2331,2956]
[0,1441,2956]
[0,185,380,1196,1904,2331,2540,2703,2956]
[0,226,1902,2331,2956]
[0,380,1686,2540,2956]
[0,1441,1904,2331,2956]
[0,185,1322,1902,2331,2540,2706,2851,2956]
[0,1322,2956]
[0,1322,1902,2331,2540,2956]
[0,1441,1902,2331,2956]
[0,226,1322,1902,2331,2706,2956]
[0,1904,2331,2956]
[0,226,1904,2331,2956]
[0,185,1192,1902,2331,2706,2851,2956]
[0,2343,2956]
[0,1322,2331,2956]
[0,1196,2956]
[0,185,380,1192,1902,2331,2706,2851,2956]
[0,226,1902,2331,2703,2956]
[0,226,1441,1902,2331,2703,2956]
[0,1902,2331,2540,2956]
[0,1441,2331,2956]
[0,185,380,1196,1904,2331,2540,2703,2851,2956]
[0,185,380,1192,1902,2331,2706,2956]
[0,1902,2331,2956]
[0,226,1441,1902,2331,2703,2851,2956]
[0,185,380,1192,1902,2331,2540,2706,2956]
[0,185,1902,2331,2956]
[0,380,1196,1904,2331,2703,2851,2956]
[0,185,380,1192,1902,2331,2540,2706,2851,2956]
[0,1322,1902,2331,2706,2956]
[0,1441,1902,2331,2703,2956]
[0,380,1196,1904,2331,2703,2956]
[0,185,1902,2331,2706,2956]
[0,185,1192,2331,2956]
[0,1686,2956]
[0,185,380,1196,1904,2331,2703,2956]
[0,1192,2331,2956]
[0,185,2331,2956]
[0,185,380,1196,1904,2331,2540,2956]
[0,185,380,1192,1902,2331,2540,2956]
[0,380,1196,1904,2331,2956]
[0,185,1192,1902,2331,2706,2956]
[0,185,1902,2331,2540,2956]
[0,1192,2956]
[0,380,1322,2706,2956]
[0,226,1322,1902,2331,2956]
[0,380,2956]
[0,380,1192,1902,2331,2706,2851,2956]
[0,1902,2331,2703,2956]
