[0,1455,2347,2978,4758]
[0,257,2672,4758]
[0,78,1455,2347,2978,4758]
[0,257,4758]
[0,2347,4758]
[0,257,2672,2978,4758]
[0,2393,4758]
[0,2722,4758]
[0,2679,4758]
[0,794,2679,4758]
[0,293,2672,4758]
[0,794,4758]
[0,1455,4758]
[0,2672,2978,4758]
[0,78,2347,4758]
[0,78,2672,2978,4758]
[0,1864,2672,4758]
[0,293,2672,2978,4758]
[0,794,2722,4758]
[0,257,2393,4758]
[0,78,1455,2672,2978,4758]
[0,1455,2672,2978,4758]
[0,1864,2672,2978,4758]
[0,78,1864,2672,2978,4758]
[0,2672,4758]
[0,1455,2672,4758]
[0,78,2347,2978,4758]
[0,2347,2978,4758]
[0,293,4758]
[0,1455,2347,4758]
[0,257,2679,4758]
[0,78,4758]
