[0,195,516,678,1427]
[0,192,591,678,1269,1427]
[0,1146,1427]
[0,192,1269,1427]
[0,195,516,678,1269,1427]
[0,192,515,678,1269,1427]
[0,191,515,678,1427]
[0,515,678,1427]
[0,156,591,678,1269,1427]
[0,515,678,1269,1427]
[0,1269,1427]
[0,591,678,1427]
[0,195,678,1427]
[0,156,515,678,1269,1427]
[0,678,1146,1427]
[0,195,966,1427]
[0,191,516,678,1427]
[0,192,515,678,1427]
[0,192,678,1427]
[0,191,516,678,1269,1427]
[0,192,1427]
[0,192,678,1269,1427]
[0,678,1269,1427]
[0,516,678,1269,1427]
[0,516,678,1427]
[0,195,1146,1427]
[0,191,515,678,1269,1427]
[0,517,1146,1427]
[0,191,678,1427]
[0,156,678,1146,1427]
[0,678,1427]
[0,156,1146,1427]
[0,156,1269,1427]
[0,1195,1427]
[0,517,1427]
[0,195,966,1195,1427]
[0,966,1195,1427]
[0,591,678,1269,1427]
[0,156,678,1269,1427]
[0,966,1427]
