[0,622,2178,2548,2812]
[0,622,1569,2762,2812]
[0,622,2178,2812]
[0,622,791,1409,2178,2812]
[0,2178,2812]
[0,622,2812]
[0,622,1510,2539,2812]
[0,622,2539,2812]
[0,2539,2812]
[0,622,1409,2178,2548,2812]
[0,622,1409,1943,2178,2548,2812]
[0,622,1146,1409,2178,2762,2812]
[0,1569,2762,2812]
[0,622,791,1409,1943,2178,2762,2812]
[0,622,1146,1409,2178,2812]
[0,622,791,1409,2178,2762,2812]
[0,622,791,1409,2178,2548,2762,2812]
[0,622,1146,1409,1943,2178,2762,2812]
[0,622,791,1409,2178,2548,2812]
[0,622,1409,1943,2178,2812]
[0,622,1510,2812]
[0,1409,2812]
[0,622,791,1409,1943,2178,2548,2812]
[0,1510,2812]
[0,622,1409,2178,2812]
[0,622,2762,2812]
[0,622,2178,2762,2812]
[0,2531,2812]
[0,622,1569,2812]
[0,2762,2812]
[0,622,1146,1409,1943,2178,2812]
[0,622,791,1409,1943,2178,2548,2762,2812]
[0,622,791,1409,1943,2178,2812]
[0,1569,2812]
[0,1409,2178,2812]
[0,622,1409,2178,2762,2812]
[0,622,1409,1943,2178,2762,2812]
