[0,482,1105,1155,2211]
[0,564,1104,1212,1414,2211]
[0,564,1104,1212,2211]
[0,585,2211]
[0,564,2211]
[0,1355,2211]
[0,1222,2211]
[0,290,564,1355,2211]
[0,1444,2211]
[0,482,2211]
[0,585,1444,2211]
[0,346,482,1105,1155,1444,2211]
[0,482,1444,2211]
[0,290,564,1104,1212,1414,2211]
[0,482,1105,1444,2211]
[0,564,1222,2211]
[0,1212,2211]
[0,346,482,1105,1444,2211]
[0,564,1212,2211]
[0,290,564,1104,1414,2211]
[0,564,1104,1414,2211]
[0,1414,2211]
[0,482,1105,1155,1444,2211]
[0,346,482,1105,1444,1566,2211]
[0,564,1444,2211]
[0,564,1355,2211]
[0,1155,2211]
[0,564,1414,2211]
[0,482,1155,2211]
