[0,164,336,607,1079,1235,1337,1632]
[0,75,164,607,1337,1632]
[0,336,607,1079,1337,1632]
[0,1337,1632]
[0,164,1632]
[0,164,336,607,1079,1337,1632]
[0,164,607,1079,1235,1337,1632]
[0,607,1337,1632]
[0,164,1337,1632]
[0,607,1079,1337,1632]
[0,75,164,607,1079,1235,1337,1632]
[0,164,336,607,1337,1632]
[0,75,1337,1632]
[0,275,1337,1632]
[0,1235,1632]
[0,75,164,336,607,1235,1337,1632]
[0,164,607,1079,1337,1632]
[0,75,164,336,607,1079,1235,1337,1632]
[0,75,1632]
[0,75,164,607,1235,1337,1632]
[0,336,1337,1632]
[0,275,1632]
[0,275,1235,1632]
[0,164,607,1235,1337,1632]
[0,336,607,1337,1632]
[0,75,607,1337,1632]
[0,607,1632]
[0,75,164,336,607,1337,1632]
[0,164,336,607,1235,1337,1632]
[0,336,1632]
[0,164,607,1337,1632]
