[0,282,647,927,1077,1300,2189]
[0,135,282,1300,1673,1739,2189]
[0,135,282,927,1077,1300,1673,2189]
[0,135,282,1300,1673,2189]
[0,288,927,1077,1300,1442,2020,2189]
[0,135,282,1077,1300,1673,1739,2189]
[0,135,288,647,927,1077,1300,2189]
[0,927,1673,2189]
[0,927,1077,1300,1673,2020,2189]
[0,135,288,647,927,1077,1300,1442,2189]
[0,1077,1300,1673,2189]
[0,282,647,927,1077,1300,1442,2189]
[0,288,1300,2189]
[0,135,282,927,1077,1300,1673,2020,2189]
[0,647,1300,2189]
[0,282,647,1077,1300,1673,2189]
[0,135,282,1300,2189]
[0,1300,2189]
[0,135,288,927,1077,1300,1442,2020,2189]
[0,282,927,1077,1300,1673,2020,2189]
[0,1242,2189]
[0,135,288,927,1077,1300,1442,2189]
[0,288,647,1077,1300,2189]
[0,282,927,1077,1300,1673,2189]
[0,288,927,1077,1300,1442,2189]
[0,282,647,1077,1300,2189]
[0,135,282,647,927,1077,1300,1673,1739,2189]
[0,1673,2189]
[0,927,2189]
[0,282,927,1077,1300,1442,2189]
[0,288,647,927,1077,1300,1442,2189]
[0,135,282,647,927,1077,1300,1442,2189]
[0,135,282,647,927,1077,1300,2189]
[0,282,1077,1300,1673,2020,2189]
[0,135,282,647,927,1077,1300,1673,2189]
[0,288,927,1077,1300,2020,2189]
[0,135,282,927,1077,1300,1442,2189]
[0,282,647,1300,1673,2189]
[0,282,1300,1673,2189]
[0,288,647,927,1077,1300,2189]
[0,282,1077,1300,2189]
[0,135,288,927,1077,1300,2189]
[0,282,647,927,1077,1300,1673,2189]
[0,282,647,1300,2189]
[0,288,1077,1300,2020,2189]
[0,135,282,1673,1739,2189]
[0,1300,1673,2020,2189]
[0,927,1077,1300,2189]
[0,282,1242,2189]
[0,135,282,927,1077,1300,2189]
[0,647,1300,1673,2189]
[0,288,647,1300,2189]
[0,135,282,1077,1300,1673,2189]
[0,288,1077,1300,2189]
[0,927,1300,1673,2189]
[0,282,1673,2189]
[0,135,927,1300,1673,2020,2189]
[0,927,1077,1300,1673,2189]
[0,135,282,1077,1300,2189]
[0,288,927,1077,1300,2189]
[0,1077,1300,2189]
[0,282,1077,1300,1673,2189]
[0,282,927,1077,1300,2189]
[0,135,282,1673,2189]
[0,1300,1673,2189]
[0,927,1300,1673,2020,2189]
[0,135,282,927,1077,1300,1673,1739,2189]
[0,135,927,1300,1673,2189]
[0,1077,1300,1673,2020,2189]
[0,282,1300,2189]
