[0,1390,1562]
[0,327,1562]
[0,51,1271,1562]
[0,327,1002,1562]
[0,389,582,1401,1562]
[0,690,1562]
[0,327,1200,1562]
[0,1271,1562]
[0,389,690,1390,1562]
[0,389,690,1401,1562]
[0,389,1002,1562]
[0,51,389,690,1287,1562]
[0,51,389,1002,1562]
[0,1002,1287,1562]
[0,389,582,1002,1562]
[0,327,690,1287,1562]
[0,1002,1562]
[0,51,1002,1562]
[0,389,690,1002,1401,1562]
[0,1200,1562]
[0,411,1271,1562]
[0,51,411,1562]
[0,389,690,1002,1562]
[0,51,389,690,1002,1287,1562]
[0,51,1562]
[0,327,690,1002,1287,1562]
[0,51,389,690,1401,1562]
[0,389,1287,1562]
[0,51,389,690,1002,1401,1562]
[0,51,389,690,1390,1562]
[0,51,327,690,1287,1562]
[0,51,327,690,1002,1287,1562]
[0,327,1287,1562]
[0,389,690,1002,1287,1562]
[0,51,389,690,1002,1390,1562]
[0,690,1002,1562]
[0,51,389,1287,1562]
[0,411,1562]
[0,389,1401,1562]
[0,327,690,1002,1562]
[0,51,327,1287,1562]
[0,389,690,1562]
[0,51,389,690,1002,1562]
[0,51,389,1390,1562]
[0,1287,1562]
[0,51,1287,1562]
[0,51,389,582,1002,1390,1562]
[0,51,389,582,1002,1401,1562]
[0,389,582,1002,1390,1562]
[0,389,582,1002,1401,1562]
[0,690,1002,1287,1562]
[0,327,690,1562]
[0,389,1562]
[0,327,1271,1562]
[0,51,327,1271,1562]
[0,389,1390,1562]
[0,389,690,1287,1562]
[0,1401,1562]
[0,389,582,1562]
[0,51,411,1271,1562]
[0,51,389,1401,1562]
[0,389,582,1390,1562]
[0,389,690,1002,1390,1562]
[0,51,1390,1562]
[0,51,1401,1562]
[0,51,389,582,1390,1562]
[0,51,389,582,1401,1562]
