[0,220,750,1032,1157,1327]
[0,220,311,582,750,1032,1157,1247,1327]
[0,220,311,840,901,1157,1327]
[0,220,903,1327]
[0,901,1327]
[0,582,1157,1327]
[0,750,903,1157,1327]
[0,220,1032,1157,1327]
[0,582,840,1327]
[0,582,1327]
[0,220,582,750,1327]
[0,220,311,582,750,903,1053,1157,1327]
[0,220,311,1157,1327]
[0,903,1327]
[0,220,750,903,1157,1327]
[0,1149,1327]
[0,220,311,582,750,1032,1157,1327]
[0,220,840,1065,1157,1327]
[0,220,1327]
[0,220,750,1327]
[0,220,311,840,1032,1157,1327]
[0,220,840,1157,1327]
[0,220,582,750,1157,1327]
[0,220,582,750,1053,1157,1327]
[0,220,311,582,750,840,903,1053,1157,1247,1327]
[0,1065,1157,1327]
[0,220,582,1327]
[0,903,1157,1327]
[0,220,311,750,1053,1157,1327]
[0,220,311,1149,1327]
[0,1032,1157,1327]
[0,220,901,1327]
[0,220,311,1327]
[0,220,1149,1327]
[0,220,840,1032,1157,1327]
[0,220,582,750,903,1053,1157,1327]
[0,220,582,1157,1327]
[0,220,1053,1157,1327]
[0,220,582,750,1032,1157,1327]
[0,220,750,1053,1157,1327]
[0,220,311,840,901,1327]
[0,220,901,1157,1327]
[0,220,311,840,1327]
[0,220,311,1053,1157,1327]
[0,220,311,901,1157,1327]
[0,220,1065,1157,1327]
[0,220,311,1032,1157,1327]
[0,220,311,840,901,1065,1157,1327]
[0,220,311,750,1032,1157,1327]
[0,750,1157,1327]
[0,220,903,1157,1327]
[0,220,311,840,1065,1157,1247,1327]
[0,220,1157,1327]
[0,750,1327]
[0,220,840,1327]
[0,220,750,1157,1327]
[0,220,311,582,750,903,1053,1157,1247,1327]
[0,582,840,1157,1327]
[0,1157,1327]
[0,840,1327]
[0,220,582,750,903,1157,1327]
[0,1053,1157,1327]
[0,220,311,582,750,840,903,1053,1157,1327]
[0,283,1327]
[0,220,311,1065,1157,1327]
[0,750,1053,1157,1327]
[0,220,311,582,750,1053,1157,1327]
[0,220,311,840,901,1065,1157,1247,1327]
[0,220,311,840,1065,1157,1327]
