[0,386,1852,3791,4475,4758]
[0,2351,4241,4758]
[0,386,2272,4758]
[0,386,1000,1852,2272,4475,4758]
[0,365,1901,2643,3791,4758]
[0,386,1000,1852,2272,2615,2947,4475,4758]
[0,56,386,1000,2272,2615,2947,4475,4758]
[0,386,1000,1852,2272,4758]
[0,386,1000,1852,2272,2615,2947,4758]
[0,386,1852,3791,4758]
[0,2643,3791,4758]
[0,365,2272,4182,4758]
[0,2272,4475,4758]
[0,386,1000,1535,1852,2272,4475,4758]
[0,1000,1852,2272,3791,4758]
[0,386,2615,4758]
[0,386,1000,1852,2272,2615,4758]
[0,386,1000,2272,4758]
[0,386,1535,2615,4475,4758]
[0,1000,2272,4758]
[0,365,1000,2351,4182,4758]
[0,1901,2643,4758]
[0,1000,2351,4182,4758]
[0,386,1000,1535,1852,2272,4758]
[0,2272,4182,4758]
[0,56,2272,4182,4758]
[0,56,1000,2272,4182,4758]
[0,1852,2272,4182,4758]
[0,1460,4758]
[0,386,4758]
[0,1000,2351,4758]
[0,365,1000,1852,2272,3791,4758]
[0,1081,2643,3791,4758]
[0,56,386,1000,2272,4475,4758]
[0,386,2272,4475,4758]
[0,1000,1535,2351,4182,4758]
[0,365,2272,4758]
[0,2272,4758]
[0,2351,4758]
[0,1000,1852,2272,4182,4758]
[0,386,2621,4758]
[0,1000,1852,2272,4758]
[0,386,1000,2272,2615,4758]
[0,386,1000,2272,4182,4758]
[0,386,2272,4182,4758]
[0,365,1000,2272,4182,4758]
[0,1081,2643,4758]
[0,365,1000,1852,2272,4182,4758]
[0,365,1081,1901,2643,3791,4758]
[0,2351,4182,4758]
[0,386,1000,2272,2615,4475,4758]
[0,2643,4758]
[0,1852,2272,3791,4758]
[0,386,1535,2615,4758]
[0,386,1000,1852,2272,4182,4758]
[0,386,2621,3791,4758]
[0,1000,2272,3791,4758]
[0,1901,4758]
[0,386,4475,4758]
[0,1535,2615,4758]
[0,1000,2272,4475,4758]
[0,365,2643,4758]
[0,386,1000,2272,2615,2947,4758]
[0,365,1000,2272,3791,4758]
[0,1081,1901,2643,3791,4758]
[0,56,2272,4475,4758]
[0,56,386,1000,1852,2272,2615,2947,4475,4758]
[0,56,1000,2272,4475,4758]
[0,1852,3791,4758]
[0,1852,2272,4475,4758]
[0,1852,4758]
[0,386,1852,2272,4758]
[0,1852,4475,4758]
[0,365,1000,1535,2351,4182,4758]
[0,365,1081,1901,2643,3791,4631,4758]
[0,1852,2272,4758]
[0,2615,4475,4758]
[0,365,2643,3791,4758]
[0,365,2351,4182,4758]
[0,56,386,1000,1852,2272,4182,4758]
[0,386,1852,4475,4758]
[0,386,1000,2272,2615,2947,4475,4758]
[0,1000,2272,4182,4758]
[0,1901,2643,3791,4758]
[0,365,1000,2272,4758]
[0,56,386,1000,2272,4182,4758]
[0,386,1852,2272,4475,4758]
[0,386,1000,2272,4475,4758]
[0,2621,3791,4758]
[0,2615,4758]
[0,386,2615,4475,4758]
[0,56,386,1000,2272,2615,4475,4758]
[0,2621,4758]
[0,386,1852,4758]
[0,2272,3791,4758]
