[0,466,1180]
[0,41,1180]
[0,41,306,466,910,1180]
[0,104,466,1180]
[0,481,887,1180]
[0,306,887,1180]
[0,41,466,1180]
[0,104,306,481,844,1180]
[0,466,910,1180]
[0,864,1180]
[0,306,844,910,1180]
[0,41,844,1180]
[0,844,1180]
[0,104,844,1180]
[0,481,1180]
[0,910,1180]
[0,41,104,306,466,844,910,1180]
[0,104,306,887,1180]
[0,41,104,306,466,910,1180]
[0,844,910,1180]
[0,104,864,1180]
[0,306,466,1180]
[0,104,910,1180]
[0,104,844,910,1180]
[0,104,1180]
[0,41,306,844,910,1180]
[0,104,306,481,844,910,1180]
[0,887,1180]
[0,306,864,1180]
[0,104,306,466,1180]
[0,481,844,1180]
[0,306,481,844,1180]
[0,104,306,466,844,910,1180]
[0,104,306,481,887,1180]
[0,104,306,466,910,1180]
[0,306,1180]
[0,104,887,1180]
[0,104,306,466,844,1180]
[0,104,306,864,1180]
[0,306,844,1180]
[0,306,910,1180]
[0,104,306,844,1180]
[0,104,306,910,1180]
[0,306,466,910,1180]
[0,104,306,844,910,1180]
[0,306,466,844,1180]
[0,41,104,306,844,910,1180]
[0,306,481,887,1180]
[0,41,844,910,1180]
[0,41,306,466,1180]
