[0,1212,2068,3238,4285]
[0,2068,3002,4285]
[0,416,1212,1663,2068,2660,2953,3282,4285]
[0,1212,2068,2660,3031,4285]
[0,416,1212,1673,2072,2660,3071,4285]
[0,416,1212,2068,3282,4285]
[0,1123,2068,2961,3889,4285]
[0,1212,2068,2660,2961,3889,4285]
[0,1212,2072,2660,3071,4285]
[0,416,1212,1673,2068,2660,2961,3889,4285]
[0,416,1212,2068,3031,4285]
[0,416,1212,2068,2660,2953,3889,4285]
[0,416,1212,1663,2068,3282,4285]
[0,416,1212,2068,2961,3889,4285]
[0,416,1212,1663,2068,2378,2660,2953,3282,4285]
[0,1123,2961,4285]
[0,2068,2953,4285]
[0,416,1212,1673,2068,2378,2660,3031,3889,4285]
[0,1212,2068,2953,3282,4285]
[0,2072,3071,4285]
[0,1212,4285]
[0,2068,4285]
[0,1212,2072,3071,4285]
[0,1212,2068,2660,3031,3238,4285]
[0,416,1212,1673,2068,2660,3031,3238,4285]
[0,2068,2660,4285]
[0,416,1212,2068,2660,2961,3889,4285]
[0,416,1212,2068,2660,3031,4285]
[0,2068,3071,4285]
[0,1212,2068,2660,2953,3282,4285]
[0,1212,2068,2660,4285]
[0,416,1212,1673,2068,2378,2660,3071,3889,4285]
[0,416,1212,1673,2068,2378,2660,2961,3889,4285]
[0,1212,2068,2953,3889,4285]
[0,416,1212,2068,2660,4285]
[0,416,1212,1673,2068,2660,3031,3889,4285]
[0,416,1212,2068,2660,3889,4285]
[0,2068,2961,4285]
[0,1385,4285]
[0,1123,4285]
[0,416,1212,2068,3031,3889,4285]
[0,416,1212,1673,2072,2660,3071,3889,4285]
[0,2068,3238,4285]
[0,2068,3282,4285]
[0,1212,2068,2660,2953,3889,4285]
[0,416,1212,2072,2660,3071,3889,4285]
[0,416,1212,1673,2068,2961,3889,4285]
[0,416,1212,2068,2953,3282,4285]
[0,1212,2068,2961,4285]
[0,2068,3031,4285]
[0,1212,2068,2660,2961,4285]
[0,1212,2068,2660,3071,4285]
[0,416,1212,1673,2068,2378,2660,3031,3238,3889,4285]
[0,1212,2068,2660,3238,4285]
[0,416,1212,2068,2961,4285]
[0,416,1212,1673,2068,2378,2660,2961,3238,3889,4285]
[0,1212,2068,3071,4285]
[0,416,1212,2068,3238,4285]
[0,416,1212,2068,2657,3071,4285]
[0,1385,2953,4285]
[0,3002,4285]
[0,416,1212,2068,2660,3031,3889,4285]
[0,416,1212,2068,2953,3889,4285]
[0,416,1212,1663,2068,2953,3889,4285]
[0,416,1212,1663,2068,2378,2660,2953,3282,3889,4285]
[0,416,1212,2068,2660,2961,3238,4285]
[0,416,1212,1673,2068,2660,3031,4285]
[0,1212,2068,2657,3071,4285]
[0,1212,2068,2660,3889,4285]
[0,416,1212,1663,2068,2660,2953,3889,4285]
[0,1212,2068,3282,4285]
[0,1212,2068,3889,4285]
[0,416,1212,1663,2068,2953,3282,3889,4285]
[0,1212,2068,3031,4285]
[0,416,1212,2068,2660,3071,4285]
[0,1123,2068,2961,4285]
[0,416,1212,2068,2660,3238,4285]
[0,416,1212,1673,2068,3031,3889,4285]
[0,416,1212,2072,3071,4285]
[0,416,1212,1673,2068,2660,2961,3238,3889,4285]
[0,1212,3889,4285]
[0,1212,2068,2953,4285]
[0,416,1212,2072,2660,3071,4285]
[0,1212,2068,2660,2953,4285]
[0,1212,2068,2961,3238,4285]
[0,1123,3002,4285]
[0,416,1212,1663,2068,2378,2660,2953,3889,4285]
[0,416,1212,2068,2953,4285]
[0,416,1212,1673,2068,2660,3071,3889,4285]
[0,2072,4285]
[0,416,1212,1673,2068,3238,4285]
[0,2961,4285]
[0,416,1212,1663,2068,2953,4285]
[0,416,1212,1673,2068,3031,4285]
[0,416,1212,1663,2068,2660,2953,3282,3889,4285]
[0,1123,2068,3002,4285]
[0,416,1212,2068,2657,3071,3889,4285]
[0,416,1212,2068,2660,2953,3282,4285]
[0,1212,2068,2961,3889,4285]
[0,416,1212,1663,2068,3282,3889,4285]
[0,1212,2068,2660,3031,3889,4285]
[0,416,1212,2068,2660,3031,3238,4285]
[0,1212,2068,3031,3889,4285]
[0,1212,2068,4285]
[0,416,1212,2068,3071,4285]
[0,1212,2068,2660,2961,3238,4285]
[0,416,1212,1673,2068,2660,2961,3238,4285]
[0,416,1212,1673,2068,2660,3238,4285]
[0,416,1212,2068,2660,3071,3889,4285]
[0,416,1212,1663,2068,2953,3282,4285]
[0,416,1212,1673,2068,2660,3031,3238,3889,4285]
