[0,383,1236,1976,2812]
[0,199,932,1236,1521,1976,2812]
[0,321,932,1207,2812]
[0,199,745,932,1236,1521,2623,2812]
[0,932,1236,1976,2812]
[0,932,1236,2812]
[0,199,383,745,932,1236,1521,2456,2623,2722,2812]
[0,383,956,1961,2812]
[0,199,745,932,1236,1521,2456,2623,2812]
[0,321,932,1236,2616,2812]
[0,383,932,1207,2623,2812]
[0,321,937,1236,2812]
[0,383,745,932,1236,2623,2812]
[0,321,745,932,1236,2616,2812]
[0,932,2812]
[0,199,2812]
[0,199,745,932,1236,2812]
[0,641,2812]
[0,199,932,1236,2456,2623,2812]
[0,383,932,1236,2812]
[0,383,745,932,1207,2623,2812]
[0,199,745,932,1236,2456,2623,2812]
[0,383,745,932,1207,2456,2623,2722,2812]
[0,199,383,745,932,1236,2812]
[0,932,1976,2812]
[0,199,383,745,932,1236,1521,2456,2623,2812]
[0,199,745,932,1236,1521,2812]
[0,138,383,745,932,1207,2456,2623,2812]
[0,383,745,932,1236,2812]
[0,199,383,745,932,1236,1521,2812]
[0,199,383,745,932,1236,1521,2623,2812]
[0,383,932,1207,2456,2623,2812]
[0,383,2812]
[0,321,932,1236,2812]
[0,383,932,1236,1976,2623,2812]
[0,138,383,745,932,1207,2456,2623,2722,2812]
[0,932,1236,1521,1976,2812]
[0,321,2812]
[0,932,2616,2812]
[0,383,1236,2812]
[0,199,745,932,1236,2623,2812]
[0,1976,2812]
[0,383,1207,2812]
[0,199,745,932,1236,1521,1976,2812]
[0,321,745,932,1236,2616,2722,2812]
[0,334,2812]
[0,383,745,932,1236,1976,2623,2722,2812]
[0,199,745,932,1236,1521,2456,2623,2722,2812]
[0,199,932,1236,1521,2812]
[0,383,745,932,1236,1976,2623,2812]
[0,199,383,745,932,1236,2623,2812]
[0,321,745,932,1207,2812]
[0,1236,2812]
[0,929,1961,2812]
[0,1207,2812]
[0,199,932,1236,2812]
[0,956,2812]
[0,321,745,937,1236,2812]
[0,383,745,932,1236,2623,2722,2812]
[0,383,1961,2812]
[0,383,745,932,1207,2456,2623,2812]
[0,321,1236,2812]
[0,1236,1976,2812]
[0,199,932,1236,2623,2812]
[0,321,1207,2812]
[0,929,2812]
[0,334,1207,2812]
[0,199,1236,2812]
[0,383,932,1207,2812]
[0,956,1961,2812]
[0,138,383,745,932,1207,2812]
[0,199,383,745,932,1236,1521,1976,2812]
[0,932,1236,1521,2812]
[0,383,932,1236,1976,2812]
[0,1961,2812]
[0,199,745,932,1236,2456,2623,2722,2812]
[0,334,929,1207,2812]
[0,383,932,1236,2623,2812]
[0,383,745,932,1207,2812]
[0,199,932,1236,1521,2623,2812]
