[0,134,272,417,506,879,1046]
[0,78,345,963,1046]
[0,78,272,345,417,506,879,1046]
[0,134,272,370,506,879,1046]
[0,134,272,370,506,1000,1046]
[0,879,1046]
[0,78,1046]
[0,345,506,1046]
[0,345,561,1046]
[0,78,963,1046]
[0,78,370,506,963,1046]
[0,134,417,1046]
[0,134,272,417,879,1046]
[0,134,272,345,417,506,879,1046]
[0,134,417,506,879,1046]
[0,370,1046]
[0,417,506,1046]
[0,370,506,1046]
[0,370,506,879,1046]
[0,134,370,506,879,1046]
[0,78,345,506,1046]
[0,78,370,506,879,1046]
[0,272,370,506,963,1046]
[0,370,879,1046]
[0,370,1000,1046]
[0,78,370,506,1046]
[0,561,1046]
[0,78,345,561,963,1046]
[0,83,370,879,1046]
[0,134,417,506,1046]
[0,345,506,963,1046]
[0,78,345,506,963,1046]
[0,78,345,1046]
[0,78,417,506,1046]
[0,417,1046]
[0,1000,1046]
[0,272,417,506,879,1046]
[0,134,345,417,506,879,1046]
[0,134,370,1000,1046]
[0,78,272,370,506,963,1046]
[0,78,345,417,506,879,1046]
[0,345,561,963,1046]
[0,370,506,963,1046]
[0,134,370,417,506,879,1046]
[0,78,272,345,417,506,879,1000,1046]
[0,134,417,879,1046]
[0,134,272,345,417,506,879,1000,1046]
[0,78,272,370,506,879,1046]
[0,134,370,506,1000,1046]
[0,272,417,879,1046]
[0,134,272,370,417,506,879,1046]
[0,345,963,1046]
[0,134,1046]
[0,506,1046]
[0,345,879,1046]
[0,134,370,1046]
[0,345,1046]
[0,272,370,506,1046]
[0,78,417,506,879,1046]
[0,134,370,506,1046]
[0,134,272,370,506,1046]
[0,417,506,879,1046]
[0,272,370,506,879,1046]
[0,78,272,417,506,879,1046]
[0,134,272,370,417,506,879,1000,1046]
[0,417,879,1046]
[0,83,879,1046]
[0,963,1046]
