[0,426,1197,1634,1779,2053]
[0,426,1197,1462,1634,2053]
[0,426,1197,1472,2053]
[0,1423,2053]
[0,426,1197,1634,1779,1902,2053]
[0,436,1197,2053]
[0,426,1197,1356,1472,1634,2053]
[0,426,1197,1356,1462,1634,2053]
[0,436,1197,1634,2053]
[0,436,1197,1634,1779,1902,2053]
[0,684,1197,1634,2053]
[0,426,1197,1652,2053]
[0,1634,2053]
[0,436,1197,1634,1779,2053]
[0,426,1197,1462,1634,1779,1902,2053]
[0,436,1197,1462,1634,2053]
[0,426,1462,2053]
[0,1462,2053]
[0,426,1197,1356,1462,1634,1779,2053]
[0,436,1197,1462,2053]
[0,426,1197,1356,1472,2053]
[0,426,1197,1442,1634,2053]
[0,426,1197,1634,2053]
[0,426,1197,1472,1634,2053]
[0,1197,1652,2053]
[0,426,1197,1356,1462,1634,1779,1902,2053]
[0,1556,2053]
[0,86,1197,1634,2053]
[0,436,1197,1462,1634,1779,1902,2053]
[0,436,1197,1356,1462,1634,1779,1902,2053]
[0,1197,2053]
[0,426,1556,2053]
[0,1472,2053]
[0,436,1462,2053]
[0,436,1197,1356,1462,2053]
[0,426,1197,2053]
[0,426,1472,2053]
[0,426,1197,1462,2053]
[0,1197,1634,2053]
[0,426,1197,1556,2053]
[0,436,1197,1462,1634,1779,2053]
[0,426,1197,1462,1634,1779,2053]
[0,436,1197,1356,1462,1634,2053]
[0,436,1197,1356,1462,1634,1779,2053]
[0,1652,2053]
[0,426,1197,1356,1462,2053]
[0,684,1197,2053]
