[0,310,392,1168,1596,1911]
[0,536,1168,1596,1911]
[0,310,536,1168,1596,1784,1911]
[0,310,392,1596,1911]
[0,1168,1596,1911]
[0,1596,1911]
[0,591,1168,1911]
[0,591,1168,1596,1911]
[0,310,392,536,1168,1596,1784,1911]
[0,536,1168,1911]
[0,310,591,1596,1911]
[0,526,1911]
[0,392,1168,1596,1911]
[0,310,392,526,1168,1596,1797,1911]
[0,310,536,1168,1596,1911]
[0,310,526,1168,1596,1784,1911]
[0,310,392,536,1168,1596,1911]
[0,310,591,1168,1596,1728,1911]
[0,310,392,591,1168,1596,1728,1911]
[0,1168,1911]
[0,310,526,1596,1911]
[0,526,1168,1596,1911]
[0,526,1168,1911]
[0,310,392,526,1168,1596,1911]
[0,591,1911]
[0,310,526,1168,1596,1797,1911]
[0,591,1596,1911]
[0,310,392,591,1168,1596,1911]
[0,536,1911]
[0,392,1596,1911]
[0,310,392,526,1168,1596,1728,1911]
[0,310,526,1168,1596,1728,1911]
[0,310,392,536,1596,1911]
[0,536,1596,1911]
[0,310,591,1168,1596,1911]
[0,526,1596,1911]
[0,310,536,1596,1911]
[0,310,526,1168,1596,1911]
[0,392,1911]
[0,392,1168,1911]
[0,310,392,526,1168,1596,1784,1911]
