[0,731,1366,1562]
[0,411,1351,1562]
[0,411,1201,1562]
[0,127,663,782,1078,1201,1351,1562]
[0,663,960,1078,1201,1366,1562]
[0,1201,1366,1562]
[0,663,782,998,1078,1201,1351,1562]
[0,663,1078,1201,1366,1562]
[0,127,203,365,663,782,998,1078,1201,1351,1562]
[0,127,663,1078,1201,1351,1562]
[0,998,1201,1366,1562]
[0,365,663,1562]
[0,411,1078,1351,1562]
[0,127,203,663,782,998,1078,1201,1351,1562]
[0,663,1351,1562]
[0,127,203,663,960,1078,1201,1366,1562]
[0,1351,1562]
[0,365,663,782,1078,1201,1351,1562]
[0,365,663,1078,1201,1366,1562]
[0,411,1562]
[0,127,663,782,998,1078,1201,1351,1562]
[0,127,663,1078,1201,1366,1562]
[0,731,1351,1562]
[0,203,365,663,1351,1562]
[0,261,731,1351,1562]
[0,663,1366,1562]
[0,127,203,365,663,960,1078,1201,1366,1562]
[0,365,663,782,998,1078,1201,1351,1562]
[0,365,663,1201,1366,1562]
[0,1366,1562]
[0,663,1201,1366,1562]
[0,127,663,1201,1366,1562]
[0,998,1562]
[0,782,1205,1562]
[0,1201,1351,1562]
[0,663,1078,1201,1351,1562]
[0,203,365,663,1201,1351,1562]
[0,365,663,1366,1562]
[0,731,960,1078,1201,1366,1562]
[0,203,365,663,1201,1366,1562]
[0,203,365,663,1078,1201,1351,1562]
[0,782,1562]
[0,203,365,663,960,1078,1201,1366,1562]
[0,365,663,960,1078,1201,1366,1562]
[0,663,1562]
[0,731,1562]
[0,261,782,1205,1562]
[0,731,1078,1201,1366,1562]
[0,731,1201,1366,1562]
[0,365,663,1078,1201,1351,1562]
[0,127,203,365,411,663,782,998,1078,1201,1351,1562]
[0,998,1366,1562]
[0,203,365,663,782,1078,1201,1351,1562]
[0,203,365,663,1078,1201,1366,1562]
[0,1078,1201,1351,1562]
[0,365,663,1201,1351,1562]
[0,1078,1201,1366,1562]
[0,203,365,663,782,998,1078,1201,1351,1562]
[0,127,203,365,411,663,960,1078,1201,1366,1562]
[0,1078,1562]
[0,663,782,1078,1201,1351,1562]
[0,127,663,1201,1351,1562]
[0,127,663,960,1078,1201,1366,1562]
[0,261,731,1562]
[0,127,203,365,663,782,1078,1201,1351,1562]
[0,127,203,663,782,1078,1201,1351,1562]
[0,411,1078,1562]
[0,365,663,1351,1562]
[0,663,1201,1351,1562]
[0,127,203,365,411,663,782,1078,1201,1351,1562]
