[0,1379,1562]
[0,308,389,581,677,977,1224,1427,1562]
[0,308,389,581,977,1224,1379,1562]
[0,308,389,880,1562]
[0,389,977,1224,1427,1562]
[0,389,880,977,1562]
[0,581,977,1224,1427,1562]
[0,677,977,1562]
[0,389,581,977,1224,1562]
[0,389,581,1562]
[0,677,880,977,1224,1562]
[0,389,581,1427,1562]
[0,581,977,1295,1562]
[0,308,389,581,677,880,977,1224,1427,1562]
[0,389,581,677,977,1224,1427,1562]
[0,389,581,977,1224,1321,1427,1562]
[0,389,581,880,977,1224,1427,1562]
[0,1224,1562]
[0,389,581,677,1427,1562]
[0,1224,1427,1562]
[0,378,1562]
[0,127,581,977,1224,1562]
[0,389,581,677,1224,1427,1562]
[0,308,389,581,1224,1427,1562]
[0,924,1562]
[0,308,389,581,677,977,1224,1379,1562]
[0,581,977,1562]
[0,308,389,581,1562]
[0,389,581,677,1562]
[0,50,1562]
[0,581,977,1224,1379,1562]
[0,50,378,581,977,1224,1562]
[0,50,308,389,581,677,880,977,1224,1321,1427,1562]
[0,677,977,1224,1562]
[0,389,581,1379,1562]
[0,581,677,880,977,1224,1562]
[0,397,1562]
[0,581,677,1562]
[0,308,389,581,677,1562]
[0,389,581,677,1379,1562]
[0,389,1224,1562]
[0,389,581,677,977,1224,1321,1427,1562]
[0,308,977,1562]
[0,389,581,1224,1562]
[0,50,308,389,581,677,977,1224,1321,1427,1562]
[0,389,581,880,977,1224,1562]
[0,389,581,880,977,1562]
[0,389,581,677,880,977,1224,1321,1427,1562]
[0,1224,1379,1562]
[0,389,924,1562]
[0,378,581,977,1295,1562]
[0,308,1562]
[0,880,1562]
[0,977,1224,1562]
[0,308,389,581,677,1224,1427,1562]
[0,308,389,581,977,1562]
[0,389,581,977,1562]
[0,389,581,677,880,977,1224,1427,1562]
[0,880,977,1562]
[0,389,880,977,1224,1427,1562]
[0,378,581,977,1562]
[0,389,581,677,880,977,1224,1562]
[0,308,389,581,677,1379,1562]
[0,1427,1562]
[0,389,581,977,1224,1379,1562]
[0,50,308,389,581,677,977,1224,1427,1562]
[0,50,308,389,581,677,880,977,1224,1427,1562]
[0,389,581,677,977,1224,1379,1562]
[0,308,389,581,677,880,977,1562]
[0,308,389,1562]
[0,378,581,1562]
[0,389,581,1224,1427,1562]
[0,677,880,1562]
[0,308,389,581,677,880,977,1224,1562]
[0,389,581,880,977,1224,1321,1427,1562]
[0,389,581,677,1224,1379,1562]
[0,127,581,977,1224,1427,1562]
[0,308,389,581,977,1224,1562]
[0,677,977,1224,1427,1562]
[0,50,378,581,977,1295,1562]
[0,677,880,977,1224,1427,1562]
[0,397,1054,1562]
[0,50,378,581,1562]
[0,389,1562]
[0,50,378,581,977,1562]
[0,880,977,1224,1427,1562]
[0,308,389,581,677,1427,1562]
[0,308,389,581,880,977,1562]
[0,50,308,389,581,677,977,1224,1379,1562]
[0,308,389,581,677,977,1224,1321,1427,1562]
[0,977,1224,1427,1562]
[0,880,977,1224,1562]
[0,50,378,1562]
[0,308,389,880,977,1562]
[0,389,581,977,1224,1427,1562]
[0,308,389,581,1427,1562]
[0,581,677,880,977,1562]
[0,308,389,581,977,1224,1427,1562]
[0,308,389,581,677,880,977,1224,1321,1427,1562]
[0,389,880,1562]
[0,50,378,581,977,1224,1379,1562]
[0,977,1562]
[0,581,1562]
[0,1054,1562]
[0,308,389,581,677,1224,1379,1562]
[0,308,977,1224,1562]
[0,581,977,1224,1562]
[0,378,581,977,1224,1379,1562]
[0,581,677,880,977,1224,1427,1562]
[0,677,880,977,1562]
[0,389,581,677,880,977,1562]
[0,977,1224,1379,1562]
[0,378,581,977,1224,1562]
[0,50,308,389,581,977,1224,1379,1562]
[0,389,977,1224,1562]
[0,389,581,1224,1379,1562]
