[0,1959,3356,3873,4758]
[0,232,1959,3356,3873,4189,4758]
[0,314,2448,2788,3356,3873,4189,4758]
[0,2214,4758]
[0,232,3873,4758]
[0,232,1959,3356,3873,4758]
[0,2448,2788,3356,3873,4758]
[0,3873,4758]
[0,314,3356,3873,4758]
[0,314,2448,2788,3873,4758]
[0,2788,4758]
[0,830,2448,3873,4758]
[0,1959,3873,4758]
[0,416,3356,3873,4758]
[0,232,3356,3873,4758]
[0,2788,3873,4758]
[0,232,1959,2788,4758]
[0,416,2214,3056,4169,4758]
[0,314,1959,3356,3873,4758]
[0,1959,2788,3356,3873,4189,4758]
[0,232,2448,2788,4169,4758]
[0,2448,2788,3356,3873,4189,4758]
[0,2214,3056,4169,4758]
[0,416,1959,3698,4758]
[0,314,830,2448,2788,3356,3873,4758]
[0,830,2448,3356,3873,4758]
[0,2448,3873,4758]
[0,2448,2788,3873,4758]
[0,3056,4758]
[0,2448,3356,3873,4758]
[0,314,830,2448,2788,3356,3873,4189,4758]
[0,1959,2788,3356,3873,4758]
[0,3356,3873,4758]
[0,314,2448,2788,3356,3873,4758]
[0,232,4758]
[0,830,2448,2788,3356,3873,4758]
[0,416,1959,4758]
[0,830,2448,2788,3356,3873,4189,4758]
[0,232,1959,2788,3356,3873,4189,4758]
[0,2448,4758]
[0,3698,4758]
[0,2214,3056,4758]
[0,1959,3698,4758]
[0,4169,4758]
[0,232,1959,4758]
[0,232,1959,2788,4626,4758]
[0,416,1959,3356,3873,4758]
[0,416,3873,4758]
[0,416,4758]
[0,232,1959,2788,3356,3873,4758]
[0,2788,4169,4758]
[0,1959,3356,3873,4189,4758]
[0,2448,2788,4169,4758]
[0,1959,4758]
[0,1959,2788,3873,4758]
[0,1959,2788,4758]
[0,1959,3356,4758]
[0,3056,4169,4758]
[0,314,3873,4758]
