[0,1228,1584,1801,2176,2537,2812]
[0,1059,1228,1584,1801,2812]
[0,1228,1584,2812]
[0,268,786,1584,1887,2214,2651,2812]
[0,1228,1584,1801,1995,2214,2812]
[0,1228,1584,1801,1973,2812]
[0,1059,1228,1584,1801,1995,2812]
[0,1584,2214,2812]
[0,1584,1801,1995,2214,2812]
[0,813,1801,2812]
[0,1584,2812]
[0,1059,1584,2176,2537,2812]
[0,1228,1584,1801,2812]
[0,1059,1228,1584,1801,1973,2812]
[0,1059,1584,1801,2176,2537,2812]
[0,1228,1584,1801,1995,2812]
[0,1584,2537,2812]
[0,1228,1584,1995,2214,2812]
[0,1059,1228,1584,2812]
[0,1059,1228,1584,2214,2812]
[0,813,2812]
[0,918,1059,1584,2537,2812]
[0,1584,2176,2812]
[0,786,1584,1887,2214,2812]
[0,1059,1228,1584,1801,1995,2214,2812]
[0,918,1059,1584,1801,2176,2537,2812]
[0,1801,2812]
[0,1228,1584,2176,2537,2812]
[0,427,1584,2214,2812]
[0,1584,1801,2176,2812]
[0,1584,2176,2537,2812]
[0,268,786,1584,2214,2812]
[0,1584,1801,2176,2537,2812]
[0,1228,1584,2214,2812]
[0,1584,1801,2812]
[0,268,786,1584,2812]
[0,1228,1584,2537,2812]
[0,1228,1584,2176,2812]
[0,1584,1801,1995,2812]
[0,1059,1584,2176,2812]
[0,1059,1584,2537,2812]
[0,427,1584,2812]
[0,1584,1995,2214,2812]
[0,1059,1228,1584,1801,2176,2812]
[0,1228,1584,1801,2176,2812]
[0,1059,1228,1584,1801,2176,2537,2812]
[0,786,1584,2812]
[0,268,786,1584,2214,2651,2812]
[0,1059,1584,2812]
[0,786,1584,2214,2812]
[0,268,786,1584,1887,2214,2812]
