[0,156,297,495,851,1046]
[0,156,200,297,372,551,767,970,1046]
[0,156,495,851,1046]
[0,156,551,767,1046]
[0,156,200,297,372,495,851,970,1046]
[0,495,851,1046]
[0,156,297,495,767,970,1046]
[0,156,297,551,767,1046]
[0,495,767,1046]
[0,156,297,372,551,767,851,970,1046]
[0,156,297,551,767,970,1046]
[0,156,297,551,767,851,1046]
[0,156,297,495,767,1046]
[0,156,297,495,851,970,1046]
[0,156,495,767,1046]
[0,495,1046]
[0,297,1046]
[0,551,1046]
[0,551,767,1046]
[0,156,297,1046]
[0,156,297,495,970,1046]
[0,156,297,372,551,767,970,1046]
[0,156,297,372,495,767,970,1046]
[0,156,297,495,1046]
[0,156,297,372,495,851,970,1046]
[0,156,297,551,1046]
[0,156,1046]
[0,156,200,297,372,551,767,851,970,1046]
[0,156,297,551,767,851,970,1046]
[0,156,495,1046]
[0,156,551,1046]
