[0,482,562,930,1072,1359,1562]
[0,482,562,930,1102,1160,1359,1562]
[0,482,562,1061,1102,1394,1562]
[0,433,562,1061,1102,1394,1562]
[0,482,562,1102,1160,1359,1562]
[0,482,562,1061,1102,1160,1394,1562]
[0,482,1072,1359,1562]
[0,482,930,1072,1359,1562]
[0,482,562,930,1072,1160,1359,1562]
[0,482,562,1102,1160,1394,1562]
[0,433,562,1102,1160,1394,1562]
[0,433,562,1061,1102,1160,1394,1562]
[0,1072,1562]
[0,482,1102,1562]
[0,433,1102,1562]
[0,433,562,1102,1394,1562]
[0,482,1562]
[0,482,1117,1562]
[0,482,1359,1562]
[0,482,562,930,1102,1359,1562]
[0,433,562,1394,1562]
[0,482,930,1072,1160,1359,1562]
[0,482,562,1359,1562]
[0,482,930,1117,1359,1562]
[0,433,1102,1394,1562]
[0,433,1359,1562]
[0,482,562,1102,1359,1562]
[0,482,1394,1562]
[0,482,1117,1359,1562]
[0,482,1061,1102,1359,1562]
[0,482,562,1394,1562]
[0,482,1102,1359,1562]
[0,433,1562]
[0,433,1394,1562]
[0,1102,1562]
[0,482,562,1102,1394,1562]
[0,482,930,1102,1359,1562]
[0,482,562,1061,1102,1359,1562]
[0,482,1061,1102,1394,1562]
[0,433,1061,1102,1394,1562]
[0,482,1072,1562]
[0,482,562,1061,1102,1160,1359,1562]
[0,482,1102,1394,1562]
