[0,456,867,1291,1574,1819,2120]
[0,151,532,1291,2021,2120]
[0,456,867,1291,2120]
[0,456,1286,1819,2120]
[0,456,867,1108,1291,1530,1819,2120]
[0,1291,2120]
[0,456,867,1317,2120]
[0,192,456,727,867,1108,1291,1530,1819,2120]
[0,1317,2120]
[0,456,627,1291,2120]
[0,456,627,867,1108,1291,1574,1819,2120]
[0,192,456,867,1108,1291,1530,1819,2120]
[0,151,1291,2120]
[0,456,1291,2120]
[0,456,867,1291,1819,2120]
[0,151,532,1291,2120]
[0,1286,2120]
[0,192,456,867,1291,1530,1819,2120]
[0,532,1291,2120]
[0,456,1291,1530,1819,2120]
[0,456,2120]
[0,456,727,867,1291,1819,2120]
[0,456,1819,2120]
[0,456,1317,2120]
[0,456,1291,1819,2120]
[0,456,812,1286,2120]
[0,456,867,1108,1291,1574,1819,2120]
[0,456,1286,2120]
[0,43,192,456,727,867,1108,1291,1530,1819,2120]
[0,456,867,1291,1530,1819,2120]
[0,456,727,867,1108,1291,1530,1819,2120]
[0,456,1291,1574,1819,2120]
[0,456,627,1291,1574,1819,2120]
[0,456,727,867,1291,1530,1819,2120]
[0,456,727,867,1291,2120]
[0,456,627,1291,1819,2120]
[0,456,1286,1530,1819,2120]
[0,380,456,1291,2120]
