[0,82,296,387,765,1123,1249]
[0,269,652,1083,1249]
[0,82,296,387,540,765,946,1123,1249]
[0,296,765,946,1123,1249]
[0,765,996,1249]
[0,82,296,387,765,975,1123,1249]
[0,296,765,1249]
[0,296,558,1249]
[0,933,1249]
[0,98,296,765,996,1249]
[0,296,765,946,1249]
[0,82,296,387,540,613,765,946,1123,1249]
[0,98,296,540,613,765,996,1123,1183,1249]
[0,296,540,946,1249]
[0,98,296,363,540,613,765,996,1249]
[0,298,933,1249]
[0,82,296,387,765,946,1123,1249]
[0,98,296,540,765,996,1249]
[0,296,558,765,1083,1249]
[0,296,558,946,1249]
[0,652,1083,1249]
[0,82,296,558,765,1083,1249]
[0,98,296,765,1123,1249]
[0,98,296,765,996,1183,1249]
[0,558,946,1249]
[0,98,296,540,765,996,1123,1183,1249]
[0,82,296,540,613,765,946,1123,1249]
[0,765,975,1249]
[0,296,765,975,1123,1249]
[0,298,677,1249]
[0,296,558,765,946,1123,1249]
[0,82,296,540,765,946,1123,1249]
[0,296,387,765,975,1123,1249]
[0,82,296,765,946,1123,1183,1249]
[0,98,296,765,996,1123,1183,1249]
[0,765,946,1123,1249]
[0,98,296,363,765,996,1249]
[0,298,1249]
[0,82,296,540,765,946,1123,1183,1249]
[0,296,765,1123,1249]
[0,296,558,765,1249]
[0,82,296,765,1123,1183,1249]
[0,652,1249]
[0,296,765,1083,1249]
[0,98,298,677,1083,1249]
[0,296,540,765,946,1249]
[0,1083,1249]
[0,82,296,765,1083,1249]
[0,98,296,540,613,765,996,1249]
[0,296,540,765,996,1249]
[0,82,296,558,765,946,1123,1249]
[0,98,296,540,613,765,996,1183,1249]
[0,82,296,363,540,613,765,946,1123,1183,1249]
[0,82,296,363,540,613,765,946,1123,1249]
[0,765,1123,1249]
[0,98,296,363,540,613,765,996,1183,1249]
[0,298,677,1083,1249]
[0,296,540,1249]
[0,765,1083,1249]
[0,296,387,540,765,946,1123,1249]
[0,296,765,996,1249]
[0,82,296,765,946,1123,1249]
[0,98,296,540,613,765,996,1123,1249]
[0,558,1249]
[0,269,652,1249]
[0,98,296,363,540,613,765,996,1123,1249]
[0,98,296,363,540,613,765,996,1123,1183,1249]
[0,677,1249]
[0,765,1249]
[0,677,1083,1249]
[0,82,296,540,613,765,946,1123,1183,1249]
[0,296,558,765,946,1249]
[0,98,296,540,765,996,1183,1249]
[0,296,387,765,946,1123,1249]
[0,296,387,765,1123,1249]
[0,765,946,1249]
[0,540,1249]
[0,540,946,1249]
[0,296,540,765,996,1123,1249]
[0,82,296,765,1123,1249]
[0,296,540,765,946,1123,1249]
[0,296,765,975,1249]
[0,98,296,540,765,996,1123,1249]
