[0,99,264,572,663,822,977,1084,1427]
[0,697,830,977,1084,1427]
[0,511,572,830,977,1084,1383,1427]
[0,977,1200,1383,1427]
[0,822,977,1084,1383,1427]
[0,264,572,663,822,977,1084,1383,1427]
[0,628,977,1242,1427]
[0,572,663,1084,1383,1427]
[0,264,572,663,822,977,1084,1168,1383,1427]
[0,663,1084,1427]
[0,99,264,572,663,822,977,1084,1168,1427]
[0,663,822,1427]
[0,572,693,830,977,1084,1427]
[0,264,572,977,1427]
[0,822,977,1084,1427]
[0,264,572,663,1383,1427]
[0,693,822,977,1427]
[0,822,1427]
[0,822,1383,1427]
[0,572,663,1383,1427]
[0,572,977,1084,1383,1427]
[0,99,264,572,977,1084,1427]
[0,572,663,822,977,1084,1168,1427]
[0,572,663,977,1084,1383,1427]
[0,693,822,1427]
[0,572,693,822,1383,1427]
[0,572,693,822,1427]
[0,1200,1383,1427]
[0,99,264,572,663,977,1084,1383,1427]
[0,572,693,830,977,1084,1383,1427]
[0,264,572,977,1084,1427]
[0,572,663,1427]
[0,572,693,830,977,1084,1200,1427]
[0,572,693,830,977,1427]
[0,572,977,1084,1427]
[0,1200,1427]
[0,511,830,977,1084,1427]
[0,264,572,1427]
[0,264,572,663,822,977,1084,1427]
[0,977,1242,1427]
[0,572,697,830,977,1084,1200,1427]
[0,628,977,1427]
[0,697,830,977,1427]
[0,511,830,1427]
[0,264,572,663,977,1084,1427]
[0,572,663,822,977,1084,1427]
[0,572,663,822,977,1084,1383,1427]
[0,264,572,663,977,1084,1383,1427]
[0,572,693,830,977,1084,1200,1383,1427]
[0,725,977,1427]
[0,822,977,1427]
[0,663,822,977,1084,1427]
[0,572,1427]
[0,977,1200,1427]
[0,572,697,830,977,1084,1427]
[0,693,822,1383,1427]
[0,511,572,663,822,977,1084,1427]
[0,693,830,977,1084,1383,1427]
[0,264,572,663,1427]
[0,511,572,977,1084,1427]
[0,572,693,822,977,1383,1427]
[0,572,663,822,977,1084,1168,1383,1427]
[0,511,572,830,977,1084,1427]
[0,511,830,977,1427]
[0,1084,1383,1427]
[0,830,977,1427]
[0,830,977,1084,1427]
[0,511,572,697,830,977,1084,1200,1383,1427]
[0,572,663,1084,1427]
[0,1084,1427]
[0,572,697,830,977,1427]
[0,572,697,830,977,1200,1427]
[0,264,822,1427]
[0,511,572,663,822,977,1084,1168,1383,1427]
[0,693,830,977,1084,1427]
[0,511,572,663,822,977,1084,1168,1427]
[0,511,572,977,1084,1383,1427]
[0,99,663,822,977,1084,1427]
[0,977,1084,1383,1427]
[0,663,822,977,1084,1383,1427]
[0,830,977,1200,1427]
[0,511,572,697,830,977,1084,1427]
[0,99,264,572,663,977,1084,1427]
[0,572,1383,1427]
[0,1383,1427]
[0,697,830,977,1200,1427]
[0,99,264,572,663,822,977,1084,1383,1427]
[0,663,822,977,1427]
[0,572,693,830,977,1200,1427]
[0,725,977,1242,1427]
[0,663,1427]
[0,693,830,977,1200,1427]
[0,693,830,977,1427]
[0,99,264,572,663,822,977,1084,1168,1383,1427]
[0,99,264,663,822,977,1084,1427]
[0,572,663,977,1084,1427]
[0,977,1084,1427]
[0,511,572,663,822,977,1084,1383,1427]
[0,264,663,822,977,1427]
[0,264,572,663,822,977,1084,1168,1427]
[0,511,1427]
[0,264,663,822,977,1084,1427]
[0,572,977,1427]
[0,977,1427]
[0,830,977,1084,1383,1427]
[0,264,1427]
[0,693,1427]
[0,572,693,822,977,1427]
[0,264,663,822,1427]
[0,511,572,697,830,977,1084,1383,1427]
[0,511,572,697,830,977,1084,1200,1427]
[0,663,1168,1427]
