[0,238,439,883,1535,1808,1875]
[0,238,439,855,1006,1328,1535,1875]
[0,904,1875]
[0,439,1808,1875]
[0,238,439,855,1328,1535,1875]
[0,238,439,855,1328,1808,1875]
[0,904,1433,1875]
[0,57,238,439,855,1328,1535,1808,1875]
[0,439,904,1808,1875]
[0,439,904,1252,1433,1808,1875]
[0,238,439,855,1006,1328,1535,1808,1875]
[0,439,904,1252,1808,1875]
[0,202,439,904,1875]
[0,439,855,1875]
[0,238,439,855,1328,1535,1808,1875]
[0,439,1328,1875]
[0,238,439,883,1808,1875]
[0,238,439,569,855,1006,1328,1535,1875]
[0,238,439,883,1535,1875]
[0,238,439,855,1808,1875]
[0,238,439,904,1875]
[0,238,439,883,1328,1535,1875]
[0,238,439,855,1535,1875]
[0,439,1790,1875]
[0,238,439,855,1328,1875]
[0,1808,1875]
[0,238,855,1875]
[0,238,439,904,1252,1433,1808,1875]
[0,439,1875]
[0,57,238,439,855,1006,1328,1535,1808,1875]
[0,855,1875]
[0,57,238,439,883,1328,1535,1808,1875]
[0,1328,1875]
[0,439,883,1875]
[0,439,855,1328,1535,1875]
[0,238,855,1808,1875]
[0,439,904,1433,1875]
[0,238,439,904,1252,1433,1875]
[0,238,1808,1875]
[0,57,238,439,855,1808,1875]
[0,238,439,855,1875]
[0,238,855,1790,1875]
[0,439,904,1252,1875]
[0,238,439,883,1328,1535,1808,1875]
[0,439,883,1328,1535,1875]
[0,238,1790,1875]
[0,439,904,1252,1433,1875]
[0,238,439,904,1808,1875]
[0,439,883,1808,1875]
[0,1790,1875]
[0,202,439,904,1808,1875]
[0,57,238,439,904,1808,1875]
[0,57,238,439,569,855,1006,1328,1535,1808,1875]
[0,57,238,439,855,1328,1390,1808,1875]
[0,883,1875]
[0,238,1875]
[0,238,439,855,1535,1808,1875]
[0,439,883,1535,1875]
[0,238,439,883,1875]
[0,238,439,855,1328,1390,1808,1875]
[0,57,238,439,904,1252,1433,1808,1875]
[0,439,855,1808,1875]
[0,1433,1875]
[0,439,855,1535,1875]
[0,439,904,1875]
[0,238,439,569,855,1006,1328,1535,1808,1875]
[0,439,855,1328,1875]
[0,238,439,904,1433,1875]
