[0,319,513,825,909,1046]
[0,319,513,776,825,909,988,1046]
[0,84,319,380,513,734,825,909,988,1046]
[0,84,319,513,776,909,997,1046]
[0,84,319,380,513,734,1046]
[0,402,1046]
[0,84,319,513,734,825,909,1046]
[0,319,380,513,776,909,1046]
[0,319,513,1046]
[0,319,380,513,776,997,1046]
[0,380,909,1046]
[0,319,513,776,909,997,1046]
[0,84,319,391,513,776,1046]
[0,84,319,391,513,776,909,997,1046]
[0,319,380,513,825,909,988,1046]
[0,319,380,513,1046]
[0,368,1046]
[0,319,513,776,825,988,1046]
[0,84,319,513,909,1046]
[0,513,1046]
[0,319,380,513,909,1046]
[0,84,1046]
[0,319,380,1046]
[0,319,1046]
[0,319,513,734,1046]
[0,84,319,513,776,825,909,997,1046]
[0,319,513,945,1046]
[0,319,380,909,988,1046]
[0,319,513,734,825,909,1046]
[0,84,319,391,513,945,1046]
[0,319,380,513,909,988,1046]
[0,84,319,380,513,734,825,909,1046]
[0,368,822,1046]
[0,84,319,380,513,776,825,909,988,1046]
[0,319,380,513,776,825,909,988,1046]
[0,84,319,380,513,776,825,909,997,1046]
[0,319,380,513,734,825,1046]
[0,319,380,513,734,825,909,1046]
[0,84,319,380,513,909,1046]
[0,84,319,513,776,945,1046]
[0,84,319,513,776,1046]
[0,513,776,1046]
[0,84,319,380,513,734,825,1046]
[0,319,513,776,988,1046]
[0,84,513,945,1046]
[0,84,319,513,776,909,1046]
[0,84,319,380,513,776,909,988,1046]
[0,319,380,513,734,1046]
[0,319,513,776,825,909,997,1046]
[0,319,513,909,1046]
[0,319,513,776,825,1046]
[0,319,513,997,1046]
[0,513,945,1046]
[0,319,380,513,776,909,988,1046]
[0,84,319,391,513,776,825,909,997,1046]
[0,84,319,391,513,776,825,945,1046]
[0,84,319,380,513,776,1046]
[0,84,319,380,513,825,909,1046]
[0,319,513,776,825,945,1046]
[0,84,319,513,945,1046]
[0,84,319,380,513,1046]
[0,84,319,391,513,776,945,1046]
[0,319,380,513,776,988,1046]
[0,319,380,513,734,825,909,988,1046]
[0,84,319,391,513,776,909,1046]
[0,319,513,776,945,1046]
[0,84,319,380,513,776,909,1046]
[0,319,513,776,825,997,1046]
[0,84,402,1046]
[0,319,513,734,825,1046]
[0,319,380,909,1046]
[0,319,380,988,1046]
[0,319,513,776,1046]
[0,84,319,513,734,825,1046]
[0,319,513,776,909,988,1046]
[0,319,380,513,825,909,1046]
[0,84,319,513,776,825,945,1046]
[0,84,319,380,513,776,988,1046]
[0,319,380,513,776,825,909,997,1046]
[0,84,319,513,1046]
[0,84,513,1046]
[0,84,319,513,825,909,1046]
[0,319,513,776,909,1046]
[0,84,319,513,734,1046]
[0,513,734,1046]
[0,319,513,776,997,1046]
[0,84,319,380,513,776,909,997,1046]
[0,319,380,513,776,1046]
[0,380,1046]
[0,319,380,513,776,909,997,1046]
