[0,466,1117,1327]
[0,122,258,407,1117,1327]
[0,122,258,407,984,1117,1176,1327]
[0,122,258,1117,1327]
[0,122,1327]
[0,984,1117,1176,1327]
[0,122,258,466,1117,1327]
[0,122,354,1117,1327]
[0,122,258,407,1117,1176,1327]
[0,258,898,1327]
[0,122,258,984,1117,1327]
[0,258,1327]
[0,122,258,407,984,1117,1327]
[0,122,984,1117,1327]
[0,122,258,407,888,1117,1327]
[0,898,1327]
[0,122,258,1327]
[0,407,1327]
[0,258,888,1117,1327]
[0,898,1117,1327]
[0,122,258,407,898,1117,1176,1327]
[0,888,1117,1327]
[0,354,1117,1327]
[0,122,258,466,1042,1117,1327]
[0,122,258,1117,1176,1327]
[0,984,1117,1327]
[0,122,258,888,1117,1327]
[0,122,258,407,1042,1117,1327]
[0,258,898,1117,1327]
[0,888,1327]
[0,258,984,1117,1327]
[0,258,407,1327]
[0,122,258,466,898,1117,1327]
[0,122,258,466,1117,1176,1327]
[0,122,1117,1176,1327]
[0,122,258,407,1042,1117,1176,1327]
[0,1117,1176,1327]
[0,122,1117,1327]
[0,122,258,466,898,1117,1176,1327]
[0,122,258,407,898,1117,1327]
[0,122,984,1117,1176,1327]
[0,258,466,898,1117,1327]
[0,258,407,898,1117,1327]
[0,258,407,888,1117,1327]
[0,122,258,466,1042,1117,1176,1327]
[0,258,1117,1327]
[0,354,1327]
[0,258,888,1327]
[0,122,258,407,1327]
[0,258,407,984,1117,1327]
[0,122,258,984,1117,1176,1327]
[0,258,407,1117,1327]
[0,407,1117,1327]
[0,466,1327]
[0,1117,1327]
[0,258,466,1117,1327]
