[0,244,720,922]
[0,292,572,922]
[0,478,922]
[0,78,244,292,424,478,572,720,826,922]
[0,78,244,292,479,572,720,826,922]
[0,244,478,572,720,922]
[0,376,572,720,922]
[0,720,922]
[0,244,376,572,720,922]
[0,479,572,922]
[0,244,376,572,720,826,922]
[0,244,572,720,922]
[0,572,922]
[0,244,922]
[0,78,389,479,572,720,922]
[0,244,292,479,572,720,922]
[0,78,292,478,572,720,826,922]
[0,78,478,572,720,922]
[0,376,572,922]
[0,78,244,376,478,572,720,826,922]
[0,78,244,292,424,479,572,720,922]
[0,78,244,292,424,572,720,922]
[0,268,922]
[0,78,244,424,572,720,922]
[0,479,922]
[0,424,572,720,922]
[0,78,572,720,922]
[0,376,478,572,720,922]
[0,479,572,720,922]
[0,244,424,922]
[0,78,424,572,720,922]
[0,244,479,922]
[0,244,424,572,720,922]
[0,389,479,572,720,826,922]
[0,424,572,720,826,922]
[0,244,478,572,922]
[0,478,572,720,826,922]
[0,292,478,572,720,922]
[0,78,424,479,572,720,826,922]
[0,268,572,922]
[0,244,479,572,720,922]
[0,78,244,424,479,572,720,826,922]
[0,244,478,922]
[0,78,244,424,478,572,720,922]
[0,292,572,720,922]
[0,244,292,478,572,720,922]
[0,244,424,720,922]
[0,244,376,478,572,720,922]
[0,78,479,572,720,922]
[0,78,389,479,572,720,826,922]
[0,78,244,292,424,479,572,720,826,922]
[0,78,244,424,478,572,720,826,922]
[0,244,424,572,720,826,922]
[0,78,244,424,572,720,826,922]
[0,376,478,572,720,826,922]
[0,78,244,292,376,478,572,720,826,922]
[0,244,376,478,572,720,826,922]
[0,78,244,292,479,572,720,922]
[0,572,720,922]
[0,78,376,478,572,720,922]
[0,244,292,424,572,720,922]
[0,292,479,572,720,922]
[0,244,572,922]
[0,478,572,720,922]
[0,78,292,479,572,720,922]
[0,78,244,572,720,922]
[0,292,572,720,826,922]
[0,424,720,922]
[0,478,572,922]
[0,244,292,478,572,922]
[0,376,922]
[0,78,424,478,572,720,826,922]
[0,78,424,572,720,826,922]
[0,244,292,479,572,922]
[0,78,376,478,572,720,826,922]
[0,292,922]
[0,424,922]
[0,376,572,720,826,922]
[0,78,424,479,572,720,922]
[0,292,479,572,720,826,922]
[0,292,478,572,720,826,922]
[0,479,572,720,826,922]
[0,389,479,572,720,922]
[0,78,244,292,478,572,720,826,922]
[0,78,244,292,424,478,572,720,922]
[0,78,292,479,572,720,826,922]
[0,244,479,572,922]
[0,424,572,922]
[0,572,720,826,922]
[0,78,424,478,572,720,922]
[0,78,244,292,478,572,720,922]
[0,78,292,922]
[0,78,292,478,572,720,922]
[0,78,244,424,479,572,720,922]
