[0,249,544,1118,2091,2596,2759]
[0,544,2091,2596,2759]
[0,771,1118,2091,2596,2759]
[0,544,2759]
[0,544,1118,1817,2319,2759]
[0,171,544,771,1118,1812,2091,2759]
[0,249,544,771,1118,1587,2319,2759]
[0,544,771,1118,1325,1812,2091,2759]
[0,249,544,771,1118,1587,2091,2596,2759]
[0,771,1118,1817,2091,2759]
[0,249,544,1118,2319,2759]
[0,771,1587,2759]
[0,249,544,1118,1817,2319,2759]
[0,1587,2759]
[0,249,544,771,1118,2319,2759]
[0,249,544,1118,1587,2091,2759]
[0,544,1587,2759]
[0,1118,2759]
[0,249,544,1444,2319,2759]
[0,544,1118,1587,2091,2759]
[0,249,544,1444,1587,2091,2596,2759]
[0,544,1444,2091,2759]
[0,249,771,1118,2091,2596,2759]
[0,249,544,1444,1817,2759]
[0,171,544,771,1118,2091,2759]
[0,221,577,1118,2091,2759]
[0,544,1118,2759]
[0,544,1118,1587,2759]
[0,2319,2596,2759]
[0,221,577,2091,2759]
[0,249,544,771,1118,1444,1587,2319,2596,2759]
[0,480,2091,2759]
[0,249,544,1118,2091,2759]
[0,249,544,1118,1817,2319,2596,2759]
[0,249,544,1118,2319,2596,2759]
[0,249,544,1118,1587,2091,2596,2759]
[0,249,544,1444,2091,2596,2759]
[0,249,544,2091,2596,2759]
[0,577,2091,2759]
[0,544,1444,2319,2759]
[0,544,1118,1817,2091,2759]
[0,544,2319,2759]
[0,249,544,771,1118,1587,2091,2759]
[0,1817,2759]
[0,771,1118,1812,2091,2759]
[0,249,544,1444,2319,2596,2759]
[0,544,1817,2759]
[0,1444,2091,2759]
[0,249,544,771,1118,2091,2759]
[0,249,544,771,1118,1444,1587,2091,2596,2759]
[0,542,771,1118,1817,2091,2759]
[0,544,1444,1817,2319,2759]
[0,249,544,771,1118,2319,2596,2759]
[0,249,544,1444,2091,2759]
[0,1118,1817,2759]
[0,249,544,2091,2759]
[0,771,1812,2759]
[0,1812,2759]
[0,249,544,771,1118,1817,2319,2596,2759]
[0,249,544,1118,1444,1587,2319,2596,2759]
[0,544,1118,1817,2759]
[0,542,771,1118,1812,2319,2759]
[0,1444,2759]
[0,771,1812,2319,2759]
[0,542,771,1118,2091,2759]
[0,544,2319,2596,2759]
[0,249,544,1118,1587,2319,2596,2759]
[0,544,1444,2759]
[0,132,542,771,1118,1817,2091,2759]
[0,132,542,771,1118,1812,2319,2759]
[0,577,1118,2091,2759]
[0,132,542,771,1118,2091,2759]
[0,771,2091,2759]
[0,2091,2759]
[0,771,1118,2319,2759]
[0,544,771,1118,1812,2091,2759]
[0,132,542,771,1118,1325,1812,2319,2759]
[0,1118,2091,2759]
[0,249,544,771,1118,1444,1587,1817,2319,2596,2759]
[0,249,544,1444,1817,2319,2759]
[0,249,544,2319,2759]
[0,544,2091,2759]
[0,1633,2759]
[0,249,544,2319,2596,2759]
[0,249,544,1118,1444,1587,2091,2596,2759]
[0,2091,2596,2759]
[0,249,544,771,1118,1817,2091,2596,2759]
[0,771,1118,1812,2319,2759]
[0,771,1633,2759]
[0,249,544,771,1118,1587,2319,2596,2759]
[0,171,544,771,1118,1325,1812,2091,2759]
[0,544,1118,1444,1817,2319,2759]
[0,171,544,1118,2091,2759]
[0,542,771,1118,1325,1812,2319,2759]
[0,249,544,1118,1444,1817,2319,2759]
[0,249,544,1444,1587,2319,2596,2759]
[0,249,544,771,1118,1817,2319,2759]
[0,249,771,1118,2091,2759]
[0,771,2091,2596,2759]
[0,545,2091,2759]
[0,249,544,1118,1817,2091,2759]
[0,544,771,1118,2091,2759]
[0,544,1118,2091,2759]
[0,249,544,771,1118,1444,1817,2319,2759]
[0,2319,2759]
[0,771,1118,2091,2759]
[0,771,2319,2759]
[0,544,1118,1587,2319,2759]
[0,249,544,771,1118,2091,2596,2759]
[0,771,2759]
[0,544,1444,1817,2759]
[0,249,544,1118,1587,2319,2759]
[0,249,544,771,1118,1817,2091,2759]
[0,544,1118,2319,2759]
[0,249,544,771,1118,1444,1817,2319,2596,2759]
