[0,112,214,299,526,720,838,976,1046]
[0,250,1046]
[0,132,976,1046]
[0,112,214,299,419,498,720,838,1046]
[0,112,526,720,838,1046]
[0,112,214,526,720,838,1046]
[0,112,250,498,720,838,1046]
[0,265,498,654,1046]
[0,112,214,299,526,720,835,976,1046]
[0,526,654,1046]
[0,526,720,1046]
[0,112,214,299,526,720,835,1046]
[0,214,526,720,1046]
[0,214,498,720,1046]
[0,112,526,654,1046]
[0,498,654,1046]
[0,112,526,720,1046]
[0,498,720,1046]
[0,112,214,299,498,654,720,838,976,1046]
[0,498,1046]
[0,214,1046]
[0,654,1046]
[0,720,1046]
[0,112,498,654,1046]
[0,112,498,720,1046]
[0,130,482,1046]
[0,112,976,1046]
[0,214,526,1046]
[0,112,214,526,654,720,838,976,1046]
[0,526,720,838,1046]
[0,112,526,654,720,838,976,1046]
[0,112,214,299,498,720,838,1046]
[0,112,250,498,654,1046]
[0,112,214,299,498,720,838,976,1046]
[0,112,250,498,720,1046]
[0,250,498,720,838,1046]
[0,132,1046]
[0,526,1046]
[0,112,214,526,720,835,976,1046]
[0,130,482,654,1046]
[0,112,498,1046]
[0,112,214,526,720,1046]
[0,112,654,1046]
[0,112,720,1046]
[0,112,214,299,419,526,654,720,838,976,1046]
[0,112,214,299,526,654,720,838,976,1046]
[0,112,214,498,720,1046]
[0,112,214,299,419,526,720,838,1046]
[0,112,526,1046]
[0,112,214,498,720,838,976,1046]
[0,482,654,1046]
[0,112,214,419,498,720,838,1046]
[0,265,1046]
[0,112,214,419,526,720,838,1046]
[0,112,214,299,526,654,720,835,902,976,1046]
[0,214,498,1046]
[0,112,526,720,838,976,1046]
[0,112,214,299,419,526,720,838,976,1046]
[0,250,498,654,1046]
[0,250,498,720,1046]
[0,112,214,299,526,720,835,902,976,1046]
[0,112,250,498,720,838,976,1046]
[0,112,214,526,720,835,1046]
[0,112,265,498,654,1046]
[0,214,526,720,838,1046]
[0,112,250,498,654,720,838,976,1046]
[0,250,498,1046]
[0,132,654,1046]
[0,482,1046]
[0,112,214,526,654,720,835,976,1046]
[0,112,214,299,526,654,720,835,976,1046]
[0,130,1046]
[0,112,214,299,419,498,654,720,838,976,1046]
[0,112,214,299,419,498,720,838,976,1046]
[0,112,1046]
[0,265,498,1046]
[0,112,419,526,720,838,1046]
[0,214,498,720,838,1046]
[0,112,214,498,654,720,838,976,1046]
[0,112,526,654,764,1046]
[0,112,214,299,526,720,838,1046]
[0,214,526,720,835,1046]
[0,112,214,526,720,838,976,1046]
[0,112,214,498,720,838,1046]
