[0,1019,1302,1663,2804,3923,4758]
[0,1007,2804,3923,4758]
[0,1019,2804,3923,4758]
[0,98,1019,1302,1663,2804,4758]
[0,567,1007,1644,2804,4758]
[0,1051,2804,3923,4758]
[0,662,1051,1663,2804,3923,4758]
[0,98,1007,1644,2804,4758]
[0,98,1121,2804,4758]
[0,1007,1302,1644,2804,4758]
[0,98,4758]
[0,1007,1667,2804,3923,4758]
[0,1051,1667,2804,3923,4758]
[0,1007,4758]
[0,1051,4758]
[0,98,1051,1667,2804,3923,4758]
[0,1051,1667,2804,4758]
[0,98,1019,1663,2804,4758]
[0,837,4758]
[0,98,1019,1302,1663,2804,3923,4758]
[0,98,2804,4758]
[0,1019,1663,2804,3923,4758]
[0,827,1019,1302,1663,2804,4758]
[0,1121,4758]
[0,98,1051,1667,2804,4758]
[0,1051,2804,4758]
[0,1019,1302,1663,2804,4758]
[0,1007,1644,2804,4758]
[0,98,567,1007,1644,2804,4758]
[0,98,662,1051,1663,2804,3923,4758]
[0,1007,1667,2804,4758]
[0,1051,1663,2804,4758]
[0,98,1007,1667,2804,3923,4758]
[0,98,1007,2804,4758]
[0,1121,2804,4758]
[0,98,1007,1667,2804,4758]
[0,98,662,1051,1667,2804,3923,4758]
[0,827,1007,1302,1644,2804,4758]
[0,1019,1663,2804,4758]
[0,98,1051,1663,2804,4758]
[0,98,1051,1663,2804,3923,4758]
[0,98,827,1007,1302,1644,2804,4758]
[0,1007,2804,4758]
[0,1019,2804,4758]
[0,98,1019,2804,4758]
[0,1051,1663,2804,3923,4758]
[0,98,827,1019,1302,1663,2804,4758]
[0,2804,4758]
[0,662,1051,1667,2804,3923,4758]
[0,1019,4758]
[0,98,1051,2804,4758]
[0,98,1007,1302,1644,2804,4758]
