[0,483,695,1169,1632]
[0,154,695,1065,1330,1632]
[0,149,695,1169,1632]
[0,154,327,688,1330,1632]
[0,154,424,695,1169,1330,1589,1632]
[0,154,688,1065,1330,1632]
[0,149,260,695,1169,1632]
[0,154,260,564,688,1330,1632]
[0,327,695,1065,1330,1632]
[0,154,327,688,1065,1330,1632]
[0,327,695,1330,1632]
[0,688,1330,1632]
[0,424,695,1169,1632]
[0,483,1632]
[0,327,688,1169,1330,1632]
[0,688,1169,1632]
[0,154,260,564,695,1169,1330,1632]
[0,154,327,564,688,1330,1469,1632]
[0,154,424,695,1169,1632]
[0,154,564,695,1169,1632]
[0,688,1094,1330,1632]
[0,149,260,483,695,1169,1330,1632]
[0,154,695,1330,1632]
[0,154,327,564,688,1065,1330,1469,1632]
[0,695,1065,1330,1632]
[0,154,688,1330,1632]
[0,154,695,1169,1632]
[0,483,695,1169,1330,1632]
[0,154,695,1169,1330,1632]
[0,154,260,688,1065,1330,1632]
[0,149,260,483,695,1169,1632]
[0,149,327,688,1169,1330,1632]
[0,154,564,688,1065,1330,1632]
[0,149,483,695,1169,1632]
[0,688,1169,1330,1632]
[0,327,688,1094,1330,1632]
[0,149,327,688,1094,1330,1632]
[0,154,327,688,1330,1469,1632]
[0,149,327,688,1330,1632]
[0,327,688,1065,1330,1632]
[0,154,424,695,1169,1330,1632]
[0,154,260,695,1169,1632]
[0,154,744,1632]
[0,154,564,695,1169,1330,1632]
[0,327,688,1330,1632]
[0,327,695,1632]
[0,564,688,1330,1632]
[0,744,1632]
[0,483,1238,1632]
[0,149,327,688,1169,1632]
[0,327,688,1169,1632]
[0,688,1065,1330,1632]
[0,154,260,564,695,1169,1632]
[0,695,1632]
[0,695,1330,1632]
[0,149,327,695,1330,1632]
[0,154,327,688,1065,1330,1469,1632]
[0,154,564,688,1330,1632]
[0,154,260,564,688,1065,1330,1632]
[0,149,327,695,1065,1330,1632]
[0,695,1169,1632]
[0,149,483,695,1169,1330,1632]
[0,154,260,688,1330,1632]
[0,154,744,1285,1632]
[0,327,688,1632]
[0,424,695,1169,1330,1632]
[0,149,695,1330,1632]
[0,149,688,1330,1632]
[0,744,1285,1632]
[0,688,1632]
[0,149,688,1169,1632]
[0,695,1169,1330,1632]
