[0,70,321,404,706,841,1327]
[0,70,404,1267,1327]
[0,70,198,404,1327]
[0,70,198,404,721,841,1267,1327]
[0,70,404,448,1327]
[0,405,841,1327]
[0,70,404,816,1267,1327]
[0,198,404,816,1327]
[0,70,404,448,829,1327]
[0,70,404,448,1267,1327]
[0,70,404,448,706,829,1327]
[0,70,404,721,841,1267,1327]
[0,70,405,841,1327]
[0,70,321,404,448,706,841,1327]
[0,841,1327]
[0,273,404,829,1327]
[0,198,404,1327]
[0,198,404,721,841,1327]
[0,70,198,404,457,816,1267,1327]
[0,321,404,841,1327]
[0,404,829,1327]
[0,70,404,457,721,841,1267,1327]
[0,70,405,816,1267,1327]
[0,404,721,841,1327]
[0,321,404,706,841,1327]
[0,70,404,448,721,841,1327]
[0,70,404,448,841,1327]
[0,70,404,1327]
[0,70,273,404,448,706,829,1327]
[0,70,404,448,706,841,1327]
[0,198,405,816,1327]
[0,70,404,457,721,841,1327]
[0,70,198,404,816,1327]
[0,70,198,404,1267,1327]
[0,70,404,816,1327]
[0,198,405,1327]
[0,368,841,1327]
[0,70,273,404,706,829,1327]
[0,70,404,457,1327]
[0,70,404,829,1327]
[0,404,841,1327]
[0,70,404,457,841,1327]
[0,70,404,457,816,1267,1327]
[0,70,273,404,448,1327]
[0,70,321,404,841,1327]
[0,70,198,404,457,721,841,1267,1327]
[0,70,405,1327]
[0,321,404,1327]
[0,70,198,404,816,1267,1327]
[0,70,404,721,841,1327]
[0,405,816,1327]
[0,404,706,829,1327]
[0,404,816,1327]
[0,273,404,1327]
[0,70,1267,1327]
[0,70,404,457,1267,1327]
[0,70,404,706,841,1327]
[0,70,198,405,816,1267,1327]
[0,405,1327]
[0,70,198,404,721,841,1327]
[0,70,404,841,1327]
[0,70,405,816,1327]
[0,816,1327]
[0,70,1327]
[0,273,404,706,829,1327]
[0,70,273,404,1327]
[0,70,273,404,448,829,1327]
[0,198,404,841,1327]
[0,829,1327]
[0,70,404,706,829,1327]
[0,70,273,404,829,1327]
[0,404,1327]
[0,404,706,841,1327]
[0,70,198,405,816,1327]
