[0,129,587,777,1020,1265,1401,1500,2211]
[0,587,777,1020,1265,1401,1981,2211]
[0,587,1020,1334,1981,2211]
[0,1265,2211]
[0,587,2211]
[0,587,777,1020,1265,2059,2211]
[0,587,777,1020,1265,1401,2211]
[0,129,636,1334,2211]
[0,129,648,2211]
[0,129,587,777,1020,1401,1500,2211]
[0,129,587,777,1020,1265,1389,2211]
[0,129,587,777,1020,1401,2211]
[0,587,1401,1981,2211]
[0,129,587,1265,2211]
[0,648,2211]
[0,129,587,777,1020,1265,1401,1981,2211]
[0,587,1401,2211]
[0,587,1020,1401,1981,2211]
[0,587,777,1020,1401,2211]
[0,587,777,1401,2211]
[0,587,777,1020,1265,1401,2059,2211]
[0,587,1020,1265,2211]
[0,1334,2211]
[0,1389,2211]
[0,623,1020,1401,2211]
[0,129,623,1401,2211]
[0,129,587,1020,1265,1389,2211]
[0,129,587,777,1020,1265,1401,2211]
[0,587,777,1401,1981,2211]
[0,623,2211]
[0,587,1389,2211]
[0,129,587,1334,2211]
[0,129,587,1020,1401,2211]
[0,648,1401,2211]
[0,129,587,777,1020,1334,1500,2211]
[0,129,587,777,1020,1265,1401,2059,2211]
[0,129,587,777,1020,1265,1389,1500,2211]
[0,129,587,777,1020,1265,1401,1500,1981,2211]
[0,129,587,777,1020,1265,2211]
[0,587,1020,1334,2211]
[0,623,1401,2211]
[0,1401,2211]
[0,129,587,1020,1334,2211]
[0,587,1265,2211]
[0,129,587,777,1020,1265,1981,2211]
[0,587,777,1020,1334,1981,2211]
[0,636,1334,2211]
[0,129,587,1401,2211]
[0,587,1020,1265,1981,2211]
[0,129,587,777,1020,1334,1981,2211]
[0,587,777,1020,1265,2211]
[0,129,587,2211]
[0,129,587,777,1401,1981,2211]
[0,129,623,2211]
[0,129,587,777,1020,1401,1981,2211]
[0,587,777,1020,1265,1981,2211]
[0,587,1020,1401,2211]
[0,129,587,1020,1265,2211]
[0,129,648,1401,2211]
[0,587,777,1020,1401,1981,2211]
[0,587,777,1020,1334,1500,2211]
[0,129,587,777,1401,2211]
[0,129,587,777,1020,1334,2211]
[0,129,623,1020,1401,2211]
[0,129,587,1020,1265,1389,1500,2211]
[0,636,2211]
[0,587,1334,2211]
[0,587,777,1020,1334,2211]
[0,129,587,777,1401,1500,2211]
