[0,943,1267,1562]
[0,1165,1267,1562]
[0,271,1415,1562]
[0,69,271,1267,1562]
[0,943,1562]
[0,271,1100,1267,1562]
[0,271,943,1100,1267,1562]
[0,69,1562]
[0,135,1047,1562]
[0,129,271,1048,1562]
[0,1047,1180,1562]
[0,271,1165,1415,1562]
[0,1048,1165,1438,1562]
[0,129,271,943,1100,1562]
[0,69,271,1562]
[0,371,1048,1165,1562]
[0,271,1267,1562]
[0,129,271,1047,1180,1438,1562]
[0,371,1165,1415,1562]
[0,1047,1165,1415,1562]
[0,69,371,1047,1165,1267,1415,1562]
[0,69,135,271,1047,1165,1267,1562]
[0,271,1048,1165,1562]
[0,317,1047,1180,1562]
[0,371,1048,1165,1267,1438,1562]
[0,271,1048,1165,1267,1562]
[0,271,1562]
[0,1047,1165,1267,1415,1562]
[0,371,1048,1165,1438,1562]
[0,69,271,371,1048,1165,1267,1562]
[0,135,271,1415,1562]
[0,943,1100,1267,1562]
[0,129,317,1562]
[0,1047,1415,1562]
[0,371,1438,1562]
[0,129,271,386,943,1100,1267,1438,1562]
[0,371,1165,1562]
[0,129,271,386,943,1100,1267,1562]
[0,135,271,1047,1562]
[0,69,271,371,1048,1165,1267,1438,1562]
[0,129,271,386,1047,1180,1438,1562]
[0,371,1047,1165,1562]
[0,371,1048,1562]
[0,69,135,271,1048,1165,1267,1562]
[0,1047,1165,1267,1562]
[0,271,1047,1165,1562]
[0,317,1562]
[0,129,271,1047,1562]
[0,69,271,1047,1165,1267,1562]
[0,69,271,371,1047,1165,1267,1415,1562]
[0,271,371,1048,1165,1267,1438,1562]
[0,271,1047,1165,1415,1562]
[0,317,1047,1562]
[0,371,1047,1165,1267,1562]
[0,135,271,1562]
[0,1048,1165,1562]
[0,129,317,1047,1180,1438,1562]
[0,129,271,1048,1165,1267,1562]
[0,371,1415,1562]
[0,1047,1562]
[0,129,271,386,1048,1165,1562]
[0,69,271,1048,1165,1267,1562]
[0,271,1047,1165,1267,1415,1562]
[0,129,1562]
[0,129,317,1304,1562]
[0,371,1562]
[0,371,1048,1165,1267,1562]
[0,1070,1304,1562]
[0,1047,1165,1562]
[0,129,271,943,1100,1267,1562]
[0,271,371,1048,1165,1267,1562]
[0,69,371,1048,1165,1267,1438,1562]
[0,371,1165,1438,1562]
[0,1304,1562]
[0,129,271,1165,1267,1562]
[0,271,1047,1165,1267,1562]
[0,69,371,1165,1267,1562]
[0,69,371,1048,1165,1267,1562]
[0,135,271,1047,1165,1415,1562]
[0,371,1267,1562]
[0,129,271,1047,1180,1562]
[0,129,271,386,1048,1165,1267,1562]
[0,69,135,271,371,1048,1165,1267,1562]
[0,69,271,1165,1267,1562]
[0,1165,1562]
[0,69,371,1267,1562]
[0,271,1047,1562]
[0,69,371,1047,1165,1267,1562]
[0,1048,1562]
[0,69,135,271,371,1048,1165,1267,1438,1562]
[0,271,371,1047,1165,1267,1415,1562]
[0,135,271,1047,1165,1267,1562]
[0,129,271,1562]
[0,135,271,371,1047,1165,1415,1562]
[0,271,1047,1180,1562]
[0,371,1047,1165,1415,1562]
[0,135,271,1267,1562]
[0,69,135,271,1047,1165,1267,1415,1562]
[0,271,1165,1267,1562]
[0,69,271,1047,1165,1267,1415,1562]
[0,271,943,1562]
[0,129,271,1267,1562]
[0,271,943,1100,1562]
[0,271,1165,1562]
[0,1415,1562]
[0,371,1165,1267,1562]
[0,1048,1438,1562]
[0,129,317,1047,1180,1562]
[0,135,271,1165,1415,1562]
[0,135,271,371,1047,1165,1267,1415,1562]
[0,215,1070,1304,1562]
[0,1047,1267,1562]
[0,129,271,943,1100,1267,1438,1562]
[0,129,317,1047,1562]
[0,1267,1562]
[0,271,1048,1562]
[0,69,135,271,371,1047,1165,1267,1415,1562]
[0,1048,1165,1267,1562]
[0,943,1100,1562]
[0,135,271,1047,1165,1562]
[0,135,271,1165,1267,1562]
[0,129,271,1048,1165,1562]
[0,129,271,943,1562]
[0,69,371,1562]
[0,135,1047,1267,1562]
[0,371,1047,1165,1267,1415,1562]
[0,371,1047,1562]
[0,317,1304,1562]
[0,135,271,1047,1165,1267,1415,1562]
[0,135,271,371,1415,1562]
