[0,598,1267,1427]
[0,1027,1133,1267,1427]
[0,700,1027,1427]
[0,1019,1267,1427]
[0,1267,1427]
[0,427,1027,1267,1427]
[0,565,1427]
[0,1027,1427]
[0,598,1427]
[0,968,1027,1427]
[0,565,700,1267,1427]
[0,565,700,1027,1267,1427]
[0,700,1019,1267,1427]
[0,1073,1427]
[0,598,968,1267,1427]
[0,1027,1267,1427]
[0,565,978,1267,1427]
[0,427,654,1027,1427]
[0,427,700,1019,1267,1427]
[0,427,1019,1427]
[0,565,700,1027,1133,1267,1427]
[0,700,1019,1427]
[0,978,1427]
[0,427,654,1027,1267,1427]
[0,700,1427]
[0,226,427,654,1027,1267,1427]
[0,226,427,654,1027,1427]
[0,565,1073,1427]
[0,565,978,1427]
[0,427,700,1027,1133,1267,1427]
[0,565,700,978,1027,1267,1427]
[0,427,654,1019,1133,1267,1427]
[0,1019,1427]
[0,700,1019,1133,1267,1427]
[0,427,1427]
[0,427,1027,1427]
[0,968,1427]
[0,598,700,1027,1267,1427]
[0,427,700,1019,1133,1267,1427]
[0,427,700,1027,1267,1427]
[0,598,700,1267,1427]
[0,427,598,700,1019,1133,1267,1427]
[0,565,700,1427]
[0,598,700,1019,1267,1427]
[0,427,654,1019,1267,1427]
[0,427,565,700,1027,1133,1267,1427]
[0,427,565,700,1027,1267,1427]
[0,565,978,1027,1267,1427]
[0,427,654,1267,1427]
[0,427,654,1427]
[0,598,700,968,1027,1267,1427]
[0,700,1027,1267,1427]
[0,598,700,1027,1133,1267,1427]
[0,427,700,1019,1427]
[0,978,1027,1427]
[0,226,427,654,1019,1427]
[0,427,700,1427]
[0,978,1027,1267,1427]
[0,598,968,1027,1267,1427]
[0,427,1019,1267,1427]
[0,598,700,1427]
[0,598,700,968,1027,1133,1267,1427]
[0,226,427,654,1019,1267,1427]
[0,565,1267,1427]
[0,427,1019,1133,1267,1427]
[0,700,1027,1133,1267,1427]
[0,598,968,1427]
[0,1019,1133,1267,1427]
[0,427,700,1267,1427]
[0,226,427,654,1427]
[0,427,700,1027,1427]
[0,968,1027,1267,1427]
[0,427,1267,1427]
[0,427,654,1019,1427]
[0,226,427,654,1019,1133,1267,1427]
[0,565,700,978,1027,1133,1267,1427]
[0,598,700,1019,1133,1267,1427]
