[0,212,615,978,1191,1651]
[0,236,490,627,978,1191,1651]
[0,236,490,627,956,1191,1651]
[0,212,627,850,1051,1191,1651]
[0,255,627,1191,1651]
[0,100,212,490,627,850,1191,1651]
[0,100,236,627,978,1191,1651]
[0,100,236,627,956,1191,1651]
[0,100,212,490,627,850,978,1051,1191,1322,1651]
[0,236,627,850,1191,1651]
[0,119,236,490,627,956,1051,1191,1322,1651]
[0,100,236,490,627,850,1191,1322,1651]
[0,119,236,627,1191,1651]
[0,236,490,627,850,1191,1651]
[0,100,212,490,1191,1651]
[0,119,236,490,627,956,1191,1651]
[0,212,490,627,850,1191,1322,1651]
[0,100,212,490,627,850,1051,1191,1651]
[0,1191,1651]
[0,212,490,627,850,1051,1191,1322,1651]
[0,212,1191,1651]
[0,100,212,1191,1651]
[0,236,490,627,956,1191,1322,1651]
[0,100,212,627,850,978,1051,1191,1651]
[0,255,627,978,1191,1651]
[0,100,236,490,627,956,1191,1651]
[0,100,255,627,1191,1651]
[0,236,627,956,1191,1651]
[0,212,627,850,1191,1651]
[0,236,490,627,850,1191,1322,1651]
[0,100,212,627,850,1051,1191,1651]
[0,236,1191,1651]
[0,100,212,490,627,850,978,1051,1191,1651]
[0,100,255,627,978,1191,1651]
[0,236,627,1191,1651]
[0,212,490,627,850,1191,1651]
[0,236,627,978,1191,1651]
[0,212,627,1051,1651]
[0,119,236,627,956,1051,1191,1651]
[0,627,1051,1651]
[0,627,1651]
[0,615,978,1191,1651]
[0,212,627,1651]
[0,100,212,490,627,850,1191,1322,1651]
[0,100,236,627,956,1051,1191,1651]
[0,100,236,490,627,956,1051,1191,1322,1651]
[0,119,236,490,627,956,1051,1191,1651]
[0,100,236,490,627,978,1191,1651]
[0,255,1191,1651]
[0,615,1191,1651]
[0,100,236,490,627,978,1191,1322,1651]
[0,119,236,627,956,1191,1651]
[0,100,236,627,1191,1651]
[0,278,1051,1651]
[0,100,212,490,627,850,1051,1191,1322,1651]
[0,100,212,627,1191,1651]
[0,212,627,1191,1651]
[0,100,236,627,850,1191,1651]
[0,627,1191,1651]
[0,490,1651]
[0,212,615,1191,1651]
[0,100,212,627,850,1191,1651]
[0,1051,1651]
[0,212,490,627,850,1051,1191,1651]
[0,236,490,627,978,1191,1322,1651]
[0,100,236,490,627,956,1191,1322,1651]
[0,615,1651]
[0,100,236,490,627,956,1051,1191,1651]
[0,119,236,490,627,956,1191,1322,1651]
[0,119,236,1191,1651]
[0,212,490,1191,1651]
[0,490,1191,1651]
[0,100,236,490,627,850,1191,1651]
[0,627,850,1191,1651]
[0,212,1051,1651]
