[0,1059,1227,2676,2812]
[0,1498,2812]
[0,211,486,769,1498,2425,2676,2812]
[0,211,486,2474,2812]
[0,1158,2556,2812]
[0,211,486,1059,1227,2812]
[0,1059,1227,2812]
[0,486,1059,1498,2812]
[0,486,2425,2812]
[0,1227,2812]
[0,211,486,1059,1498,2474,2676,2812]
[0,211,486,1227,2474,2812]
[0,211,486,1059,1227,2676,2812]
[0,211,486,2425,2812]
[0,486,1059,1227,2812]
[0,211,486,1059,1498,2474,2812]
[0,542,1158,1498,2556,2812]
[0,486,1059,1227,2676,2812]
[0,1158,1498,2556,2812]
[0,211,486,1227,2812]
[0,486,2474,2676,2812]
[0,2474,2812]
[0,486,1227,2812]
[0,211,486,1498,2812]
[0,1059,2474,2812]
[0,1158,2812]
[0,769,1498,2474,2812]
[0,769,2676,2812]
[0,211,486,769,1498,2812]
[0,1059,2676,2812]
[0,486,2556,2812]
[0,211,486,769,1498,2474,2812]
[0,542,1498,2812]
[0,486,1498,2556,2812]
[0,1059,1227,2474,2812]
[0,2676,2812]
[0,2425,2812]
[0,542,1158,1498,2812]
[0,769,1498,2812]
[0,211,486,1059,1227,2474,2812]
[0,211,486,1059,1498,2812]
[0,211,486,769,1498,2425,2812]
[0,486,1498,2474,2812]
[0,486,769,1498,2474,2676,2812]
[0,211,486,1498,2474,2812]
[0,486,2676,2812]
[0,486,769,1498,2474,2812]
[0,486,1061,1498,2556,2812]
[0,486,1059,1498,2474,2812]
[0,486,769,1498,2812]
[0,769,2812]
[0,486,1498,2676,2812]
[0,486,1498,2425,2812]
[0,486,1059,1227,2474,2812]
[0,211,486,1059,1227,1498,2474,2812]
[0,769,1498,2474,2676,2812]
[0,211,486,769,1498,2474,2676,2812]
[0,211,486,1498,2676,2812]
[0,2556,2812]
[0,486,769,1498,2676,2812]
[0,211,486,1498,2425,2812]
[0,486,1498,2812]
[0,486,769,1498,2425,2812]
[0,486,1061,1498,2812]
[0,1059,2812]
[0,1019,2474,2812]
[0,211,486,1059,1498,2676,2812]
[0,769,2474,2812]
[0,1158,1498,2812]
[0,211,486,1498,2474,2676,2812]
[0,211,486,1059,1227,2474,2676,2812]
[0,211,486,1059,1206,1498,2474,2812]
[0,211,486,2474,2676,2812]
[0,486,1227,2474,2812]
[0,769,2425,2812]
[0,769,1498,2676,2812]
[0,211,486,1059,1206,1498,2474,2676,2812]
[0,1019,2812]
[0,211,486,1059,1227,1498,2474,2676,2812]
[0,769,1498,2425,2812]
[0,486,2812]
[0,211,486,769,1498,2676,2812]
[0,486,2474,2812]
