[0,54,388,794,1288,1562]
[0,229,388,794,981,1288,1562]
[0,229,388,794,1288,1562]
[0,1119,1562]
[0,388,869,1119,1562]
[0,54,388,1288,1562]
[0,229,388,794,1078,1288,1562]
[0,388,1119,1562]
[0,54,794,1078,1562]
[0,148,229,388,794,981,1119,1288,1562]
[0,148,388,869,1119,1562]
[0,54,388,794,1078,1288,1562]
[0,229,388,1288,1562]
[0,54,388,794,981,1288,1562]
[0,1288,1562]
[0,388,1562]
[0,388,576,794,1078,1288,1562]
[0,148,388,794,1078,1288,1562]
[0,54,388,1562]
[0,388,794,1288,1562]
[0,54,1288,1562]
[0,54,388,1078,1562]
[0,388,1288,1562]
[0,388,794,981,1119,1288,1562]
[0,54,229,388,794,981,1119,1288,1562]
[0,388,794,981,1288,1562]
[0,388,794,1078,1288,1562]
[0,148,388,1562]
[0,1078,1562]
[0,54,229,388,576,794,1078,1288,1562]
[0,148,388,794,1288,1562]
[0,794,1562]
[0,54,1078,1562]
[0,229,388,576,794,1078,1288,1562]
[0,794,1078,1562]
[0,148,388,1119,1562]
[0,54,229,388,794,1078,1288,1562]
[0,54,148,229,388,794,981,1119,1288,1562]
[0,388,1078,1562]
[0,54,388,794,981,1119,1288,1562]
[0,388,794,1562]
[0,54,229,388,794,981,1288,1562]
[0,54,229,388,794,1288,1562]
[0,54,148,229,388,794,981,1288,1562]
[0,229,388,794,981,1119,1288,1562]
[0,148,229,388,794,981,1288,1562]
