[0,1707,2138,2603,3353]
[0,228,1092,2138,2371,3353]
[0,2138,2603,3353]
[0,1092,2138,2603,3353]
[0,241,628,1092,1226,1707,2592,3353]
[0,47,241,1092,1226,1707,3353]
[0,232,3353]
[0,47,1092,1226,3353]
[0,47,509,2592,3353]
[0,697,2371,3353]
[0,1964,2603,3353]
[0,1092,2559,3353]
[0,47,228,628,1092,2138,2371,3353]
[0,2371,3353]
[0,1964,3353]
[0,241,1092,1226,3353]
[0,509,2592,3353]
[0,1092,1707,3353]
[0,47,1092,2597,3353]
[0,228,1964,3353]
[0,47,241,628,1092,1226,1707,3353]
[0,628,1092,1707,2592,3353]
[0,1092,1226,1964,2138,2603,3353]
[0,509,1197,1840,2181,2592,3353]
[0,47,2592,3353]
[0,1707,2603,3353]
[0,1964,2138,3353]
[0,228,628,1092,2138,2371,3353]
[0,1158,2592,3353]
[0,1092,1707,2138,2371,2603,3353]
[0,1158,1707,2138,2592,3353]
[0,1158,3353]
[0,47,1092,2592,3353]
[0,47,1092,2603,3353]
[0,47,1092,1226,1707,3353]
[0,228,1964,2138,2603,3353]
[0,2138,2371,3353]
[0,509,1197,1840,2592,3353]
[0,1092,1707,2138,2371,3353]
[0,1092,2138,2371,3353]
[0,1197,3353]
[0,228,1092,1226,1707,1964,2138,2603,3353]
[0,1197,1840,2592,3353]
[0,628,1092,1707,2138,3353]
[0,47,228,1092,1226,1964,2138,2603,3353]
[0,1840,2592,3353]
[0,509,1840,2592,3353]
[0,1009,1092,1964,2138,2603,3353]
[0,47,1009,1092,1964,2138,2603,3353]
[0,47,1964,2138,2603,3353]
[0,47,1964,3353]
[0,241,628,1092,3353]
[0,241,1092,1707,3353]
[0,1092,1226,3353]
[0,228,1092,1964,2138,2603,3353]
[0,1092,1964,2138,2603,3353]
[0,228,1092,1226,1964,2138,2603,3353]
[0,47,228,1092,1226,1707,1964,2138,2603,3353]
[0,2592,3353]
[0,697,3353]
[0,47,1092,2138,2603,3353]
[0,1092,2117,2559,3353]
[0,47,228,1092,2138,2371,3353]
[0,1092,2597,3353]
[0,232,1092,2559,3353]
[0,228,3353]
[0,47,228,628,1092,1707,2138,2371,3353]
[0,228,2603,3353]
[0,509,901,1197,1840,2181,2592,3353]
[0,509,1197,2592,3353]
[0,241,1092,1226,1707,3353]
[0,232,1197,2371,3353]
[0,47,241,628,1092,1226,1707,2592,3353]
[0,228,628,1092,1707,2138,2371,2603,3353]
[0,47,509,1840,2592,3353]
[0,47,1092,2371,3353]
[0,228,1964,2138,3353]
[0,1158,2138,2592,3353]
[0,232,2371,3353]
[0,47,1158,2592,3353]
[0,241,3353]
[0,228,1707,2138,2603,3353]
[0,232,1092,3353]
[0,47,1092,2138,2371,3353]
[0,1092,1707,2592,3353]
[0,1092,2592,3353]
[0,509,1840,2181,2592,3353]
[0,47,509,901,1197,1840,2181,2592,3353]
[0,628,1092,3353]
[0,1092,1707,2138,2603,3353]
[0,1092,1226,1707,3353]
[0,47,228,628,1092,1707,2138,2371,2603,3353]
[0,47,3353]
[0,509,3353]
[0,228,1092,1707,1964,2138,2603,3353]
[0,47,1158,1707,2138,2592,3353]
[0,1092,3353]
[0,241,628,1092,1707,2592,3353]
[0,241,628,1092,1226,1707,3353]
[0,228,628,1092,1707,2138,2371,3353]
[0,1092,1707,2138,3353]
[0,47,1964,2138,3353]
[0,228,2371,3353]
[0,241,628,1092,2592,3353]
[0,1197,2592,3353]
[0,1964,2138,2603,3353]
[0,47,1092,1226,1964,2138,2603,3353]
[0,241,628,1092,1707,3353]
[0,1840,3353]
[0,241,1092,3353]
[0,228,2138,2603,3353]
[0,228,1092,2138,2603,3353]
[0,628,1092,1707,2138,2371,3353]
[0,628,1092,2592,3353]
[0,1092,2371,3353]
[0,228,1092,2603,3353]
[0,628,1092,1707,3353]
[0,1707,2138,3353]
[0,1707,3353]
[0,47,1158,2138,2592,3353]
[0,47,509,1197,1840,2181,2592,3353]
[0,628,1092,2138,2371,3353]
[0,47,1158,3353]
[0,47,509,1840,2181,2592,3353]
[0,47,1092,1964,2138,2603,3353]
[0,628,1092,2371,3353]
[0,1197,2371,3353]
[0,228,1092,1707,2138,2603,3353]
[0,232,1092,2117,2559,3353]
[0,2603,3353]
[0,628,1092,1707,2138,2371,2603,3353]
[0,47,1092,3353]
[0,228,2138,2371,3353]
[0,1092,2603,3353]
