[0,324,478,625,922]
[0,118,324,414,478,625,701,922]
[0,118,442,636,922]
[0,478,922]
[0,118,170,478,625,701,857,922]
[0,442,644,922]
[0,118,478,625,701,857,922]
[0,118,442,922]
[0,118,231,324,478,625,922]
[0,50,118,170,324,414,478,625,701,857,922]
[0,118,170,231,324,414,478,625,701,857,922]
[0,118,170,478,625,701,922]
[0,442,922]
[0,50,118,170,231,324,414,478,625,701,857,922]
[0,478,636,922]
[0,478,625,922]
[0,118,324,478,625,922]
[0,118,170,324,478,625,701,922]
[0,118,324,478,625,701,857,922]
[0,118,478,625,701,922]
[0,118,442,644,922]
[0,118,170,478,636,922]
[0,118,170,478,625,922]
[0,118,231,324,478,625,701,857,922]
[0,324,478,922]
[0,118,324,478,625,701,922]
[0,118,231,324,478,625,701,922]
[0,118,414,478,625,701,922]
[0,118,414,478,625,701,857,922]
[0,170,591,922]
[0,118,478,636,922]
[0,118,478,625,922]
[0,118,170,324,414,478,625,701,857,922]
[0,591,922]
[0,118,324,414,478,625,701,857,922]
[0,118,922]
[0,118,231,324,414,478,625,701,857,922]
[0,442,636,922]
[0,118,478,922]
[0,118,170,324,414,478,625,701,922]
