[0,311,891,1273,1875]
[0,324,916,1273,1875]
[0,282,560,1806,1875]
[0,282,851,1875]
[0,205,282,560,851,1273,1806,1875]
[0,851,1273,1875]
[0,324,851,1273,1806,1875]
[0,205,324,851,1806,1875]
[0,205,282,560,891,1273,1756,1806,1875]
[0,282,560,916,1273,1756,1806,1875]
[0,324,916,1273,1756,1806,1875]
[0,1806,1875]
[0,311,891,1273,1756,1806,1875]
[0,282,560,916,1273,1875]
[0,311,1805,1875]
[0,205,311,1875]
[0,282,1788,1875]
[0,205,282,1875]
[0,311,891,1875]
[0,282,560,916,1875]
[0,324,1756,1806,1875]
[0,205,324,891,1875]
[0,1273,1875]
[0,311,560,891,1273,1875]
[0,205,311,560,891,1806,1875]
[0,560,1875]
[0,324,891,1273,1806,1875]
[0,205,324,891,1273,1756,1806,1875]
[0,205,324,851,1875]
[0,282,1805,1875]
[0,282,916,1806,1875]
[0,282,560,851,1273,1875]
[0,205,282,324,560,851,1273,1756,1806,1875]
[0,324,851,1806,1875]
[0,324,891,1875]
[0,205,282,560,851,1875]
[0,205,282,560,851,1273,1756,1806,1875]
[0,205,311,891,1273,1756,1806,1875]
[0,205,282,324,891,1273,1756,1806,1875]
[0,205,282,560,1806,1875]
[0,205,282,560,851,1756,1806,1875]
[0,324,851,1875]
[0,205,282,560,916,1273,1756,1806,1875]
[0,205,324,916,1273,1806,1875]
[0,205,311,891,1273,1806,1875]
[0,282,1875]
[0,205,1875]
[0,205,282,324,851,1273,1756,1806,1875]
[0,282,916,1273,1875]
[0,324,916,1273,1806,1875]
[0,205,282,560,851,1806,1875]
[0,205,324,891,1273,1875]
[0,282,891,1875]
[0,205,282,1806,1875]
[0,205,282,560,851,1273,1875]
[0,205,282,560,891,1806,1875]
[0,311,891,1806,1875]
[0,205,311,1806,1875]
[0,311,560,891,1875]
[0,324,851,1273,1756,1806,1875]
[0,205,1806,1875]
[0,282,851,1273,1875]
[0,205,282,324,560,891,1273,1756,1806,1875]
[0,205,282,560,916,1875]
[0,282,916,1273,1756,1806,1875]
[0,282,1806,1875]
[0,324,891,1806,1875]
[0,282,560,851,1875]
[0,205,282,560,891,1273,1875]
[0,205,282,560,1875]
[0,205,282,1756,1806,1875]
[0,891,1875]
[0,282,560,916,1806,1875]
[0,205,324,916,1875]
[0,324,916,1875]
[0,205,282,560,891,1273,1806,1875]
[0,205,324,916,1273,1756,1806,1875]
[0,560,1806,1875]
[0,851,1875]
[0,205,324,851,1273,1875]
[0,282,560,891,1806,1875]
[0,282,1273,1875]
[0,324,891,1273,1875]
[0,205,324,1875]
[0,282,560,1875]
[0,205,311,891,1806,1875]
[0,205,282,560,891,1756,1806,1875]
[0,324,891,1273,1756,1806,1875]
[0,205,311,560,891,1273,1756,1806,1875]
[0,282,916,1875]
[0,205,282,560,891,1875]
[0,311,891,1273,1806,1875]
[0,282,1273,1756,1806,1875]
[0,282,560,891,1273,1875]
[0,282,916,1273,1806,1875]
[0,205,282,560,916,1273,1806,1875]
[0,311,1875]
[0,324,891,1756,1806,1875]
[0,205,311,560,891,1273,1875]
[0,282,560,1805,1875]
[0,205,324,916,1273,1875]
[0,205,311,891,1273,1875]
[0,282,1756,1806,1875]
[0,891,1273,1875]
[0,1788,1875]
[0,205,324,851,1273,1756,1806,1875]
[0,311,1806,1875]
[0,205,282,560,916,1806,1875]
[0,205,311,891,1875]
[0,205,311,560,891,1273,1806,1875]
[0,282,1273,1806,1875]
[0,324,1806,1875]
[0,205,324,1806,1875]
[0,205,282,324,560,916,1273,1756,1806,1875]
[0,324,851,1273,1875]
[0,324,1875]
[0,205,324,851,1273,1806,1875]
[0,205,282,560,1756,1806,1875]
[0,311,1756,1806,1875]
[0,324,916,1806,1875]
[0,916,1273,1875]
[0,205,324,891,1273,1806,1875]
[0,324,851,1756,1806,1875]
[0,205,311,560,891,1875]
[0,205,282,560,916,1273,1875]
[0,916,1875]
[0,1805,1875]
[0,282,560,891,1875]
[0,282,560,891,1805,1875]
[0,282,891,1273,1875]
[0,311,891,1756,1806,1875]
[0,205,282,324,916,1273,1756,1806,1875]
[0,282,560,916,1273,1806,1875]
