[0,727,1066,1463,2019]
[0,247,667,837,1066,1405,1550,2019]
[0,247,373,667,837,1066,1405,1550,1726,2019]
[0,340,2019]
[0,247,837,1066,1405,1550,1726,2019]
[0,247,667,837,1066,1463,2019]
[0,247,340,1066,1550,1726,2019]
[0,1405,2019]
[0,837,1405,2019]
[0,837,2019]
[0,247,709,1066,1550,2019]
[0,247,340,1066,2019]
[0,247,837,1066,1463,2019]
[0,247,388,837,1066,1405,1550,1726,2019]
[0,340,1066,1550,1726,2019]
[0,340,1066,1550,2019]
[0,247,373,2019]
[0,247,709,1066,2019]
[0,247,1405,1550,2019]
[0,388,2019]
[0,247,1066,2019]
[0,1550,2019]
[0,727,2019]
[0,247,1463,1550,2019]
[0,1066,1550,2019]
[0,247,373,727,1066,2019]
[0,709,1550,2019]
[0,247,667,837,1066,1405,2019]
[0,340,709,1066,1550,2019]
[0,837,1463,2019]
[0,247,373,667,837,1066,1921,2019]
[0,247,388,667,837,1066,1405,1550,1726,2019]
[0,247,837,1066,1550,2019]
[0,247,340,837,1066,2019]
[0,247,340,837,1066,1463,1550,2019]
[0,727,1066,2019]
[0,247,373,667,837,1066,1463,1921,2019]
[0,1463,2019]
[0,247,373,727,1066,1463,2019]
[0,247,837,1066,1550,1726,2019]
[0,247,340,837,1066,1463,1550,1726,2019]
[0,247,837,1066,1405,1550,2019]
[0,247,373,727,1066,1463,1921,2019]
[0,247,1463,2019]
[0,247,373,667,837,1066,1405,1550,2019]
[0,247,837,1405,2019]
[0,247,837,1066,2019]
[0,247,667,837,1066,2019]
[0,247,373,837,1066,1405,1550,1726,2019]
[0,247,373,837,1066,1405,1550,2019]
[0,709,1066,2019]
[0,247,837,1405,1550,2019]
[0,340,709,1066,2019]
[0,247,667,837,1066,1550,1726,2019]
[0,340,1066,2019]
[0,1066,2019]
[0,247,373,667,837,1066,2019]
[0,247,340,2019]
[0,247,2019]
[0,709,2019]
[0,247,340,837,1066,1550,2019]
[0,247,837,1463,1550,2019]
[0,247,727,1066,2019]
[0,247,1405,2019]
[0,247,340,1066,1550,2019]
[0,247,727,1066,1463,2019]
[0,247,837,1066,1405,2019]
[0,247,1066,1550,2019]
[0,727,1463,2019]
[0,247,340,709,1066,1550,1726,2019]
[0,247,373,1066,2019]
[0,247,837,1463,2019]
[0,247,837,1066,1463,1550,2019]
[0,247,667,837,1066,1405,1550,1726,2019]
[0,247,373,727,1066,1921,2019]
[0,247,373,837,1066,2019]
[0,709,1066,1550,2019]
[0,247,373,667,837,1066,1463,2019]
[0,247,709,1066,1550,1726,2019]
[0,340,709,1066,1550,1726,2019]
[0,247,340,837,1066,1550,1726,2019]
