[0,375,871,1068,1118,1264]
[0,198,274,431,1068,1118,1264]
[0,274,391,1139,1264]
[0,198,1264]
[0,431,1139,1264]
[0,198,274,375,1068,1118,1264]
[0,391,1068,1139,1264]
[0,1118,1264]
[0,375,1118,1264]
[0,198,274,391,1068,1139,1264]
[0,198,274,431,1264]
[0,375,871,1068,1264]
[0,1068,1118,1264]
[0,431,1068,1264]
[0,198,274,391,1264]
[0,274,391,1068,1139,1264]
[0,431,1264]
[0,375,871,1264]
[0,375,1068,1264]
[0,871,1264]
[0,375,842,1068,1264]
[0,391,1264]
[0,198,274,431,1068,1139,1264]
[0,375,842,1264]
[0,842,1264]
[0,375,1068,1118,1264]
[0,274,375,1264]
[0,198,274,431,1139,1264]
[0,274,1264]
[0,198,274,375,1264]
[0,274,431,1264]
[0,391,1139,1264]
[0,198,274,375,1118,1264]
[0,274,431,1139,1264]
[0,375,1139,1264]
[0,274,431,1068,1139,1264]
[0,1139,1264]
[0,274,391,1264]
[0,375,1264]
[0,274,375,1118,1264]
[0,1068,1139,1264]
[0,198,274,431,1068,1264]
[0,274,431,1068,1264]
[0,375,1068,1139,1264]
[0,198,274,391,1139,1264]
[0,431,1068,1139,1264]
