[0,109,200,1120,1216,1343]
[0,109,1120,1343]
[0,109,200,1150,1343]
[0,109,543,1120,1216,1343]
[0,109,633,1120,1216,1343]
[0,109,633,682,1120,1343]
[0,109,1201,1343]
[0,109,200,633,1120,1216,1343]
[0,491,1343]
[0,109,543,633,1120,1216,1343]
[0,109,1150,1343]
[0,109,543,633,682,1120,1343]
[0,109,543,633,682,1120,1216,1343]
[0,145,1343]
[0,682,1343]
[0,1120,1343]
[0,1201,1343]
[0,109,200,1120,1343]
[0,491,1150,1343]
[0,543,1343]
[0,633,1343]
[0,1150,1343]
[0,109,491,1150,1343]
[0,109,543,633,1120,1343]
[0,109,1120,1216,1343]
[0,543,1120,1343]
[0,633,1120,1343]
[0,109,200,491,1150,1343]
[0,109,1343]
[0,109,633,682,1343]
[0,109,200,543,633,682,1120,1216,1343]
[0,109,633,1120,1343]
[0,109,682,1343]
[0,109,200,1201,1343]
[0,109,200,543,633,1120,1216,1343]
[0,109,543,1120,1343]
