[0,453,1617,2137,2812]
[0,111,453,630,1466,2137,2765,2812]
[0,453,611,923,1612,2137,2313,2812]
[0,111,2765,2812]
[0,111,453,609,927,1617,2137,2262,2765,2812]
[0,609,2812]
[0,453,1612,2137,2812]
[0,453,609,927,2137,2812]
[0,111,453,1466,2137,2812]
[0,453,2137,2262,2812]
[0,609,752,2765,2812]
[0,588,2070,2812]
[0,453,611,832,2137,2812]
[0,1617,2812]
[0,609,752,2812]
[0,453,1617,1808,2137,2812]
[0,111,453,611,832,1466,2812]
[0,453,609,927,1617,1808,2137,2812]
[0,1612,2812]
[0,453,927,2137,2262,2812]
[0,111,453,609,1466,2812]
[0,453,1470,2765,2812]
[0,453,630,1466,2137,2812]
[0,453,923,1612,1808,2137,2812]
[0,453,1612,2812]
[0,453,611,1466,2765,2812]
[0,453,1466,2137,2313,2812]
[0,453,923,1466,2137,2812]
[0,453,611,832,1466,2765,2812]
[0,111,453,609,752,1466,2137,2812]
[0,609,752,1466,2812]
[0,111,1466,2812]
[0,453,923,2137,2313,2812]
[0,453,2137,2313,2765,2812]
[0,453,923,1612,1808,2137,2313,2812]
[0,111,453,609,1466,2137,2765,2812]
[0,453,609,927,2137,2262,2765,2812]
[0,453,2765,2812]
[0,453,609,927,1617,2137,2262,2812]
[0,111,453,630,1466,2137,2812]
[0,923,1612,2137,2812]
[0,111,453,609,927,1617,2137,2262,2812]
[0,453,927,1617,1808,2137,2812]
[0,453,609,752,1466,2137,2812]
[0,453,609,1466,2137,2262,2765,2812]
[0,927,2812]
[0,453,609,752,2137,2812]
[0,111,453,1466,2137,2765,2812]
[0,588,2812]
[0,111,453,611,832,1466,2765,2812]
[0,453,1612,2137,2313,2812]
[0,453,2137,2765,2812]
[0,453,832,1466,2812]
[0,453,927,2137,2812]
[0,453,611,923,1466,2137,2313,2812]
[0,453,923,1612,2137,2812]
[0,111,453,609,752,1466,2137,2765,2812]
[0,609,752,1466,2765,2812]
[0,453,752,2137,2812]
[0,609,1466,2765,2812]
[0,453,927,2137,2262,2765,2812]
[0,453,923,1612,2137,2313,2812]
[0,111,453,609,1466,2137,2812]
[0,453,923,2137,2812]
[0,453,2137,2812]
[0,453,923,1466,2137,2313,2812]
[0,453,609,1466,2812]
[0,111,453,611,832,1466,2137,2812]
[0,453,2137,2262,2765,2812]
[0,609,1466,2812]
[0,111,453,611,923,1612,2137,2313,2812]
[0,453,1466,2137,2812]
[0,453,1617,2812]
[0,453,609,1466,2137,2262,2812]
[0,111,453,611,832,1466,2137,2765,2812]
[0,453,611,923,2137,2313,2812]
[0,927,1617,2137,2812]
[0,111,453,611,923,1612,1808,2137,2313,2812]
[0,111,453,609,927,1617,1808,2137,2262,2812]
[0,453,611,1466,2812]
[0,453,609,927,1617,1808,2137,2262,2812]
[0,453,609,752,1466,2765,2812]
[0,111,609,1466,2812]
[0,453,832,1466,2137,2812]
[0,453,611,923,1612,2137,2313,2765,2812]
[0,453,611,923,1466,2137,2313,2765,2812]
[0,111,453,609,927,1466,2137,2262,2812]
[0,111,453,611,923,1466,2137,2313,2765,2812]
[0,927,2137,2812]
[0,453,611,832,1466,2812]
[0,111,453,609,752,1466,2765,2812]
[0,453,609,1466,2765,2812]
[0,453,609,927,1617,2137,2812]
[0,2070,2812]
[0,111,453,609,927,1617,1808,2137,2262,2765,2812]
[0,927,1466,2137,2812]
[0,609,752,2137,2812]
[0,923,2137,2812]
[0,923,2812]
[0,111,2812]
[0,111,453,611,923,1612,2137,2313,2765,2812]
[0,1617,2137,2812]
[0,453,609,927,1466,2137,2812]
[0,453,609,752,1466,2812]
[0,453,609,927,1617,2137,2262,2765,2812]
[0,453,611,923,1612,1808,2137,2313,2812]
[0,453,1466,2765,2812]
[0,2765,2812]
[0,111,453,611,923,1466,2137,2313,2812]
[0,453,1466,2137,2262,2812]
[0,453,609,927,1466,2137,2262,2812]
[0,111,453,609,927,1466,2137,2262,2765,2812]
[0,453,1466,2812]
[0,111,453,609,1466,2765,2812]
[0,453,609,927,1466,2137,2262,2765,2812]
[0,1466,2137,2812]
[0,453,832,2137,2812]
[0,453,923,2137,2313,2765,2812]
[0,111,1466,2765,2812]
[0,111,453,611,923,1612,1808,2137,2313,2765,2812]
[0,111,609,1466,2765,2812]
[0,453,609,927,2137,2262,2812]
[0,453,1466,2137,2262,2765,2812]
[0,923,1466,2137,2812]
[0,453,609,1466,2137,2812]
[0,1466,2812]
[0,453,611,923,2137,2313,2765,2812]
[0,111,453,609,752,1466,2812]
[0,1612,2137,2812]
[0,2137,2812]
[0,453,611,832,1466,2137,2812]
[0,453,611,923,2137,2812]
[0,1470,2812]
[0,453,2812]
[0,453,927,1617,2137,2812]
[0,111,453,1466,2765,2812]
[0,453,1470,2812]
[0,453,2137,2313,2812]
[0,111,453,1466,2812]
[0,609,2137,2812]
[0,453,927,1466,2137,2812]
