[0,139,940,1651]
[0,807,1102,1455,1651]
[0,270,808,1651]
[0,270,452,807,1184,1651]
[0,270,1102,1490,1651]
[0,270,452,1102,1490,1651]
[0,270,1184,1651]
[0,270,807,985,1228,1466,1651]
[0,808,1651]
[0,91,270,807,1184,1484,1651]
[0,270,808,985,1490,1651]
[0,270,985,1490,1651]
[0,91,270,808,985,1490,1651]
[0,139,1184,1651]
[0,270,807,1466,1651]
[0,270,452,807,1184,1484,1651]
[0,1184,1490,1651]
[0,91,270,807,1102,1455,1651]
[0,91,270,808,1184,1490,1651]
[0,270,452,1102,1651]
[0,940,1651]
[0,270,1102,1651]
[0,1102,1484,1651]
[0,91,270,452,807,1184,1484,1651]
[0,91,270,452,1102,1484,1651]
[0,91,270,807,1651]
[0,1184,1651]
[0,91,270,1102,1484,1651]
[0,91,270,985,1490,1651]
[0,270,807,1651]
[0,270,1184,1484,1651]
[0,91,270,807,1466,1651]
[0,270,985,1651]
[0,807,1184,1651]
[0,91,270,1102,1455,1651]
[0,270,807,1184,1651]
[0,270,807,1228,1651]
[0,91,270,452,1102,1490,1651]
[0,270,808,1184,1651]
[0,139,1102,1455,1651]
[0,1102,1455,1651]
[0,808,1184,1651]
[0,139,807,1102,1455,1651]
[0,807,1228,1651]
[0,1102,1651]
[0,91,270,808,1102,1490,1651]
[0,270,807,1228,1466,1651]
[0,91,270,1102,1490,1651]
[0,270,807,1102,1455,1651]
[0,270,1102,1484,1651]
[0,807,1102,1651]
[0,91,270,807,985,1228,1466,1651]
[0,1102,1490,1651]
[0,270,808,1102,1490,1651]
[0,270,807,1184,1484,1651]
[0,270,808,1102,1651]
[0,270,808,1184,1490,1651]
[0,270,1184,1490,1651]
[0,270,452,1102,1484,1651]
[0,270,807,1102,1651]
[0,807,1651]
[0,91,270,807,1228,1466,1651]
[0,985,1651]
[0,270,808,985,1651]
[0,1184,1484,1651]
[0,270,1102,1455,1651]
[0,808,1102,1651]
