[0,367,587,1019,1828,2120]
[0,291,367,501,587,822,1019,1828,2120]
[0,367,480,587,822,1019,1828,2120]
[0,291,367,480,587,822,1019,1828,2120]
[0,367,587,1828,2120]
[0,1828,2120]
[0,367,480,587,1019,1828,2120]
[0,367,587,822,1019,1828,2120]
[0,822,2120]
[0,339,2120]
[0,393,2120]
[0,1019,2120]
[0,339,520,2120]
[0,367,501,587,1019,1828,2120]
[0,367,1019,1828,2120]
[0,367,480,587,1828,2120]
[0,367,587,2120]
[0,339,587,2120]
[0,393,822,2120]
[0,339,501,2120]
[0,367,501,587,822,1019,1828,2120]
[0,367,822,1828,2120]
[0,367,2120]
[0,367,1828,2120]
[0,56,291,367,480,587,822,1019,1828,2120]
[0,393,822,1828,2120]
[0,367,1019,2120]
[0,367,501,587,1828,2120]
[0,367,822,2120]
