[0,1225,1458,2554]
[0,653,1458,2554]
[0,1973,2224,2554]
[0,709,1458,2554]
[0,67,316,507,709,878,1225,1458,1973,2224,2554]
[0,67,709,878,1225,1567,1973,2224,2554]
[0,709,1225,1458,2554]
[0,1605,2554]
[0,507,709,1225,2224,2554]
[0,315,2554]
[0,709,2554]
[0,67,316,507,709,878,1225,2224,2554]
[0,316,507,709,1225,2224,2554]
[0,709,1225,2224,2554]
[0,67,709,1225,1567,1973,2224,2554]
[0,67,1973,2224,2554]
[0,316,507,709,878,1225,2224,2554]
[0,315,534,708,1225,1402,2554]
[0,67,708,1225,1402,2554]
[0,67,316,507,709,878,1225,1458,1567,1973,2224,2554]
[0,709,878,1225,1567,1973,2224,2554]
[0,708,1225,1520,2554]
[0,709,878,2224,2554]
[0,1402,2554]
[0,507,709,1225,1458,2554]
[0,709,1225,1458,2224,2554]
[0,315,534,708,878,1225,1402,2554]
[0,316,507,709,2224,2554]
[0,507,709,1225,1458,1973,2224,2554]
[0,709,1225,1567,2224,2554]
[0,316,507,709,878,1225,1458,1973,2224,2554]
[0,67,1225,1520,2554]
[0,653,1458,2056,2554]
[0,315,708,1225,1520,2554]
[0,507,709,1225,2554]
[0,709,1225,2554]
[0,316,507,709,2554]
[0,67,534,708,878,1225,1402,2554]
[0,67,709,878,1225,2224,2554]
[0,67,315,1225,1520,2554]
[0,67,708,1225,1520,2554]
[0,709,1225,1973,2224,2554]
[0,315,1225,1520,2554]
[0,1520,2554]
[0,1225,2554]
[0,316,507,709,1225,1458,2224,2554]
[0,709,1225,1458,1973,2224,2554]
[0,709,878,1225,1973,2224,2554]
[0,1458,2554]
[0,67,2554]
[0,316,507,709,878,1225,1973,2224,2554]
[0,709,878,1225,2224,2554]
[0,316,507,709,1225,1567,1973,2224,2554]
[0,67,709,1225,2224,2554]
[0,67,709,2554]
[0,507,709,1225,1567,1973,2224,2554]
[0,316,507,709,878,2554]
[0,708,1225,2554]
[0,709,2056,2554]
[0,67,534,708,1225,1402,2554]
[0,67,316,507,709,878,2224,2554]
[0,709,1458,1973,2554]
[0,316,507,709,1225,1458,2554]
[0,2056,2554]
[0,534,708,878,1225,1402,2554]
[0,316,507,709,878,2224,2554]
[0,507,709,1225,1973,2224,2554]
[0,534,708,1225,1402,2554]
[0,315,708,1225,1402,2554]
[0,709,878,2554]
[0,709,1225,1567,1973,2224,2554]
[0,315,534,708,1225,1520,2554]
[0,67,709,878,2224,2554]
[0,316,507,709,1225,1458,1973,2224,2554]
[0,1225,1402,2554]
[0,67,316,507,709,878,1225,1973,2224,2554]
[0,316,507,709,1225,2554]
[0,67,315,534,708,878,1225,1402,2554]
[0,1458,2056,2554]
[0,316,507,709,878,1225,1567,1973,2224,2554]
[0,67,709,878,1225,1973,2224,2554]
[0,534,708,1225,1520,2554]
[0,67,534,708,1225,1520,2554]
[0,709,1225,1567,2554]
[0,67,316,507,709,1225,1458,1973,2224,2554]
[0,67,709,1225,1973,2224,2554]
[0,708,2554]
[0,67,709,1973,2224,2554]
[0,316,507,709,1225,1973,2224,2554]
[0,709,1973,2224,2554]
[0,534,708,878,1225,1520,2554]
[0,315,708,1225,2554]
[0,67,2224,2554]
[0,315,534,708,878,1225,1520,2554]
[0,67,315,534,708,878,1225,1520,2554]
[0,2224,2554]
[0,708,1225,1402,2554]
[0,507,709,1225,1458,2224,2554]
[0,507,709,2224,2554]
[0,67,534,708,878,1225,1520,2554]
[0,315,1225,2554]
[0,709,2224,2554]
[0,316,507,709,878,1225,1458,1567,1973,2224,2554]
[0,507,709,2554]
[0,67,316,507,709,878,1225,1567,1973,2224,2554]
[0,1225,1520,2554]
