[0,58,1137,1350,1562]
[0,814,1336,1562]
[0,788,1400,1562]
[0,58,1400,1562]
[0,58,674,814,1030,1137,1350,1562]
[0,58,674,814,893,1030,1137,1350,1562]
[0,788,1030,1562]
[0,58,815,1350,1562]
[0,58,674,814,1030,1350,1562]
[0,58,1562]
[0,788,1030,1400,1562]
[0,1030,1137,1562]
[0,674,814,1030,1137,1350,1562]
[0,58,674,815,1350,1562]
[0,98,814,1336,1562]
[0,815,1030,1137,1350,1562]
[0,674,815,1030,1137,1350,1562]
[0,1350,1562]
[0,58,1030,1562]
[0,815,1562]
[0,674,814,893,1030,1137,1350,1562]
[0,1137,1350,1562]
[0,58,815,1400,1562]
[0,674,814,1350,1562]
[0,788,1562]
[0,58,674,814,1350,1562]
[0,815,1350,1562]
[0,58,674,815,1400,1562]
[0,58,1030,1137,1562]
[0,674,815,1030,1350,1562]
[0,674,815,1350,1562]
[0,1400,1562]
[0,58,674,815,1030,1137,1350,1562]
[0,1336,1562]
[0,58,814,1350,1562]
[0,1030,1562]
[0,814,1350,1562]
[0,58,1030,1137,1350,1562]
[0,814,1562]
[0,138,1030,1562]
[0,674,815,1400,1562]
[0,815,1400,1562]
[0,58,1350,1562]
[0,814,1030,1562]
[0,814,1030,1137,1350,1562]
[0,1030,1137,1350,1562]
[0,58,788,1030,1400,1562]
[0,58,815,1030,1137,1350,1562]
[0,815,1030,1350,1562]
[0,674,814,1030,1350,1562]
[0,815,1030,1562]
[0,58,788,1400,1562]
[0,58,814,1030,1137,1350,1562]
[0,98,1336,1562]
[0,814,1030,1350,1562]
[0,1137,1562]
