[0,601,1118,1374,1810]
[0,475,650,1119,1374,1810]
[0,108,1119,1374,1810]
[0,840,1374,1810]
[0,108,1810]
[0,650,1118,1810]
[0,108,1069,1374,1810]
[0,108,650,1374,1810]
[0,1118,1374,1810]
[0,108,650,1119,1374,1810]
[0,283,475,650,1119,1374,1810]
[0,475,650,1118,1374,1497,1636,1810]
[0,283,650,1119,1810]
[0,1118,1810]
[0,108,650,1069,1374,1810]
[0,601,1118,1810]
[0,475,650,1119,1374,1497,1636,1810]
[0,108,1118,1374,1810]
[0,650,840,1374,1810]
[0,650,1069,1810]
[0,475,650,1118,1374,1636,1810]
[0,283,650,1119,1374,1810]
[0,475,650,1118,1374,1497,1810]
[0,108,1374,1810]
[0,1069,1810]
[0,1355,1810]
[0,108,650,840,1374,1810]
[0,475,650,1118,1374,1810]
[0,840,1810]
[0,650,1119,1374,1810]
[0,475,650,1119,1374,1636,1810]
[0,650,1119,1810]
[0,1069,1374,1810]
[0,108,475,650,1119,1374,1810]
[0,108,601,1118,1374,1810]
[0,650,1069,1374,1810]
[0,1119,1374,1810]
[0,1119,1810]
[0,72,475,650,1118,1374,1810]
[0,650,1810]
[0,650,1374,1810]
[0,108,283,475,650,1119,1374,1810]
[0,475,650,1119,1374,1497,1810]
[0,650,1118,1374,1810]
[0,1374,1810]
