[0,317,1078,1561,2328,2759]
[0,1078,1561,2000,2328,2759]
[0,645,2759]
[0,1078,1561,2759]
[0,317,1078,1561,2000,2328,2668,2759]
[0,645,2061,2759]
[0,317,1078,1561,2759]
[0,1078,1561,2000,2759]
[0,317,1199,2000,2328,2759]
[0,1176,1561,2759]
[0,1187,2759]
[0,1176,2000,2328,2759]
[0,1078,1561,2328,2759]
[0,1199,2000,2328,2759]
[0,317,1078,2759]
[0,317,1176,1561,2759]
[0,317,1199,2759]
[0,1199,2759]
[0,1078,2759]
[0,317,1187,2020,2328,2759]
[0,317,1176,2020,2328,2759]
[0,317,1199,2000,2759]
[0,317,1187,2000,2328,2759]
[0,1187,2020,2759]
[0,317,1078,2000,2328,2759]
[0,317,1176,2759]
[0,1187,2000,2759]
[0,2061,2759]
[0,1078,2000,2759]
[0,1176,2020,2759]
[0,317,1078,2158,2328,2759]
[0,1176,2759]
[0,1176,2000,2759]
[0,317,1187,2020,2759]
[0,1078,2158,2759]
[0,317,1187,2000,2759]
[0,1199,2000,2759]
[0,317,1176,2000,2328,2759]
[0,317,1561,2759]
[0,317,1187,2759]
[0,317,1176,2020,2759]
[0,317,1078,1561,2158,2328,2759]
[0,317,1431,2759]
[0,317,1176,2000,2759]
[0,317,1078,1561,2000,2328,2759]
[0,1176,2020,2328,2759]
[0,1078,2158,2328,2759]
[0,1561,2759]
[0,317,1078,2158,2759]
[0,1187,2000,2328,2759]
[0,1078,2000,2328,2759]
[0,1431,2759]
