[0,371,578,848,1192,1998,2211]
[0,578,815,1192,1662,2211]
[0,371,578,931,1192,1662,2211]
[0,578,931,1192,2211]
[0,578,815,1049,1192,1387,1998,2211]
[0,578,815,1050,1192,1387,1662,1906,1998,2211]
[0,578,815,1050,1192,2211]
[0,1192,2211]
[0,578,848,1387,1662,2211]
[0,578,931,1192,1662,2211]
[0,578,815,1049,1192,2211]
[0,578,815,1192,1387,1662,1998,2211]
[0,578,815,1050,1192,1906,1998,2211]
[0,578,815,1050,1192,1998,2211]
[0,371,578,815,1192,1387,1662,1998,2211]
[0,371,578,832,1192,1387,1662,1998,2211]
[0,578,815,1192,1998,2211]
[0,371,578,815,1192,1387,1662,2211]
[0,371,578,832,1192,1662,1998,2211]
[0,371,578,815,1192,1998,2211]
[0,578,1192,1662,2211]
[0,371,578,848,1192,1387,1662,1998,2211]
[0,578,1387,2211]
[0,578,832,1192,1662,2211]
[0,371,578,931,1192,1387,1662,2211]
[0,578,848,1192,1387,1998,2211]
[0,371,578,815,1192,2211]
[0,578,815,1050,1192,1387,1906,1998,2211]
[0,371,578,815,1050,1192,1387,1662,1906,1998,2211]
[0,578,848,1192,2211]
[0,575,848,1192,2211]
[0,578,815,1049,1192,1998,2211]
[0,371,578,848,1387,1998,2211]
[0,578,815,1192,1662,1998,2211]
[0,578,815,1049,1192,1387,1662,1998,2211]
[0,578,832,1192,1662,1998,2211]
[0,578,848,1387,1662,1998,2211]
[0,371,578,815,1049,1192,1387,1998,2211]
[0,371,578,931,1192,1387,2211]
[0,578,815,1192,1387,1998,2211]
[0,578,1192,2211]
[0,578,815,1192,1387,2211]
[0,578,848,1387,2211]
[0,578,848,1192,1998,2211]
[0,578,2211]
[0,578,931,1192,1387,1662,2211]
[0,371,578,815,1049,1192,1387,1662,1998,2211]
[0,371,578,815,1050,1192,1387,1662,1998,2211]
[0,578,931,1192,1387,2211]
[0,578,815,1049,1192,1906,1998,2211]
[0,371,578,832,931,1192,1387,1662,1998,2211]
[0,371,578,931,1192,2211]
[0,578,1387,1662,2211]
[0,371,578,815,1050,1192,1387,1998,2211]
[0,575,1192,2211]
[0,578,815,1049,1192,1387,2211]
[0,371,578,815,1192,1662,1998,2211]
[0,578,815,1192,2211]
[0,578,815,1050,1192,1387,1998,2211]
[0,371,578,815,1049,1192,1387,1662,1906,1998,2211]
[0,578,848,1387,1998,2211]
[0,371,578,848,1192,1387,1998,2211]
[0,371,578,832,1192,1387,1998,2211]
[0,575,2211]
[0,1387,2211]
[0,371,578,832,1192,1998,2211]
[0,371,578,815,1192,1387,1998,2211]
[0,578,832,1192,1387,1998,2211]
[0,578,815,1049,1192,1387,1662,1906,1998,2211]
[0,578,815,1049,1192,1387,1662,2211]
[0,578,1387,1998,2211]
[0,371,578,815,1049,1192,1387,1662,2211]
[0,578,815,1050,1192,1387,1662,1998,2211]
[0,578,815,1192,1387,1662,2211]
[0,832,2211]
[0,578,832,1192,1998,2211]
[0,578,832,1192,2211]
[0,578,815,1049,1192,1387,1906,1998,2211]
[0,371,578,815,1192,1662,2211]
[0,371,578,848,1387,1662,1998,2211]
