[0,277,706,1117,1651]
[0,277,683,882,1117,1225,1651]
[0,706,1117,1651]
[0,277,683,882,999,1117,1225,1479,1651]
[0,277,999,1651]
[0,78,215,277,557,706,882,999,1117,1225,1479,1651]
[0,277,706,882,999,1117,1225,1651]
[0,78,277,706,882,999,1117,1225,1479,1651]
[0,277,683,999,1479,1651]
[0,1479,1651]
[0,1140,1651]
[0,78,215,277,706,1117,1225,1479,1651]
[0,78,277,683,882,999,1117,1225,1479,1651]
[0,78,277,706,1117,1225,1479,1651]
[0,277,706,999,1225,1651]
[0,277,683,882,999,1117,1225,1651]
[0,683,999,1479,1651]
[0,277,683,999,1651]
[0,277,706,1479,1651]
[0,706,1651]
[0,277,1651]
[0,277,683,882,1651]
[0,78,277,752,1651]
[0,277,557,706,1117,1479,1651]
[0,277,706,882,999,1479,1651]
[0,78,277,752,1479,1651]
[0,215,1651]
[0,277,683,882,999,1225,1479,1651]
[0,1117,1651]
[0,277,1117,1225,1651]
[0,78,277,1117,1225,1651]
[0,277,706,1117,1479,1651]
[0,78,999,1651]
[0,78,277,1651]
[0,215,1479,1651]
[0,215,1140,1651]
[0,277,683,882,999,1651]
[0,683,999,1651]
[0,277,706,882,999,1651]
[0,78,215,277,683,1117,1225,1479,1651]
[0,1225,1651]
[0,999,1479,1651]
[0,277,706,1117,1225,1651]
[0,78,277,706,882,1117,1225,1651]
[0,683,1225,1651]
[0,683,1651]
[0,706,1225,1651]
[0,277,683,882,1117,1651]
[0,277,557,706,1117,1225,1479,1651]
[0,277,557,706,882,999,1117,1225,1479,1651]
[0,78,277,557,706,882,999,1117,1225,1479,1651]
[0,277,706,1225,1651]
[0,78,277,706,1117,1225,1651]
[0,683,1117,1651]
[0,277,683,999,1225,1479,1651]
[0,78,277,557,706,1117,1225,1479,1651]
[0,277,706,882,999,1225,1651]
[0,277,683,1117,1225,1479,1651]
[0,277,752,1479,1651]
[0,277,683,1117,1225,1651]
[0,277,706,999,1479,1651]
[0,277,683,882,999,1479,1651]
[0,78,277,706,882,999,1117,1225,1651]
[0,277,999,1225,1651]
[0,277,557,706,999,1225,1479,1651]
[0,277,706,1117,1225,1479,1651]
[0,277,706,882,1117,1651]
[0,277,706,1651]
[0,277,706,882,999,1117,1225,1479,1651]
[0,277,706,999,1225,1479,1651]
[0,277,706,882,999,1225,1479,1651]
[0,277,683,1479,1651]
[0,78,277,683,1479,1651]
[0,78,277,706,1479,1651]
[0,277,706,882,1117,1225,1651]
[0,277,752,1651]
[0,78,277,683,1117,1225,1479,1651]
[0,999,1651]
[0,215,1140,1479,1651]
[0,78,277,706,1651]
[0,78,277,683,882,1117,1225,1651]
[0,277,706,999,1651]
[0,78,277,1117,1651]
[0,277,683,882,999,1225,1651]
[0,277,1117,1651]
[0,752,1651]
[0,277,683,999,1225,1651]
[0,706,999,1651]
[0,78,215,277,557,706,1117,1225,1479,1651]
[0,277,706,882,1479,1651]
[0,78,277,683,882,999,1117,1225,1651]
[0,78,277,683,1117,1225,1651]
[0,277,683,1225,1651]
[0,277,706,882,1651]
[0,277,683,1117,1479,1651]
[0,78,215,277,683,882,999,1117,1225,1479,1651]
[0,277,557,706,882,999,1225,1479,1651]
[0,78,277,683,1651]
[0,277,683,1651]
[0,277,683,1117,1651]
