[0,382,488,1264]
[0,42,382,934,1264]
[0,382,1264]
[0,42,289,382,488,664,711,934,1264]
[0,382,488,934,1264]
[0,374,488,664,711,934,1264]
[0,382,488,664,934,1264]
[0,382,664,1264]
[0,382,488,664,711,934,1264]
[0,42,374,488,664,711,934,1264]
[0,374,488,664,711,1264]
[0,382,664,934,1264]
[0,374,488,934,1264]
[0,289,382,488,664,711,934,1264]
[0,374,934,1264]
[0,305,934,1264]
[0,305,1264]
[0,289,382,488,934,1264]
[0,374,1264]
[0,934,1264]
[0,382,488,664,1264]
[0,289,382,488,664,934,1264]
[0,382,488,664,711,1264]
[0,374,664,934,1264]
[0,42,289,382,488,934,1264]
[0,374,488,664,1264]
[0,42,289,382,488,664,934,1264]
[0,374,488,664,934,1264]
[0,42,374,488,934,1264]
[0,374,488,1264]
[0,42,374,934,1264]
[0,374,664,1264]
[0,42,374,488,664,934,1264]
[0,382,934,1264]
