[0,157,477,801,1264]
[0,157,801,1264]
[0,157,284,477,801,960,1203,1264]
[0,157,218,477,801,960,1002,1108,1264]
[0,157,218,477,801,960,1108,1264]
[0,85,157,477,801,960,1108,1203,1264]
[0,157,284,477,801,960,1002,1203,1264]
[0,157,801,960,1002,1108,1264]
[0,801,1264]
[0,157,286,477,801,960,1108,1264]
[0,157,286,477,801,960,1002,1108,1264]
[0,157,960,1002,1264]
[0,85,157,284,477,801,1264]
[0,85,157,284,477,801,960,1108,1264]
[0,157,477,801,1002,1264]
[0,85,157,286,477,801,960,1108,1264]
[0,168,1264]
[0,157,801,1203,1264]
[0,85,157,284,477,801,960,1002,1203,1264]
[0,157,477,801,960,1203,1264]
[0,157,477,801,960,1002,1108,1264]
[0,157,477,801,960,1108,1264]
[0,477,801,1002,1264]
[0,477,801,1264]
[0,157,1264]
[0,157,218,477,801,960,1108,1203,1264]
[0,157,801,1002,1264]
[0,85,157,477,801,960,1108,1264]
[0,477,801,960,1264]
[0,157,801,960,1002,1264]
[0,157,960,1264]
[0,960,1264]
[0,157,284,477,801,960,1108,1264]
[0,157,801,960,1002,1203,1264]
[0,157,960,1108,1264]
[0,157,477,801,1203,1264]
[0,85,157,284,477,801,960,1203,1264]
[0,157,477,801,1108,1264]
[0,85,157,218,477,801,960,1002,1108,1264]
[0,157,477,801,960,1108,1203,1264]
[0,85,157,218,477,801,960,1108,1203,1264]
[0,85,157,218,477,801,960,1108,1264]
[0,157,477,801,960,1264]
[0,157,284,477,801,1203,1264]
[0,477,1264]
[0,801,1002,1264]
[0,960,1002,1264]
[0,85,157,286,477,801,960,1002,1108,1264]
[0,157,477,960,1264]
[0,157,801,960,1203,1264]
[0,157,801,1108,1264]
[0,801,960,1264]
[0,157,477,801,960,1002,1203,1264]
[0,477,960,1264]
[0,85,157,801,960,1108,1264]
[0,168,960,1264]
[0,157,801,960,1108,1264]
[0,157,801,960,1264]
[0,85,157,284,477,801,960,1264]
[0,157,284,477,801,1264]
[0,157,284,477,801,960,1264]
