[0,1356,2443,3089,4758]
[0,181,1054,2443,3035,3487,4193,4577,4758]
[0,1054,3129,4224,4758]
[0,1356,2448,3089,4169,4758]
[0,1054,2443,3035,3487,4193,4758]
[0,181,1356,4193,4758]
[0,1356,2443,3035,3487,4193,4758]
[0,181,358,1356,2443,3035,4193,4758]
[0,1054,2443,3129,4224,4758]
[0,181,3089,4168,4758]
[0,1054,3035,4577,4758]
[0,988,3035,4224,4758]
[0,390,1356,2122,2448,3089,4169,4758]
[0,181,1054,2443,3035,4193,4758]
[0,1054,3089,4169,4758]
[0,181,1054,2443,3089,4168,4758]
[0,1356,2122,2443,3035,4193,4577,4758]
[0,181,1054,1356,2443,3035,3487,4193,4577,4758]
[0,988,3258,4758]
[0,3129,4758]
[0,1356,2443,3035,4193,4758]
[0,181,358,1356,2122,2443,3035,3487,4193,4577,4758]
[0,181,358,1356,2122,2443,3035,4193,4577,4758]
[0,181,1356,2448,3089,4169,4577,4758]
[0,1054,2443,3035,3487,4193,4577,4758]
[0,1054,2443,3035,4193,4577,4758]
[0,3089,4758]
[0,390,1356,2448,3089,4169,4577,4758]
[0,2443,3089,4169,4758]
[0,181,358,1356,3035,4193,4758]
[0,390,1356,2122,2448,3089,4169,4577,4758]
[0,181,3035,4193,4758]
[0,988,3035,4758]
[0,1054,3035,4758]
[0,1054,2443,3035,4577,4758]
[0,1356,2122,2448,3089,4169,4758]
[0,181,3035,4758]
[0,1356,2443,3035,4758]
[0,1356,4193,4758]
[0,181,1356,2443,3035,4193,4758]
[0,1356,2448,3089,4758]
[0,1356,3035,4193,4758]
[0,181,1054,1356,2122,2443,3035,3487,4193,4577,4758]
[0,1356,3035,4758]
[0,3258,4758]
[0,1054,2443,3035,4193,4758]
[0,1054,2443,3089,4169,4577,4758]
[0,181,4758]
[0,181,1356,2122,2443,3035,4193,4577,4758]
[0,3035,4224,4758]
[0,181,1054,2443,3035,4577,4758]
[0,181,3129,4224,4758]
[0,181,1054,3035,4193,4758]
[0,1356,2122,2443,3035,3487,4193,4577,4758]
[0,1054,1356,2443,3035,3487,4193,4758]
[0,2443,3129,4224,4758]
[0,1054,2443,3089,4168,4577,4758]
[0,181,1356,2122,2448,3089,4169,4577,4758]
[0,3035,4758]
[0,1356,2443,3089,4169,4758]
[0,181,1054,2443,3129,4224,4758]
[0,390,1356,2448,3089,4169,4758]
[0,2443,3129,4758]
[0,1356,2122,2448,3089,4169,4577,4758]
[0,181,1356,2443,3035,3487,4193,4577,4758]
[0,1054,4758]
[0,2443,3089,4758]
[0,181,2443,3089,4168,4758]
[0,181,1356,2122,2443,3035,3487,4193,4577,4758]
[0,181,1054,2443,3089,4169,4758]
[0,1054,1356,2122,2443,3035,3487,4193,4758]
[0,181,1054,2443,3035,4193,4577,4758]
[0,1054,2443,3089,4168,4758]
[0,181,1356,2443,3035,4193,4577,4758]
[0,181,2443,3129,4224,4758]
[0,1356,2443,3089,4169,4577,4758]
[0,181,3035,4224,4758]
[0,1356,3089,4758]
[0,181,1054,3035,4577,4758]
[0,181,1054,2443,3089,4168,4577,4758]
[0,1054,2443,3129,4758]
[0,181,1356,4758]
[0,1054,2443,3089,4758]
[0,181,1356,2443,3089,4169,4577,4758]
[0,181,358,1356,4193,4758]
[0,181,1356,3035,4193,4758]
[0,3035,4577,4758]
[0,181,1054,2443,3089,4169,4577,4758]
[0,3089,4169,4758]
[0,1054,3035,4224,4758]
[0,181,390,1356,2448,3089,4169,4758]
[0,181,2443,3089,4169,4758]
[0,181,358,1356,4758]
[0,1356,2443,3035,4193,4577,4758]
[0,1356,2443,4758]
[0,1054,3129,4758]
[0,1054,3035,4193,4758]
[0,1054,2443,3089,4169,4758]
[0,1356,2448,3089,4169,4577,4758]
[0,1356,2443,3035,3487,4193,4577,4758]
[0,1054,3089,4168,4758]
[0,1054,1356,2443,3035,3487,4193,4577,4758]
[0,181,1054,3035,4224,4758]
[0,1356,4758]
[0,3035,4193,4758]
[0,1054,4577,4758]
[0,1356,2122,2443,3035,3487,4193,4758]
[0,181,1356,2448,3089,4169,4758]
[0,181,358,1356,2443,3035,4193,4577,4758]
[0,181,1356,2443,3089,4169,4758]
[0,3089,4168,4758]
[0,181,390,1356,2122,2448,3089,4169,4577,4758]
[0,181,3089,4169,4758]
[0,1356,2122,2443,3035,4193,4758]
[0,1054,1356,2122,2443,3035,3487,4193,4577,4758]
[0,2443,3089,4168,4758]
[0,1054,2443,3035,4758]
[0,181,390,1356,2448,3089,4169,4577,4758]
[0,181,3035,4577,4758]
[0,3129,4224,4758]
[0,1054,3089,4758]
