[0,132,522,654,854,1046]
[0,132,522,654,739,846,1046]
[0,132,720,1046]
[0,522,720,1046]
[0,132,522,720,838,1046]
[0,132,522,720,1046]
[0,654,838,1046]
[0,522,654,854,1046]
[0,522,654,1046]
[0,132,1046]
[0,522,654,846,1046]
[0,132,522,739,846,1046]
[0,654,854,1046]
[0,132,522,654,846,1046]
[0,132,522,654,838,1046]
[0,132,441,522,720,838,1046]
[0,522,739,1046]
[0,132,522,739,1046]
[0,522,654,838,1046]
[0,132,522,1046]
[0,739,1046]
[0,654,846,1046]
[0,132,522,654,1046]
[0,654,1046]
[0,720,1046]
[0,522,1046]
[0,132,441,522,654,739,846,1046]
