[0,699,919,1269,1552,2189]
[0,699,1269,1552,2189]
[0,506,1552,2189]
[0,1547,2189]
[0,502,1269,2189]
[0,205,502,860,1282,1552,2189]
[0,205,506,707,919,1157,1269,1552,2189]
[0,502,1282,2189]
[0,699,919,1552,2189]
[0,205,506,919,1157,1269,2189]
[0,205,502,923,1282,1552,2189]
[0,205,502,1547,2189]
[0,205,506,1157,1269,1552,2189]
[0,205,506,1157,1269,2189]
[0,205,502,699,919,1269,2189]
[0,205,506,707,919,1157,1269,2189]
[0,502,923,1282,2189]
[0,205,699,919,1269,1552,2189]
[0,502,860,1282,2189]
[0,205,699,919,1269,2189]
[0,205,506,1269,2189]
[0,205,502,699,919,1269,1552,2189]
[0,699,2189]
[0,205,506,707,1269,2189]
[0,502,923,1282,1552,2189]
[0,205,506,707,919,1552,2189]
[0,502,1282,1552,2189]
[0,205,502,1139,1282,1552,2189]
[0,1269,2189]
[0,919,2189]
[0,205,502,1269,2189]
[0,205,502,699,1269,2189]
[0,699,1269,2189]
[0,490,1508,2189]
[0,1282,2189]
[0,205,502,1282,2189]
[0,205,502,860,1139,1282,1552,2189]
[0,699,919,2189]
[0,205,502,699,1282,2189]
[0,205,502,699,919,1139,1269,1552,2189]
[0,205,506,919,1269,2189]
[0,506,1269,2189]
[0,205,502,923,1139,1282,2189]
[0,205,502,923,1282,2189]
[0,205,502,699,923,1282,1552,2189]
[0,205,506,919,1157,1552,2189]
[0,506,919,1269,2189]
[0,205,502,699,923,1139,1282,2189]
[0,205,502,699,919,1552,2189]
[0,699,919,1269,2189]
[0,205,506,707,919,1157,1552,2189]
[0,205,506,1269,1552,2189]
[0,506,919,1157,1552,2189]
[0,1157,1547,2189]
[0,205,699,919,1552,2189]
[0,1508,2189]
[0,1552,2189]
[0,502,860,1282,1552,2189]
[0,506,1269,1552,2189]
[0,205,506,1552,2189]
[0,699,1552,2189]
[0,205,506,707,919,1269,2189]
[0,502,1547,2189]
[0,205,502,1282,1552,2189]
[0,205,506,919,1552,2189]
[0,205,502,1139,1282,2189]
[0,205,502,699,923,1139,1282,1552,2189]
[0,205,502,699,919,1139,1269,2189]
[0,205,502,699,923,1282,2189]
[0,506,919,1552,2189]
