[0,70,133,277,331,536,601,754,850,1180]
[0,601,754,850,1180]
[0,601,1027,1180]
[0,70,133,277,536,601,754,850,1180]
[0,754,850,1180]
[0,280,850,1180]
[0,124,601,1027,1180]
[0,133,601,850,1180]
[0,70,133,536,601,754,850,1180]
[0,331,601,1180]
[0,124,240,331,536,601,1026,1180]
[0,124,536,601,1026,1180]
[0,124,536,601,850,1180]
[0,133,850,1180]
[0,124,308,601,1026,1180]
[0,124,536,601,754,850,1180]
[0,133,277,601,850,1180]
[0,308,601,1180]
[0,536,601,850,1180]
[0,133,1180]
[0,124,601,754,850,1180]
[0,70,133,230,601,850,1180]
[0,601,850,1180]
[0,124,240,601,1026,1180]
[0,70,133,536,601,1180]
[0,70,133,230,601,754,850,1180]
[0,70,133,850,1180]
[0,70,601,1180]
[0,133,601,1180]
[0,133,277,536,601,850,1180]
[0,536,601,1180]
[0,124,601,1026,1180]
[0,308,601,1026,1180]
[0,124,331,601,1026,1180]
[0,536,601,1026,1180]
[0,133,277,601,754,850,1180]
[0,850,1180]
[0,601,1026,1180]
[0,277,601,1180]
[0,133,536,601,1180]
[0,133,277,536,601,754,850,1180]
[0,124,240,331,601,1026,1180]
[0,70,133,601,1180]
[0,124,601,850,1180]
[0,70,133,536,601,850,1180]
[0,70,133,277,536,601,850,1180]
[0,70,133,277,331,536,601,850,1180]
[0,308,601,1027,1180]
[0,70,601,754,850,1180]
[0,601,1180]
[0,70,601,1026,1180]
[0,133,536,601,850,1180]
[0,70,133,601,850,1180]
[0,124,331,536,601,1026,1180]
[0,331,601,1026,1180]
[0,133,536,601,754,850,1180]
[0,133,754,850,1180]
[0,133,601,754,850,1180]
[0,124,308,601,1027,1180]
[0,133,230,601,754,850,1180]
[0,277,601,850,1180]
[0,133,230,601,850,1180]
[0,70,133,1180]
