[0,98,1053,1430,2067,2591,2824]
[0,98,1053,1430,1553,1844,1946,2067,2592,2824]
[0,1053,1430,2067,2592,2824]
[0,1053,1430,2824]
[0,1053,1430,1575,1946,2081,2591,2824]
[0,1371,2824]
[0,1430,2824]
[0,1430,2081,2591,2824]
[0,1430,1844,2824]
[0,98,1053,1430,1946,2067,2592,2824]
[0,1053,1430,1946,2081,2591,2824]
[0,1053,1430,1553,2067,2592,2824]
[0,1053,1430,2081,2591,2824]
[0,98,1053,1430,1946,2081,2591,2824]
[0,1430,2067,2591,2824]
[0,98,1053,1430,1844,1946,2067,2592,2824]
[0,1430,2592,2824]
[0,1371,2084,2824]
[0,1053,1430,1844,2824]
[0,1053,1430,1844,1946,2067,2592,2824]
[0,1053,1430,2592,2824]
[0,1053,1430,1575,1844,1946,2081,2591,2824]
[0,1430,2081,2824]
[0,1053,1430,1553,1844,1946,2067,2592,2824]
[0,1053,1430,1946,2067,2592,2824]
[0,1053,1430,2067,2591,2824]
[0,1053,1430,1553,1946,2067,2592,2824]
[0,1053,1430,1844,1946,2081,2591,2824]
[0,1430,2182,2824]
[0,98,1053,1430,2592,2824]
[0,98,1053,1430,2081,2591,2824]
[0,98,1053,1430,1844,1946,2081,2591,2824]
[0,1053,1430,2081,2824]
[0,1430,1946,2824]
[0,98,1053,1430,1844,2592,2824]
[0,1430,2067,2824]
[0,1053,1430,1844,2592,2824]
[0,1430,2591,2824]
[0,1430,2067,2592,2824]
[0,1053,1430,1575,2081,2591,2824]
[0,1053,1430,2591,2824]
[0,98,1053,1430,1575,1844,1946,2081,2591,2824]
[0,1053,1430,2067,2824]
[0,98,1053,1430,2591,2824]
