[0,450,738,1249]
[0,82,269,480,738,1019,1249]
[0,82,269,450,606,1117,1249]
[0,269,480,738,883,1019,1117,1249]
[0,269,450,738,883,1019,1249]
[0,480,738,1019,1249]
[0,480,738,1249]
[0,82,269,450,738,1019,1117,1249]
[0,480,660,738,1019,1249]
[0,82,269,480,606,660,738,1019,1249]
[0,269,450,738,1019,1117,1249]
[0,82,269,450,738,1117,1249]
[0,82,269,450,660,738,1019,1249]
[0,364,738,1249]
[0,82,269,480,606,660,738,883,1019,1117,1249]
[0,269,450,1249]
[0,82,269,480,660,738,1019,1117,1249]
[0,82,269,450,1117,1249]
[0,82,269,450,606,1019,1117,1249]
[0,480,1019,1249]
[0,194,450,1053,1249]
[0,98,269,480,1249]
[0,450,1249]
[0,82,269,480,738,883,1019,1117,1249]
[0,82,269,480,660,738,1019,1249]
[0,82,269,450,606,660,1001,1117,1249]
[0,450,1053,1249]
[0,82,269,450,738,1019,1249]
[0,98,269,480,1053,1249]
[0,82,269,480,606,660,738,1019,1117,1249]
[0,269,450,606,1019,1117,1249]
[0,450,606,1249]
[0,269,450,1117,1249]
[0,269,450,606,1001,1117,1249]
[0,98,269,480,776,1053,1249]
[0,606,1117,1249]
[0,269,450,738,1249]
[0,194,450,1019,1249]
[0,480,1249]
[0,82,269,450,738,883,1019,1117,1249]
[0,269,480,776,1249]
[0,82,269,450,606,660,738,883,1019,1117,1249]
[0,269,480,1053,1249]
[0,269,450,738,1019,1249]
[0,480,1053,1249]
[0,450,1019,1249]
[0,269,480,738,883,1019,1249]
[0,82,269,480,660,738,883,1019,1117,1249]
[0,82,269,450,606,660,738,1019,1117,1249]
[0,82,269,450,606,660,1117,1249]
[0,450,738,1019,1249]
[0,82,269,450,606,660,738,1019,1249]
[0,269,480,738,1019,1249]
[0,82,269,480,738,1019,1117,1249]
[0,82,269,480,1019,1249]
[0,269,450,738,1117,1249]
[0,194,450,776,1053,1249]
[0,269,480,660,738,1019,1249]
[0,269,450,738,883,1019,1117,1249]
[0,606,1019,1249]
[0,82,269,450,660,738,883,1019,1117,1249]
[0,194,450,1249]
[0,269,480,1019,1249]
[0,194,606,1019,1249]
[0,738,1249]
[0,269,480,738,1019,1117,1249]
[0,450,1117,1249]
[0,269,480,1249]
[0,450,776,1053,1249]
[0,450,776,1249]
[0,82,269,450,660,738,1019,1117,1249]
[0,269,480,776,1053,1249]
[0,606,1249]
[0,738,1019,1249]
[0,82,269,450,606,660,1019,1117,1249]
[0,480,776,1249]
[0,82,269,450,606,1001,1117,1249]
[0,269,450,606,1117,1249]
[0,269,450,606,1249]
