[0,637,1844,2812]
[0,977,1279,1659,2264,2727,2812]
[0,2264,2727,2812]
[0,316,550,637,1279,1659,2264,2812]
[0,550,637,1279,1659,2264,2727,2812]
[0,111,637,1044,1659,2264,2812]
[0,637,1659,2812]
[0,82,1279,1659,2812]
[0,1659,2264,2727,2812]
[0,2264,2812]
[0,1279,1659,2727,2812]
[0,316,637,1279,1659,2812]
[0,1735,2328,2812]
[0,1279,1659,2264,2727,2812]
[0,637,2812]
[0,977,1874,2264,2812]
[0,977,2264,2812]
[0,111,637,1279,1659,2812]
[0,550,637,1279,2812]
[0,111,637,2264,2812]
[0,111,637,1044,1659,2264,2727,2812]
[0,82,1279,1659,2727,2812]
[0,316,550,637,1279,1659,2727,2812]
[0,701,1279,1659,2812]
[0,637,1279,2264,2812]
[0,550,637,1279,1659,2812]
[0,637,1044,1659,2812]
[0,316,550,637,1279,1659,2812]
[0,637,1044,2264,2812]
[0,637,1279,1659,2264,2812]
[0,550,701,1279,1659,2264,2812]
[0,1874,2264,2727,2812]
[0,111,637,2264,2727,2812]
[0,550,701,1279,1659,2812]
[0,1279,2812]
[0,111,2264,2727,2812]
[0,977,1279,1659,2264,2812]
[0,111,637,1044,1659,2727,2812]
[0,82,550,701,1279,1659,2264,2727,2812]
[0,977,2812]
[0,977,1874,2264,2727,2812]
[0,1844,2812]
[0,701,1279,1659,2264,2727,2812]
[0,1279,2264,2812]
[0,1659,2812]
[0,1874,2264,2812]
[0,111,637,1279,1659,2264,2727,2812]
[0,1659,2264,2812]
[0,550,1279,2727,2812]
[0,701,1279,1659,2264,2812]
[0,111,637,1279,1659,2264,2812]
[0,637,1279,1659,2727,2812]
[0,977,1659,2812]
[0,111,637,1844,2812]
[0,637,2264,2812]
[0,977,1659,2264,2727,2812]
[0,637,1044,1659,2264,2812]
[0,111,2812]
[0,1735,2812]
[0,551,2812]
[0,637,1044,2727,2812]
[0,550,701,1279,1659,2727,2812]
[0,111,637,1044,2727,2812]
[0,550,637,1279,1659,2264,2812]
[0,637,1279,1659,2812]
[0,977,1659,2264,2812]
[0,82,1279,2812]
[0,111,2727,2812]
[0,701,1279,2812]
[0,1279,2727,2812]
[0,637,1659,2264,2812]
[0,316,637,1279,1659,2264,2812]
[0,82,550,701,1279,1659,2727,2812]
[0,551,2264,2812]
[0,637,1044,2812]
[0,111,1844,2812]
[0,1279,1659,2264,2812]
[0,111,637,1044,1659,2812]
[0,111,637,1279,1659,2727,2812]
[0,701,1279,1659,2727,2812]
[0,316,550,637,1279,1659,2264,2727,2812]
[0,111,637,1044,2264,2812]
[0,701,1279,2264,2812]
[0,550,1279,2812]
[0,2727,2812]
[0,1279,1659,2812]
[0,111,637,1044,2812]
[0,111,2264,2812]
[0,82,701,1279,1659,2727,2812]
[0,637,1279,2812]
[0,550,637,1279,1659,2727,2812]
[0,550,701,1279,1659,2264,2727,2812]
