[0,247,596,814,1594,1997,2478,2632,2956]
[0,247,596,790,1594,1928,2453,2632,2956]
[0,1063,1594,2956]
[0,961,2956]
[0,247,661,1012,1594,1997,2632,2956]
[0,247,661,1012,1594,2632,2956]
[0,595,1063,2956]
[0,247,1063,2632,2956]
[0,661,1012,1594,2956]
[0,247,814,1594,1997,2632,2956]
[0,247,790,1594,2632,2956]
[0,661,1012,1594,2632,2956]
[0,1063,2419,2956]
[0,247,1012,1594,2632,2956]
[0,247,961,2956]
[0,1997,2956]
[0,933,1594,1997,2956]
[0,1594,2956]
[0,814,1594,2632,2956]
[0,1063,2632,2956]
[0,933,1997,2956]
[0,790,1594,2956]
[0,247,933,1594,1997,2956]
[0,1012,1594,2632,2956]
[0,247,1594,2956]
[0,933,2956]
[0,247,790,1594,2956]
[0,247,661,1012,1594,1997,2956]
[0,247,1063,1594,1928,2453,2632,2956]
[0,1063,1594,1928,2956]
[0,247,1012,1997,2632,2956]
[0,814,1594,1997,2632,2956]
[0,247,596,814,1012,1594,1997,2478,2632,2956]
[0,247,1063,2956]
[0,247,1063,1594,1928,2632,2956]
[0,814,1594,2956]
[0,247,596,814,1012,1594,2632,2956]
[0,790,1594,1928,2632,2956]
[0,247,1012,1594,1997,2956]
[0,1594,1997,2956]
[0,1012,2956]
[0,247,933,2956]
[0,595,1063,2419,2956]
[0,1685,2956]
[0,247,596,814,1012,1594,1997,2632,2956]
[0,247,596,790,1594,1928,2632,2956]
[0,661,1012,1594,1997,2632,2956]
[0,247,1012,1997,2956]
[0,247,596,814,1594,2632,2956]
[0,247,1012,2956]
[0,247,790,1594,1928,2632,2956]
[0,247,1063,1594,2632,2956]
[0,1063,1594,2632,2956]
[0,661,1012,1997,2956]
[0,1012,1997,2632,2956]
[0,247,596,814,1594,2478,2632,2956]
[0,1012,1594,1997,2956]
[0,247,933,1997,2956]
[0,247,1012,1594,2956]
[0,247,596,814,1594,1997,2632,2956]
[0,247,1012,1594,1997,2478,2632,2956]
[0,247,596,814,1594,2956]
[0,247,596,790,1594,2956]
[0,1594,1928,2956]
[0,247,1063,1594,2453,2632,2956]
[0,790,1594,1928,2956]
[0,1063,1594,1928,2632,2956]
[0,1594,2632,2956]
[0,1012,1594,1997,2632,2956]
[0,247,814,1594,2632,2956]
[0,247,596,790,1594,2632,2956]
[0,247,961,1685,2956]
[0,790,1594,2632,2956]
[0,790,1997,2956]
[0,1012,1997,2956]
[0,1063,2956]
[0,1012,1594,2956]
[0,661,1012,1594,1997,2956]
[0,961,1685,2956]
[0,247,596,790,1594,2453,2632,2956]
[0,247,814,1594,2956]
[0,247,1012,1997,2478,2632,2956]
[0,247,1063,1594,2956]
[0,247,1012,1594,1997,2632,2956]
[0,814,1594,1997,2956]
[0,247,661,1012,1594,1997,2478,2632,2956]
