[0,137,501,594,837,965,1306,1419]
[0,281,501,594,837,965,1419]
[0,281,594,837,965,1419]
[0,43,594,1419]
[0,501,594,1419]
[0,1189,1419]
[0,281,594,837,965,1164,1306,1419]
[0,594,837,965,1419]
[0,137,1419]
[0,43,137,501,594,837,1189,1419]
[0,594,837,1176,1419]
[0,137,281,594,837,965,1164,1419]
[0,137,837,1176,1419]
[0,117,594,837,965,1306,1419]
[0,43,137,501,594,837,1189,1306,1419]
[0,137,594,837,1419]
[0,137,594,837,1164,1419]
[0,137,281,501,594,837,911,965,1189,1306,1419]
[0,594,837,965,1189,1306,1419]
[0,281,501,594,837,965,1306,1419]
[0,43,281,594,837,1189,1306,1419]
[0,594,1306,1419]
[0,594,837,1189,1419]
[0,43,137,501,594,837,965,1306,1419]
[0,137,837,1189,1419]
[0,137,594,837,965,1164,1419]
[0,594,837,1419]
[0,594,837,965,1164,1419]
[0,281,837,1419]
[0,281,594,837,1189,1306,1419]
[0,137,837,1419]
[0,837,1176,1306,1419]
[0,281,501,594,837,1189,1306,1419]
[0,137,501,594,837,1419]
[0,137,501,594,837,965,1164,1306,1419]
[0,43,281,594,837,965,1189,1306,1419]
[0,837,1189,1306,1419]
[0,43,137,837,1176,1306,1419]
[0,117,594,837,965,1419]
[0,281,594,837,1164,1419]
[0,137,281,594,837,965,1189,1419]
[0,137,594,837,965,1419]
[0,117,594,837,965,1164,1306,1419]
[0,137,594,837,1176,1419]
[0,137,281,501,594,837,965,1164,1306,1419]
[0,43,137,281,501,594,837,965,1164,1306,1419]
[0,594,837,965,1306,1419]
[0,43,281,594,837,965,1419]
[0,137,281,594,837,1189,1306,1419]
[0,281,501,594,837,965,1164,1306,1419]
[0,137,594,837,965,1176,1419]
[0,137,594,837,1189,1419]
[0,137,501,594,1419]
[0,137,594,837,1176,1306,1419]
[0,594,837,1176,1306,1419]
[0,137,281,501,594,837,911,965,1164,1306,1419]
[0,137,594,837,1189,1306,1419]
[0,43,137,837,1419]
[0,281,594,837,965,1189,1306,1419]
[0,594,837,1189,1306,1419]
[0,43,137,281,501,594,837,965,1189,1306,1419]
[0,43,137,281,501,594,837,1189,1306,1419]
[0,43,137,501,594,837,965,1419]
[0,43,137,594,837,1176,1306,1419]
[0,137,594,837,965,1189,1419]
[0,43,137,281,501,594,837,911,965,1164,1306,1419]
[0,594,837,965,1189,1419]
[0,281,594,837,965,1306,1419]
[0,137,281,594,837,965,1189,1306,1419]
[0,43,594,1306,1419]
[0,281,501,594,837,1419]
[0,43,137,594,837,965,1176,1306,1419]
[0,43,137,594,837,1189,1306,1419]
[0,43,137,501,594,837,1419]
[0,117,594,911,1419]
[0,117,1419]
[0,43,594,837,1189,1306,1419]
[0,501,594,837,1189,1306,1419]
[0,1176,1306,1419]
[0,837,1164,1419]
[0,43,594,837,965,1419]
[0,594,837,965,1164,1306,1419]
[0,43,137,501,594,837,965,1164,1306,1419]
[0,137,281,594,837,965,1164,1306,1419]
[0,1189,1306,1419]
[0,117,594,1419]
[0,43,137,281,501,594,837,911,965,1189,1306,1419]
[0,137,594,837,965,1176,1306,1419]
[0,137,594,837,965,1164,1306,1419]
[0,137,501,1419]
[0,281,594,837,1189,1419]
[0,281,594,837,965,1189,1419]
[0,137,501,594,837,1189,1306,1419]
[0,43,137,501,594,1419]
[0,281,837,1164,1419]
[0,137,281,594,837,1189,1419]
[0,501,594,837,1189,1419]
[0,43,594,837,965,1306,1419]
[0,281,501,594,837,965,1189,1306,1419]
[0,137,594,837,965,1189,1306,1419]
[0,137,837,1176,1306,1419]
[0,137,281,501,594,837,965,1189,1306,1419]
[0,594,1419]
[0,501,594,837,1419]
[0,281,594,837,1419]
[0,137,837,1189,1306,1419]
[0,117,594,911,1306,1419]
[0,43,137,837,1189,1306,1419]
[0,594,837,1164,1419]
[0,281,1419]
[0,43,137,837,1176,1419]
[0,137,501,594,837,965,1419]
[0,117,594,837,965,1164,1419]
[0,501,1419]
[0,594,911,1419]
[0,1176,1419]
[0,43,281,594,837,965,1306,1419]
[0,837,1176,1419]
[0,137,594,837,965,1306,1419]
[0,281,594,837,965,1164,1419]
[0,137,281,501,594,837,1189,1306,1419]
[0,43,137,1419]
[0,43,137,837,1189,1419]
[0,137,281,594,837,1164,1419]
[0,43,1419]
[0,137,501,594,837,1189,1419]
[0,43,137,594,837,965,1189,1306,1419]
[0,837,1189,1419]
[0,837,1419]
