[0,98,252,355,516,779,1046]
[0,159,252,367,485,863,1046]
[0,159,485,779,995,1046]
[0,159,485,863,1046]
[0,98,252,516,685,1046]
[0,98,516,779,1046]
[0,159,863,1046]
[0,85,1046]
[0,98,252,516,863,1046]
[0,252,685,1046]
[0,252,1046]
[0,85,252,355,516,863,995,1046]
[0,159,485,779,1046]
[0,159,485,685,863,1046]
[0,252,995,1046]
[0,85,159,252,355,516,685,863,995,1046]
[0,98,252,516,779,995,1046]
[0,98,252,355,516,685,863,1046]
[0,159,252,367,485,779,995,1046]
[0,98,252,516,779,1046]
[0,159,1046]
[0,516,685,1046]
[0,324,1046]
[0,98,252,367,485,573,685,863,995,1046]
[0,863,1046]
[0,98,252,367,485,863,1046]
[0,85,159,252,355,516,685,863,1046]
[0,252,516,685,1046]
[0,252,521,1046]
[0,252,516,863,1046]
[0,98,252,355,516,685,1046]
[0,85,516,1046]
[0,252,355,516,779,1046]
[0,252,367,485,863,1046]
[0,98,485,863,1046]
[0,98,516,685,1046]
[0,98,252,355,516,779,995,1046]
[0,159,252,367,485,685,863,995,1046]
[0,252,485,995,1046]
[0,85,159,252,355,516,573,685,863,995,1046]
[0,159,367,485,779,995,1046]
[0,252,485,779,995,1046]
[0,98,516,1046]
[0,98,252,367,485,863,995,1046]
[0,98,252,355,516,863,1046]
[0,252,516,779,1046]
[0,252,516,1046]
[0,485,779,1046]
[0,252,485,863,1046]
[0,485,685,863,1046]
[0,521,1046]
[0,98,252,485,863,1046]
[0,252,485,779,1046]
[0,98,1046]
[0,252,485,1046]
[0,98,252,367,485,685,863,1046]
[0,98,516,779,995,1046]
[0,98,252,367,485,573,685,863,1046]
[0,85,516,863,1046]
[0,85,159,252,355,516,573,685,863,1046]
[0,159,367,485,779,1046]
[0,252,521,995,1046]
[0,516,1046]
[0,252,355,516,685,1046]
[0,159,252,367,485,863,995,1046]
[0,85,252,355,516,685,863,995,1046]
[0,252,863,1046]
[0,98,159,252,367,485,685,863,1046]
[0,159,252,367,485,779,1046]
[0,252,779,1046]
[0,98,159,252,367,485,573,685,863,1046]
[0,485,1046]
[0,85,252,516,863,1046]
[0,252,355,516,685,863,1046]
[0,685,1046]
[0,252,485,685,863,1046]
[0,98,159,252,367,485,573,685,863,995,1046]
[0,98,252,516,685,995,1046]
[0,252,355,516,863,1046]
[0,85,252,355,516,685,863,1046]
[0,98,252,367,485,685,863,995,1046]
[0,98,252,355,516,685,995,1046]
[0,159,367,485,685,863,1046]
[0,516,863,1046]
[0,98,159,252,367,485,685,863,995,1046]
[0,252,516,685,863,1046]
[0,516,779,1046]
[0,98,516,685,995,1046]
[0,324,965,1046]
[0,485,863,1046]
[0,252,367,485,685,863,1046]
[0,779,1046]
[0,159,485,1046]
[0,85,252,355,516,863,1046]
[0,98,252,355,516,863,995,1046]
[0,98,485,1046]
[0,98,516,863,1046]
[0,98,252,355,516,685,863,995,1046]
[0,98,516,995,1046]
[0,159,252,367,485,685,863,1046]
[0,159,367,485,863,1046]
