[0,267,911,1277,1651]
[0,911,1344,1651]
[0,267,776,1277,1651]
[0,58,267,776,911,1338,1651]
[0,267,640,911,1338,1651]
[0,1277,1651]
[0,487,1224,1651]
[0,267,487,1344,1651]
[0,267,487,776,911,1135,1344,1651]
[0,776,1344,1651]
[0,267,487,640,911,1135,1338,1651]
[0,267,487,640,1338,1651]
[0,267,487,640,911,1277,1651]
[0,58,267,487,640,776,911,1135,1338,1651]
[0,267,911,1338,1651]
[0,267,776,911,1277,1651]
[0,267,1338,1651]
[0,58,267,776,911,1344,1651]
[0,438,1651]
[0,267,776,1338,1651]
[0,911,1651]
[0,1338,1651]
[0,58,267,487,640,776,911,1338,1651]
[0,58,267,911,1344,1651]
[0,267,487,911,1344,1651]
[0,267,487,640,911,1135,1344,1651]
[0,640,911,1277,1651]
[0,267,487,640,1344,1651]
[0,267,640,911,1135,1338,1651]
[0,267,911,1344,1651]
[0,267,776,911,1338,1651]
[0,267,1344,1651]
[0,267,776,1344,1651]
[0,776,1277,1651]
[0,1344,1651]
[0,267,487,911,1135,1344,1651]
[0,58,267,776,911,1277,1651]
[0,267,640,911,1277,1651]
[0,58,267,1277,1651]
[0,776,1651]
[0,267,640,911,1135,1344,1651]
[0,267,487,640,911,1344,1651]
[0,58,267,487,776,911,1135,1338,1651]
[0,267,776,911,1344,1651]
[0,267,911,1135,1338,1651]
[0,911,1338,1651]
[0,58,267,487,640,776,911,1277,1651]
[0,58,267,911,1338,1651]
[0,58,267,1338,1651]
[0,58,267,487,776,911,1344,1651]
[0,640,911,1344,1651]
[0,58,267,487,776,911,1135,1344,1651]
[0,267,1277,1651]
[0,487,1277,1651]
[0,267,1651]
[0,267,487,776,911,1277,1651]
[0,267,487,776,1344,1651]
[0,267,640,911,1344,1651]
[0,58,267,1344,1651]
[0,267,487,640,776,911,1277,1651]
[0,267,487,911,1338,1651]
[0,267,487,911,1135,1338,1651]
[0,267,487,640,776,911,1338,1651]
[0,267,911,1135,1344,1651]
[0,58,267,487,776,911,1277,1651]
[0,267,487,640,911,1338,1651]
[0,267,487,776,911,1338,1651]
[0,58,267,487,776,1277,1651]
[0,438,1338,1651]
[0,911,1277,1651]
[0,267,487,1277,1651]
[0,58,267,487,776,911,1338,1651]
[0,640,911,1338,1651]
[0,267,487,776,1277,1651]
[0,267,487,640,776,911,1135,1338,1651]
[0,267,487,776,911,1344,1651]
[0,58,267,487,640,776,911,1135,1344,1651]
[0,267,487,776,1338,1651]
[0,58,267,487,1277,1651]
[0,58,267,911,1277,1651]
[0,267,487,1338,1651]
[0,776,1338,1651]
[0,267,487,776,911,1135,1338,1651]
[0,267,487,640,776,911,1135,1344,1651]
[0,487,1651]
