[0,104,190,364,460,843,1180]
[0,104,190,460,512,843,981,1180]
[0,104,311,460,512,601,843,981,1071,1180]
[0,104,195,843,1180]
[0,104,195,843,981,1180]
[0,104,364,843,888,1180]
[0,311,601,843,981,1180]
[0,104,364,512,601,843,1180]
[0,104,190,512,843,1180]
[0,104,311,460,512,601,843,888,981,1071,1180]
[0,104,364,460,512,601,843,888,1180]
[0,104,364,601,843,1180]
[0,364,843,981,1180]
[0,843,981,1180]
[0,364,1180]
[0,364,843,1180]
[0,104,242,843,981,1180]
[0,104,195,460,512,843,981,1180]
[0,104,311,843,888,1180]
[0,104,364,460,512,843,888,1180]
[0,843,888,1180]
[0,104,311,460,512,843,888,981,1071,1180]
[0,104,504,553,843,888,1180]
[0,242,843,1180]
[0,104,512,843,1180]
[0,311,601,843,1180]
[0,104,190,364,460,512,843,888,1180]
[0,104,311,512,601,843,1180]
[0,104,311,601,843,1180]
[0,104,190,843,981,1180]
[0,104,364,460,512,601,843,1180]
[0,104,364,460,843,981,1180]
[0,104,190,504,553,843,1180]
[0,104,311,460,512,601,843,888,1180]
[0,104,195,460,512,843,1180]
[0,104,190,843,1180]
[0,104,195,512,843,1180]
[0,104,311,460,512,843,981,1071,1180]
[0,104,190,364,460,512,601,843,1180]
[0,104,512,843,981,1180]
[0,104,311,512,601,843,981,1071,1180]
[0,311,460,843,981,1180]
[0,504,1180]
[0,512,843,1180]
[0,104,311,460,843,981,1071,1180]
[0,104,311,512,601,843,981,1180]
[0,104,843,1180]
[0,104,190,504,553,843,888,1180]
[0,104,364,460,843,888,1180]
[0,104,311,601,843,981,1180]
[0,104,311,460,512,843,1180]
[0,104,364,843,1180]
[0,104,511,843,1180]
[0,311,843,1180]
[0,104,311,843,981,1180]
[0,104,364,460,512,843,981,1180]
[0,104,190,364,460,512,843,1180]
[0,512,843,981,1180]
[0,104,364,460,512,843,1180]
[0,104,311,460,512,601,843,888,981,1180]
[0,104,190,364,460,512,843,981,1180]
[0,311,843,981,1180]
[0,104,311,460,512,843,981,1180]
[0,104,843,888,1180]
[0,104,311,843,981,1071,1180]
[0,104,311,601,843,981,1071,1180]
[0,104,504,843,1180]
[0,104,311,460,843,981,1180]
[0,504,843,1180]
[0,104,190,512,843,981,1180]
[0,104,190,364,460,843,981,1180]
[0,364,601,843,1180]
[0,104,190,364,460,512,601,843,888,1180]
[0,242,843,981,1180]
[0,104,311,460,512,601,843,981,1180]
[0,104,504,553,843,1180]
[0,104,190,504,843,1180]
[0,104,512,601,843,1180]
[0,104,504,843,888,1180]
[0,311,460,843,1180]
[0,104,311,460,512,601,843,1180]
[0,104,311,460,843,888,1180]
[0,104,311,843,1180]
[0,843,1180]
[0,104,311,460,512,843,888,1180]
[0,104,311,460,843,1180]
[0,104,242,843,1180]
[0,104,190,364,512,601,843,1180]
[0,511,843,1180]
[0,104,190,512,601,843,1180]
[0,104,311,460,512,843,888,981,1180]
[0,104,364,460,843,1180]
[0,104,364,843,981,1180]
[0,104,843,981,1180]
[0,104,195,512,843,981,1180]
