[0,393,634,738,798,922]
[0,393,634,798,922]
[0,427,798,854,922]
[0,388,922]
[0,427,634,798,922]
[0,427,738,798,922]
[0,427,634,738,798,854,922]
[0,393,738,798,922]
[0,393,621,922]
[0,393,798,922]
[0,427,665,798,854,922]
[0,798,922]
[0,427,665,798,922]
[0,393,621,738,798,854,922]
[0,393,922]
[0,427,922]
[0,393,621,738,798,922]
[0,427,665,922]
[0,427,798,922]
[0,738,798,922]
[0,393,621,665,738,798,854,922]
[0,427,634,922]
[0,393,634,922]
[0,427,634,738,798,922]
[0,393,621,665,738,798,922]
[0,393,798,854,922]
[0,393,621,798,922]
