[0,226,524,724,1014,1462,1651]
[0,179,226,524,724,1651]
[0,226,1121,1651]
[0,724,1014,1651]
[0,524,805,1177,1651]
[0,524,1651]
[0,226,524,724,805,1177,1462,1651]
[0,226,372,524,724,805,1177,1462,1651]
[0,226,524,653,1014,1177,1462,1651]
[0,226,372,524,1177,1462,1651]
[0,179,226,524,653,1651]
[0,226,524,1651]
[0,179,226,524,653,1177,1651]
[0,226,1177,1651]
[0,226,724,1014,1651]
[0,524,724,1014,1651]
[0,524,724,1177,1651]
[0,226,524,724,805,1177,1651]
[0,524,724,805,1651]
[0,226,1014,1651]
[0,179,226,1651]
[0,226,524,724,1651]
[0,475,1651]
[0,226,524,1177,1462,1651]
[0,226,1177,1462,1651]
[0,179,226,524,653,1177,1462,1651]
[0,226,524,724,1014,1177,1462,1651]
[0,1177,1651]
[0,524,724,1651]
[0,179,226,524,724,805,1177,1651]
[0,524,1177,1651]
[0,1014,1651]
[0,179,226,524,724,805,1651]
[0,226,372,524,724,1177,1462,1651]
[0,179,226,372,524,724,805,1177,1462,1651]
[0,179,226,524,1651]
[0,226,1651]
[0,179,226,524,724,805,1177,1462,1651]
[0,226,524,653,1177,1651]
[0,226,524,1177,1651]
[0,226,524,653,1651]
[0,524,1014,1651]
[0,524,653,1651]
[0,226,372,524,653,1177,1462,1651]
[0,226,524,724,1014,1651]
[0,226,524,724,1177,1462,1651]
[0,226,524,1014,1177,1462,1651]
[0,226,524,724,1177,1651]
[0,1121,1651]
[0,179,226,372,524,653,1177,1462,1651]
[0,226,524,724,805,1651]
[0,475,1121,1651]
[0,226,524,653,1177,1462,1651]
[0,226,524,805,1177,1651]
