[0,105,219,491,742,979,1079,1197]
[0,105,219,547,750,979,1079,1197]
[0,219,635,786,1079,1197]
[0,635,786,1079,1197]
[0,219,547,1079,1197]
[0,105,219,412,491,1079,1197]
[0,219,491,786,1197]
[0,412,1079,1197]
[0,105,491,742,1079,1197]
[0,219,635,786,1197]
[0,219,547,1197]
[0,219,635,1197]
[0,219,1197]
[0,547,750,1197]
[0,105,412,1079,1197]
[0,105,219,491,635,786,1079,1197]
[0,105,219,547,750,1079,1197]
[0,219,786,1197]
[0,105,323,1079,1197]
[0,491,742,1197]
[0,491,786,1197]
[0,323,1079,1197]
[0,635,1079,1197]
[0,105,219,491,786,979,1079,1197]
[0,491,786,1079,1197]
[0,304,1030,1197]
[0,304,1197]
[0,219,491,1079,1197]
[0,491,742,1079,1197]
[0,219,547,750,1079,1197]
[0,547,1079,1197]
[0,547,750,1079,1197]
[0,219,491,742,1197]
[0,105,219,1079,1197]
[0,786,1197]
[0,635,786,1197]
[0,105,219,412,491,786,1079,1197]
[0,1030,1197]
[0,105,219,412,491,742,1079,1197]
[0,219,750,1197]
[0,105,491,1079,1197]
[0,105,323,412,635,1079,1197]
[0,105,219,635,786,1079,1197]
[0,323,635,1079,1197]
[0,750,1197]
[0,105,491,742,979,1079,1197]
[0,105,219,412,491,635,786,979,1079,1197]
[0,219,635,1079,1197]
[0,105,219,412,491,786,979,1079,1197]
[0,219,491,786,1079,1197]
[0,323,1197]
[0,105,323,635,1079,1197]
[0,105,219,412,491,742,979,1079,1197]
[0,219,491,635,786,1197]
[0,105,219,635,786,979,1079,1197]
[0,323,635,1197]
[0,219,547,750,1197]
[0,219,1079,1197]
[0,547,1197]
[0,635,1197]
[0,491,1079,1197]
[0,1079,1197]
[0,105,219,635,1079,1197]
[0,105,219,491,1079,1197]
[0,105,219,491,635,786,979,1079,1197]
[0,219,491,1197]
[0,219,491,635,786,1079,1197]
[0,105,219,547,1079,1197]
[0,105,219,491,786,1079,1197]
[0,219,491,742,1079,1197]
[0,105,219,491,742,1079,1197]
[0,412,1197]
[0,491,1197]
