[0,182,469,678,766,1046]
[0,182,545,1046]
[0,52,1046]
[0,52,469,1046]
[0,182,459,545,678,766,1046]
[0,545,678,1046]
[0,182,265,469,545,678,766,1046]
[0,52,182,265,462,545,678,766,1046]
[0,182,462,678,766,1046]
[0,182,459,678,766,1046]
[0,182,459,678,1046]
[0,459,1046]
[0,52,182,462,678,766,1046]
[0,182,265,469,678,766,1046]
[0,52,182,469,678,853,1046]
[0,265,1046]
[0,182,265,462,545,678,766,1046]
[0,265,469,545,678,766,1046]
[0,545,1046]
[0,52,182,459,678,766,1046]
[0,52,259,469,678,766,1046]
[0,52,182,459,716,1046]
[0,265,469,678,766,1046]
[0,161,1046]
[0,182,469,1046]
[0,182,469,545,678,853,1046]
[0,52,182,459,545,678,766,1046]
[0,182,469,678,853,1046]
[0,182,459,716,853,1046]
[0,52,545,678,1046]
[0,52,182,459,716,853,1046]
[0,182,462,1046]
[0,259,469,678,766,1046]
[0,52,265,469,545,678,766,1046]
[0,52,182,462,545,678,766,1046]
[0,469,1046]
[0,459,716,1046]
[0,182,545,678,1046]
[0,52,182,545,678,1046]
[0,678,1046]
[0,259,469,678,1046]
[0,462,1046]
[0,52,182,469,678,766,1046]
[0,265,469,678,1046]
[0,52,182,469,678,1046]
[0,462,678,1046]
[0,259,1046]
[0,52,182,545,678,766,1046]
[0,52,182,265,469,545,678,766,1046]
[0,182,459,716,1046]
[0,182,469,545,678,766,1046]
[0,182,462,545,678,766,1046]
[0,259,469,1046]
[0,52,182,469,545,678,853,1046]
[0,182,462,678,1046]
[0,469,678,1046]
[0,459,678,1046]
[0,182,545,678,766,1046]
[0,265,469,1046]
[0,52,182,469,1046]
[0,52,265,469,678,766,1046]
[0,182,1046]
[0,182,469,678,1046]
[0,182,459,1046]
