[0,322,412,969]
[0,84,410,969]
[0,126,412,650,969]
[0,160,322,908,969]
[0,322,612,969]
[0,160,969]
[0,908,969]
[0,160,908,969]
[0,84,322,412,606,969]
[0,160,322,412,462,606,908,969]
[0,84,410,606,969]
[0,84,322,412,462,606,650,908,969]
[0,412,609,969]
[0,84,322,412,462,609,969]
[0,160,322,412,606,908,969]
[0,322,412,606,969]
[0,322,412,462,606,969]
[0,160,412,606,969]
[0,160,322,412,462,606,969]
[0,84,322,412,609,908,969]
[0,160,322,606,969]
[0,84,322,412,462,606,908,969]
[0,84,322,412,606,908,969]
[0,606,969]
[0,322,969]
[0,412,650,969]
[0,84,322,412,462,969]
[0,410,969]
[0,410,606,969]
[0,160,322,412,606,969]
[0,412,969]
[0,84,322,412,462,606,969]
[0,84,969]
[0,612,969]
[0,160,322,969]
[0,160,412,969]
[0,322,412,462,969]
[0,84,322,412,462,606,650,969]
[0,322,606,969]
[0,84,322,412,462,609,908,969]
[0,126,412,969]
[0,412,606,969]
[0,84,322,412,606,650,969]
[0,84,322,412,969]
[0,84,322,412,609,969]
[0,322,412,609,969]
