[0,537,1100,1632]
[0,531,804,1164,1632]
[0,163,329,537,1632]
[0,105,163,329,537,1324,1632]
[0,804,1164,1632]
[0,531,1164,1632]
[0,263,1632]
[0,163,329,537,1303,1632]
[0,163,730,1632]
[0,804,1632]
[0,537,1324,1632]
[0,105,163,329,537,1324,1503,1632]
[0,163,531,804,1164,1632]
[0,329,537,1303,1632]
[0,531,1324,1632]
[0,163,531,1324,1632]
[0,537,1093,1632]
[0,163,329,537,1324,1503,1632]
[0,531,1632]
[0,329,537,1632]
[0,163,329,537,1324,1632]
[0,163,537,1100,1632]
[0,1037,1632]
[0,263,1037,1632]
[0,163,804,1164,1632]
[0,163,1632]
[0,537,1632]
[0,329,537,1324,1632]
[0,163,537,1093,1632]
[0,163,537,1324,1632]
[0,537,1303,1632]
[0,105,163,329,537,1632]
[0,1093,1632]
[0,730,1632]
[0,163,537,1632]
