[0,441,1013,1419]
[0,319,854,1023,1184,1419]
[0,291,654,854,1023,1184,1419]
[0,319,854,1023,1207,1419]
[0,441,854,1023,1178,1281,1419]
[0,291,654,785,854,1023,1178,1281,1419]
[0,291,654,854,1023,1178,1419]
[0,319,854,1184,1419]
[0,291,654,854,1023,1178,1281,1419]
[0,291,854,1178,1419]
[0,319,854,1207,1419]
[0,291,854,1023,1184,1419]
[0,291,654,854,1178,1419]
[0,291,654,785,854,1023,1184,1419]
[0,305,847,1184,1419]
[0,854,1419]
[0,291,854,1184,1419]
[0,291,654,785,854,1023,1178,1419]
[0,441,854,1419]
[0,441,854,1023,1178,1419]
[0,291,854,1419]
[0,291,854,1023,1178,1419]
[0,847,1419]
[0,305,879,1419]
[0,291,785,854,1023,1178,1419]
[0,291,854,1023,1178,1281,1419]
[0,305,847,1419]
[0,291,654,854,1184,1419]
[0,879,1419]
[0,319,854,1419]
[0,441,854,1178,1419]
[0,291,785,854,1023,1184,1419]
[0,441,1419]
