[0,187,265,1279,1651]
[0,265,1279,1451,1570,1651]
[0,259,1279,1570,1651]
[0,74,187,265,1279,1451,1570,1651]
[0,187,265,1279,1451,1570,1651]
[0,74,176,259,1279,1651]
[0,265,1279,1651]
[0,187,265,1279,1570,1651]
[0,259,1651]
[0,150,259,1279,1651]
[0,1289,1651]
[0,259,1279,1451,1570,1651]
[0,259,1279,1451,1651]
[0,176,259,1279,1651]
[0,265,1279,1570,1651]
[0,74,176,259,1279,1451,1570,1651]
[0,176,259,1279,1451,1570,1651]
[0,74,187,265,1279,1651]
[0,150,259,1279,1451,1570,1651]
[0,1279,1651]
[0,176,259,1279,1570,1651]
[0,265,1279,1451,1651]
[0,176,259,1279,1451,1651]
[0,253,1279,1651]
[0,253,1651]
[0,265,1651]
[0,150,259,1279,1451,1651]
[0,74,176,259,1279,1570,1651]
[0,253,1289,1651]
[0,259,1279,1651]
[0,74,187,265,1279,1570,1651]
