[0,205,372,1604,1723,1875]
[0,205,372,724,1314,1440,1604,1723,1875]
[0,205,1440,1723,1875]
[0,205,568,1562,1875]
[0,205,372,713,1440,1723,1875]
[0,372,724,1314,1440,1604,1723,1875]
[0,1562,1875]
[0,372,713,1875]
[0,205,1440,1875]
[0,205,372,724,1314,1440,1723,1875]
[0,205,568,1562,1723,1875]
[0,372,1314,1440,1875]
[0,205,372,1326,1440,1604,1723,1875]
[0,372,1326,1604,1723,1875]
[0,372,1604,1875]
[0,205,372,1440,1723,1875]
[0,205,568,1440,1875]
[0,568,1326,1604,1875]
[0,205,372,1326,1604,1723,1875]
[0,205,372,713,1314,1440,1604,1723,1875]
[0,568,1562,1875]
[0,1440,1875]
[0,205,372,1604,1875]
[0,372,1326,1875]
[0,205,1875]
[0,372,724,1440,1875]
[0,372,1326,1604,1875]
[0,372,1440,1875]
[0,568,1875]
[0,205,568,1604,1723,1875]
[0,372,1604,1723,1875]
[0,372,1875]
[0,205,372,713,1440,1875]
[0,205,568,1604,1875]
[0,372,713,1326,1604,1875]
[0,372,1314,1440,1604,1723,1875]
[0,568,1440,1875]
[0,205,372,1440,1875]
[0,205,372,713,1326,1604,1723,1875]
[0,372,1326,1440,1875]
[0,205,372,713,1326,1604,1875]
[0,205,372,713,1314,1440,1723,1875]
[0,372,724,1440,1723,1875]
[0,205,568,1875]
[0,205,1604,1723,1875]
[0,1326,1875]
[0,205,568,1440,1723,1875]
[0,372,1440,1723,1875]
[0,205,372,1314,1440,1604,1723,1875]
[0,205,372,724,1440,1723,1875]
[0,372,724,1314,1440,1723,1875]
[0,372,713,1326,1875]
[0,372,1326,1440,1604,1723,1875]
[0,205,1562,1723,1875]
[0,568,1604,1875]
[0,372,1314,1440,1723,1875]
[0,205,1723,1875]
[0,368,1875]
[0,205,372,713,1326,1440,1604,1723,1875]
[0,205,1562,1875]
[0,372,713,1440,1875]
[0,205,372,724,1440,1875]
[0,205,568,1326,1604,1875]
[0,372,1326,1440,1723,1875]
[0,568,1326,1875]
[0,205,372,1326,1604,1875]
[0,205,372,1314,1440,1723,1875]
