[0,331,1343]
[0,213,694,910,1002,1343]
[0,331,486,645,1002,1343]
[0,51,213,694,910,1002,1343]
[0,694,1343]
[0,1002,1343]
[0,213,486,694,910,1002,1343]
[0,331,645,910,1002,1343]
[0,213,331,486,694,1002,1343]
[0,213,645,910,1002,1343]
[0,213,694,1343]
[0,645,1343]
[0,213,1002,1343]
[0,694,1002,1343]
[0,213,331,486,694,910,1002,1343]
[0,213,331,486,645,1002,1343]
[0,645,1002,1343]
[0,51,213,331,486,645,910,1002,1343]
[0,213,486,694,1002,1343]
[0,331,694,910,1002,1343]
[0,213,910,1002,1343]
[0,213,486,645,1002,1343]
[0,331,910,1002,1343]
[0,331,486,645,910,1002,1343]
[0,213,1343]
[0,331,1002,1343]
[0,331,486,694,910,1002,1343]
[0,331,645,1002,1343]
[0,51,213,331,486,694,910,1002,1343]
[0,213,331,486,645,910,1002,1343]
[0,213,694,1002,1343]
[0,910,1343]
[0,645,910,1002,1343]
[0,331,694,1002,1343]
[0,331,486,694,1002,1343]
[0,910,1002,1343]
[0,51,213,486,694,910,1002,1343]
[0,213,645,1002,1343]
[0,213,486,645,910,1002,1343]
[0,51,213,486,645,910,1002,1343]
