[0,353,519,719,1006,1068,1301,1343]
[0,353,519,719,1006,1343]
[0,353,519,719,1006,1068,1214,1301,1343]
[0,519,719,1006,1343]
[0,353,519,1006,1343]
[0,519,855,1006,1343]
[0,353,519,855,1006,1214,1301,1343]
[0,519,1343]
[0,476,1343]
[0,719,1343]
[0,353,519,719,855,1006,1343]
[0,719,1006,1343]
[0,519,855,1006,1214,1301,1343]
[0,353,519,719,855,1006,1068,1343]
[0,519,719,1006,1214,1343]
[0,353,519,719,855,1006,1214,1343]
[0,476,1006,1343]
[0,353,519,855,1006,1068,1343]
[0,353,519,719,855,1006,1068,1301,1343]
[0,353,519,719,1006,1068,1343]
[0,353,519,719,1006,1214,1301,1343]
[0,353,519,855,1006,1343]
[0,353,519,719,1006,1068,1214,1343]
[0,519,719,1006,1214,1301,1343]
[0,519,855,1006,1214,1343]
[0,353,519,719,1006,1214,1343]
[0,353,519,719,855,1006,1068,1214,1301,1343]
[0,353,519,719,855,1006,1068,1214,1343]
[0,519,950,1343]
[0,519,1006,1343]
[0,353,519,855,1006,1214,1343]
