[0,879,1133,1465]
[0,326,442,666,1465]
[0,1396,1465]
[0,181,442,973,1138,1465]
[0,442,666,879,1133,1465]
[0,181,442,666,1138,1465]
[0,326,442,666,870,973,1138,1465]
[0,326,1465]
[0,442,666,973,1138,1465]
[0,181,442,666,915,1034,1362,1465]
[0,83,326,442,666,973,1138,1465]
[0,442,666,915,1465]
[0,181,326,442,577,666,973,1138,1465]
[0,326,442,1465]
[0,666,915,1465]
[0,326,442,879,1465]
[0,326,442,879,1133,1465]
[0,83,181,326,442,577,666,973,1138,1465]
[0,973,1465]
[0,181,442,666,1362,1465]
[0,181,442,666,1034,1465]
[0,326,442,870,973,1138,1422,1465]
[0,326,442,666,1362,1465]
[0,442,879,1465]
[0,181,326,442,577,666,973,1138,1362,1465]
[0,87,181,326,442,577,666,973,1138,1362,1465]
[0,181,915,1362,1465]
[0,83,181,326,442,577,666,870,973,1138,1422,1465]
[0,326,442,666,879,1133,1465]
[0,181,442,973,1465]
[0,326,442,666,973,1138,1362,1465]
[0,87,181,326,442,666,973,1138,1362,1465]
[0,326,442,666,879,1133,1422,1465]
[0,442,870,1465]
[0,326,442,870,1138,1422,1465]
[0,866,1465]
[0,83,326,442,666,973,1138,1422,1465]
[0,87,181,326,442,577,666,915,973,1138,1362,1465]
[0,326,442,879,1133,1422,1465]
[0,442,666,1138,1465]
[0,915,1362,1465]
[0,442,870,1138,1465]
[0,181,326,442,666,973,1138,1465]
[0,879,1465]
[0,181,915,1465]
[0,181,666,1396,1465]
[0,442,973,1138,1465]
[0,973,1138,1465]
[0,326,442,870,973,1138,1465]
[0,666,1138,1465]
[0,326,442,577,666,973,1138,1362,1465]
[0,83,181,326,442,666,973,1138,1422,1465]
[0,181,442,666,973,1138,1465]
[0,870,1138,1465]
[0,870,1465]
[0,181,1465]
[0,442,915,1465]
[0,442,666,1465]
[0,326,442,666,870,973,1138,1422,1465]
[0,181,666,1465]
[0,181,666,915,1362,1465]
[0,442,666,1362,1465]
[0,442,666,1034,1465]
[0,666,1362,1465]
[0,326,442,666,915,973,1138,1362,1465]
[0,326,442,666,973,1138,1422,1465]
[0,666,1034,1465]
[0,221,598,915,1465]
[0,915,1396,1465]
[0,181,326,442,666,973,1138,1362,1465]
[0,181,442,666,915,1465]
[0,326,442,577,666,870,973,1138,1422,1465]
[0,598,915,1465]
[0,181,326,442,666,870,973,1138,1465]
[0,598,915,1396,1465]
[0,83,181,326,442,666,973,1138,1465]
[0,1362,1465]
[0,87,181,326,442,666,915,973,1138,1362,1465]
[0,181,666,1362,1465]
[0,83,181,326,442,577,666,973,1138,1422,1465]
[0,915,1465]
[0,666,1465]
[0,326,442,666,973,1138,1465]
[0,326,442,577,666,870,973,1138,1465]
[0,326,442,870,1138,1465]
[0,181,666,915,1465]
[0,83,181,326,442,577,666,870,973,1138,1465]
[0,326,442,973,1138,1465]
[0,181,326,442,666,915,973,1138,1362,1465]
[0,666,1396,1465]
[0,181,442,666,915,1362,1465]
[0,181,442,666,915,1034,1465]
[0,326,442,577,666,973,1138,1465]
[0,181,442,666,1465]
[0,442,973,1465]
[0,406,915,1465]
[0,879,1133,1422,1465]
[0,181,326,442,577,666,870,973,1138,1465]
[0,326,442,577,666,973,1138,1422,1465]
[0,866,1362,1465]
[0,221,598,915,1396,1465]
[0,326,442,577,666,915,973,1138,1362,1465]
[0,442,879,1133,1465]
