[0,363,1875]
[0,202,363,608,1784,1875]
[0,363,608,1784,1875]
[0,202,363,664,1784,1875]
[0,204,363,664,1875]
[0,202,263,363,664,1784,1875]
[0,646,1875]
[0,202,363,664,1875]
[0,204,363,664,1784,1875]
[0,664,1875]
[0,202,263,363,608,1784,1875]
[0,608,1875]
[0,363,664,1875]
[0,204,363,646,1784,1875]
[0,363,608,1875]
[0,363,1784,1875]
[0,646,1784,1875]
[0,202,363,1875]
[0,204,646,1875]
[0,204,363,1875]
[0,202,608,1875]
[0,204,363,646,1875]
[0,204,263,363,664,1784,1875]
[0,204,263,363,646,1784,1875]
[0,202,363,608,1875]
[0,608,1784,1875]
