[0,87,169,659,847,922]
[0,118,169,598,847,922]
[0,169,348,438,598,922]
[0,169,438,598,922]
[0,169,348,922]
[0,87,169,438,598,922]
[0,87,169,598,922]
[0,169,348,438,659,922]
[0,169,438,659,922]
[0,87,169,438,598,847,922]
[0,87,169,438,659,922]
[0,87,169,348,438,659,847,922]
[0,118,169,922]
[0,169,659,847,922]
[0,348,922]
[0,417,847,922]
[0,169,847,922]
[0,87,169,438,659,847,922]
[0,87,169,659,922]
[0,169,922]
[0,87,169,348,438,598,922]
[0,118,169,438,598,847,922]
[0,169,598,922]
[0,87,169,598,847,922]
[0,118,169,847,922]
[0,118,169,348,438,598,847,922]
[0,598,922]
[0,169,348,438,598,847,922]
[0,659,847,922]
[0,87,169,348,438,659,922]
[0,41,118,169,348,438,598,847,922]
[0,169,348,438,922]
[0,169,659,922]
[0,87,169,348,922]
[0,169,438,598,847,922]
[0,169,438,659,847,922]
[0,87,169,348,438,922]
[0,417,922]
[0,659,922]
[0,438,659,922]
[0,87,169,847,922]
[0,87,169,348,438,598,847,922]
[0,169,598,847,922]
[0,87,169,922]
