[0,104,1810]
[0,542,894,1219,1357,1810]
[0,104,542,790,894,1219,1357,1810]
[0,104,790,894,1357,1714,1810]
[0,200,892,1357,1810]
[0,104,790,892,1220,1357,1810]
[0,104,790,894,1219,1357,1714,1810]
[0,104,284,542,790,894,1219,1810]
[0,104,790,892,1357,1731,1810]
[0,200,1810]
[0,104,790,894,1219,1810]
[0,1357,1731,1810]
[0,104,790,894,1357,1731,1810]
[0,104,892,1219,1357,1810]
[0,284,542,790,894,1219,1810]
[0,1606,1810]
[0,104,790,894,1714,1810]
[0,104,284,542,790,894,1219,1357,1810]
[0,104,542,790,894,1219,1357,1731,1810]
[0,284,894,1810]
[0,104,790,894,1357,1810]
[0,104,790,892,1220,1357,1652,1731,1810]
[0,200,1714,1810]
[0,200,542,894,1810]
[0,892,1220,1357,1810]
[0,1357,1810]
[0,104,892,1220,1810]
[0,104,200,559,790,892,1220,1357,1652,1731,1810]
[0,200,892,1220,1357,1731,1810]
[0,542,790,894,1810]
[0,790,894,1219,1357,1810]
[0,373,894,1810]
[0,200,1731,1810]
[0,325,892,1731,1810]
[0,559,892,1220,1357,1810]
[0,200,790,892,1731,1810]
[0,559,892,1731,1810]
[0,892,1219,1357,1810]
[0,200,790,894,1357,1810]
[0,200,790,892,1220,1810]
[0,104,284,542,790,894,1219,1357,1652,1731,1810]
[0,200,790,894,1219,1357,1731,1810]
[0,284,542,790,894,1810]
[0,200,790,892,1220,1357,1731,1810]
[0,559,892,1220,1810]
[0,325,559,1357,1810]
[0,542,790,894,1219,1357,1810]
[0,200,542,790,894,1219,1357,1810]
[0,104,559,892,1220,1357,1810]
[0,104,790,892,1220,1810]
[0,200,790,894,1810]
[0,200,892,1357,1731,1810]
[0,104,284,542,790,894,1810]
[0,790,894,1219,1810]
[0,104,892,1731,1810]
[0,104,200,559,790,892,1220,1357,1731,1810]
[0,542,894,1810]
[0,284,790,894,1810]
[0,200,790,892,1357,1731,1810]
[0,200,542,790,894,1219,1810]
[0,200,790,894,1219,1810]
[0,892,1810]
[0,325,892,1357,1810]
[0,284,542,790,894,1219,1357,1810]
[0,200,894,1731,1810]
[0,790,894,1357,1810]
[0,325,1357,1731,1810]
[0,200,892,1810]
[0,894,1810]
[0,104,894,1810]
[0,200,542,894,1219,1810]
[0,284,542,894,1219,1810]
[0,104,542,790,894,1219,1810]
[0,284,542,894,1219,1357,1810]
[0,284,1357,1714,1810]
[0,200,542,790,894,1219,1357,1731,1810]
[0,200,894,1219,1357,1810]
[0,200,542,894,1219,1357,1810]
[0,892,1220,1810]
[0,200,894,1810]
[0,104,790,892,1357,1810]
[0,284,1810]
[0,104,892,1357,1714,1810]
[0,1357,1714,1810]
[0,200,892,1220,1357,1810]
[0,104,559,790,892,1220,1357,1652,1731,1810]
[0,104,790,892,1810]
[0,104,790,892,1731,1810]
[0,790,894,1810]
[0,104,559,790,892,1220,1357,1810]
[0,200,892,1220,1810]
[0,104,892,1714,1810]
[0,200,790,892,1810]
[0,200,790,892,1220,1357,1810]
[0,373,894,1652,1810]
[0,104,542,790,894,1810]
[0,542,790,894,1219,1810]
[0,104,790,894,1219,1357,1810]
[0,894,1357,1810]
[0,1731,1810]
[0,104,200,559,790,892,1220,1357,1810]
[0,373,1810]
[0,200,790,894,1357,1731,1810]
[0,892,1357,1810]
[0,200,892,1714,1810]
[0,104,892,1810]
[0,200,790,892,1357,1810]
[0,892,1731,1810]
[0,325,892,1810]
[0,284,1357,1810]
[0,200,790,894,1731,1810]
[0,894,1219,1810]
[0,104,559,790,892,1220,1357,1731,1810]
[0,894,1219,1357,1810]
[0,325,559,1357,1731,1810]
[0,200,892,1731,1810]
[0,559,892,1810]
[0,104,284,542,790,894,1219,1357,1731,1810]
[0,1714,1810]
[0,325,892,1357,1731,1810]
[0,325,559,1810]
[0,104,892,1219,1810]
[0,104,790,894,1810]
[0,104,790,892,1220,1357,1731,1810]
[0,104,894,1714,1810]
[0,325,1810]
[0,200,894,1219,1810]
[0,104,1714,1810]
[0,104,790,894,1219,1357,1731,1810]
[0,892,1219,1810]
[0,104,892,1357,1810]
[0,200,542,790,894,1219,1357,1652,1731,1810]
[0,284,542,894,1810]
[0,104,790,894,1731,1810]
[0,200,790,894,1219,1357,1810]
[0,325,1357,1810]
[0,104,894,1731,1810]
[0,284,894,1219,1810]
[0,104,892,1220,1357,1810]
[0,104,1731,1810]
[0,284,894,1219,1357,1810]
[0,200,894,1357,1810]
[0,542,894,1219,1810]
[0,200,542,790,894,1810]
[0,104,892,1219,1357,1714,1810]
