[0,259,525,794,962,1359,1758,2256,2600,2824]
[0,259,525,794,1758,2256,2600,2824]
[0,525,794,1758,2256,2824]
[0,259,525,794,962,2256,2429,2824]
[0,259,525,794,1758,1863,2256,2824]
[0,962,2256,2824]
[0,525,794,1359,1758,2256,2824]
[0,259,525,794,2256,2824]
[0,922,1806,2824]
[0,259,525,794,962,1758,2256,2824]
[0,259,525,794,1359,2256,2429,2824]
[0,259,525,794,963,1359,1758,2256,2429,2824]
[0,259,525,794,1758,2256,2824]
[0,525,794,1359,2256,2824]
[0,1359,2824]
[0,259,525,2327,2824]
[0,259,525,794,962,1758,2256,2429,2824]
[0,259,525,1359,1758,2256,2600,2824]
[0,259,525,794,962,2256,2824]
[0,259,525,794,1359,2256,2824]
[0,259,525,794,963,2256,2824]
[0,259,525,794,2256,2600,2824]
[0,259,525,1359,1894,2256,2824]
[0,259,525,1359,2327,2824]
[0,259,525,2256,2824]
[0,259,525,794,962,1359,1758,2256,2824]
[0,794,1359,1758,2256,2824]
[0,259,525,794,962,1758,1863,2256,2429,2824]
[0,525,1359,1758,2256,2824]
[0,259,525,794,962,1359,1758,2256,2429,2824]
[0,259,525,794,1758,1863,2256,2429,2824]
[0,525,1359,2327,2824]
[0,259,525,1359,2256,2665,2824]
[0,2256,2824]
[0,794,2256,2824]
[0,259,525,794,963,1359,1758,2256,2665,2824]
[0,794,1758,2256,2824]
[0,525,1359,2256,2824]
[0,259,525,1359,1758,2256,2824]
[0,794,2824]
[0,259,525,794,962,1359,1758,1863,2256,2429,2824]
[0,259,525,794,963,1359,2256,2665,2824]
[0,525,1359,2824]
[0,525,2824]
[0,259,525,794,962,1359,1758,1863,2256,2824]
[0,259,525,794,963,2256,2665,2824]
[0,259,525,794,2256,2429,2824]
[0,259,525,794,1359,1758,2256,2824]
[0,259,525,794,963,1359,2256,2429,2824]
[0,794,1359,2256,2824]
[0,259,525,794,963,2256,2429,2824]
[0,525,2327,2824]
[0,259,525,794,1359,1758,2256,2429,2824]
[0,259,525,2256,2665,2824]
[0,259,525,794,962,1359,1758,1863,2256,2600,2824]
[0,259,525,794,963,1359,1758,2256,2824]
[0,259,525,1359,1894,2256,2665,2824]
[0,259,525,794,1758,2256,2429,2824]
[0,525,2256,2824]
[0,922,2256,2824]
[0,259,525,1359,1758,1863,2256,2824]
[0,259,525,794,963,1359,2256,2824]
[0,259,525,1359,1758,1863,2256,2600,2824]
[0,259,525,794,1359,1758,2256,2600,2824]
[0,1359,2256,2824]
[0,259,525,794,962,1758,1863,2256,2824]
[0,525,1359,1894,2256,2824]
[0,962,1359,2824]
[0,962,2824]
[0,525,794,2256,2824]
[0,259,525,1359,2256,2824]
[0,922,2824]
