[0,61,250,445,544,644,790,885,973,1046]
[0,61,250,445,544,644,885,973,1046]
[0,250,1046]
[0,451,544,644,790,896,973,1046]
[0,544,644,885,1046]
[0,61,250,445,544,644,790,885,933,1046]
[0,451,544,644,790,885,965,1046]
[0,544,644,885,973,1046]
[0,61,250,544,644,1046]
[0,167,544,644,896,973,1046]
[0,167,544,644,885,1046]
[0,167,544,644,896,1046]
[0,167,250,451,544,644,790,896,1046]
[0,61,790,885,1046]
[0,61,250,445,544,790,885,1046]
[0,167,250,451,544,644,790,885,965,1046]
[0,445,544,790,1046]
[0,250,451,544,644,790,896,1046]
[0,250,451,544,644,790,896,973,1046]
[0,250,451,544,644,790,885,1046]
[0,250,544,644,885,973,1046]
[0,61,250,790,885,973,1046]
[0,544,790,885,1046]
[0,544,644,790,885,965,1046]
[0,250,451,544,644,885,1046]
[0,61,790,885,973,1046]
[0,167,250,445,544,644,1046]
[0,489,644,1046]
[0,61,790,896,973,1046]
[0,61,250,489,644,902,1046]
[0,250,790,1046]
[0,250,544,790,885,1046]
[0,250,544,790,896,1046]
[0,61,250,451,544,644,896,973,1046]
[0,250,451,544,644,896,973,1046]
[0,250,790,885,973,1046]
[0,445,544,644,885,1046]
[0,61,167,250,445,544,644,790,885,973,1046]
[0,445,544,644,790,885,1046]
[0,61,250,790,896,973,1046]
[0,544,644,896,973,1046]
[0,644,1046]
[0,445,544,790,885,1046]
[0,61,250,445,544,644,1046]
[0,250,445,544,790,1046]
[0,61,167,250,445,544,644,790,885,1046]
[0,445,544,790,885,973,1046]
[0,61,250,445,544,790,885,973,1046]
[0,167,544,644,885,965,1046]
[0,445,544,644,790,885,973,1046]
[0,544,1046]
[0,61,544,644,885,973,1046]
[0,167,250,544,644,1046]
[0,445,544,644,885,973,1046]
[0,790,885,973,1046]
[0,167,250,544,644,885,1046]
[0,451,902,1046]
[0,445,544,644,1046]
[0,451,544,644,896,973,1046]
[0,250,489,644,1046]
[0,250,489,644,902,1046]
[0,451,544,644,896,1046]
[0,451,1046]
[0,451,544,644,885,965,1046]
[0,544,644,885,965,1046]
[0,451,544,644,790,896,1046]
[0,167,250,544,644,885,973,1046]
[0,544,790,1046]
[0,790,885,1046]
[0,61,250,790,885,1046]
[0,790,896,1046]
[0,644,896,1046]
[0,167,644,885,1046]
[0,167,644,896,1046]
[0,167,250,445,544,644,885,1046]
[0,544,644,973,1046]
[0,250,445,544,644,885,1046]
[0,167,250,451,544,644,896,973,1046]
[0,167,250,445,544,644,790,885,1046]
[0,61,544,644,896,973,1046]
[0,61,167,250,445,544,644,790,885,933,1046]
[0,61,250,451,544,644,790,896,973,1046]
[0,885,973,1046]
[0,544,644,896,1046]
[0,167,250,445,544,644,790,885,973,1046]
[0,61,250,544,790,885,973,1046]
[0,250,544,790,885,973,1046]
[0,167,250,451,544,644,1046]
[0,250,445,544,790,885,1046]
[0,250,790,896,973,1046]
[0,250,451,544,644,885,965,1046]
[0,250,445,544,644,790,885,1046]
[0,451,544,644,1046]
[0,885,1046]
[0,896,1046]
[0,61,250,445,544,644,790,885,1046]
[0,167,250,445,544,644,885,973,1046]
[0,544,790,896,1046]
[0,250,445,544,644,1046]
[0,61,250,451,544,644,790,885,965,1046]
[0,250,451,544,644,790,885,965,1046]
[0,167,250,451,544,644,885,1046]
[0,167,544,644,1046]
[0,250,445,544,790,885,973,1046]
[0,250,544,790,1046]
[0,167,250,451,544,644,790,896,973,1046]
[0,61,250,544,644,885,1046]
[0,61,250,1046]
[0,250,790,885,1046]
[0,250,790,896,1046]
[0,250,451,544,644,896,1046]
[0,250,451,544,644,1046]
[0,61,167,250,451,544,644,790,896,973,1046]
[0,790,896,973,1046]
[0,250,544,644,790,896,1046]
[0,250,544,644,790,885,1046]
[0,544,644,1046]
[0,61,250,544,790,885,1046]
[0,61,451,544,644,896,973,1046]
[0,61,544,1046]
[0,250,644,1046]
[0,61,544,644,1046]
[0,250,790,917,1046]
[0,61,489,644,1046]
[0,61,451,544,644,885,965,1046]
[0,61,167,250,451,544,644,790,885,965,1046]
[0,61,250,790,1046]
[0,61,544,644,885,965,1046]
[0,61,489,644,902,1046]
[0,61,250,790,917,1046]
[0,167,250,544,644,885,965,1046]
[0,250,644,885,1046]
[0,250,644,896,1046]
[0,489,644,902,1046]
[0,167,250,451,544,644,790,885,1046]
[0,250,445,544,644,790,885,973,1046]
[0,544,790,885,973,1046]
[0,167,250,451,544,644,896,1046]
[0,250,544,644,885,1046]
[0,250,544,644,896,1046]
[0,61,250,544,644,885,973,1046]
[0,61,250,451,544,644,885,965,1046]
[0,973,1046]
[0,896,973,1046]
[0,644,885,1046]
[0,167,250,544,644,896,973,1046]
[0,451,544,644,885,1046]
[0,790,1046]
[0,167,250,451,544,644,885,965,1046]
[0,451,544,644,790,885,1046]
[0,544,644,790,885,1046]
[0,250,445,544,644,885,973,1046]
[0,544,644,790,896,1046]
[0,167,644,1046]
[0,151,544,1046]
[0,167,544,644,885,973,1046]
[0,167,250,544,644,896,1046]
[0,544,644,790,885,973,1046]
[0,61,250,445,544,644,885,1046]
[0,61,1046]
[0,250,544,644,1046]
