[0,311,534,937,1116,1343]
[0,136,311,534,803,1289,1343]
[0,136,534,896,1289,1343]
[0,534,803,937,1116,1343]
[0,136,534,896,937,1116,1289,1343]
[0,534,896,1116,1343]
[0,896,1343]
[0,134,534,896,937,1289,1343]
[0,136,311,534,896,1343]
[0,134,534,896,1343]
[0,136,534,1343]
[0,136,311,534,896,1289,1343]
[0,136,534,937,1116,1343]
[0,134,534,937,1289,1343]
[0,134,534,803,896,937,1116,1289,1343]
[0,134,1343]
[0,136,311,534,803,1343]
[0,136,534,803,937,1116,1289,1343]
[0,134,534,896,1289,1343]
[0,803,1343]
[0,134,311,534,937,1116,1289,1343]
[0,134,311,534,803,937,1116,1343]
[0,311,534,937,1343]
[0,136,311,534,803,937,1116,1343]
[0,136,534,937,1343]
[0,136,311,534,803,896,937,1116,1289,1343]
[0,134,534,803,937,1116,1289,1343]
[0,134,534,803,937,1116,1343]
[0,136,534,896,1116,1343]
[0,136,534,896,937,1289,1343]
[0,311,534,896,1208,1343]
[0,136,311,534,937,1116,1289,1343]
[0,136,534,1289,1343]
[0,534,937,1116,1343]
[0,311,937,1116,1343]
[0,134,534,896,937,1116,1289,1343]
[0,134,311,534,896,1343]
[0,136,311,534,896,1116,1343]
[0,311,937,1343]
[0,134,534,937,1116,1343]
[0,134,311,534,803,896,937,1116,1289,1343]
[0,136,534,803,937,1116,1343]
[0,311,534,1343]
[0,134,534,937,1116,1289,1343]
[0,134,534,1343]
[0,136,311,534,803,937,1116,1289,1343]
[0,136,534,937,1116,1289,1343]
[0,311,534,896,1343]
[0,136,534,896,1343]
[0,134,311,534,937,1116,1343]
[0,534,896,1343]
[0,136,1343]
[0,937,1343]
[0,311,534,803,937,1116,1343]
[0,134,534,937,1343]
[0,311,534,803,1343]
[0,134,311,534,896,1208,1343]
[0,136,534,803,1343]
[0,311,534,896,1116,1343]
[0,311,896,1343]
[0,534,803,1343]
[0,534,937,1343]
[0,534,1343]
[0,134,311,534,896,1289,1343]
[0,134,534,1289,1343]
[0,311,803,1343]
[0,136,534,803,896,937,1116,1289,1343]
[0,136,534,803,1289,1343]
[0,136,534,937,1289,1343]
[0,136,311,534,937,1116,1343]
[0,311,1343]
[0,134,311,534,803,937,1116,1289,1343]
