[0,490,1130,1723,2812]
[0,1023,2070,2812]
[0,400,1723,2812]
[0,356,624,1023,1135,1723,2334,2812]
[0,400,1135,1723,2812]
[0,356,624,1135,1723,2334,2812]
[0,1130,1723,2812]
[0,348,1130,1739,2353,2812]
[0,400,653,1023,1135,1723,2337,2812]
[0,400,2337,2812]
[0,356,1135,1723,2812]
[0,400,1135,1723,2337,2812]
[0,400,1135,2812]
[0,2334,2812]
[0,348,557,1130,1739,2337,2737,2812]
[0,356,624,1023,1135,1723,2812]
[0,1723,2334,2812]
[0,400,653,1135,1723,2812]
[0,348,1130,1739,2337,2812]
[0,1130,1739,2353,2812]
[0,348,557,2353,2812]
[0,400,653,1130,1723,2337,2812]
[0,400,653,1723,2812]
[0,400,1130,2812]
[0,400,653,1023,2812]
[0,1739,2812]
[0,348,1130,1739,2812]
[0,356,624,2812]
[0,455,1135,2812]
[0,1739,2353,2812]
[0,356,490,1135,1723,2334,2812]
[0,400,653,1023,1135,2812]
[0,400,1130,1723,2812]
[0,1135,1723,2334,2812]
[0,1130,1723,2337,2812]
[0,356,624,1135,2812]
[0,1723,2812]
[0,348,1739,2353,2812]
[0,1739,2337,2812]
[0,455,1130,2812]
[0,348,2353,2812]
[0,348,557,2812]
[0,1023,2812]
[0,1135,2812]
[0,356,2812]
[0,400,2812]
[0,455,2812]
[0,455,1130,1739,2353,2812]
[0,85,490,1130,1723,2337,2812]
[0,490,1130,1723,2337,2812]
[0,356,624,1135,1723,2812]
[0,1135,1723,2337,2812]
[0,85,490,1130,1723,2337,2737,2812]
[0,400,1023,2812]
[0,348,557,1130,1739,2353,2812]
[0,85,1130,1723,2337,2737,2812]
[0,400,653,1130,1723,2337,2737,2812]
[0,400,653,2812]
[0,1130,2812]
[0,400,653,1135,1723,2337,2812]
[0,356,1023,1135,2812]
[0,400,653,1723,2337,2812]
[0,356,624,1023,1135,2812]
[0,348,557,1130,1739,2337,2812]
[0,348,1130,2812]
[0,348,557,1739,2812]
[0,348,557,1739,2353,2812]
[0,356,1135,2812]
[0,1135,1723,2812]
[0,356,1135,1723,2334,2812]
[0,1130,1739,2337,2812]
[0,2353,2812]
[0,85,1130,1723,2812]
[0,455,1135,2334,2812]
[0,348,557,1130,1739,2812]
[0,455,1130,1739,2812]
[0,400,1723,2337,2812]
[0,348,2812]
[0,400,1130,1723,2337,2812]
[0,85,1130,1723,2337,2812]
[0,2337,2812]
[0,348,1739,2812]
[0,1135,2334,2812]
[0,1130,1739,2812]
[0,85,400,653,1130,1723,2337,2737,2812]
[0,400,653,1023,1135,1723,2812]
[0,1723,2337,2812]
[0,85,400,653,1130,1723,2337,2812]
