[0,277,922]
[0,268,922]
[0,279,922]
[0,277,424,565,696,881,922]
[0,565,922]
[0,268,487,780,922]
[0,268,780,922]
[0,286,565,922]
[0,279,424,922]
[0,279,424,565,881,922]
[0,268,487,922]
[0,111,277,424,565,819,881,922]
[0,111,277,424,565,696,922]
[0,277,424,565,819,881,922]
[0,277,424,565,819,922]
[0,268,424,565,922]
[0,268,424,922]
[0,279,424,565,696,922]
[0,111,279,424,565,696,881,922]
[0,111,277,424,565,819,922]
[0,277,424,565,881,922]
[0,111,277,424,565,696,881,922]
[0,277,424,565,696,922]
[0,286,922]
[0,279,424,565,696,881,922]
[0,277,424,565,922]
[0,277,424,696,922]
[0,111,277,424,565,922]
[0,111,279,424,565,696,922]
[0,111,279,424,565,922]
[0,277,424,922]
[0,277,696,922]
[0,424,565,922]
[0,279,424,565,922]
