[0,333,462,866,1100,1732,2812]
[0,333,462,1777,2812]
[0,1100,1777,2812]
[0,333,866,1352,1544,1777,2812]
[0,333,462,866,1732,2751,2812]
[0,333,866,1777,2812]
[0,333,1352,1777,2812]
[0,333,2751,2812]
[0,866,1732,2812]
[0,333,1732,2812]
[0,333,1352,1777,2751,2812]
[0,333,1100,1777,2812]
[0,333,462,1352,1544,1777,2812]
[0,333,1100,1777,2751,2812]
[0,1777,2812]
[0,333,462,1732,2812]
[0,333,1544,1777,2812]
[0,1100,1732,2812]
[0,333,999,1352,1777,2751,2812]
[0,333,866,1100,1352,1544,1777,2812]
[0,149,333,1777,2812]
[0,333,462,866,1100,1777,2812]
[0,333,462,866,1100,1732,2751,2812]
[0,333,866,1544,1777,2812]
[0,333,1732,2751,2812]
[0,333,866,1100,1352,1539,1777,2812]
[0,333,462,1732,2751,2812]
[0,784,2812]
[0,149,333,999,1352,1777,2812]
[0,333,866,1352,1539,1777,2812]
[0,333,1544,1777,2751,2812]
[0,333,1100,1544,1777,2812]
[0,333,1777,2812]
[0,333,866,1100,1732,2812]
[0,333,462,866,1777,2812]
[0,333,462,1352,1539,1777,2812]
[0,333,1352,2812]
[0,333,1100,1732,2751,2812]
[0,333,1539,1777,2812]
[0,333,866,1100,1777,2698,2812]
[0,333,462,866,1100,1352,1544,1777,2751,2812]
[0,333,462,866,1352,1544,1777,2812]
[0,333,462,866,1100,1777,2698,2812]
[0,333,1777,2751,2812]
[0,333,866,1539,1777,2812]
[0,333,999,1352,1777,2812]
[0,333,462,866,1352,1539,1777,2812]
[0,333,462,866,1732,2812]
[0,333,866,1100,1544,1777,2812]
[0,333,462,866,1352,1544,1777,2751,2812]
[0,333,1100,1539,1777,2812]
[0,333,1352,1544,1777,2751,2812]
[0,333,866,1100,1777,2812]
[0,999,1352,1777,2812]
[0,149,333,1352,1777,2751,2812]
[0,333,2812]
[0,333,866,1100,1732,2751,2812]
[0,333,462,1352,1544,1777,2751,2812]
[0,1682,2812]
[0,333,462,866,1100,1352,1539,1777,2698,2812]
[0,1352,2812]
[0,784,1682,2812]
[0,333,866,1732,2812]
[0,1352,1777,2812]
[0,333,462,866,1100,1352,1544,1777,2812]
[0,149,333,999,1352,1777,2751,2812]
[0,333,1100,1732,2812]
[0,333,866,1100,1777,2751,2812]
[0,1732,2812]
[0,333,866,1100,1539,1777,2812]
[0,333,462,866,1100,1352,1539,1777,2812]
[0,333,1352,1544,1777,2812]
[0,866,1777,2812]
[0,149,333,1352,1777,2812]
[0,333,1352,1539,1777,2812]
[0,999,1777,2812]
[0,149,333,1777,2751,2812]
