[0,275,683,996,1249]
[0,275,683,1249]
[0,233,855,1249]
[0,301,678,1249]
[0,275,733,996,1249]
[0,118,275,676,763,996,1249]
[0,118,190,763,996,1191,1249]
[0,275,733,1108,1249]
[0,678,1249]
[0,540,996,1249]
[0,733,1249]
[0,190,733,996,1249]
[0,190,521,1108,1249]
[0,118,275,733,996,1249]
[0,118,275,733,1108,1249]
[0,190,521,683,1249]
[0,118,275,683,996,1249]
[0,118,190,733,996,1249]
[0,190,676,1249]
[0,275,676,1249]
[0,190,683,763,996,1108,1249]
[0,118,996,1249]
[0,190,763,996,1249]
[0,676,996,1249]
[0,275,733,1249]
[0,118,190,733,996,1108,1249]
[0,521,1249]
[0,763,1249]
[0,763,996,1249]
[0,736,996,1249]
[0,275,676,996,1249]
[0,118,190,733,996,1108,1191,1249]
[0,996,1249]
[0,118,190,736,823,996,1249]
[0,118,190,763,996,1108,1191,1249]
[0,118,275,683,996,1111,1249]
[0,118,190,301,678,996,1111,1249]
[0,118,190,763,996,1249]
[0,190,521,683,1108,1249]
[0,190,521,1249]
[0,118,301,678,996,1111,1249]
[0,118,190,678,996,1111,1249]
[0,190,678,996,1249]
[0,118,190,683,763,996,1249]
[0,855,1249]
[0,118,190,733,996,1191,1249]
[0,190,683,763,996,1249]
[0,190,676,1108,1249]
[0,118,190,736,996,1249]
[0,118,275,676,996,1249]
[0,190,763,996,1108,1249]
[0,683,1249]
[0,301,678,996,1249]
[0,190,733,996,1108,1249]
[0,190,678,996,1111,1249]
[0,678,996,1249]
[0,733,996,1249]
[0,733,1108,1249]
[0,683,996,1249]
[0,118,190,763,996,1108,1249]
[0,540,1249]
[0,736,1249]
[0,118,275,676,763,996,1111,1249]
[0,190,736,823,996,1249]
[0,190,736,996,1249]
[0,118,301,678,996,1249]
[0,118,275,676,996,1111,1249]
[0,118,190,683,763,996,1108,1191,1249]
[0,118,190,683,763,996,1108,1249]
[0,118,190,678,996,1249]
[0,676,1249]
