[0,196,330,718,830,969]
[0,80,135,196,330,718,830,969]
[0,80,135,196,330,586,718,830,969]
[0,135,196,330,718,830,923,969]
[0,196,330,969]
[0,196,330,718,969]
[0,718,969]
[0,80,135,196,330,586,718,830,923,969]
[0,196,330,718,830,923,969]
[0,175,330,969]
[0,175,330,718,969]
[0,330,718,969]
[0,135,196,330,718,830,969]
[0,135,196,330,586,718,830,969]
[0,80,135,196,330,718,830,923,969]
[0,196,718,969]
[0,196,330,586,718,969]
[0,196,969]
[0,175,969]
[0,330,969]
[0,175,718,969]
[0,196,330,586,718,830,969]
