[0,341,1449,2086]
[0,2036,2086]
[0,341,618,1091,1436,1653,2086]
[0,341,1436,2036,2086]
[0,341,1151,1449,2036,2086]
[0,341,2036,2086]
[0,341,618,1091,1280,1436,1653,2036,2086]
[0,341,618,1091,1436,2086]
[0,1091,1436,2086]
[0,1091,1436,2036,2086]
[0,1151,1449,2036,2086]
[0,341,1280,2086]
[0,1280,2086]
[0,341,618,1091,1436,1653,2036,2086]
[0,341,618,1151,1449,2036,2086]
[0,341,618,1091,1280,1436,1653,2086]
[0,618,1436,2086]
[0,1280,2036,2086]
[0,341,1091,1436,2036,2086]
[0,1436,2086]
[0,341,618,1091,1280,1436,2086]
[0,341,1091,1436,2086]
[0,1436,2036,2086]
[0,341,1436,2086]
[0,341,2086]
[0,1151,1449,2086]
[0,341,618,1091,1436,2036,2086]
[0,341,618,1151,1449,2086]
[0,341,1280,2036,2086]
[0,618,1091,1436,2086]
[0,341,1151,1449,2086]
[0,1449,2086]
