[0,305,483,607,2120]
[0,404,1660,2120]
[0,1905,2120]
[0,802,2120]
[0,483,2120]
[0,305,607,1215,1660,2120]
[0,305,387,483,607,1215,1660,2120]
[0,305,387,483,607,2120]
[0,607,1660,2120]
[0,305,387,483,607,1660,2120]
[0,1660,2120]
[0,305,483,607,1905,2120]
[0,305,483,802,2120]
[0,305,483,607,1215,1660,2120]
[0,305,607,2120]
[0,305,483,607,1660,2120]
[0,305,607,1215,1473,1660,2120]
[0,305,387,483,607,802,1905,2120]
[0,305,607,1905,2120]
[0,305,483,607,1215,1473,1660,2120]
[0,305,483,607,802,1905,2120]
[0,305,802,1905,2120]
[0,305,483,802,1905,2120]
[0,607,2120]
[0,607,1215,1660,2120]
[0,387,607,2120]
[0,305,483,2120]
[0,305,387,483,607,1215,1473,1660,2120]
[0,305,387,483,607,1905,2120]
[0,305,802,2120]
[0,305,607,1660,2120]
