[0,713,964,1352,2426,3100,3353]
[0,713,964,2426,3100,3353]
[0,964,1352,2288,2426,3353]
[0,713,2316,3353]
[0,713,964,1352,1621,2039,2426,3100,3353]
[0,713,2426,2801,3100,3353]
[0,713,964,1352,2738,3100,3353]
[0,964,1352,2426,3353]
[0,713,964,2426,3353]
[0,713,964,1365,2426,3353]
[0,2426,3353]
[0,713,964,1352,3353]
[0,1352,3353]
[0,1352,2039,3353]
[0,1365,1621,2426,3100,3353]
[0,1365,2426,3353]
[0,713,1389,3353]
[0,1621,2426,3353]
[0,713,964,1389,2039,2738,3100,3353]
[0,713,964,2426,2801,3100,3353]
[0,829,2284,3353]
[0,713,964,1352,1621,2426,3100,3353]
[0,713,964,1352,2426,3353]
[0,964,1352,1621,2039,3353]
[0,713,2426,2801,3353]
[0,964,1352,1621,2039,2738,3100,3353]
[0,713,964,1365,2426,3100,3353]
[0,713,3353]
[0,713,2426,3100,3353]
[0,1352,1621,2039,3353]
[0,1352,2426,3353]
[0,713,2738,3100,3353]
[0,964,1352,2738,3100,3353]
[0,2288,2426,3353]
[0,1352,2738,3353]
[0,713,964,1352,2039,2288,2426,3100,3353]
[0,1352,2288,2426,3353]
[0,713,964,1352,2738,3353]
[0,1365,2426,3100,3353]
[0,964,1352,1621,2039,2426,3100,3353]
[0,713,2039,2738,3353]
[0,964,1352,1621,2039,2426,3353]
[0,829,3353]
[0,964,1352,3353]
[0,964,1352,2039,2738,3353]
[0,1365,2288,2426,3353]
[0,713,1389,3100,3353]
[0,713,1389,2039,3353]
[0,964,1352,2426,3100,3353]
[0,1352,1621,2738,3100,3353]
[0,713,1389,2316,3353]
[0,713,2426,3353]
[0,713,1352,1621,2426,3100,3353]
[0,713,1621,2426,3353]
[0,964,1365,1621,2426,3100,3353]
[0,2426,3100,3353]
[0,713,1389,2316,3100,3353]
[0,713,964,1365,2288,2426,3353]
[0,713,964,1365,1621,2426,2801,3100,3353]
[0,1352,2738,3100,3353]
[0,2039,3353]
[0,713,964,1365,2288,2426,3100,3353]
[0,964,1365,2426,3353]
[0,713,1389,2738,3353]
[0,2316,3353]
[0,964,1365,1621,2426,2801,3100,3353]
[0,1352,2426,3100,3353]
[0,964,1352,2738,3353]
[0,964,1352,2039,2426,3100,3353]
[0,713,964,2738,3100,3353]
[0,964,1365,2426,2801,3353]
[0,713,964,1365,1621,2426,3353]
[0,713,964,1352,2039,2426,3100,3353]
[0,713,2738,3353]
[0,713,964,1352,1621,2039,2288,2426,3100,3353]
[0,1365,3353]
[0,964,1365,2426,3100,3353]
[0,713,964,1352,1621,2039,2738,3100,3353]
[0,1352,2039,2738,3353]
[0,713,964,1352,2288,2426,3100,3353]
[0,713,1365,1621,2426,3100,3353]
[0,829,2284,3100,3353]
[0,1365,1621,2426,3353]
[0,1352,1621,2426,3353]
[0,713,1389,2039,2738,3353]
[0,713,2039,2738,3100,3353]
[0,964,1352,2039,2426,3353]
[0,964,1365,1621,2426,3353]
[0,964,1352,1621,2426,3100,3353]
[0,713,964,1352,2288,2426,3353]
[0,713,964,1352,1621,2738,3100,3353]
[0,713,964,1365,1621,2426,3100,3353]
[0,2381,3353]
[0,964,1352,1621,2426,3353]
[0,713,1365,2426,3353]
[0,1352,1621,2039,2738,3353]
[0,964,1352,1621,2738,3100,3353]
[0,2284,3353]
[0,964,1352,2039,3353]
[0,1352,1621,2738,3353]
[0,713,2039,3353]
[0,1352,1621,2039,2738,3100,3353]
[0,713,1365,1621,2426,3353]
[0,713,1389,2738,3100,3353]
[0,713,1352,1621,2426,3353]
[0,713,1389,2039,2738,3100,3353]
[0,964,1352,1621,2039,2738,3353]
[0,1352,1621,2426,3100,3353]
[0,964,1365,1621,2426,2801,3353]
[0,964,1352,1621,2738,3353]
[0,964,1365,2288,2426,3353]
[0,713,964,1389,2738,3100,3353]
