[0,48,393,581,1642]
[0,580,693,1642]
[0,48,580,693,1064,1642]
[0,393,580,693,1065,1414,1642]
[0,48,572,1642]
[0,393,580,1064,1414,1642]
[0,580,1065,1414,1642]
[0,1114,1642]
[0,393,1064,1414,1642]
[0,48,580,1064,1642]
[0,48,580,1065,1308,1642]
[0,48,393,581,1114,1642]
[0,393,580,1065,1414,1642]
[0,48,554,1642]
[0,580,693,1064,1642]
[0,580,1065,1308,1642]
[0,393,580,697,1065,1642]
[0,495,1642]
[0,48,393,580,693,1064,1642]
[0,572,1642]
[0,393,1064,1308,1642]
[0,48,393,1642]
[0,48,1642]
[0,580,1064,1642]
[0,48,580,1064,1308,1642]
[0,393,1064,1642]
[0,393,580,1064,1642]
[0,393,580,693,1065,1642]
[0,393,580,1065,1308,1642]
[0,48,580,697,1065,1308,1642]
[0,48,1064,1642]
[0,48,393,580,697,1065,1642]
[0,48,580,697,1065,1642]
[0,554,1642]
[0,48,393,1064,1308,1642]
[0,48,580,1065,1642]
[0,48,580,693,1065,1642]
[0,48,393,580,693,1065,1642]
[0,48,393,1064,1642]
[0,48,393,580,697,1065,1414,1642]
[0,580,1064,1308,1642]
[0,48,580,693,1642]
[0,393,1114,1642]
[0,393,580,697,1065,1414,1642]
[0,48,393,580,697,1065,1308,1642]
[0,580,697,1065,1642]
[0,580,1642]
[0,393,1642]
[0,1064,1642]
[0,393,581,1642]
[0,393,580,693,1064,1642]
[0,393,580,697,1065,1308,1642]
[0,393,581,1114,1642]
[0,393,580,1065,1642]
[0,48,393,580,693,1064,1414,1642]
[0,48,393,580,1064,1642]
[0,393,580,693,1064,1414,1642]
[0,48,393,580,693,1065,1414,1642]
[0,580,697,1065,1308,1642]
[0,580,1065,1642]
[0,580,693,1065,1642]
