[0,437,1783,3308,3836,4285]
[0,437,1371,1783,3114,3836,4285]
[0,437,1382,1783,2277,2988,3308,3836,4285]
[0,1610,3308,3836,4285]
[0,437,1610,3308,3836,4285]
[0,1398,3394,4285]
[0,437,1382,1783,3308,3836,4285]
[0,1398,2988,3836,4285]
[0,437,1398,3114,3836,4285]
[0,437,1382,1783,2277,3308,3836,4285]
[0,437,1371,1783,2277,3308,3836,4285]
[0,437,1398,2988,4285]
[0,437,1398,2988,3836,4285]
[0,437,1371,1783,3308,3836,4285]
[0,437,1783,3308,4285]
[0,1783,3308,4285]
[0,437,1783,3114,4285]
[0,437,1382,1783,2988,3308,3836,4285]
[0,1783,2277,3308,4285]
[0,1783,3308,3836,4285]
[0,437,4285]
[0,1783,3114,4285]
[0,1783,3114,3836,4285]
[0,1398,3114,4285]
[0,1610,3308,4285]
[0,1610,4285]
[0,437,1398,1783,2277,2988,3308,3836,4285]
[0,437,1398,1783,3308,3836,4285]
[0,437,1783,2277,3308,3836,4285]
[0,437,1610,4285]
[0,437,1398,3394,4285]
[0,1398,2988,4285]
[0,1398,4285]
[0,437,1783,3114,3836,4285]
[0,437,1371,1783,2988,3308,3836,4285]
[0,437,1398,1783,2277,3308,3836,4285]
[0,437,1398,4285]
[0,1783,2277,3308,3836,4285]
[0,437,1783,4285]
[0,437,1398,1783,2988,3308,3836,4285]
[0,1398,3114,3836,4285]
[0,1783,4285]
[0,437,1610,3308,4285]
[0,437,1371,1783,2277,2988,3308,3836,4285]
[0,437,1398,3114,4285]
