[0,1179,2956]
[0,1179,1846,2542,2956]
[0,1130,1846,2956]
[0,1137,2542,2956]
[0,2486,2956]
[0,1137,2956]
[0,1130,1846,2486,2956]
[0,1130,2956]
[0,1137,1846,2956]
[0,514,2956]
[0,1137,2257,2542,2956]
[0,1179,1610,1846,2082,2257,2542,2956]
[0,1137,1610,1846,2082,2257,2542,2956]
[0,103,1179,1610,1846,2082,2257,2542,2956]
[0,103,1179,2082,2257,2542,2956]
[0,103,1137,1846,2082,2257,2542,2956]
[0,1130,2486,2956]
[0,1137,2082,2257,2542,2956]
[0,1179,2082,2542,2956]
[0,1179,2082,2257,2542,2956]
[0,103,1179,1846,2082,2257,2542,2956]
[0,514,2542,2956]
[0,1137,1846,2257,2542,2956]
[0,1179,1846,2486,2956]
[0,2542,2956]
[0,1179,1610,1846,2257,2542,2956]
[0,2082,2956]
[0,103,1137,2082,2257,2542,2956]
[0,1179,2082,2956]
[0,1179,2542,2956]
[0,1179,1846,2082,2257,2542,2956]
[0,1137,1846,2542,2956]
[0,514,1846,2956]
[0,2257,2542,2956]
[0,1137,1846,2082,2257,2542,2956]
[0,1137,1610,1846,2257,2542,2956]
[0,1846,2956]
[0,103,1137,1610,1846,2082,2257,2542,2956]
[0,1179,1846,2956]
[0,2082,2257,2542,2956]
[0,1179,1846,2257,2542,2956]
[0,1130,2082,2956]
[0,1179,2486,2956]
