[0,207,1234,1495,1686,1937,2053]
[0,1665,2053]
[0,207,1234,1574,1937,2053]
[0,207,1937,2053]
[0,207,1234,1686,1937,2053]
[0,233,1234,1665,2053]
[0,259,1450,2053]
[0,1234,1498,1665,1937,2053]
[0,1234,1495,2053]
[0,1234,1574,2053]
[0,1234,1495,1937,2053]
[0,207,1234,1450,1495,1686,1937,2053]
[0,1234,1495,1686,2053]
[0,1234,1530,2053]
[0,207,1234,1495,2053]
[0,1495,2053]
[0,207,1234,1574,2053]
[0,207,1234,1686,2053]
[0,1530,2053]
[0,233,1234,1530,2053]
[0,1574,2053]
[0,1234,1937,2053]
[0,233,1234,1530,1665,2053]
[0,1234,1686,2053]
[0,207,2053]
[0,1450,1937,2053]
[0,1234,1498,1665,2053]
[0,1234,1450,1498,1665,1937,2053]
[0,1937,2053]
[0,1234,1495,1686,1937,2053]
[0,1686,2053]
[0,233,1234,1498,1665,2053]
[0,207,1234,1495,1937,2053]
[0,259,1450,1937,2053]
[0,233,1234,1665,1937,2053]
[0,207,1234,1495,1686,2053]
[0,233,1234,1449,1530,1665,1937,2053]
[0,233,1234,1530,1937,2053]
[0,1234,1661,2053]
[0,1234,1530,1937,2053]
[0,233,1234,1530,1665,1937,2053]
[0,1234,1665,1937,2053]
[0,233,1234,1498,1665,1937,2053]
[0,1234,1574,1937,2053]
[0,1450,2053]
[0,1234,2053]
[0,1661,2053]
[0,1234,1450,1495,1686,1937,2053]
[0,1234,1665,2053]
[0,233,1234,1450,1498,1665,1937,2053]
[0,207,1234,1574,1686,1937,2053]
[0,1234,1686,1937,2053]
[0,1234,1661,1937,2053]
