[0,209,451,662,997]
[0,206,364,527,662,747,997]
[0,131,209,364,535,662,747,944,997]
[0,206,747,997]
[0,131,209,364,535,662,747,997]
[0,131,209,364,405,535,662,747,944,997]
[0,206,432,997]
[0,364,405,490,535,662,997]
[0,364,490,535,662,997]
[0,206,997]
[0,209,364,535,662,997]
[0,364,451,535,662,997]
[0,197,364,747,944,997]
[0,206,747,944,997]
[0,209,364,405,451,535,662,944,997]
[0,747,997]
[0,364,997]
[0,209,451,535,662,944,997]
[0,364,405,451,535,662,997]
[0,206,364,527,662,997]
[0,364,535,747,997]
[0,432,997]
[0,197,364,747,997]
[0,209,364,747,997]
[0,209,364,451,535,662,944,997]
[0,209,662,997]
[0,206,364,747,997]
[0,364,662,997]
[0,419,997]
[0,131,206,364,527,662,747,997]
[0,364,944,997]
[0,206,432,836,997]
[0,131,206,364,747,997]
[0,209,364,405,451,535,662,997]
[0,209,364,535,662,747,997]
[0,206,836,997]
[0,209,364,405,535,662,944,997]
[0,131,206,364,747,944,997]
[0,206,364,527,662,944,997]
[0,364,836,997]
[0,206,364,405,490,535,662,944,997]
[0,206,364,747,944,997]
[0,131,209,364,535,747,944,997]
[0,209,364,451,535,662,997]
[0,206,364,490,535,662,997]
[0,131,209,364,535,662,944,997]
[0,131,209,364,535,662,997]
[0,209,364,535,747,997]
[0,419,747,997]
[0,131,206,364,527,662,997]
[0,451,662,997]
[0,209,451,535,662,997]
[0,206,419,747,997]
[0,206,419,747,944,997]
[0,209,364,997]
[0,209,997]
[0,451,997]
[0,131,206,364,527,662,747,944,997]
[0,131,209,364,535,747,997]
[0,662,997]
[0,206,364,490,535,662,944,997]
[0,206,364,535,662,944,997]
[0,364,535,662,997]
[0,209,364,944,997]
[0,364,747,997]
[0,131,206,364,527,662,944,997]
[0,209,364,747,944,997]
[0,131,209,364,405,535,662,944,997]
[0,209,364,535,662,944,997]
[0,209,364,662,997]
[0,206,364,662,997]
[0,206,364,535,662,997]
[0,206,364,405,490,535,662,997]
[0,209,364,535,747,944,997]
