[0,57,247,367,551,855,1072,1197]
[0,365,551,1197]
[0,57,247,365,551,855,1072,1197]
[0,247,367,551,855,1197]
[0,367,551,855,1197]
[0,247,344,1197]
[0,369,855,1197]
[0,369,551,855,1072,1197]
[0,369,551,1197]
[0,365,1197]
[0,367,551,855,1072,1197]
[0,57,247,367,551,855,1197]
[0,57,247,365,551,855,1197]
[0,57,247,369,551,1197]
[0,247,369,551,855,1197]
[0,247,367,551,1197]
[0,247,365,551,855,1072,1197]
[0,247,365,1197]
[0,367,1197]
[0,57,247,367,1197]
[0,247,369,551,1197]
[0,57,247,365,551,1197]
[0,57,247,365,1197]
[0,367,855,1197]
[0,365,551,855,1072,1197]
[0,247,367,551,855,1072,1197]
[0,247,369,551,855,1072,1197]
[0,367,551,1197]
[0,369,1197]
[0,247,369,1197]
[0,247,365,551,855,1197]
[0,247,367,1197]
[0,247,365,551,1197]
[0,57,247,367,551,1197]
[0,369,551,855,1197]
[0,57,247,369,1197]
[0,344,1197]
[0,365,551,855,1109,1197]
[0,365,855,1197]
[0,57,247,369,551,855,1197]
[0,365,551,855,1197]
[0,57,247,369,551,855,1072,1197]
