[0,207,303,609,931,1051,1562]
[0,636,931,1276,1562]
[0,207,303,609,931,1051,1514,1562]
[0,59,153,207,303,609,931,1051,1562]
[0,1271,1562]
[0,303,950,1562]
[0,207,340,931,1214,1288,1562]
[0,636,931,1562]
[0,609,950,1562]
[0,207,609,931,1514,1562]
[0,207,303,1271,1562]
[0,207,340,931,1051,1288,1562]
[0,59,207,303,609,931,1051,1562]
[0,207,303,636,950,1271,1562]
[0,207,340,931,1214,1288,1514,1562]
[0,303,950,1271,1562]
[0,340,931,1288,1562]
[0,153,207,303,1562]
[0,59,207,303,636,950,1271,1562]
[0,59,207,340,609,931,1051,1214,1288,1562]
[0,59,207,303,636,931,1276,1562]
[0,59,207,303,609,931,1562]
[0,59,153,207,303,609,931,1051,1514,1562]
[0,340,931,1562]
[0,59,207,303,609,1562]
[0,207,1276,1562]
[0,931,1288,1562]
[0,207,609,1562]
[0,207,303,1562]
[0,207,340,931,1051,1214,1288,1514,1562]
[0,207,303,931,1562]
[0,207,340,931,1051,1214,1288,1562]
[0,207,609,1514,1562]
[0,59,153,207,303,609,931,1514,1562]
[0,207,340,609,931,1051,1288,1562]
[0,59,153,207,303,931,1276,1514,1562]
[0,59,207,340,609,931,1051,1214,1288,1514,1562]
[0,207,609,950,1288,1562]
[0,303,636,950,1562]
[0,59,153,207,303,609,931,1562]
[0,153,207,303,609,931,1514,1562]
[0,207,636,931,1276,1562]
[0,207,303,636,931,1276,1562]
[0,207,609,931,1288,1562]
[0,1276,1562]
[0,207,1271,1562]
[0,59,153,207,303,636,931,1276,1562]
[0,609,950,1271,1562]
[0,153,303,950,1271,1514,1562]
[0,303,931,1276,1562]
[0,950,1271,1562]
[0,207,340,931,1288,1562]
[0,207,303,609,1562]
[0,207,303,931,1514,1562]
[0,950,1562]
[0,207,303,636,950,1271,1514,1562]
[0,207,340,609,931,1051,1214,1288,1562]
[0,153,207,303,609,931,1562]
[0,59,207,303,1562]
[0,59,153,207,303,931,1276,1562]
[0,207,609,950,1271,1514,1562]
[0,609,950,1288,1562]
[0,303,636,950,1271,1562]
[0,153,207,303,931,1276,1562]
[0,950,1288,1562]
[0,207,340,609,931,1288,1562]
[0,153,303,636,950,1271,1514,1562]
[0,59,207,303,636,950,1271,1514,1562]
[0,340,1288,1562]
[0,59,153,207,303,636,931,1276,1514,1562]
[0,1288,1562]
[0,59,153,207,303,1562]
[0,153,303,950,1271,1562]
[0,207,1562]
[0,207,609,931,1562]
[0,207,303,950,1271,1562]
[0,207,609,931,1051,1562]
[0,207,303,1276,1562]
[0,636,950,1271,1562]
[0,931,1562]
[0,59,207,303,636,931,1276,1514,1562]
[0,636,1562]
[0,59,207,303,931,1276,1562]
[0,636,950,1562]
[0,303,931,1562]
[0,207,303,931,1276,1514,1562]
[0,207,303,609,931,1562]
[0,207,636,950,1271,1562]
[0,207,340,1288,1562]
[0,59,153,207,303,609,1562]
[0,609,931,1562]
[0,207,340,609,931,1051,1214,1288,1514,1562]
[0,207,303,950,1271,1514,1562]
[0,207,303,636,931,1276,1514,1562]
[0,207,609,950,1271,1562]
[0,207,303,1514,1562]
[0,207,340,609,931,1214,1288,1514,1562]
[0,207,1214,1562]
[0,207,340,1562]
[0,609,931,1288,1562]
[0,303,950,1271,1514,1562]
[0,609,1562]
[0,207,340,609,931,1214,1288,1562]
[0,303,1562]
[0,207,340,1214,1288,1562]
[0,207,340,1214,1288,1514,1562]
[0,153,303,636,950,1271,1562]
[0,59,207,303,609,931,1051,1514,1562]
[0,207,303,609,931,1514,1562]
[0,59,207,303,609,931,1514,1562]
[0,207,931,1288,1562]
[0,1214,1562]
[0,207,303,931,1276,1562]
[0,340,1562]
[0,931,1276,1562]
