[0,345,623,812,997]
[0,153,345,623,997]
[0,345,623,997]
[0,153,345,812,997]
[0,396,623,997]
[0,153,345,623,812,997]
[0,153,345,623,812,913,997]
[0,396,640,997]
[0,432,623,997]
[0,432,623,664,812,913,997]
[0,345,623,913,997]
[0,432,797,997]
[0,432,623,812,997]
[0,345,432,623,812,913,997]
[0,86,345,623,997]
[0,345,812,997]
[0,153,345,812,913,997]
[0,86,345,623,812,997]
[0,432,997]
[0,345,432,623,797,913,997]
[0,561,812,913,997]
[0,86,561,623,812,913,997]
[0,86,153,345,561,623,812,913,997]
[0,86,153,345,623,812,913,997]
[0,86,561,812,913,997]
[0,432,812,997]
[0,86,153,345,812,913,997]
[0,86,153,561,623,812,913,997]
[0,396,623,797,997]
[0,561,623,997]
[0,396,623,797,913,997]
[0,432,623,812,913,997]
[0,86,345,623,913,997]
[0,86,345,623,812,913,997]
[0,345,623,812,913,997]
[0,432,797,913,997]
[0,561,623,913,997]
[0,797,997]
[0,396,797,913,997]
[0,86,561,812,997]
[0,345,432,623,797,997]
[0,623,997]
[0,561,812,997]
[0,86,432,623,812,997]
[0,86,432,623,812,913,997]
[0,86,153,561,812,913,997]
[0,432,623,797,913,997]
[0,345,432,623,812,997]
[0,396,997]
[0,345,561,623,812,913,997]
[0,812,997]
[0,86,432,623,664,812,913,997]
[0,623,913,997]
[0,345,997]
[0,561,623,812,913,997]
[0,345,740,997]
[0,432,623,797,997]
[0,812,913,997]
[0,345,812,913,997]
[0,396,797,997]
[0,561,997]
[0,432,812,913,997]
