[0,637,1286,1648,2812]
[0,263,637,834,1280,1651,2742,2812]
[0,263,685,834,1286,2742,2812]
[0,263,685,834,1286,1648,2812]
[0,1399,2812]
[0,263,637,834,1280,1651,2812]
[0,1280,2812]
[0,637,1280,1651,2812]
[0,263,834,1357,2812]
[0,834,1286,2377,2812]
[0,263,834,1286,1648,2812]
[0,263,685,834,1286,1648,2742,2812]
[0,834,1357,2812]
[0,263,834,1286,2812]
[0,263,1399,2812]
[0,637,1280,2812]
[0,1850,2812]
[0,1357,2812]
[0,263,2812]
[0,263,1357,2812]
[0,263,637,1280,1651,2812]
[0,263,637,1280,2812]
[0,626,2812]
[0,263,685,834,1286,2812]
[0,263,1280,2812]
[0,263,637,834,1280,2812]
[0,834,1286,1648,2812]
[0,263,637,834,1357,2812]
[0,834,1286,2812]
[0,1286,1648,2812]
[0,620,1393,2812]
[0,263,637,834,1286,1648,2812]
[0,1286,2812]
[0,263,1286,2812]
[0,263,637,1286,1648,2812]
[0,1280,1651,2812]
[0,263,637,1286,2812]
[0,637,1286,2812]
[0,263,637,834,1286,2812]
[0,1321,2812]
[0,263,1321,2812]
[0,263,685,834,1286,2377,2742,2812]
[0,1393,2812]
[0,263,685,834,1286,2377,2812]
[0,263,637,834,1286,1648,2742,2812]
[0,263,834,1286,2377,2812]
[0,263,1286,1648,2812]
[0,626,1850,2812]
[0,263,1280,1651,2812]
